0 0.400642 0.613285 0.019783 0.027310
0 0.404687 0.643969 0.021580 0.026638
0 0.241068 0.372156 0.024390 0.028533
0 0.285393 0.396800 0.030767 0.023210
0 0.423485 0.334421 0.039697 0.017442
0 0.378545 0.446774 0.022930 0.028663
0 0.422438 0.427856 0.019870 0.027842
0 0.445478 0.428675 0.020963 0.030465
0 0.511245 0.375171 0.022237 0.028048
0 0.511370 0.400847 0.022993 0.028235
0 0.504550 0.420368 0.032593 0.017245
0 0.396338 0.470807 0.018783 0.027990
0 0.512870 0.443189 0.020513 0.027248
0 0.489020 0.463394 0.020760 0.025022
0 0.515835 0.489806 0.023477 0.027062
0 0.576385 0.487212 0.012110 0.017425
0 0.447498 0.471179 0.018783 0.022428
0 0.462698 0.480447 0.020017 0.027990
0 0.402848 0.499190 0.022330 0.027715
0 0.449240 0.511454 0.019407 0.023527
0 0.489720 0.512347 0.021493 0.024180
0 0.468227 0.519526 0.016793 0.027957
0 0.408188 0.523880 0.018577 0.028735
0 0.404272 0.547173 0.021190 0.027430
0 0.358893 0.537195 0.017873 0.027395
0 0.354620 0.557159 0.030307 0.014863
0 0.340048 0.587320 0.018263 0.025645
0 0.292643 0.581929 0.020593 0.025352
0 0.448280 0.541057 0.017800 0.026195
0 0.495787 0.534835 0.020293 0.023415
0 0.487982 0.552983 0.019670 0.026460
0 0.468625 0.572068 0.021543 0.027630
0 0.533940 0.586985 0.018433 0.027985
0 0.446947 0.588333 0.019780 0.029335
0 0.467852 0.601653 0.020230 0.026300
0 0.467402 0.625424 0.021130 0.025962
0 0.447622 0.642789 0.021130 0.033042
0 0.399518 0.586985 0.014837 0.019220
0 0.337652 0.713023 0.015957 0.029015
