0 0.354682 0.395260 0.024730 0.031360
0 0.422570 0.403352 0.020233 0.025965
0 0.444377 0.399981 0.021580 0.027988
0 0.492035 0.427969 0.017983 0.028663
0 0.378735 0.449886 0.021583 0.028662
0 0.489415 0.501110 0.019910 0.026630
0 0.423210 0.515174 0.022233 0.027377
0 0.384882 0.498871 0.036503 0.015183
0 0.468508 0.519776 0.024557 0.024142
0 0.291612 0.487325 0.019990 0.026655
0 0.381617 0.548666 0.023127 0.023543
0 0.360967 0.567096 0.018173 0.026948
0 0.293028 0.583977 0.021063 0.030355
0 0.470553 0.542614 0.027180 0.024118
0 0.465195 0.564577 0.031010 0.021535
0 0.489802 0.570710 0.015550 0.027545
0 0.513293 0.579146 0.022167 0.026553
0 0.513957 0.605079 0.021507 0.025313
0 0.534138 0.622076 0.018857 0.028043
0 0.512467 0.633366 0.018527 0.027793
0 0.472598 0.586715 0.018197 0.026305
0 0.575332 0.662896 0.014557 0.027298
0 0.537282 0.649620 0.018530 0.027545
0 0.511638 0.671459 0.023490 0.025063
0 0.465813 0.661285 0.038380 0.016130
0 0.425450 0.640813 0.015220 0.024815
0 0.403943 0.622945 0.020513 0.031265
0 0.425118 0.597881 0.017203 0.027793
0 0.513967 0.722031 0.019140 0.032443
0 0.471282 0.720165 0.018757 0.025265
0 0.429170 0.713418 0.028713 0.024980
0 0.451182 0.735812 0.037517 0.016365
