0 0.422173 0.267385 0.024013 0.028815
0 0.465055 0.320901 0.019210 0.031903
0 0.421830 0.331706 0.023327 0.030873
0 0.489410 0.378018 0.021267 0.034990
0 0.448245 0.358464 0.026757 0.027788
0 0.443442 0.378018 0.026757 0.027785
0 0.398503 0.362324 0.021953 0.028303
0 0.375175 0.360265 0.020583 0.029330
0 0.531653 0.499744 0.019847 0.027703
0 0.494443 0.505325 0.036933 0.015710
0 0.470187 0.471630 0.027013 0.022740
0 0.468808 0.491061 0.027563 0.028527
0 0.405690 0.462740 0.027013 0.033075
0 0.356075 0.480312 0.025910 0.026875
0 0.448688 0.508426 0.034730 0.021913
0 0.488378 0.527857 0.018190 0.025220
0 0.517763 0.565951 0.023347 0.029658
0 0.465355 0.541831 0.031923 0.022867
0 0.423905 0.547549 0.016677 0.024298
0 0.380550 0.535399 0.020487 0.024298
0 0.360538 0.557196 0.020490 0.030018
0 0.401275 0.566844 0.020010 0.027158
0 0.425333 0.574349 0.018580 0.027872
0 0.453920 0.586319 0.039547 0.018937
0 0.552455 0.585629 0.018537 0.027933
0 0.419238 0.624079 0.018450 0.028058
0 0.467670 0.611011 0.015887 0.026523
0 0.492270 0.630421 0.023060 0.023832
0 0.440765 0.664822 0.018450 0.028830
0 0.423340 0.687116 0.020500 0.031133
