0 0.329125 0.256405 0.020163 0.030240
0 0.466398 0.305771 0.023123 0.028462
0 0.488338 0.321336 0.019570 0.027572
0 0.486560 0.350910 0.023127 0.030685
0 0.468473 0.388490 0.018973 0.030240
0 0.445645 0.388712 0.018383 0.030685
0 0.425780 0.389824 0.018973 0.026683
0 0.423998 0.412472 0.026763 0.019765
0 0.466825 0.428841 0.018530 0.025942
0 0.446852 0.429768 0.020590 0.029030
0 0.489267 0.418031 0.029647 0.017913
0 0.508620 0.426216 0.019767 0.026252
0 0.511503 0.454166 0.016473 0.025942
0 0.464765 0.455092 0.023470 0.023470
0 0.443765 0.473005 0.016883 0.024090
0 0.404232 0.440114 0.018530 0.025017
0 0.465382 0.479954 0.022237 0.028723
0 0.491118 0.486903 0.018530 0.029030
0 0.335472 0.478964 0.020737 0.027317
0 0.296248 0.515376 0.023070 0.024452
0 0.403907 0.526681 0.020607 0.025378
0 0.378753 0.533868 0.020500 0.026905
0 0.510720 0.535213 0.021013 0.024985
0 0.554025 0.567693 0.019477 0.029980
0 0.334933 0.657057 0.021013 0.031135
0 0.427695 0.704912 0.034337 0.020755
0 0.471002 0.713369 0.023577 0.026908
0 0.450757 0.634956 0.029213 0.023062
0 0.450245 0.612664 0.028190 0.023833
0 0.448963 0.587679 0.028700 0.029212
0 0.448450 0.565770 0.032800 0.022295
0 0.442737 0.550696 0.018367 0.013087
