0 0.444527 0.255245 0.024300 0.026800
0 0.373060 0.271861 0.026207 0.027873
0 0.446910 0.338684 0.020487 0.026442
0 0.374252 0.392285 0.020963 0.030015
0 0.302308 0.375490 0.038117 0.021440
0 0.308978 0.423730 0.023823 0.030730
0 0.595462 0.440945 0.018943 0.025015
0 0.534518 0.453915 0.019763 0.029340
0 0.509400 0.464108 0.023060 0.027485
0 0.465338 0.456695 0.021410 0.026870
0 0.438988 0.480453 0.036303 0.014415
0 0.355560 0.494778 0.020587 0.027795
0 0.359060 0.522264 0.028413 0.025942
0 0.444298 0.503116 0.018530 0.028412
0 0.422063 0.515933 0.021827 0.030575
0 0.427210 0.544346 0.016473 0.025633
0 0.399003 0.551914 0.021827 0.029647
0 0.357618 0.560406 0.025530 0.026868
0 0.351237 0.586195 0.026767 0.025325
0 0.534275 0.599011 0.020590 0.029337
0 0.466742 0.559789 0.022237 0.023782
0 0.469212 0.579245 0.018943 0.017605
0 0.419798 0.568590 0.018943 0.024090
0 0.397357 0.584186 0.033353 0.020692
0 0.423917 0.593299 0.018940 0.025942
0 0.445740 0.596231 0.019767 0.027488
0 0.470035 0.601174 0.022237 0.027488
0 0.379855 0.623564 0.018117 0.027178
0 0.402708 0.613835 0.020177 0.029340
0 0.438535 0.624645 0.036650 0.015135
0 0.472507 0.627270 0.021413 0.026560
