0 0.389328 0.257263 0.037950 0.021790
0 0.414233 0.310185 0.022533 0.027130
0 0.461077 0.305515 0.021347 0.027575
0 0.485092 0.324416 0.023123 0.028908
0 0.507623 0.313965 0.020753 0.027575
0 0.531343 0.314409 0.023127 0.027572
0 0.465523 0.355101 0.019567 0.028908
0 0.441508 0.355548 0.022530 0.030685
0 0.375097 0.336869 0.023720 0.026238
0 0.485388 0.374226 0.018977 0.028018
0 0.447142 0.388013 0.029057 0.024460
0 0.356242 0.427446 0.022870 0.026442
0 0.420562 0.429769 0.026683 0.025373
0 0.491315 0.400110 0.017630 0.026800
0 0.511802 0.415296 0.038590 0.015007
0 0.481072 0.419406 0.020010 0.026087
0 0.508228 0.440489 0.017150 0.028942
0 0.488695 0.447099 0.021917 0.026442
0 0.532290 0.473186 0.019533 0.027873
0 0.555158 0.496947 0.019537 0.026800
0 0.510850 0.486406 0.020487 0.025727
0 0.447720 0.471399 0.017153 0.028587
0 0.467493 0.498377 0.020487 0.026085
0 0.489648 0.525177 0.020963 0.026800
0 0.423422 0.493732 0.020010 0.028945
0 0.397930 0.493911 0.019533 0.027873
0 0.375775 0.522855 0.021917 0.031445
0 0.470352 0.542507 0.026203 0.020725
0 0.467730 0.564485 0.023820 0.030375
0 0.443670 0.568594 0.026207 0.025013
