0 0.355373 0.377830 0.017840 0.030360
0 0.512143 0.359563 0.021267 0.027785
0 0.426725 0.414364 0.020583 0.030358
0 0.400998 0.459389 0.025383 0.025728
0 0.531798 0.462675 0.023350 0.029860
0 0.464615 0.473010 0.022970 0.029860
0 0.489497 0.497702 0.019140 0.029285
0 0.466912 0.502726 0.022970 0.029573
0 0.448345 0.516795 0.020290 0.027850
0 0.424227 0.501866 0.017993 0.026127
0 0.400873 0.504306 0.017227 0.024118
0 0.377140 0.496124 0.023353 0.026127
0 0.334265 0.513638 0.038663 0.016940
0 0.374652 0.536606 0.022203 0.028423
0 0.248733 0.674544 0.020947 0.027702
0 0.315437 0.575316 0.020947 0.030183
0 0.336935 0.589166 0.019843 0.029767
0 0.380762 0.568286 0.023703 0.028527
0 0.454355 0.573869 0.020950 0.030597
0 0.381312 0.597229 0.023703 0.026872
0 0.424587 0.615006 0.031973 0.023567
0 0.483848 0.597849 0.017090 0.025632
0 0.597408 0.622656 0.033630 0.022328
0 0.379658 0.636506 0.020397 0.027702
0 0.447463 0.636299 0.024807 0.024808
0 0.512513 0.686946 0.021500 0.026048
