0 0.393357 0.339321 0.024013 0.031902
0 0.451332 0.348842 0.037050 0.016980
0 0.452362 0.364279 0.037737 0.015952
0 0.440697 0.387176 0.024013 0.032933
0 0.464025 0.387949 0.021270 0.031387
0 0.529545 0.417021 0.020583 0.026757
0 0.443442 0.432459 0.019897 0.031903
0 0.398845 0.404929 0.034990 0.025213
0 0.395417 0.426799 0.030873 0.028817
0 0.308625 0.404158 0.021957 0.026755
0 0.284613 0.442236 0.023327 0.031902
0 0.401248 0.468221 0.028817 0.026242
0 0.443785 0.484430 0.021957 0.025730
0 0.400903 0.490090 0.024013 0.024700
0 0.403992 0.511444 0.034303 0.027273
0 0.558362 0.534342 0.041163 0.024700
0 0.356995 0.524822 0.026757 0.024185
0 0.400905 0.561357 0.018523 0.027270
0 0.382037 0.568304 0.037047 0.020582
0 0.419772 0.571649 0.026070 0.021097
0 0.442412 0.570362 0.020583 0.029845
0 0.422517 0.595834 0.023327 0.028303
0 0.335040 0.568819 0.021267 0.027788
0 0.336068 0.621819 0.021957 0.026757
0 0.311028 0.621819 0.019897 0.026757
