0 0.484455 0.276474 0.022603 0.032663
0 0.510915 0.319474 0.020397 0.031007
0 0.532415 0.339734 0.041343 0.015298
0 0.446417 0.300869 0.042447 0.017777
0 0.403143 0.342626 0.040793 0.015297
0 0.462955 0.369915 0.017090 0.025220
0 0.438975 0.373636 0.025357 0.030183
0 0.396803 0.373429 0.021500 0.027287
0 0.372822 0.316166 0.022050 0.016123
0 0.442913 0.400720 0.019140 0.024405
0 0.421285 0.413354 0.024117 0.018087
0 0.356205 0.405745 0.019523 0.023545
0 0.484832 0.415076 0.020290 0.030147
0 0.514118 0.428571 0.023737 0.029572
0 0.378600 0.441204 0.026033 0.026127
0 0.444445 0.449386 0.026030 0.024692
0 0.446933 0.465034 0.023353 0.019237
0 0.469515 0.459631 0.018757 0.028713
0 0.494590 0.470110 0.039813 0.016940
0 0.488080 0.493366 0.019140 0.030147
0 0.512772 0.504565 0.030243 0.024405
0 0.531722 0.487481 0.020670 0.031007
0 0.405200 0.480303 0.037900 0.014930
0 0.375917 0.480734 0.019907 0.027277
0 0.328255 0.496525 0.040963 0.016940
0 0.335452 0.537379 0.025623 0.031763
0 0.430120 0.522964 0.018507 0.027493
0 0.449692 0.519895 0.017083 0.027225
0 0.469623 0.551525 0.022067 0.028025
0 0.532358 0.580396 0.018523 0.026757
0 0.489478 0.627223 0.016463 0.028815
0 0.427388 0.615901 0.019897 0.030872
0 0.400287 0.592745 0.023327 0.034990
0 0.359808 0.620017 0.027443 0.023670
