0 0.444480 0.494955 0.017860 0.026790
0 0.332540 0.492563 0.023600 0.026790
0 0.330628 0.525571 0.021050 0.025832
0 0.510497 0.548772 0.023600 0.031095
0 0.466167 0.567906 0.021687 0.028223
0 0.422157 0.559295 0.026787 0.029180
0 0.355402 0.602107 0.020397 0.026875
0 0.486880 0.601280 0.019847 0.029355
0 0.505820 0.295794 0.025513 0.028702
0 0.529738 0.336934 0.024877 0.031573
0 0.436935 0.309665 0.030617 0.029660
0 0.415567 0.321386 0.027427 0.024397
0 0.476162 0.361570 0.028703 0.014830
0 0.508372 0.363005 0.021683 0.032050
0 0.548873 0.374007 0.037633 0.015785
0 0.550787 0.398405 0.019773 0.031095
0 0.618080 0.430216 0.019133 0.030617
0 0.575025 0.424715 0.024877 0.032050
0 0.373363 0.382776 0.023600 0.027268
0 0.441610 0.411717 0.021047 0.027745
0 0.418010 0.415066 0.022327 0.027748
0 0.465210 0.435398 0.023600 0.026310
0 0.421518 0.448313 0.021683 0.029180
0 0.372087 0.450945 0.032527 0.022005
0 0.373043 0.468882 0.038267 0.014830
0 0.534733 0.477972 0.031253 0.024395
0 0.423113 0.484669 0.022327 0.027267
0 0.468412 0.630428 0.022603 0.030595
0 0.402537 0.645312 0.023153 0.026460
0 0.402260 0.669706 0.022600 0.026462
0 0.426515 0.670740 0.029217 0.031010
