0 0.332708 0.497000 0.025090 0.030995
0 0.402450 0.507240 0.027307 0.028230
0 0.335660 0.550136 0.026567 0.028783
0 0.467763 0.513329 0.022140 0.028228
0 0.517577 0.516373 0.031733 0.027675
0 0.441933 0.485930 0.029520 0.022140
0 0.310570 0.457425 0.029520 0.032655
0 0.464440 0.334549 0.024353 0.031548
0 0.419792 0.357519 0.019190 0.025462
0 0.374775 0.361393 0.028043 0.033210
0 0.397283 0.389068 0.025827 0.029890
0 0.557058 0.419786 0.020663 0.030442
0 0.533075 0.420340 0.027303 0.029335
0 0.443407 0.423661 0.022140 0.030442
0 0.469238 0.432241 0.020663 0.029887
0 0.486212 0.454381 0.023617 0.028782
0 0.530492 0.457148 0.020663 0.033210
0 0.444147 0.453550 0.026567 0.029335
0 0.509458 0.490081 0.030257 0.026012
0 0.514625 0.547646 0.028783 0.030442
0 0.464073 0.544324 0.022140 0.028227
0 0.422745 0.561206 0.020663 0.026567
0 0.490128 0.584027 0.032337 0.031560
0 0.516483 0.615920 0.028347 0.031560
0 0.477727 0.620405 0.026133 0.029900
0 0.450928 0.622564 0.024803 0.029567
0 0.380502 0.605954 0.021263 0.029567
0 0.402870 0.616585 0.025247 0.030895
0 0.451397 0.674006 0.040913 0.014678
0 0.470688 0.694450 0.022483 0.029760
