0 0.344560 0.326887 0.022140 0.030995
0 0.424633 0.345706 0.024353 0.032103
0 0.490683 0.393308 0.022140 0.033210
0 0.532382 0.444231 0.018450 0.026567
0 0.468543 0.435099 0.022140 0.024908
0 0.402123 0.416279 0.026567 0.027123
0 0.377770 0.391647 0.029520 0.029890
0 0.510980 0.465817 0.022880 0.029890
0 0.423525 0.459452 0.023617 0.031550
0 0.380723 0.466648 0.022140 0.028230
0 0.334597 0.478270 0.024353 0.029335
0 0.315038 0.509267 0.023617 0.033765
0 0.268545 0.500411 0.028043 0.030443
0 0.270758 0.566555 0.023617 0.030995
0 0.360797 0.521444 0.017713 0.023803
0 0.513563 0.519230 0.022140 0.028230
0 0.488470 0.533899 0.028047 0.032103
0 0.439393 0.528916 0.037640 0.021033
0 0.403232 0.526980 0.040590 0.018265
0 0.380352 0.538602 0.025830 0.023800
0 0.381828 0.559636 0.021403 0.024908
0 0.360058 0.565170 0.023617 0.029335
0 0.383305 0.590079 0.042063 0.022692
0 0.533120 0.580669 0.019927 0.028228
0 0.492160 0.608898 0.025093 0.029335
0 0.512823 0.646811 0.022140 0.034317
0 0.448643 0.695974 0.023807 0.031743
0 0.445338 0.657288 0.027777 0.029760
