0 0.532525 0.351887 0.022603 0.023980
0 0.534178 0.375868 0.023703 0.030595
0 0.464995 0.382070 0.018743 0.029770
0 0.531973 0.414939 0.024807 0.028527
0 0.531972 0.448222 0.020397 0.028115
0 0.424475 0.426309 0.029217 0.026463
0 0.553197 0.481297 0.019847 0.023980
0 0.557332 0.517680 0.020397 0.030595
0 0.532800 0.514580 0.024253 0.029355
0 0.507717 0.533393 0.027013 0.009095
0 0.487597 0.527398 0.038587 0.016950
0 0.443495 0.479023 0.026463 0.025220
0 0.422823 0.503624 0.027013 0.024808
0 0.402425 0.486879 0.022603 0.028527
0 0.262130 0.477370 0.037487 0.020260
0 0.449780 0.666978 0.022600 0.026875
0 0.469902 0.638242 0.027563 0.028115
0 0.423593 0.650439 0.026460 0.028528
0 0.426627 0.629354 0.033627 0.024392
0 0.469073 0.600205 0.023707 0.028115
0 0.489470 0.573745 0.019293 0.028115
0 0.487817 0.548111 0.023707 0.025633
0 0.465490 0.570851 0.023153 0.029768
0 0.426902 0.554312 0.020950 0.028115
0 0.399340 0.552245 0.026460 0.034730
0 0.378667 0.571264 0.023707 0.029768
0 0.380045 0.603928 0.020950 0.030595
0 0.399615 0.601033 0.020397 0.029770
0 0.427177 0.597104 0.024807 0.030183
