0 0.333335 0.390136 0.020757 0.027127
0 0.306948 0.436610 0.024903 0.030240
0 0.490770 0.338325 0.023720 0.031130
0 0.465567 0.362117 0.023127 0.030685
0 0.448965 0.389469 0.023123 0.029352
0 0.510930 0.385688 0.033207 0.024460
0 0.549770 0.426604 0.020753 0.030687
0 0.507670 0.420599 0.021940 0.028462
0 0.402417 0.422824 0.041507 0.018678
0 0.261585 0.503541 0.029057 0.034243
0 0.462900 0.465295 0.024907 0.025350
0 0.486618 0.477525 0.022530 0.031130
0 0.531387 0.495981 0.021940 0.026238
0 0.576455 0.505099 0.029057 0.030243
0 0.515673 0.511770 0.020160 0.024015
0 0.394792 0.504199 0.022043 0.032378
0 0.373858 0.522036 0.025690 0.025247
0 0.512625 0.674503 0.020397 0.027700
0 0.490573 0.663340 0.018193 0.029355
0 0.468522 0.664165 0.022603 0.025220
0 0.513175 0.607524 0.021497 0.028528
0 0.509868 0.566592 0.022603 0.025220
0 0.468798 0.590985 0.024257 0.026875
0 0.447300 0.563285 0.026460 0.026875
0 0.396858 0.550054 0.040243 0.021087
0 0.429382 0.589745 0.017090 0.033490
0 0.445370 0.589952 0.019293 0.030595
0 0.447575 0.623028 0.022603 0.019845
0 0.447300 0.639773 0.037487 0.016950
0 0.405127 0.635017 0.022600 0.028940
0 0.379768 0.635845 0.023703 0.029770
