0 0.395160 0.266568 0.028587 0.031090
0 0.489020 0.294619 0.031447 0.025012
0 0.489022 0.350185 0.021917 0.025370
0 0.399448 0.345004 0.021917 0.031448
0 0.574545 0.398605 0.016677 0.021440
0 0.537142 0.413256 0.022870 0.030733
0 0.509508 0.411648 0.018103 0.028230
0 0.487592 0.392174 0.022870 0.029303
0 0.485687 0.413435 0.027633 0.019655
0 0.444712 0.440414 0.021917 0.030732
0 0.395397 0.458281 0.026207 0.028587
0 0.506650 0.466500 0.035260 0.017865
0 0.355525 0.473544 0.024237 0.030618
0 0.511158 0.492680 0.016583 0.023920
0 0.472210 0.482150 0.031673 0.020820
0 0.465450 0.498698 0.023133 0.025625
0 0.488583 0.502569 0.020287 0.025357
0 0.243412 0.548254 0.025830 0.027123
0 0.453740 0.541059 0.036160 0.016053
0 0.509458 0.559048 0.020663 0.025460
0 0.492855 0.583124 0.025830 0.028227
0 0.422458 0.726306 0.039137 0.020903
0 0.490353 0.684946 0.020753 0.029798
0 0.493912 0.624241 0.018383 0.026683
0 0.466932 0.615346 0.022530 0.027573
0 0.442027 0.611121 0.021347 0.028018
0 0.396367 0.571319 0.022533 0.026683
0 0.383915 0.598448 0.039137 0.016900
0 0.393107 0.620239 0.021940 0.028462
