0 0.488973 0.261207 0.023820 0.028945
0 0.443710 0.291760 0.023820 0.030730
0 0.417267 0.275501 0.020487 0.031802
0 0.508508 0.304981 0.022870 0.027158
0 0.507317 0.326064 0.027160 0.026443
0 0.483493 0.318560 0.022393 0.025730
0 0.446330 0.333569 0.026207 0.030017
0 0.351040 0.369839 0.021440 0.031803
0 0.509975 0.408536 0.021177 0.030028
0 0.489792 0.419207 0.019850 0.029530
0 0.464148 0.408289 0.024817 0.029533
0 0.464995 0.451239 0.018190 0.027287
0 0.508820 0.461990 0.020947 0.025635
0 0.421720 0.444831 0.025360 0.029353
0 0.399945 0.460336 0.019297 0.027288
0 0.445150 0.465504 0.019293 0.028527
0 0.418688 0.480181 0.041343 0.016537
0 0.491730 0.498372 0.023153 0.028940
0 0.549890 0.522352 0.024807 0.026460
0 0.490628 0.556669 0.022050 0.028942
0 0.405458 0.520699 0.022603 0.033902
0 0.377067 0.527315 0.019847 0.028115
0 0.353088 0.509536 0.022603 0.028112
0 0.613380 0.518818 0.031447 0.014295
0 0.446385 0.574204 0.017630 0.025727
0 0.401837 0.567950 0.018107 0.028945
0 0.334420 0.552585 0.018580 0.028945
0 0.378968 0.625125 0.021917 0.026800
0 0.447798 0.664203 0.018497 0.028225
0 0.399900 0.717422 0.023153 0.021500
