0 0.505477 0.246790 0.038907 0.014830
0 0.503243 0.321655 0.017860 0.029660
0 0.330713 0.334570 0.023600 0.024875
0 0.463378 0.370449 0.018497 0.029657
0 0.441695 0.380255 0.018497 0.031095
0 0.510580 0.410154 0.019773 0.029658
0 0.535135 0.429526 0.025510 0.030138
0 0.413310 0.405370 0.030613 0.014350
0 0.390668 0.399867 0.018497 0.029180
0 0.394175 0.443400 0.020410 0.027265
0 0.465888 0.461969 0.023163 0.027452
0 0.329895 0.475294 0.027157 0.027873
0 0.356337 0.490659 0.029540 0.027873
0 0.398503 0.501200 0.021440 0.030375
0 0.486883 0.501557 0.022867 0.027515
0 0.459010 0.509241 0.021440 0.028587
0 0.439000 0.507275 0.024300 0.026085
0 0.445432 0.533896 0.019057 0.027872
0 0.467587 0.531931 0.023347 0.026087
0 0.550967 0.533003 0.020487 0.028230
0 0.516662 0.551049 0.034783 0.019298
0 0.467112 0.558017 0.025250 0.028945
0 0.244848 0.540507 0.023823 0.029660
0 0.291063 0.563735 0.029540 0.028230
0 0.489027 0.610009 0.025253 0.024298
0 0.466158 0.619478 0.019537 0.026800
0 0.488552 0.631450 0.032877 0.021440
0 0.442812 0.646636 0.024297 0.026087
0 0.422562 0.610009 0.020963 0.029303
0 0.377777 0.613940 0.020013 0.027870
