0 0.237350 0.347764 0.021940 0.028907
0 0.529090 0.349987 0.023127 0.031575
0 0.617145 0.366443 0.018977 0.030685
0 0.422355 0.400909 0.036170 0.022237
0 0.329853 0.404466 0.023127 0.030242
0 0.350903 0.446049 0.024907 0.030687
0 0.422060 0.452496 0.022533 0.028463
0 0.488472 0.468285 0.022530 0.028905
0 0.465643 0.488520 0.021940 0.030240
0 0.419392 0.478069 0.029057 0.022683
0 0.381145 0.498081 0.024903 0.030687
0 0.424133 0.503418 0.032613 0.025350
0 0.511632 0.527231 0.022603 0.030183
0 0.424257 0.531574 0.020947 0.027288
0 0.384563 0.534261 0.040793 0.019433
0 0.373815 0.563202 0.031423 0.022740
0 0.487100 0.572917 0.025360 0.028115
0 0.465600 0.574365 0.017640 0.027700
0 0.426737 0.573331 0.020400 0.029768
0 0.398347 0.578706 0.026460 0.026462
0 0.359757 0.602893 0.023153 0.026875
0 0.403308 0.606614 0.018743 0.025222
0 0.381808 0.629974 0.022050 0.028112
0 0.314555 0.620464 0.024257 0.029767
0 0.310418 0.648579 0.029217 0.025632
0 0.376020 0.666150 0.022600 0.027700
0 0.337157 0.671319 0.017640 0.028942
0 0.269350 0.693024 0.024253 0.028528
0 0.469735 0.677314 0.020397 0.026048
