0 0.486763 0.570770 0.029233 0.023585
0 0.483662 0.590535 0.034550 0.017940
0 0.446898 0.597345 0.027463 0.024250
0 0.444463 0.618773 0.026133 0.026575
0 0.418995 0.588044 0.024803 0.028238
0 0.377780 0.633540 0.023647 0.027205
0 0.353458 0.608714 0.026137 0.027672
0 0.349872 0.645035 0.025110 0.032670
0 0.388610 0.257595 0.045447 0.020005
0 0.448343 0.696750 0.023020 0.026195
0 0.536458 0.636321 0.018257 0.031553
0 0.512247 0.386269 0.023813 0.031553
0 0.485653 0.383590 0.026193 0.025005
0 0.486447 0.409488 0.024607 0.027980
0 0.445168 0.407999 0.026197 0.027387
0 0.440803 0.434493 0.022227 0.026790
0 0.463030 0.439554 0.025400 0.028577
0 0.385235 0.438362 0.039690 0.019050
0 0.466167 0.472771 0.019047 0.028903
0 0.444242 0.476758 0.025690 0.029565
0 0.421873 0.482903 0.026133 0.027905
0 0.462622 0.509312 0.028790 0.018270
0 0.421652 0.515956 0.017717 0.023587
0 0.399062 0.510641 0.020377 0.028902
0 0.491413 0.530075 0.044733 0.015280
0 0.446233 0.533895 0.018160 0.026245
0 0.425638 0.546519 0.023917 0.028238
0 0.397068 0.536554 0.042963 0.016942
0 0.357205 0.535723 0.028790 0.029900
0 0.512010 0.565288 0.022147 0.027240
0 0.485655 0.551503 0.027017 0.025580
