0 0.348358 0.282979 0.025617 0.033303
0 0.415387 0.276895 0.021347 0.027535
0 0.439295 0.283939 0.021343 0.028818
0 0.394895 0.298347 0.017930 0.025615
0 0.417095 0.305393 0.023057 0.032020
0 0.463630 0.322684 0.020493 0.029458
0 0.485403 0.325565 0.021347 0.032660
0 0.418803 0.345097 0.021347 0.032020
0 0.398737 0.373914 0.025613 0.030738
0 0.337260 0.341895 0.035860 0.023055
0 0.484122 0.404012 0.025617 0.032020
0 0.473022 0.422904 0.023910 0.022413
0 0.377445 0.424934 0.025357 0.026873
0 0.508090 0.470825 0.025360 0.027700
0 0.352363 0.436715 0.024807 0.026460
0 0.354293 0.471238 0.023153 0.026875
0 0.375517 0.496250 0.028113 0.024805
0 0.337205 0.508447 0.025357 0.027700
0 0.241563 0.498111 0.021500 0.026873
0 0.401975 0.525811 0.022603 0.029352
0 0.316510 0.589606 0.032020 0.023127
0 0.494400 0.623850 0.032020 0.016900
0 0.443703 0.605839 0.021940 0.022683
0 0.424133 0.609174 0.021940 0.028462
0 0.376697 0.608951 0.024313 0.030687
0 0.395672 0.638302 0.018383 0.024460
0 0.334893 0.630521 0.021347 0.028463
0 0.360390 0.648755 0.035580 0.016900
0 0.423542 0.671435 0.018383 0.024905
0 0.446372 0.678106 0.024903 0.025793
0 0.469793 0.709460 0.023127 0.030685
0 0.358315 0.712795 0.030243 0.023125
