0 0.443898 0.310121 0.025403 0.025603
0 0.505023 0.305954 0.023813 0.030363
0 0.531218 0.307145 0.025403 0.030365
0 0.530028 0.341974 0.019843 0.028577
0 0.509390 0.377993 0.021433 0.032745
0 0.484780 0.356262 0.027787 0.032150
0 0.485970 0.430683 0.023813 0.027385
0 0.418893 0.405975 0.024607 0.029175
0 0.534393 0.493791 0.020640 0.026197
0 0.440723 0.479204 0.019053 0.027983
0 0.399445 0.462832 0.020637 0.030960
0 0.375630 0.474145 0.023813 0.032150
0 0.488750 0.533384 0.021433 0.027982
0 0.507728 0.598144 0.020397 0.026048
0 0.442073 0.566826 0.040133 0.017158
0 0.424943 0.546020 0.023060 0.026520
0 0.402650 0.554861 0.024600 0.026522
0 0.377027 0.543714 0.024600 0.031132
0 0.337052 0.551401 0.023577 0.028828
0 0.242778 0.580800 0.020410 0.031570
0 0.283598 0.577213 0.026790 0.033005
0 0.373212 0.571711 0.022323 0.026788
0 0.399363 0.582952 0.021047 0.029180
0 0.400638 0.609024 0.023597 0.028702
0 0.430297 0.623614 0.019133 0.031092
0 0.472393 0.633421 0.039547 0.018178
0 0.422160 0.655980 0.024807 0.028115
0 0.350772 0.627659 0.030870 0.013643
0 0.329273 0.630760 0.026460 0.021500
