0 0.303320 0.338342 0.029887 0.031380
0 0.396392 0.369723 0.024763 0.031380
0 0.354978 0.394379 0.042697 0.019213
0 0.508677 0.414551 0.034153 0.027537
0 0.466837 0.408789 0.022200 0.026257
0 0.464275 0.439529 0.022203 0.028817
0 0.468545 0.477633 0.017077 0.030740
0 0.530023 0.484676 0.020493 0.028178
0 0.512523 0.523641 0.019847 0.026873
0 0.489922 0.547001 0.019843 0.025633
0 0.466493 0.547001 0.028113 0.027288
0 0.443065 0.420900 0.024257 0.027285
0 0.420188 0.443020 0.020397 0.022740
0 0.446098 0.462245 0.020397 0.028940
0 0.401445 0.450255 0.020397 0.025635
0 0.420463 0.484570 0.027560 0.030595
0 0.418533 0.506278 0.027013 0.025220
0 0.378017 0.474855 0.028667 0.029355
0 0.378843 0.504416 0.030320 0.028943
0 0.377188 0.531910 0.029217 0.026875
0 0.510870 0.589585 0.027560 0.028940
0 0.486063 0.584418 0.020947 0.024395
0 0.465942 0.588965 0.023703 0.029355
0 0.449403 0.579870 0.021500 0.029355
0 0.421565 0.562505 0.027563 0.031835
0 0.398413 0.555890 0.019847 0.030180
0 0.419360 0.597854 0.017640 0.027287
0 0.401720 0.599095 0.019847 0.028115
0 0.378017 0.595374 0.023153 0.028942
0 0.374985 0.623903 0.023703 0.030595
0 0.400343 0.634031 0.024807 0.033487
0 0.466217 0.626589 0.026460 0.028527
0 0.487992 0.623281 0.023703 0.027703
