0 0.491403 0.298599 0.035720 0.022028
0 0.489420 0.333129 0.020640 0.032743
0 0.510853 0.353669 0.022227 0.030957
0 0.533873 0.363195 0.022227 0.030960
0 0.537842 0.392665 0.023817 0.027980
0 0.489023 0.394153 0.021433 0.034530
0 0.468383 0.410526 0.021433 0.029173
0 0.398528 0.355158 0.024610 0.030365
0 0.424723 0.363492 0.029373 0.026790
0 0.333435 0.415884 0.023023 0.033938
0 0.284218 0.388795 0.027783 0.021435
0 0.289777 0.407251 0.021433 0.028578
0 0.445540 0.459391 0.023600 0.027267
0 0.428000 0.479961 0.017860 0.027268
0 0.469458 0.491920 0.021683 0.026310
0 0.492102 0.503163 0.019770 0.024875
0 0.445542 0.523970 0.036357 0.021525
0 0.468183 0.552911 0.021687 0.029658
0 0.425130 0.550041 0.027427 0.025832
0 0.539937 0.545257 0.023600 0.029660
0 0.552375 0.591420 0.030617 0.018655
0 0.578208 0.597160 0.018497 0.026310
0 0.489230 0.567022 0.017860 0.029180
0 0.465312 0.583049 0.029977 0.031572
0 0.424492 0.577309 0.022323 0.028702
0 0.427682 0.610794 0.029977 0.032528
0 0.403763 0.620840 0.026787 0.030615
0 0.379845 0.643801 0.021050 0.026788
