0 0.396428 0.324684 0.024877 0.032527
0 0.419708 0.369411 0.031890 0.027268
0 0.463718 0.387829 0.028063 0.031572
0 0.417158 0.394764 0.034443 0.024397
0 0.421940 0.418683 0.027427 0.024395
0 0.397385 0.431837 0.021683 0.023920
0 0.347635 0.432555 0.030617 0.032050
0 0.444583 0.444754 0.022960 0.029657
0 0.420347 0.444754 0.026787 0.028703
0 0.486998 0.460540 0.022323 0.027745
0 0.441713 0.488045 0.024873 0.026310
0 0.493377 0.495460 0.021047 0.030615
0 0.525587 0.518421 0.039547 0.022963
0 0.463718 0.522726 0.022963 0.025833
0 0.420665 0.519856 0.026150 0.029657
0 0.443308 0.545687 0.025510 0.027745
0 0.505497 0.553820 0.023600 0.027745
0 0.484448 0.566019 0.026150 0.024397
0 0.467545 0.576304 0.022963 0.025832
0 0.443308 0.577260 0.021683 0.026790
0 0.422578 0.574629 0.022323 0.028222
0 0.491783 0.592808 0.017860 0.031095
0 0.466908 0.600700 0.028063 0.025830
0 0.428957 0.612420 0.035080 0.026310
0 0.377295 0.620074 0.026150 0.019612
0 0.553080 0.654211 0.037187 0.021147
0 0.447670 0.667886 0.023600 0.033007
0 0.401427 0.649230 0.020413 0.027265
