0 0.529843 0.265809 0.022640 0.032417
0 0.394343 0.322154 0.026073 0.030873
0 0.480103 0.377726 0.034307 0.020582
0 0.419728 0.394965 0.028817 0.027270
0 0.351807 0.384930 0.021953 0.029845
0 0.486963 0.407571 0.021953 0.028817
0 0.463980 0.427381 0.021267 0.032417
0 0.486278 0.445649 0.020583 0.030873
0 0.509262 0.468033 0.029503 0.030360
0 0.355922 0.439989 0.035677 0.025728
0 0.349748 0.473950 0.028817 0.033960
0 0.421787 0.466489 0.020580 0.028303
0 0.442025 0.481154 0.019897 0.029842
0 0.485248 0.511771 0.019897 0.026243
0 0.510977 0.514601 0.020580 0.031903
0 0.424187 0.508169 0.022640 0.027272
0 0.397432 0.528751 0.019897 0.026242
0 0.356608 0.542388 0.021957 0.029845
0 0.422817 0.533124 0.032247 0.025727
0 0.466038 0.544959 0.021270 0.031902
0 0.466725 0.514601 0.021270 0.026757
0 0.494168 0.543416 0.021270 0.030872
0 0.401203 0.577119 0.021953 0.033447
0 0.446142 0.596158 0.026757 0.030360
0 0.491423 0.579950 0.032247 0.027785
0 0.485468 0.621164 0.022550 0.028442
0 0.446262 0.617704 0.038437 0.013837
0 0.441907 0.632695 0.039973 0.017680
0 0.447032 0.647878 0.025623 0.026520
0 0.401165 0.622701 0.026137 0.029212
0 0.487517 0.669209 0.027673 0.023062
