0 0.504283 0.342909 0.021047 0.030138
0 0.486743 0.399835 0.019133 0.029180
0 0.484512 0.437626 0.022323 0.028223
0 0.456447 0.398879 0.042733 0.016743
0 0.464420 0.417295 0.021687 0.027745
0 0.440502 0.422318 0.026150 0.029180
0 0.418815 0.411794 0.028703 0.025353
0 0.383417 0.437625 0.025513 0.032050
0 0.308792 0.441214 0.028063 0.028702
0 0.465057 0.470394 0.021687 0.028702
0 0.487062 0.492878 0.022323 0.027745
0 0.465057 0.499574 0.025513 0.028702
0 0.419773 0.473504 0.021687 0.030137
0 0.487480 0.519122 0.024600 0.028060
0 0.463907 0.537956 0.024600 0.026522
0 0.443663 0.510859 0.021013 0.026137
0 0.398308 0.513358 0.026650 0.024985
0 0.355773 0.517585 0.024600 0.029595
0 0.400615 0.539303 0.031263 0.026905
0 0.394467 0.556982 0.043560 0.015375
0 0.425213 0.565630 0.023060 0.031135
0 0.403947 0.582157 0.024600 0.026520
0 0.379092 0.591959 0.022037 0.027673
0 0.466207 0.617570 0.021500 0.035145
0 0.402535 0.628734 0.022050 0.027702
0 0.426792 0.669871 0.027563 0.028942
0 0.397023 0.678966 0.028667 0.027288
0 0.360917 0.656020 0.033627 0.018605
0 0.358710 0.616950 0.022600 0.030595
