0 0.456088 0.533834 0.028577 0.035723
0 0.570640 0.340446 0.026293 0.030863
0 0.506495 0.326944 0.027783 0.029172
0 0.482682 0.296283 0.024610 0.032150
0 0.462438 0.304915 0.023817 0.031555
0 0.438623 0.318609 0.025400 0.025603
0 0.458072 0.344209 0.037310 0.027983
0 0.505305 0.359390 0.023817 0.032150
0 0.466012 0.372788 0.026197 0.030365
0 0.442593 0.367726 0.031753 0.029768
0 0.439815 0.390946 0.027783 0.028577
0 0.483872 0.401365 0.031750 0.026790
0 0.490222 0.429644 0.026990 0.028577
0 0.441005 0.426966 0.025403 0.029173
0 0.395757 0.411486 0.028580 0.027983
0 0.464820 0.455543 0.031753 0.033935
0 0.398138 0.457031 0.039690 0.020242
0 0.284225 0.443636 0.027783 0.029173
0 0.362018 0.476679 0.048423 0.020243
0 0.314390 0.497815 0.026193 0.031555
0 0.286607 0.526391 0.030960 0.027983
0 0.448545 0.503173 0.037310 0.020840
0 0.496970 0.551100 0.026193 0.029770
0 0.421953 0.538894 0.022227 0.027982
0 0.447753 0.628200 0.019847 0.033935
0 0.403298 0.605279 0.029370 0.030958
0 0.356860 0.643977 0.025400 0.033340
0 0.317962 0.562709 0.047630 0.020838
0 0.405680 0.519844 0.042073 0.018457
