0 0.531645 0.255727 0.031230 0.035820
0 0.436583 0.272260 0.024800 0.033065
0 0.368615 0.261582 0.024797 0.035130
0 0.324528 0.298091 0.026637 0.035133
0 0.527513 0.367322 0.021127 0.024800
0 0.504550 0.390744 0.024800 0.031688
0 0.338763 0.376623 0.040413 0.021355
0 0.346113 0.404865 0.027553 0.033755
0 0.416377 0.452740 0.024800 0.033065
0 0.489397 0.461351 0.023880 0.028243
0 0.502713 0.496139 0.024800 0.031688
0 0.465055 0.486495 0.026637 0.030310
0 0.467812 0.511639 0.030310 0.025488
0 0.442095 0.505439 0.026637 0.028242
0 0.373208 0.506128 0.021123 0.031000
0 0.444390 0.542293 0.025720 0.023420
0 0.512817 0.562614 0.017453 0.022733
0 0.443012 0.574670 0.022963 0.033065
0 0.490773 0.589135 0.019287 0.023420
0 0.381782 0.555948 0.041457 0.016745
0 0.355630 0.572451 0.023600 0.027748
0 0.287063 0.585129 0.028067 0.027268
0 0.490213 0.610721 0.021047 0.023917
0 0.465337 0.615266 0.019773 0.030138
0 0.423242 0.617896 0.026150 0.030618
0 0.375403 0.646120 0.028700 0.032530
0 0.359138 0.709744 0.031890 0.029658
