0 0.488522 0.537209 0.026763 0.031503
0 0.444462 0.533503 0.023470 0.027795
0 0.466285 0.524083 0.018530 0.026870
0 0.527222 0.262624 0.024903 0.036022
0 0.506765 0.291085 0.016010 0.025350
0 0.485122 0.315990 0.053363 0.022680
0 0.438573 0.311765 0.021940 0.031130
0 0.398253 0.312876 0.032613 0.030687
0 0.527815 0.366243 0.035577 0.025350
0 0.530187 0.387144 0.023720 0.026238
0 0.526035 0.408491 0.036763 0.018233
0 0.373942 0.371801 0.027870 0.024902
0 0.349335 0.391370 0.023717 0.032910
0 0.372757 0.401375 0.021940 0.029795
0 0.417820 0.425834 0.020753 0.028017
0 0.396770 0.463191 0.022533 0.028017
0 0.421082 0.475421 0.039137 0.013342
0 0.464072 0.473196 0.023123 0.027572
0 0.401812 0.484760 0.037357 0.021345
0 0.530657 0.489545 0.021260 0.030230
0 0.507402 0.506820 0.020817 0.024915
0 0.533360 0.519784 0.021347 0.028018
0 0.442338 0.491768 0.018383 0.024460
0 0.444050 0.510495 0.023473 0.022545
0 0.376928 0.513736 0.021823 0.029647
0 0.331427 0.540296 0.026353 0.028413
0 0.531347 0.571180 0.021827 0.032120
0 0.553790 0.596660 0.019767 0.027485
0 0.530523 0.604073 0.023473 0.031810
0 0.445903 0.563769 0.023060 0.031502
0 0.420578 0.573496 0.021003 0.028722
0 0.400813 0.655493 0.022647 0.034590
