0 0.421348 0.471065 0.019477 0.029980
0 0.395723 0.470104 0.023573 0.028058
0 0.554340 0.477599 0.024087 0.023062
0 0.531277 0.484710 0.023060 0.027290
0 0.511547 0.488939 0.021527 0.025752
0 0.310217 0.497913 0.024773 0.035375
0 0.380968 0.507204 0.030970 0.033947
0 0.459107 0.501308 0.024300 0.030730
0 0.505083 0.507383 0.048600 0.012865
0 0.507943 0.524535 0.030493 0.024300
0 0.511038 0.544902 0.028110 0.020725
0 0.465538 0.544188 0.025730 0.022155
0 0.334992 0.498449 0.020963 0.022868
0 0.442193 0.562411 0.025727 0.027158
0 0.401932 0.585281 0.027157 0.034303
0 0.382162 0.580994 0.020963 0.030732
0 0.352858 0.613689 0.025250 0.032518
0 0.311170 0.632271 0.040973 0.020368
0 0.385972 0.653355 0.036210 0.026085
0 0.306252 0.358571 0.024903 0.030243
0 0.482890 0.299471 0.022200 0.032663
0 0.551263 0.310591 0.024087 0.031133
0 0.525640 0.344224 0.021013 0.028442
0 0.461580 0.367862 0.024087 0.028060
0 0.439542 0.356715 0.027163 0.028060
0 0.420067 0.407260 0.022040 0.029980
0 0.397260 0.423211 0.024600 0.032673
0 0.488740 0.415716 0.021013 0.029982
0 0.508215 0.418599 0.019990 0.031903
0 0.531020 0.424941 0.020500 0.031517
0 0.553315 0.441085 0.023063 0.029980
0 0.508215 0.453000 0.027163 0.027675
0 0.485410 0.450501 0.020500 0.032672
0 0.464910 0.429554 0.025627 0.035363
0 0.425755 0.640848 0.026203 0.030375
