0 0.460470 0.294954 0.023053 0.030738
0 0.530058 0.305521 0.027323 0.035222
0 0.490782 0.368599 0.029030 0.037143
0 0.507860 0.410225 0.022200 0.033300
0 0.439978 0.389411 0.023057 0.035222
0 0.394298 0.390053 0.027323 0.030100
0 0.351605 0.380766 0.035863 0.035863
0 0.283297 0.436800 0.022200 0.033940
0 0.288418 0.499880 0.025617 0.033300
0 0.266218 0.550470 0.023910 0.030740
0 0.573178 0.464337 0.048670 0.017290
0 0.507860 0.463376 0.018787 0.029458
0 0.429305 0.487071 0.027323 0.033303
0 0.379355 0.521502 0.025497 0.030240
0 0.349410 0.554190 0.029647 0.033355
0 0.355340 0.591101 0.030833 0.027127
0 0.355635 0.667592 0.026683 0.031575
0 0.425900 0.557970 0.021347 0.025795
0 0.422640 0.581761 0.023127 0.027128
0 0.468000 0.551076 0.024907 0.035133
0 0.487863 0.579316 0.021940 0.029352
0 0.526407 0.534621 0.020753 0.027127
0 0.556943 0.534400 0.029647 0.027570
0 0.555460 0.558414 0.030240 0.027572
0 0.559612 0.584431 0.026683 0.026237
0 0.539452 0.599106 0.036170 0.021793
0 0.506838 0.573980 0.023123 0.032910
0 0.534707 0.631126 0.029053 0.034242
0 0.513362 0.660699 0.024310 0.030243
0 0.492905 0.664480 0.023717 0.031575
0 0.464145 0.648246 0.045657 0.021347
0 0.457623 0.620896 0.039727 0.028017
