0 0.324123 0.244574 0.028473 0.035063
0 0.505520 0.309015 0.023880 0.028930
0 0.514703 0.341390 0.020207 0.033065
0 0.512408 0.385821 0.017450 0.030998
0 0.396222 0.313148 0.022043 0.033065
0 0.369588 0.321414 0.025717 0.031688
0 0.305755 0.345834 0.026637 0.032308
0 0.436177 0.342080 0.022960 0.031685
0 0.440308 0.367222 0.034903 0.024110
0 0.463730 0.391676 0.024800 0.030308
0 0.438472 0.402009 0.022043 0.028933
0 0.463730 0.421985 0.026633 0.031685
0 0.488068 0.449195 0.020203 0.032375
0 0.553738 0.453673 0.022963 0.033065
0 0.463730 0.457426 0.022960 0.036437
0 0.416888 0.441582 0.028470 0.029550
0 0.286008 0.433008 0.031230 0.030310
0 0.505593 0.501580 0.029647 0.024905
0 0.465570 0.492464 0.021940 0.028908
0 0.441257 0.499135 0.030240 0.029795
0 0.378998 0.500469 0.024310 0.026237
0 0.355577 0.520926 0.023720 0.028017
0 0.488695 0.561618 0.025497 0.032020
0 0.531090 0.592746 0.018973 0.024903
0 0.487508 0.611424 0.019570 0.028462
0 0.447187 0.577404 0.019567 0.028907
0 0.289462 0.598973 0.023123 0.024905
0 0.380762 0.598965 0.020950 0.029770
0 0.399780 0.612609 0.025907 0.027288
0 0.445258 0.647338 0.022050 0.030595
0 0.332800 0.641344 0.026460 0.027703
0 0.336385 0.720519 0.022603 0.031423
0 0.447465 0.687236 0.030870 0.037623
0 0.403915 0.682275 0.024257 0.033490
