0 0.507395 0.402315 0.024797 0.031000
0 0.507395 0.269706 0.026637 0.034442
0 0.529438 0.299673 0.022963 0.033755
0 0.368703 0.285895 0.028473 0.024110
0 0.397635 0.339284 0.031230 0.016533
0 0.439885 0.331016 0.038577 0.034442
0 0.485352 0.335494 0.021123 0.026868
0 0.553320 0.356849 0.022960 0.028243
0 0.525305 0.354094 0.025717 0.029622
0 0.495453 0.360982 0.045007 0.015845
0 0.459173 0.397149 0.020207 0.031688
0 0.417842 0.410925 0.022043 0.033065
0 0.390287 0.406793 0.029393 0.035820
0 0.461930 0.438136 0.027553 0.029623
0 0.485810 0.462936 0.031227 0.029623
0 0.327830 0.450191 0.044087 0.016532
0 0.435753 0.487046 0.041333 0.022733
0 0.489945 0.540779 0.043170 0.019978
0 0.444937 0.512190 0.024800 0.027555
0 0.418300 0.516324 0.028473 0.031688
0 0.379265 0.504613 0.027557 0.030310
0 0.356302 0.505645 0.018370 0.028245
0 0.381562 0.531479 0.037657 0.028933
0 0.364568 0.547667 0.042250 0.024110
0 0.381102 0.571433 0.025717 0.027555
0 0.356303 0.571434 0.029393 0.028933
0 0.487188 0.568333 0.019290 0.028245
0 0.288333 0.622754 0.020207 0.029623
0 0.379725 0.625854 0.039497 0.023423
0 0.461928 0.646175 0.034903 0.031000
0 0.356762 0.648242 0.032150 0.026865
0 0.358140 0.677519 0.029393 0.028933
