0 0.431313 0.250158 0.036133 0.031880
0 0.619417 0.309139 0.021253 0.030288
0 0.442675 0.365115 0.026470 0.030100
0 0.533187 0.391692 0.028180 0.024335
0 0.536175 0.415709 0.025617 0.026257
0 0.497750 0.394575 0.034153 0.023695
0 0.394857 0.380165 0.028180 0.030740
0 0.402115 0.402580 0.027323 0.025615
0 0.378205 0.421153 0.023910 0.032020
0 0.400407 0.429797 0.023907 0.032660
0 0.262502 0.408344 0.024763 0.032023
0 0.385890 0.458296 0.040987 0.012808
0 0.437550 0.433320 0.041840 0.020495
0 0.514400 0.449010 0.031593 0.027540
0 0.501593 0.470464 0.041840 0.017933
0 0.466583 0.469504 0.041840 0.019853
0 0.379058 0.504406 0.027323 0.033303
0 0.408052 0.497988 0.027463 0.029900
0 0.619555 0.528550 0.021703 0.028570
0 0.491547 0.528381 0.027020 0.026237
0 0.467628 0.549479 0.020817 0.027243
0 0.403623 0.555459 0.023920 0.031227
0 0.383470 0.588015 0.040307 0.018605
0 0.565613 0.605148 0.024200 0.029035
0 0.513347 0.593714 0.017420 0.026497
0 0.512862 0.646162 0.018390 0.027585
0 0.492537 0.574296 0.019360 0.026132
0 0.470760 0.579378 0.025167 0.031215
0 0.446805 0.570666 0.020810 0.025408
0 0.417767 0.590810 0.021780 0.029400
0 0.440995 0.606599 0.020810 0.029763
0 0.424298 0.630555 0.023230 0.030490
