0 0.304958 0.292315 0.023803 0.032015
0 0.348465 0.316943 0.028730 0.032015
0 0.487192 0.260610 0.022163 0.027705
0 0.434655 0.273539 0.040223 0.020317
0 0.463798 0.282158 0.021343 0.031400
0 0.502378 0.304937 0.029550 0.028935
0 0.549988 0.320636 0.027910 0.029553
0 0.467902 0.355112 0.037763 0.027090
0 0.528237 0.383125 0.018880 0.027705
0 0.527827 0.430839 0.018060 0.027087
0 0.412493 0.357575 0.020520 0.033245
0 0.439992 0.362809 0.029550 0.028938
0 0.463388 0.373275 0.022163 0.027705
0 0.486372 0.388666 0.020523 0.028938
0 0.469543 0.414215 0.021340 0.027090
0 0.428910 0.408059 0.036940 0.017238
0 0.366935 0.388666 0.022983 0.030168
0 0.350927 0.408983 0.025447 0.031400
0 0.383762 0.425605 0.023803 0.031400
0 0.442455 0.431146 0.021343 0.025243
0 0.486370 0.444690 0.018880 0.022780
0 0.497043 0.477629 0.043507 0.020933
0 0.459283 0.479476 0.025447 0.030783
0 0.352568 0.457619 0.020523 0.031397
0 0.332457 0.484400 0.026267 0.028320
0 0.352980 0.505640 0.019700 0.028935
0 0.399770 0.504718 0.019700 0.027090
0 0.377607 0.527804 0.024627 0.030168
0 0.444967 0.542743 0.020980 0.025830
0 0.420818 0.539774 0.022563 0.027018
0 0.400628 0.556994 0.026523 0.029393
0 0.403400 0.579706 0.032067 0.029097
0 0.446575 0.675079 0.027463 0.032957
0 0.384322 0.695676 0.023803 0.032957
