0 0.504175 0.266862 0.022317 0.035070
0 0.575907 0.379246 0.019127 0.028692
0 0.550640 0.409326 0.019187 0.031548
0 0.580158 0.469380 0.017710 0.030995
0 0.507837 0.355082 0.022140 0.034870
0 0.482373 0.346505 0.027307 0.030995
0 0.484588 0.380544 0.021403 0.028228
0 0.394185 0.360341 0.020663 0.028783
0 0.370937 0.383865 0.024353 0.031550
0 0.441047 0.440876 0.022880 0.028228
0 0.420752 0.464952 0.020663 0.029890
0 0.329978 0.464399 0.033950 0.030998
0 0.331822 0.490690 0.025830 0.026015
0 0.351748 0.498716 0.022877 0.026567
0 0.400457 0.494841 0.021400 0.030998
0 0.445843 0.496225 0.023613 0.023800
0 0.330715 0.528882 0.023617 0.026015
0 0.331895 0.553658 0.027637 0.025370
0 0.353573 0.567950 0.021440 0.028945
0 0.420277 0.562949 0.020487 0.030372
0 0.439572 0.562412 0.020963 0.030015
0 0.461250 0.572239 0.033827 0.013222
0 0.463395 0.595286 0.038117 0.018582
0 0.427660 0.609938 0.026680 0.022155
0 0.466253 0.619585 0.022867 0.030730
0 0.399073 0.604578 0.017153 0.025015
0 0.380253 0.600826 0.022393 0.031803
0 0.380255 0.632986 0.025250 0.032518
0 0.423373 0.656391 0.024773 0.025727
0 0.445528 0.714994 0.018583 0.028587
