0 0.528930 0.234671 0.033167 0.027268
0 0.485557 0.290641 0.026787 0.028223
0 0.437720 0.310732 0.025513 0.031095
0 0.416990 0.323410 0.026153 0.027745
0 0.511388 0.403776 0.040183 0.018178
0 0.394665 0.406886 0.022323 0.028223
0 0.369472 0.426021 0.038270 0.021528
0 0.247327 0.418127 0.024873 0.035400
0 0.507325 0.441704 0.021057 0.020692
0 0.397187 0.453793 0.032673 0.023190
0 0.404188 0.478296 0.031503 0.029317
0 0.514745 0.492516 0.037923 0.024502
0 0.578920 0.537804 0.025087 0.028442
0 0.399195 0.517534 0.024877 0.030137
0 0.423432 0.513467 0.022323 0.029660
0 0.444480 0.517055 0.021047 0.029180
0 0.462978 0.506054 0.028703 0.030137
0 0.488172 0.529971 0.022963 0.028222
0 0.470632 0.546236 0.029977 0.022482
0 0.466487 0.568241 0.021687 0.029183
0 0.438102 0.553411 0.022323 0.027267
0 0.491362 0.575656 0.019137 0.025832
0 0.532182 0.616557 0.024237 0.032050
0 0.490085 0.640954 0.019137 0.027267
0 0.425983 0.610339 0.022327 0.030138
0 0.384205 0.584984 0.026790 0.027267
0 0.314362 0.604359 0.022323 0.030618
0 0.379422 0.606272 0.028703 0.023920
0 0.404935 0.670135 0.019770 0.025355
0 0.383248 0.673963 0.026150 0.029180
0 0.470313 0.699076 0.021687 0.029658
0 0.428215 0.713906 0.028063 0.025832
