0 0.382660 0.400241 0.022393 0.030392
0 0.491962 0.425034 0.029857 0.015197
0 0.584467 0.423635 0.028260 0.030790
0 0.403455 0.450026 0.037323 0.018793
0 0.429580 0.476217 0.022393 0.031190
0 0.473300 0.475819 0.023460 0.026392
0 0.518620 0.481416 0.026660 0.027993
0 0.405322 0.514806 0.034657 0.025993
0 0.388792 0.542197 0.035723 0.014395
0 0.495427 0.570190 0.021860 0.020795
0 0.521285 0.591584 0.028790 0.026793
0 0.559407 0.593782 0.020793 0.027190
0 0.597262 0.603180 0.034657 0.017195
0 0.436243 0.605779 0.021860 0.029593
0 0.453840 0.611577 0.020793 0.031590
0 0.472233 0.615775 0.024527 0.030390
0 0.516487 0.618775 0.020260 0.028390
0 0.538347 0.632570 0.026660 0.028790
0 0.475700 0.643567 0.020793 0.028390
0 0.497293 0.649965 0.020260 0.027590
0 0.518352 0.646166 0.033590 0.021592
0 0.559673 0.656964 0.018127 0.027192
0 0.494093 0.675957 0.021327 0.027590
0 0.518887 0.690152 0.022927 0.029590
0 0.544480 0.698550 0.020793 0.029590
0 0.414652 0.678356 0.039457 0.023593
0 0.393325 0.714545 0.031990 0.019195
0 0.304552 0.717745 0.029323 0.030390
