0 0.462068 0.330118 0.042823 0.017665
0 0.560925 0.351530 0.017843 0.027300
0 0.453145 0.377761 0.037830 0.014452
0 0.428165 0.394356 0.019270 0.028373
0 0.451718 0.441196 0.019270 0.031048
0 0.475273 0.436110 0.022127 0.032655
0 0.539870 0.436111 0.021413 0.030512
0 0.630517 0.475994 0.022840 0.027838
0 0.495615 0.447620 0.012850 0.024625
0 0.312892 0.422727 0.017130 0.023020
0 0.338943 0.453510 0.019273 0.023555
0 0.343940 0.499279 0.022127 0.028373
0 0.525237 0.476795 0.020700 0.017665
0 0.519170 0.497138 0.022840 0.031585
0 0.495973 0.527920 0.023553 0.026765
0 0.473132 0.545050 0.020697 0.024625
0 0.495973 0.557630 0.020700 0.027300
0 0.518812 0.558165 0.016417 0.025160
0 0.542367 0.590285 0.030693 0.030515
0 0.523095 0.602330 0.019270 0.026765
0 0.539870 0.625081 0.021413 0.031582
0 0.389263 0.573690 0.019987 0.030515
0 0.453860 0.599118 0.022127 0.033190
0 0.474917 0.630434 0.019987 0.029442
0 0.492403 0.606078 0.022127 0.032120
0 0.548433 0.660948 0.034260 0.019805
0 0.560568 0.702436 0.015703 0.021413
0 0.588405 0.700026 0.017130 0.028372
0 0.433518 0.697350 0.025697 0.030515
0 0.455645 0.704309 0.017130 0.021947
0 0.433162 0.762391 0.024983 0.028908
0 0.497400 0.761856 0.019273 0.036403
