0 0.471442 0.365536 0.024777 0.023538
0 0.541227 0.394956 0.025600 0.026632
0 0.603165 0.399292 0.023950 0.030350
0 0.405373 0.395266 0.039640 0.028493
0 0.516038 0.442650 0.023123 0.031590
0 0.631243 0.470523 0.025600 0.036545
0 0.559395 0.505518 0.018997 0.029730
0 0.535445 0.500871 0.025603 0.016723
0 0.493740 0.488175 0.028080 0.029730
0 0.450383 0.463399 0.028907 0.027252
0 0.424780 0.441101 0.033860 0.027252
0 0.406198 0.466806 0.029730 0.032828
0 0.429737 0.481051 0.027253 0.026632
0 0.449557 0.495918 0.025600 0.025395
0 0.449557 0.525956 0.025600 0.032207
0 0.492088 0.535558 0.046250 0.024155
0 0.339307 0.489104 0.033033 0.036543
0 0.449145 0.568695 0.024777 0.026015
0 0.560633 0.570862 0.031380 0.036545
0 0.603578 0.612671 0.021470 0.026013
0 0.541638 0.621343 0.029730 0.030970
0 0.404960 0.624440 0.027253 0.029730
0 0.342610 0.608645 0.028080 0.029110
0 0.389268 0.643951 0.023950 0.032827
0 0.472680 0.675849 0.025600 0.032207
0 0.519755 0.650764 0.028903 0.016722
0 0.534620 0.664700 0.035513 0.018580
0 0.585410 0.708058 0.026427 0.034685
0 0.431388 0.722302 0.030557 0.035925
0 0.402483 0.755131 0.043773 0.022298
0 0.366145 0.750485 0.030557 0.031590
