0 0.467850 0.430384 0.029267 0.027838
0 0.512817 0.434934 0.030693 0.029442
0 0.553858 0.452331 0.025697 0.031048
0 0.616670 0.457149 0.024267 0.020342
0 0.578485 0.486860 0.027837 0.034795
0 0.529948 0.502651 0.027837 0.029977
0 0.438942 0.299229 0.039970 0.018202
0 0.391833 0.343661 0.039973 0.021413
0 0.558498 0.370962 0.030690 0.032120
0 0.512462 0.393712 0.027123 0.032655
0 0.398615 0.413253 0.027837 0.034260
0 0.487480 0.501849 0.032833 0.028372
0 0.443225 0.442161 0.027123 0.028908
0 0.483197 0.518979 0.022840 0.019808
0 0.504967 0.534772 0.034973 0.016060
0 0.511032 0.559129 0.027123 0.029442
0 0.488548 0.565820 0.026410 0.031050
0 0.361498 0.566087 0.032117 0.031585
0 0.463925 0.597940 0.025697 0.031050
0 0.485693 0.605703 0.024980 0.030515
0 0.569205 0.593925 0.026410 0.024090
0 0.530305 0.613197 0.028550 0.025160
0 0.509963 0.625777 0.022127 0.032120
0 0.531375 0.641034 0.030690 0.031583
0 0.479627 0.667800 0.022840 0.032655
0 0.504252 0.668602 0.023557 0.033190
0 0.481053 0.692157 0.031407 0.025695
0 0.442155 0.720261 0.029263 0.027303
