0 0.561853 0.340469 0.030847 0.029612
0 0.476723 0.377482 0.038247 0.024060
0 0.519905 0.406631 0.020977 0.029613
0 0.562163 0.426756 0.026527 0.040252
0 0.607195 0.407325 0.030230 0.035625
0 0.493070 0.420049 0.022827 0.030538
0 0.519597 0.438092 0.022827 0.027760
0 0.433232 0.512582 0.032697 0.037015
0 0.473022 0.536410 0.028377 0.031925
0 0.434157 0.551678 0.019740 0.033775
0 0.408865 0.542194 0.027143 0.029612
0 0.387580 0.565790 0.025293 0.028685
0 0.408865 0.564401 0.027143 0.032388
0 0.473947 0.571342 0.030227 0.030535
0 0.325273 0.610670 0.024060 0.027760
0 0.363213 0.627094 0.020973 0.031922
0 0.409172 0.608587 0.020357 0.030075
0 0.431997 0.601879 0.024060 0.029612
0 0.428603 0.627325 0.017273 0.028685
0 0.453897 0.627326 0.018507 0.034238
0 0.476413 0.610206 0.021593 0.031462
0 0.501398 0.618997 0.019743 0.031460
0 0.521138 0.633571 0.022210 0.035627
0 0.499238 0.653466 0.036397 0.029147
0 0.388198 0.646758 0.019123 0.027760
0 0.411640 0.660408 0.021593 0.033775
0 0.323423 0.713845 0.025293 0.029610
0 0.434773 0.753172 0.028380 0.029610
0 0.518053 0.725875 0.037013 0.025910
