0 0.362842 0.443950 0.035510 0.034685
0 0.318660 0.502173 0.028080 0.040880
0 0.469790 0.449525 0.023127 0.030970
0 0.491262 0.444260 0.023123 0.040260
0 0.539573 0.458815 0.033860 0.042120
0 0.584172 0.448595 0.017343 0.024155
0 0.527187 0.477706 0.042120 0.019202
0 0.473507 0.493501 0.020647 0.033448
0 0.492915 0.497527 0.024777 0.035305
0 0.434692 0.520445 0.028903 0.034065
0 0.385140 0.512082 0.027253 0.029730
0 0.405787 0.524161 0.023947 0.027872
0 0.362843 0.414530 0.032207 0.035305
0 0.410743 0.649276 0.033860 0.037783
0 0.492913 0.329674 0.028080 0.032827
0 0.451208 0.384179 0.035510 0.031588
0 0.427258 0.399664 0.023950 0.037783
0 0.379360 0.403071 0.028907 0.033447
0 0.359127 0.646800 0.018167 0.031590
0 0.412393 0.683034 0.028907 0.029732
0 0.437582 0.681176 0.023123 0.032207
0 0.437170 0.765103 0.020647 0.030350
0 0.347977 0.735372 0.040467 0.025395
0 0.364495 0.556059 0.028903 0.033447
0 0.402895 0.547079 0.029730 0.027872
0 0.428910 0.551414 0.027253 0.031587
0 0.537097 0.550795 0.027253 0.030350
0 0.544942 0.576810 0.031383 0.025395
0 0.501585 0.594771 0.017343 0.034067
0 0.522645 0.610876 0.018170 0.037783
0 0.544530 0.619236 0.022300 0.032207
