0 0.397115 0.515304 0.028903 0.034688
0 0.443775 0.336920 0.029730 0.032210
0 0.400420 0.393594 0.033860 0.029112
0 0.484242 0.376870 0.037990 0.019200
0 0.508193 0.396381 0.026427 0.032208
0 0.559395 0.389877 0.046250 0.017960
0 0.535858 0.419299 0.028903 0.028493
0 0.514385 0.436641 0.037163 0.026012
0 0.532142 0.477830 0.028077 0.030350
0 0.488783 0.418680 0.020647 0.030970
0 0.438407 0.407220 0.033860 0.019200
0 0.465248 0.425183 0.028077 0.030350
0 0.465662 0.452745 0.032210 0.030970
0 0.421478 0.438189 0.029730 0.032828
0 0.398768 0.479069 0.030557 0.034067
0 0.421065 0.507561 0.037163 0.032828
0 0.485482 0.482786 0.028903 0.029112
0 0.331047 0.625245 0.033860 0.031590
0 0.353347 0.617503 0.027253 0.039640
0 0.440473 0.551848 0.021473 0.026015
0 0.484655 0.595824 0.022297 0.022298
0 0.489197 0.614715 0.033033 0.024155
0 0.443363 0.637324 0.025600 0.042118
0 0.421065 0.651879 0.043770 0.031587
0 0.484242 0.668913 0.024777 0.029730
0 0.525535 0.651259 0.029730 0.034067
0 0.569718 0.748193 0.032210 0.030970
