0 0.322181 0.389925 0.019433 0.025910
0 0.361566 0.343427 0.024637 0.020820
0 0.460116 0.302250 0.015618 0.038400
0 0.565259 0.289527 0.014923 0.037013
0 0.415352 0.409820 0.023945 0.027760
0 0.488224 0.405887 0.017002 0.021747
0 0.536110 0.385068 0.028800 0.023597
0 0.559880 0.385067 0.027065 0.026373
0 0.617135 0.420232 0.027760 0.023597
0 0.468097 0.446140 0.026025 0.021747
0 0.382214 0.450305 0.013187 0.036550
0 0.409281 0.472282 0.026372 0.017583
0 0.386205 0.472282 0.022555 0.015730
0 0.458555 0.479222 0.013880 0.035163
0 0.492040 0.515772 0.025330 0.022210
0 0.519106 0.517622 0.028803 0.020357
0 0.286962 0.386687 0.026025 0.018507
0 0.257120 0.404037 0.019085 0.030073
0 0.585905 0.516928 0.027065 0.022670
0 0.549642 0.513458 0.026025 0.016657
0 0.527781 0.559725 0.023943 0.016657
0 0.366599 0.496340 0.027067 0.023133
0 0.295289 0.448917 0.028107 0.019893
0 0.297025 0.493563 0.029495 0.019433
0 0.271346 0.518085 0.019087 0.014803
0 0.282104 0.559263 0.028108 0.019433
0 0.526567 0.406350 0.027760 0.020820
0 0.391410 0.562733 0.022555 0.018967
0 0.412230 0.587023 0.016310 0.036087
0 0.356015 0.559957 0.023250 0.019893
0 0.485620 0.609232 0.024290 0.019430
0 0.504533 0.623112 0.023250 0.015730
