0 0.471418 0.420480 0.023557 0.024090
0 0.498542 0.437342 0.024983 0.026765
0 0.521738 0.467856 0.039970 0.020342
0 0.472133 0.472139 0.020700 0.028907
0 0.407180 0.448316 0.022127 0.029442
0 0.359357 0.464913 0.036400 0.017665
0 0.452147 0.494354 0.023553 0.028373
0 0.404118 0.348739 0.025797 0.025082
0 0.469992 0.351423 0.027837 0.033725
0 0.379343 0.435736 0.023553 0.026767
0 0.408607 0.421551 0.029267 0.020877
0 0.452147 0.430651 0.023553 0.028373
0 0.497470 0.514430 0.022840 0.033190
0 0.467850 0.514965 0.042113 0.017130
0 0.522095 0.546014 0.027837 0.031048
0 0.386838 0.542801 0.025697 0.027837
0 0.495687 0.601419 0.022127 0.028373
0 0.518170 0.613465 0.022840 0.033190
0 0.408963 0.627384 0.024267 0.027837
0 0.427878 0.638892 0.024983 0.029445
0 0.495687 0.649866 0.027840 0.034262
0 0.521738 0.643443 0.018557 0.027835
0 0.542795 0.656024 0.024983 0.029442
0 0.607392 0.662446 0.028550 0.031582
0 0.476772 0.683591 0.024270 0.028907
0 0.513173 0.683591 0.031407 0.028907
0 0.542795 0.706879 0.026410 0.035867
0 0.564923 0.705541 0.022127 0.028908
0 0.517100 0.714909 0.020700 0.026232
0 0.342228 0.690819 0.027837 0.028372
0 0.410035 0.664053 0.036403 0.031585
