0 0.429323 0.389072 0.024773 0.023535
0 0.375643 0.413847 0.026427 0.035925
0 0.430150 0.416636 0.028080 0.027873
0 0.513560 0.429024 0.033033 0.027873
0 0.560633 0.477336 0.042947 0.032827
0 0.410742 0.451630 0.042117 0.035925
0 0.379360 0.469594 0.045420 0.022298
0 0.426020 0.502730 0.028080 0.029110
0 0.468963 0.512331 0.028080 0.022298
0 0.495392 0.525646 0.028077 0.027873
0 0.451208 0.536488 0.025603 0.030970
0 0.385553 0.563121 0.029733 0.028492
0 0.407852 0.578295 0.031383 0.026635
0 0.389270 0.604309 0.032207 0.022918
0 0.426847 0.594090 0.033033 0.026015
0 0.476810 0.600284 0.027253 0.032208
0 0.430975 0.615149 0.033037 0.024778
0 0.431800 0.637138 0.039640 0.026635
0 0.402070 0.652622 0.024773 0.025395
0 0.380598 0.682971 0.034683 0.026633
0 0.406200 0.682973 0.019820 0.029110
0 0.432213 0.663771 0.032207 0.026632
0 0.432213 0.691952 0.033860 0.030970
0 0.426020 0.720754 0.037987 0.027873
0 0.449970 0.765350 0.041293 0.024155
0 0.497043 0.769686 0.024773 0.032827
0 0.501172 0.712394 0.023123 0.033447
0 0.516863 0.613910 0.024773 0.029730
0 0.518515 0.640852 0.021470 0.030350
0 0.568893 0.661604 0.034687 0.033447
0 0.536272 0.610194 0.025603 0.035923
0 0.556092 0.616077 0.022297 0.025395
0 0.584997 0.601523 0.032207 0.033445
