0 0.394638 0.315365 0.024777 0.029730
0 0.508605 0.394028 0.024777 0.037165
0 0.446255 0.418494 0.030557 0.027873
0 0.420652 0.434597 0.025603 0.034065
0 0.398353 0.440173 0.035513 0.036545
0 0.307923 0.462160 0.033033 0.032210
0 0.282735 0.486006 0.030557 0.029113
0 0.309575 0.521001 0.033037 0.032208
0 0.375232 0.499943 0.023950 0.030970
0 0.428085 0.496845 0.042117 0.034685
0 0.596972 0.484459 0.029730 0.033447
0 0.619270 0.504278 0.034687 0.035925
0 0.436755 0.532771 0.042943 0.017342
0 0.397528 0.530293 0.027250 0.029730
0 0.375643 0.542371 0.029733 0.034067
0 0.374405 0.562811 0.035510 0.022918
0 0.465248 0.554757 0.030557 0.030350
0 0.463183 0.572102 0.044593 0.020440
0 0.461118 0.586656 0.043770 0.022297
0 0.423543 0.603071 0.034687 0.032827
0 0.328158 0.604309 0.050377 0.027873
0 0.332285 0.626608 0.017343 0.030350
0 0.362017 0.617936 0.037160 0.016722
0 0.360777 0.648596 0.026427 0.032208
0 0.415697 0.630014 0.025600 0.028492
0 0.464835 0.625987 0.036337 0.025395
0 0.465248 0.652622 0.035510 0.035305
0 0.403310 0.669035 0.033860 0.039640
0 0.426432 0.692263 0.023950 0.024155
0 0.446665 0.712703 0.023123 0.027870
0 0.426845 0.718587 0.029730 0.029730
0 0.428910 0.779288 0.028907 0.030970
0 0.467313 0.781455 0.026427 0.029110
0 0.511082 0.757298 0.042943 0.025395
