0 0.372918 0.304849 0.047823 0.020877
0 0.377558 0.328404 0.027123 0.030513
0 0.453218 0.344731 0.028550 0.031048
0 0.365780 0.489536 0.023553 0.031582
0 0.448935 0.461433 0.031403 0.033190
0 0.494973 0.493284 0.023553 0.030513
0 0.448578 0.507203 0.023557 0.027300
0 0.496400 0.524869 0.023553 0.029443
0 0.320815 0.600884 0.026410 0.034798
0 0.495330 0.582684 0.019987 0.028373
0 0.542082 0.614535 0.026410 0.033190
0 0.587407 0.614803 0.022840 0.026230
0 0.475702 0.608111 0.024983 0.034262
0 0.427167 0.644514 0.022127 0.027837
0 0.383268 0.645049 0.035690 0.023553
0 0.475702 0.648260 0.027837 0.033190
0 0.517100 0.656559 0.026407 0.029442
0 0.540655 0.678507 0.026410 0.025160
0 0.585265 0.683324 0.027123 0.027303
0 0.586335 0.708484 0.027837 0.029442
0 0.540655 0.703934 0.036403 0.022482
0 0.537800 0.724544 0.033547 0.021947
0 0.436802 0.689213 0.029977 0.026230
0 0.392547 0.675026 0.032833 0.031047
0 0.405038 0.690016 0.029263 0.031048
0 0.413247 0.713571 0.035687 0.020342
0 0.344012 0.710894 0.024270 0.029978
0 0.345082 0.739534 0.036403 0.030512
0 0.448935 0.766835 0.028550 0.021950
