0 0.402152 0.313755 0.029730 0.033445
0 0.430645 0.401089 0.030557 0.028493
0 0.471112 0.406354 0.022297 0.032827
0 0.539243 0.427721 0.026427 0.032207
0 0.493822 0.484705 0.036337 0.021060
0 0.381093 0.406354 0.025600 0.034067
0 0.399263 0.419670 0.027253 0.034685
0 0.336910 0.438871 0.026427 0.038402
0 0.270430 0.466435 0.020647 0.025395
0 0.313787 0.494306 0.034687 0.016723
0 0.485978 0.509791 0.023950 0.031588
0 0.472350 0.530231 0.026427 0.027873
0 0.512817 0.526205 0.019820 0.027255
0 0.538418 0.528683 0.024777 0.030970
0 0.564018 0.559342 0.023123 0.025395
0 0.645367 0.542929 0.038813 0.022298
0 0.602835 0.609821 0.023123 0.027252
0 0.498363 0.561820 0.027253 0.026635
0 0.472763 0.558414 0.023947 0.028492
0 0.407933 0.564916 0.019820 0.031588
0 0.424450 0.599602 0.026427 0.024155
0 0.473588 0.583808 0.022297 0.024775
0 0.517772 0.594956 0.023123 0.028492
0 0.475240 0.615088 0.025600 0.025395
0 0.519423 0.623449 0.041293 0.022298
0 0.545438 0.610132 0.022297 0.030350
0 0.493822 0.661231 0.031383 0.033447
0 0.559892 0.683219 0.029730 0.027872
0 0.471523 0.686626 0.033033 0.021058
0 0.451705 0.713879 0.023123 0.022298
0 0.433123 0.698394 0.020647 0.028492
0 0.409585 0.716666 0.029730 0.021678
0 0.366230 0.758165 0.027253 0.025395
