0 0.564763 0.578668 0.024773 0.030350
0 0.450383 0.456337 0.027253 0.030970
0 0.385140 0.485759 0.035513 0.041497
0 0.562698 0.467487 0.033857 0.035925
0 0.605642 0.498146 0.028903 0.031588
0 0.582518 0.529116 0.023950 0.027873
0 0.515213 0.491333 0.026427 0.025395
0 0.539162 0.527567 0.024777 0.037165
0 0.518928 0.555130 0.022297 0.025395
0 0.474333 0.530045 0.033860 0.030970
0 0.573433 0.548318 0.047073 0.024155
0 0.394637 0.584243 0.046247 0.020440
0 0.395050 0.600036 0.047073 0.018582
0 0.429737 0.604062 0.020647 0.036545
0 0.452035 0.607779 0.022297 0.032827
0 0.475572 0.609017 0.031383 0.030350
0 0.479287 0.632554 0.038813 0.025393
0 0.473918 0.651135 0.036337 0.029110
0 0.537510 0.649898 0.042947 0.020440
0 0.537510 0.671885 0.044593 0.030970
0 0.429737 0.644323 0.053680 0.025395
0 0.390922 0.637510 0.035510 0.030350
0 0.324853 0.651755 0.048727 0.025395
0 0.345913 0.693564 0.039640 0.027253
0 0.426433 0.666311 0.035513 0.028492
0 0.433040 0.684891 0.022300 0.028493
0 0.455750 0.680865 0.026427 0.035305
0 0.496630 0.691395 0.022300 0.030350
0 0.539162 0.705951 0.023123 0.034688
0 0.472268 0.729797 0.023123 0.036545
0 0.493327 0.743734 0.022300 0.027253
0 0.424780 0.773465 0.040467 0.019820
0 0.324442 0.786781 0.029730 0.027872
0 0.584997 0.809389 0.028907 0.028492
0 0.447080 0.365908 0.027253 0.033445
0 0.407027 0.383869 0.034687 0.033447
0 0.406613 0.420722 0.038813 0.031590
