0 0.494895 0.367251 0.031457 0.025993
0 0.525817 0.382646 0.025060 0.027993
0 0.535948 0.424034 0.032523 0.028393
0 0.517820 0.434831 0.023993 0.028392
0 0.519953 0.466221 0.021860 0.030393
0 0.497027 0.478618 0.027193 0.023995
0 0.454372 0.420635 0.036790 0.015995
0 0.293355 0.444629 0.031457 0.025593
0 0.332010 0.504209 0.019193 0.025592
0 0.390660 0.518405 0.024527 0.031590
0 0.473567 0.536600 0.020793 0.029590
0 0.344273 0.542197 0.024527 0.030390
0 0.433847 0.574389 0.024527 0.028393
0 0.472500 0.575589 0.028260 0.027592
0 0.536747 0.582386 0.020260 0.027592
0 0.646580 0.611977 0.018127 0.029190
0 0.537547 0.608977 0.028260 0.028790
0 0.475698 0.615775 0.032523 0.029590
0 0.424782 0.622974 0.037323 0.023192
0 0.363467 0.590384 0.037320 0.023592
0 0.296287 0.625574 0.020260 0.025993
0 0.386393 0.639768 0.025593 0.031990
0 0.520220 0.649965 0.025593 0.027590
0 0.472233 0.776128 0.025593 0.031190
