0 0.304397 0.430115 0.040687 0.016595
0 0.401825 0.408435 0.038543 0.025695
0 0.506393 0.462235 0.022127 0.027300
0 0.531018 0.487395 0.024270 0.026230
0 0.510677 0.493284 0.020700 0.030513
0 0.638440 0.520854 0.032120 0.036402
0 0.394332 0.478830 0.032117 0.025160
0 0.422525 0.471604 0.024270 0.031048
0 0.395403 0.512824 0.032833 0.031047
0 0.370420 0.538519 0.021413 0.031048
0 0.396830 0.545210 0.027120 0.030515
0 0.444295 0.556184 0.037830 0.020342
0 0.484623 0.548690 0.025693 0.029980
0 0.508535 0.554311 0.023557 0.030513
0 0.421098 0.596334 0.028550 0.025697
0 0.331163 0.623903 0.029980 0.026230
0 0.411462 0.635145 0.026410 0.031585
0 0.459642 0.631666 0.019983 0.027838
0 0.520312 0.600081 0.038543 0.025697
0 0.509248 0.628454 0.023557 0.031048
0 0.548505 0.612394 0.024983 0.031048
0 0.570277 0.618283 0.021413 0.035330
0 0.585265 0.646655 0.025697 0.033190
0 0.549220 0.653079 0.023553 0.026767
0 0.389692 0.690551 0.025697 0.027837
0 0.440727 0.709288 0.029267 0.029980
0 0.483195 0.729630 0.028550 0.032120
0 0.552075 0.709823 0.024983 0.026765
0 0.480342 0.776471 0.025697 0.028373
