0 0.417348 0.307932 0.037163 0.019820
0 0.514385 0.385666 0.023123 0.032827
0 0.535032 0.379781 0.024777 0.032207
0 0.558568 0.399602 0.028903 0.030970
0 0.495392 0.442030 0.033037 0.032830
0 0.453273 0.450703 0.024773 0.030350
0 0.397115 0.442030 0.036337 0.019200
0 0.459053 0.503659 0.046247 0.018583
0 0.494567 0.485077 0.026427 0.032210
0 0.557330 0.530601 0.028080 0.027873
0 0.390922 0.532151 0.043770 0.018582
0 0.408265 0.563120 0.037163 0.030970
0 0.520580 0.565908 0.030553 0.029110
0 0.541227 0.598426 0.025600 0.033447
0 0.447907 0.594709 0.040467 0.027253
0 0.479287 0.597186 0.027253 0.022298
0 0.430562 0.613910 0.038817 0.018580
0 0.519342 0.624440 0.023123 0.032210
0 0.490848 0.634350 0.043770 0.021060
0 0.494565 0.664700 0.029730 0.030970
0 0.340958 0.649525 0.042943 0.025395
0 0.408265 0.708676 0.032210 0.030967
0 0.515625 0.717039 0.023950 0.026633
0 0.584995 0.709605 0.023950 0.026635
0 0.587473 0.739335 0.022300 0.025395
0 0.517688 0.747698 0.029730 0.026015
