0 0.309350 0.370050 0.023993 0.032390
0 0.337342 0.412237 0.022390 0.028790
0 0.317347 0.439629 0.021860 0.023593
0 0.338940 0.453625 0.022393 0.032390
0 0.399190 0.409639 0.015993 0.023593
0 0.427180 0.412039 0.019727 0.024393
0 0.471433 0.421635 0.023993 0.029190
0 0.448240 0.447227 0.022393 0.027590
0 0.473833 0.459424 0.034120 0.021593
0 0.431180 0.469820 0.022393 0.027190
0 0.386393 0.463622 0.025593 0.033190
0 0.501025 0.513807 0.027723 0.030390
0 0.553543 0.542798 0.038920 0.018795
0 0.451440 0.509809 0.019193 0.026392
0 0.403188 0.523604 0.025057 0.025993
0 0.423450 0.518605 0.022927 0.029590
0 0.380528 0.553994 0.019197 0.024393
0 0.406387 0.555594 0.021860 0.025193
0 0.447975 0.533001 0.016530 0.024793
0 0.471700 0.535000 0.023460 0.029590
0 0.450907 0.560192 0.022393 0.027990
0 0.451707 0.588384 0.030393 0.025192
0 0.407987 0.590584 0.022927 0.030392
0 0.451707 0.610577 0.034653 0.029590
0 0.449042 0.636769 0.028257 0.025192
0 0.492493 0.653565 0.021327 0.030790
0 0.475700 0.657764 0.020793 0.023192
0 0.449040 0.690953 0.020793 0.019995
0 0.430113 0.714946 0.024527 0.023992
0 0.475167 0.707148 0.023993 0.032390
0 0.499160 0.687555 0.020793 0.032390
0 0.517287 0.682755 0.017593 0.029990
0 0.548745 0.682356 0.032523 0.026793
0 0.520487 0.645766 0.021860 0.025592
