0 0.506540 0.565784 0.024773 0.026633
0 0.521820 0.599850 0.027253 0.035305
0 0.571782 0.618741 0.024777 0.032207
0 0.504888 0.620599 0.021470 0.028493
0 0.423543 0.320816 0.038813 0.037162
0 0.512735 0.300376 0.028903 0.032208
0 0.485895 0.351166 0.024777 0.037163
0 0.663040 0.373464 0.027253 0.027252
0 0.513973 0.383374 0.037987 0.027252
0 0.467313 0.392665 0.035513 0.037165
0 0.423957 0.392665 0.034687 0.019820
0 0.441298 0.405672 0.031383 0.029730
0 0.506953 0.422086 0.027253 0.032827
0 0.532968 0.426421 0.024777 0.029113
0 0.489610 0.436641 0.045420 0.019822
0 0.462772 0.447171 0.036337 0.033447
0 0.513973 0.468230 0.044593 0.028490
0 0.506542 0.480928 0.037990 0.025395
0 0.465662 0.475972 0.028903 0.030350
0 0.442950 0.492076 0.029733 0.029113
0 0.466900 0.510349 0.024773 0.023537
0 0.482590 0.494245 0.026427 0.019820
0 0.532968 0.520879 0.031383 0.033447
0 0.504063 0.533576 0.021473 0.032827
0 0.526362 0.542556 0.029730 0.027253
0 0.559808 0.503845 0.030557 0.017960
0 0.437170 0.554944 0.041293 0.022298
0 0.370275 0.568261 0.029730 0.031587
0 0.436343 0.578791 0.047900 0.017963
0 0.463597 0.634535 0.033033 0.030350
0 0.378122 0.632678 0.037163 0.035305
0 0.404135 0.669531 0.029730 0.030967
0 0.265805 0.647852 0.028903 0.033445
