0 0.374783 0.358915 0.025800 0.032250
0 0.506648 0.353183 0.027710 0.036550
0 0.579268 0.347091 0.029623 0.032967
0 0.531492 0.407649 0.027710 0.029382
0 0.464603 0.371456 0.043000 0.031533
0 0.424472 0.410873 0.039177 0.021500
0 0.351850 0.432372 0.041087 0.032965
0 0.531013 0.443480 0.034400 0.035115
0 0.618923 0.456023 0.028667 0.034400
0 0.598378 0.515145 0.046823 0.030815
0 0.378128 0.541304 0.032490 0.035832
0 0.458870 0.539870 0.025800 0.032965
0 0.439760 0.552411 0.025800 0.032247
0 0.463172 0.573195 0.030577 0.032250
0 0.484670 0.599711 0.023887 0.033683
0 0.527670 0.619419 0.025800 0.032968
0 0.418738 0.581078 0.029623 0.020785
0 0.411095 0.599710 0.039177 0.030815
0 0.287352 0.645576 0.028663 0.036548
0 0.438803 0.607594 0.023887 0.029382
0 0.459348 0.597561 0.036310 0.033683
0 0.507125 0.632317 0.030577 0.025800
0 0.527668 0.662776 0.027710 0.033683
0 0.554423 0.682843 0.020067 0.032250
0 0.434982 0.730858 0.029623 0.027950
