0 0.347977 0.706385 0.034687 0.035305
0 0.539162 0.456153 0.028903 0.030350
0 0.558982 0.488979 0.028903 0.027873
0 0.496630 0.495174 0.028080 0.027873
0 0.360778 0.462966 0.032210 0.027873
0 0.449970 0.364484 0.025600 0.032827
0 0.424782 0.400097 0.031383 0.034685
0 0.358713 0.388639 0.029733 0.022918
0 0.385967 0.494554 0.036340 0.027873
0 0.392573 0.517471 0.039640 0.027873
0 0.362017 0.519329 0.036340 0.037783
0 0.343022 0.545654 0.036337 0.022298
0 0.455750 0.591797 0.032207 0.039020
0 0.517277 0.485882 0.021473 0.029110
0 0.556918 0.609451 0.044597 0.023538
0 0.521407 0.628651 0.028080 0.032207
0 0.496630 0.630510 0.019820 0.028490
0 0.497043 0.659001 0.025600 0.028492
0 0.521407 0.679751 0.026427 0.029112
0 0.495392 0.698333 0.027250 0.030350
0 0.518928 0.710101 0.029730 0.031587
0 0.475572 0.795576 0.028903 0.022918
0 0.420240 0.629581 0.040467 0.017962
0 0.432213 0.651879 0.034687 0.027873
0 0.433452 0.687802 0.043770 0.035305
0 0.360365 0.620290 0.029730 0.029110
0 0.346327 0.643207 0.046247 0.020440
0 0.478462 0.423944 0.034683 0.027873
