0 0.499933 0.355935 0.035513 0.026635
0 0.497457 0.509854 0.028907 0.028493
0 0.523470 0.494059 0.024773 0.037783
0 0.611012 0.516046 0.024777 0.027252
0 0.564762 0.464017 0.029730 0.026015
0 0.570130 0.444509 0.033860 0.027873
0 0.452860 0.526886 0.022300 0.026632
0 0.435518 0.467735 0.023950 0.035925
0 0.568480 0.414778 0.040467 0.030350
0 0.370275 0.480123 0.032210 0.028490
0 0.390920 0.508305 0.027253 0.025395
0 0.369863 0.577675 0.026427 0.030350
0 0.451622 0.571172 0.036337 0.028490
0 0.499108 0.568385 0.025603 0.031590
0 0.519340 0.557546 0.026427 0.027253
0 0.499933 0.600904 0.027253 0.032208
0 0.525535 0.607716 0.028903 0.032208
0 0.479700 0.603380 0.021473 0.024775
0 0.474745 0.628156 0.031383 0.030967
0 0.499520 0.637756 0.019820 0.032827
0 0.407852 0.632801 0.028077 0.026632
0 0.433040 0.644260 0.025600 0.026015
0 0.407850 0.668106 0.026427 0.034067
0 0.428910 0.667177 0.027253 0.032210
0 0.459880 0.666868 0.034687 0.030350
0 0.459055 0.682663 0.037990 0.028490
0 0.433040 0.694121 0.027253 0.022918
0 0.514798 0.671513 0.037163 0.030970
0 0.549897 0.664700 0.046247 0.028490
0 0.395877 0.729735 0.028907 0.029730
0 0.433452 0.739026 0.031383 0.028493
0 0.542465 0.731284 0.033037 0.032827
0 0.543705 0.809946 0.037163 0.029113
0 0.541225 0.293996 0.030557 0.011767
