0 0.516327 0.696819 0.026527 0.027298
0 0.537918 0.483295 0.021590 0.025910
0 0.491343 0.463401 0.033313 0.029612
0 0.495662 0.506661 0.025910 0.029148
0 0.429653 0.479131 0.018507 0.029613
0 0.404978 0.459236 0.027143 0.032387
0 0.581408 0.555935 0.024677 0.030535
0 0.516635 0.590866 0.024677 0.027298
0 0.519103 0.617007 0.023440 0.022210
0 0.474378 0.587166 0.024057 0.024523
0 0.411763 0.586704 0.028380 0.028223
0 0.380302 0.570046 0.037017 0.030072
0 0.295478 0.655177 0.020357 0.031000
0 0.474687 0.641993 0.020973 0.028685
0 0.449393 0.663737 0.024673 0.026835
0 0.453095 0.687796 0.020977 0.028688
0 0.471910 0.705610 0.022827 0.031000
0 0.496895 0.726197 0.024677 0.027760
0 0.520028 0.673918 0.024057 0.026835
0 0.541620 0.699131 0.026527 0.028222
0 0.540695 0.724116 0.027143 0.023597
0 0.537610 0.767608 0.023440 0.029150
0 0.472527 0.295451 0.045033 0.019433
0 0.444767 0.316734 0.026527 0.030538
0 0.535758 0.339405 0.022210 0.028685
0 0.511392 0.352129 0.016657 0.025448
0 0.515093 0.387291 0.026527 0.030998
0 0.493502 0.416671 0.022823 0.025908
0 0.427803 0.409731 0.032080 0.034238
0 0.448468 0.441424 0.024057 0.030072
0 0.558892 0.459700 0.017890 0.030535
