0 0.468965 0.302359 0.024777 0.028493
0 0.514798 0.301429 0.035510 0.024157
0 0.511908 0.325586 0.034683 0.032827
0 0.382250 0.339521 0.029733 0.033447
0 0.491262 0.388764 0.029730 0.032827
0 0.536683 0.425308 0.033033 0.035305
0 0.558982 0.469592 0.031383 0.034685
0 0.625462 0.480432 0.023950 0.029110
0 0.495392 0.441720 0.033037 0.035925
0 0.516863 0.478265 0.044593 0.029730
0 0.431802 0.484149 0.037990 0.032827
0 0.494565 0.515118 0.029730 0.030350
0 0.518515 0.538655 0.023123 0.034065
0 0.430975 0.532771 0.029730 0.027253
0 0.274477 0.529672 0.027253 0.030970
0 0.363255 0.532460 0.021470 0.029110
0 0.404548 0.540822 0.031383 0.028490
0 0.427672 0.566217 0.033037 0.033445
0 0.471028 0.578915 0.025603 0.031590
0 0.388857 0.586966 0.031380 0.034067
0 0.361603 0.615769 0.021473 0.032207
0 0.386378 0.621034 0.031383 0.034067
0 0.392160 0.660055 0.033033 0.030350
0 0.451208 0.662533 0.038817 0.030350
0 0.428083 0.682971 0.027253 0.032827
0 0.402897 0.684521 0.042947 0.017342
0 0.497457 0.708676 0.035513 0.028493
0 0.433452 0.716729 0.037990 0.023537
