0 0.468387 0.297404 0.026427 0.033447
0 0.668655 0.336734 0.027250 0.029113
0 0.458475 0.357484 0.037990 0.017342
0 0.399015 0.390621 0.036337 0.026632
0 0.487380 0.420971 0.026427 0.029112
0 0.393647 0.433359 0.025600 0.027873
0 0.417597 0.442960 0.022300 0.030970
0 0.486968 0.460613 0.023950 0.025395
0 0.395298 0.476406 0.022297 0.033447
0 0.463843 0.486316 0.035513 0.024777
0 0.439895 0.500563 0.018997 0.024775
0 0.465083 0.508924 0.028080 0.026632
0 0.487380 0.504897 0.019820 0.029730
0 0.533215 0.526886 0.017343 0.027872
0 0.550558 0.521311 0.028903 0.031588
0 0.486555 0.551971 0.028077 0.032208
0 0.463018 0.599664 0.032210 0.033447
0 0.357723 0.569624 0.034687 0.029112
0 0.398603 0.611122 0.027253 0.031590
0 0.367632 0.616698 0.031383 0.030350
0 0.332947 0.646737 0.028080 0.026015
0 0.351117 0.651693 0.026427 0.028490
0 0.456825 0.660674 0.024777 0.032827
0 0.440308 0.705580 0.024777 0.029730
0 0.394473 0.704651 0.033860 0.032828
0 0.375478 0.691334 0.022297 0.032207
0 0.352353 0.680804 0.025600 0.028492
