0 0.448508 0.370250 0.028257 0.032790
0 0.521287 0.450426 0.025593 0.034787
0 0.473033 0.445227 0.022927 0.029190
0 0.456507 0.465423 0.022927 0.034390
0 0.475167 0.470420 0.022927 0.031590
0 0.495960 0.463423 0.022927 0.032790
0 0.524218 0.480818 0.037857 0.017195
0 0.518887 0.498611 0.025060 0.024793
0 0.516220 0.523604 0.026127 0.023592
0 0.428780 0.491014 0.025060 0.028793
0 0.471967 0.513408 0.023993 0.031990
0 0.500758 0.545198 0.035723 0.017995
0 0.561273 0.551196 0.022393 0.026793
0 0.449840 0.561192 0.022393 0.031590
0 0.430380 0.544798 0.020793 0.022795
0 0.379462 0.539799 0.026657 0.029592
0 0.430380 0.582186 0.027193 0.027992
0 0.491695 0.623374 0.030390 0.023992
0 0.453573 0.622974 0.023460 0.023993
0 0.433847 0.655964 0.021327 0.027592
0 0.384260 0.650965 0.022393 0.026390
0 0.345340 0.636570 0.022393 0.028790
0 0.586067 0.679356 0.018660 0.028793
0 0.472235 0.678556 0.013863 0.025592
0 0.453573 0.679356 0.025593 0.023992
0 0.429580 0.707947 0.029860 0.028390
0 0.387193 0.695951 0.025060 0.025192
0 0.386393 0.735539 0.026660 0.028393
0 0.415985 0.743338 0.026123 0.029590
0 0.519953 0.738739 0.039987 0.025993
0 0.412252 0.783725 0.028257 0.034390
0 0.475433 0.776528 0.025593 0.032790
0 0.515420 0.778726 0.026660 0.030792
