0 0.581338 0.299229 0.029263 0.029977
0 0.600968 0.342322 0.027123 0.032655
0 0.622380 0.368017 0.024267 0.026230
0 0.623452 0.404955 0.030690 0.025160
0 0.596685 0.362129 0.031403 0.027302
0 0.579912 0.385149 0.023557 0.028373
0 0.539583 0.383810 0.037113 0.022485
0 0.512817 0.391038 0.030693 0.031585
0 0.467850 0.392375 0.034973 0.034260
0 0.444295 0.422889 0.027837 0.026767
0 0.419670 0.439484 0.024267 0.035332
0 0.439657 0.446711 0.029980 0.029442
0 0.466422 0.480704 0.030690 0.032118
0 0.507107 0.468659 0.032120 0.033727
0 0.513530 0.521656 0.030693 0.028372
0 0.467137 0.504259 0.040687 0.021413
0 0.462853 0.524065 0.032120 0.025695
0 0.487835 0.550029 0.023557 0.028373
0 0.512462 0.560468 0.027123 0.031050
0 0.595972 0.566891 0.027123 0.028908
0 0.617742 0.643443 0.026410 0.029980
0 0.491762 0.571174 0.035690 0.022482
0 0.467492 0.575991 0.017130 0.028908
0 0.440727 0.570371 0.027840 0.028373
0 0.378630 0.616409 0.033547 0.017667
0 0.418243 0.678506 0.028553 0.023018
0 0.421455 0.701525 0.019270 0.026230
0 0.464282 0.664587 0.027837 0.027300
0 0.461070 0.596334 0.021413 0.020342
0 0.468207 0.614267 0.027120 0.030515
0 0.484980 0.593658 0.023553 0.029980
0 0.503895 0.601955 0.027123 0.028370
