0 0.542878 0.411432 0.028903 0.035305
0 0.406613 0.439305 0.027253 0.034065
0 0.560222 0.477087 0.023950 0.030350
0 0.452860 0.487928 0.028907 0.026015
0 0.494978 0.499385 0.023950 0.035305
0 0.520580 0.509605 0.023947 0.037165
0 0.477635 0.546459 0.028903 0.034067
0 0.407025 0.527567 0.031383 0.033445
0 0.378947 0.536548 0.039640 0.025395
0 0.538750 0.572163 0.027253 0.029730
0 0.411568 0.577737 0.048723 0.024775
0 0.411982 0.595700 0.042943 0.021060
0 0.385553 0.611804 0.026427 0.027252
0 0.402483 0.635651 0.020647 0.031588
0 0.428498 0.654851 0.024777 0.034067
0 0.474745 0.642464 0.028077 0.029112
0 0.475572 0.380154 0.024777 0.032207
0 0.541638 0.654851 0.031383 0.032827
0 0.584172 0.641845 0.023950 0.025395
0 0.383075 0.696351 0.024777 0.032827
0 0.404960 0.706571 0.025600 0.032207
0 0.382662 0.730107 0.030557 0.029730
0 0.366558 0.777490 0.049550 0.030350
0 0.409503 0.758909 0.024773 0.031587
0 0.436343 0.739089 0.025600 0.039023
0 0.468963 0.745901 0.026427 0.031588
0 0.496217 0.724842 0.034687 0.032830
0 0.518928 0.696351 0.030557 0.029113
