0 0.438228 0.357311 0.042823 0.024088
0 0.406108 0.428509 0.027123 0.028373
0 0.428592 0.446978 0.027837 0.024625
0 0.401468 0.468124 0.027837 0.030512
0 0.376487 0.474013 0.033547 0.031585
0 0.450720 0.479633 0.023553 0.026765
0 0.473917 0.541731 0.028553 0.029978
0 0.407535 0.530221 0.027123 0.031583
0 0.407178 0.563680 0.027837 0.032120
0 0.448222 0.580543 0.031403 0.031585
0 0.453575 0.597405 0.027837 0.025695
0 0.476772 0.586699 0.027123 0.026767
0 0.539583 0.618283 0.022840 0.031050
0 0.495687 0.655755 0.024980 0.033190
0 0.366138 0.603561 0.028550 0.029442
0 0.383625 0.650670 0.042110 0.025160
0 0.340085 0.656023 0.036403 0.026230
0 0.366138 0.669406 0.027123 0.023017
0 0.587405 0.675830 0.029977 0.031585
0 0.538157 0.657629 0.019987 0.023018
0 0.516387 0.670745 0.023553 0.025695
0 0.548863 0.682254 0.032833 0.028373
0 0.540297 0.710626 0.029980 0.030513
0 0.477843 0.752650 0.030693 0.033190
