0 0.436757 0.322799 0.026427 0.033447
0 0.392160 0.385356 0.028080 0.034688
0 0.421065 0.391550 0.026430 0.040880
0 0.459053 0.396195 0.026427 0.031590
0 0.508192 0.423139 0.032210 0.034688
0 0.618855 0.447605 0.030557 0.031590
0 0.464010 0.422210 0.026427 0.025395
0 0.456577 0.443269 0.037987 0.026632
0 0.508193 0.453489 0.027253 0.028493
0 0.376470 0.432119 0.033033 0.027873
0 0.401245 0.443269 0.031383 0.027873
0 0.433865 0.460303 0.032210 0.029730
0 0.509017 0.483839 0.033860 0.029732
0 0.368210 0.482910 0.034687 0.030350
0 0.331047 0.487555 0.034687 0.027255
0 0.243920 0.525956 0.032207 0.018582
0 0.421065 0.526266 0.029730 0.027872
0 0.483417 0.521930 0.027253 0.035305
0 0.508605 0.534009 0.026430 0.032207
0 0.530490 0.582631 0.045420 0.024158
0 0.447080 0.569625 0.045420 0.020440
0 0.466073 0.596876 0.020647 0.037783
0 0.359125 0.579534 0.044597 0.022917
0 0.378122 0.595019 0.036337 0.024157
0 0.352518 0.603381 0.023123 0.023538
0 0.397528 0.616388 0.025603 0.028490
0 0.485895 0.635899 0.030557 0.034067
0 0.450383 0.675229 0.035513 0.022298
0 0.448730 0.690714 0.040467 0.023537
0 0.445428 0.715800 0.023950 0.041500
0 0.423543 0.759466 0.028080 0.029732
0 0.345087 0.759156 0.026427 0.032828
0 0.449557 0.826360 0.032207 0.034685
