0 0.446080 0.320909 0.022840 0.030513
0 0.540297 0.366411 0.019987 0.030513
0 0.354718 0.418071 0.029977 0.035333
0 0.475345 0.479365 0.017130 0.031585
0 0.385408 0.477759 0.027123 0.029442
0 0.400755 0.528882 0.040683 0.017130
0 0.430020 0.571174 0.024980 0.035332
0 0.495687 0.593658 0.019273 0.029980
0 0.535300 0.602490 0.024267 0.034795
0 0.473917 0.599279 0.021413 0.020877
0 0.474273 0.632736 0.020700 0.036403
0 0.484623 0.627918 0.019987 0.032120
0 0.500327 0.626045 0.024267 0.033725
0 0.319385 0.571976 0.027837 0.023018
0 0.299043 0.609181 0.022840 0.029977
0 0.385410 0.614000 0.022840 0.032120
0 0.408607 0.620959 0.024980 0.023553
0 0.405038 0.643977 0.029263 0.024625
0 0.361857 0.638892 0.022840 0.029445
0 0.335802 0.650670 0.027837 0.030515
0 0.362927 0.669941 0.024980 0.024087
0 0.407537 0.680915 0.015700 0.026765
0 0.428592 0.661644 0.026410 0.026768
0 0.452503 0.666729 0.022840 0.030513
0 0.257288 0.705005 0.026410 0.028910
0 0.360072 0.701257 0.027837 0.032120
0 0.386123 0.716247 0.024267 0.031050
