0 0.403620 0.501248 0.025293 0.024520
0 0.562162 0.300911 0.033930 0.030072
0 0.537178 0.324970 0.029610 0.031000
0 0.514660 0.351111 0.026527 0.035163
0 0.470552 0.378639 0.027143 0.028223
0 0.468393 0.411026 0.022827 0.031923
0 0.518363 0.414034 0.026527 0.039788
0 0.449887 0.428839 0.024060 0.030538
0 0.456982 0.450816 0.022210 0.031922
0 0.427062 0.453592 0.020357 0.031925
0 0.401770 0.457062 0.031460 0.032385
0 0.559387 0.457294 0.023440 0.030998
0 0.587455 0.486905 0.022823 0.029150
0 0.548282 0.483202 0.023443 0.035625
0 0.524223 0.490143 0.030847 0.034700
0 0.497080 0.517210 0.022207 0.040715
0 0.472713 0.513046 0.024060 0.033313
0 0.452972 0.526231 0.020357 0.028222
0 0.423053 0.515129 0.035780 0.027298
0 0.402078 0.567641 0.027143 0.033313
0 0.449578 0.569491 0.028377 0.032387
0 0.343472 0.641668 0.029610 0.027760
0 0.379562 0.666421 0.024057 0.030072
0 0.388198 0.681920 0.030230 0.028685
0 0.453897 0.632646 0.023440 0.034702
0 0.563705 0.620847 0.022210 0.026835
0 0.562780 0.642131 0.026527 0.024058
0 0.475488 0.697189 0.025910 0.028688
0 0.532243 0.699040 0.023440 0.028685
0 0.342238 0.745306 0.028377 0.031462
0 0.453590 0.788798 0.026527 0.022210
0 0.473020 0.783477 0.017273 0.031925
0 0.563397 0.778850 0.031460 0.032850
