0 0.425193 0.323728 0.019820 0.029110
0 0.380185 0.388454 0.028903 0.032207
0 0.516038 0.387834 0.029730 0.032207
0 0.494153 0.416945 0.025600 0.032210
0 0.471028 0.432429 0.025603 0.033447
0 0.470617 0.459373 0.034687 0.030350
0 0.364495 0.438624 0.038817 0.023537
0 0.386380 0.462160 0.019820 0.030970
0 0.426847 0.499323 0.021473 0.030970
0 0.445842 0.492510 0.023123 0.026015
0 0.451208 0.527505 0.025603 0.034065
0 0.269520 0.590682 0.027253 0.031590
0 0.385142 0.567456 0.023950 0.028492
0 0.409090 0.585419 0.025600 0.023538
0 0.449970 0.595329 0.033033 0.026013
0 0.470202 0.581082 0.023950 0.026015
0 0.514385 0.580773 0.037990 0.026635
0 0.539162 0.587276 0.021470 0.021058
0 0.542052 0.611433 0.037163 0.026015
0 0.539573 0.630015 0.040467 0.034685
0 0.326918 0.630324 0.034683 0.021678
0 0.347563 0.660055 0.033033 0.030350
0 0.342195 0.689785 0.030557 0.029110
0 0.454098 0.654480 0.016517 0.025395
0 0.472680 0.661602 0.018993 0.026015
0 0.495392 0.651693 0.024777 0.029730
0 0.497457 0.709915 0.033860 0.037165
0 0.566415 0.719826 0.028077 0.032207
0 0.452860 0.712392 0.028907 0.032210
0 0.437582 0.746149 0.044597 0.021678
0 0.437168 0.776190 0.037163 0.026015
