0 0.499933 0.455656 0.027253 0.034067
0 0.521405 0.634041 0.023950 0.032827
0 0.544942 0.624750 0.016517 0.025395
0 0.430975 0.445437 0.031383 0.035925
0 0.456990 0.440481 0.025600 0.033447
0 0.566827 0.475168 0.027253 0.030970
0 0.565175 0.501491 0.037163 0.025392
0 0.520992 0.514499 0.023123 0.031588
0 0.478875 0.493129 0.028077 0.033448
0 0.411982 0.514807 0.029730 0.029730
0 0.454098 0.554140 0.024777 0.030350
0 0.478462 0.537106 0.018997 0.022298
0 0.480113 0.559714 0.018993 0.032828
0 0.500760 0.574889 0.018993 0.029732
0 0.559395 0.572411 0.035510 0.023537
0 0.471028 0.594710 0.028903 0.034685
0 0.452035 0.607406 0.022297 0.027872
0 0.410328 0.626299 0.024777 0.028492
0 0.362430 0.643950 0.037987 0.026635
0 0.258785 0.657886 0.025603 0.028493
0 0.305447 0.685140 0.028080 0.028490
0 0.412393 0.665319 0.022300 0.028493
0 0.390922 0.682044 0.022297 0.027252
0 0.372340 0.751105 0.028080 0.030350
0 0.459467 0.711464 0.042120 0.022918
0 0.437582 0.654171 0.029730 0.022298
0 0.464835 0.644570 0.034683 0.024155
0 0.477635 0.659745 0.023950 0.029730
0 0.501585 0.606478 0.022297 0.029730
0 0.541227 0.603690 0.032207 0.020440
