0 0.377295 0.395637 0.033037 0.023535
0 0.557330 0.364979 0.024773 0.031587
0 0.542465 0.428775 0.037990 0.025395
0 0.472680 0.467176 0.028907 0.037782
0 0.400832 0.509915 0.033857 0.031590
0 0.359953 0.529425 0.033033 0.024775
0 0.275715 0.577429 0.028077 0.029113
0 0.311227 0.589196 0.041293 0.029113
0 0.300078 0.662904 0.048723 0.026633
0 0.379360 0.570925 0.028907 0.030970
0 0.402070 0.553891 0.024773 0.036543
0 0.429735 0.555131 0.017343 0.027872
0 0.419002 0.526949 0.037163 0.018582
0 0.477223 0.522612 0.034687 0.030970
0 0.477635 0.551414 0.042117 0.027873
0 0.514800 0.546149 0.033860 0.034688
0 0.360363 0.369934 0.040467 0.016723
0 0.448732 0.581145 0.023950 0.024155
0 0.447080 0.602514 0.027253 0.021058
0 0.444602 0.635651 0.032210 0.034067
0 0.469790 0.587958 0.021473 0.029110
0 0.498283 0.590436 0.027253 0.032827
0 0.516865 0.579905 0.029730 0.030350
0 0.561047 0.589815 0.025600 0.030350
0 0.493740 0.618927 0.019820 0.030350
0 0.508605 0.630696 0.036337 0.022918
0 0.535033 0.646490 0.026427 0.035925
0 0.435517 0.662594 0.033860 0.030967
0 0.401658 0.667859 0.035510 0.036543
0 0.411980 0.690776 0.028080 0.021678
0 0.429323 0.685511 0.028080 0.024778
0 0.426845 0.717720 0.031383 0.035925
0 0.561873 0.690776 0.027253 0.026632
0 0.567655 0.717409 0.050377 0.027873
0 0.497870 0.730726 0.021473 0.022298
