0 0.382770 0.389605 0.032080 0.030075
0 0.495353 0.517996 0.026527 0.029613
0 0.410837 0.522624 0.026527 0.032387
0 0.379377 0.529794 0.024060 0.015268
0 0.326015 0.555705 0.028377 0.033775
0 0.497203 0.463864 0.025293 0.032387
0 0.476228 0.462706 0.020357 0.029147
0 0.513550 0.732445 0.039480 0.019895
0 0.446925 0.707460 0.027143 0.031925
0 0.425027 0.694274 0.021593 0.036087
0 0.406520 0.701445 0.025293 0.031925
0 0.385853 0.713243 0.033313 0.026835
0 0.471910 0.545987 0.028993 0.029150
0 0.299180 0.704916 0.030227 0.033313
0 0.386162 0.685251 0.030230 0.030072
0 0.541620 0.682939 0.026527 0.035628
0 0.388938 0.643611 0.022210 0.031923
0 0.344213 0.614000 0.026527 0.035625
0 0.476228 0.636440 0.036397 0.024060
0 0.473143 0.618396 0.027760 0.029612
0 0.518793 0.601740 0.028993 0.031460
0 0.499053 0.586010 0.031460 0.026835
0 0.509542 0.559405 0.021590 0.030075
0 0.491960 0.550615 0.023440 0.033775
0 0.452170 0.496019 0.030227 0.030998
0 0.498745 0.441655 0.029610 0.024985
0 0.473452 0.434484 0.023443 0.030998
0 0.585110 0.442349 0.016040 0.026373
0 0.496587 0.419679 0.024060 0.029147
0 0.403127 0.429626 0.023440 0.030537
