0 0.448578 0.383810 0.026410 0.033190
0 0.471418 0.436273 0.029263 0.023555
0 0.427522 0.468926 0.034263 0.027838
0 0.430022 0.496228 0.037830 0.024625
0 0.473917 0.505865 0.022840 0.033190
0 0.543152 0.527010 0.039970 0.026230
0 0.446793 0.518444 0.025693 0.029442
0 0.449292 0.547886 0.030690 0.029442
0 0.390405 0.557256 0.028550 0.028908
0 0.430733 0.574920 0.030693 0.024625
0 0.383982 0.586430 0.027123 0.025160
0 0.407893 0.596601 0.029267 0.028373
0 0.388622 0.614267 0.022130 0.025160
0 0.407537 0.624171 0.025693 0.027837
0 0.276562 0.593658 0.027837 0.031050
0 0.267282 0.646388 0.042110 0.016595
0 0.454288 0.638090 0.027837 0.033190
0 0.432162 0.656558 0.026410 0.031585
0 0.387552 0.660840 0.024270 0.031585
0 0.346867 0.672083 0.037113 0.026230
0 0.452147 0.666462 0.020700 0.033190
0 0.586335 0.669405 0.023557 0.032655
0 0.652715 0.647190 0.024983 0.032120
0 0.473560 0.700990 0.027840 0.030515
0 0.458928 0.722671 0.029977 0.026767
0 0.455717 0.747029 0.033547 0.029442
0 0.383983 0.732039 0.032833 0.024087
0 0.344368 0.746761 0.029263 0.028908
