0 0.486308 0.311649 0.042943 0.024778
0 0.555680 0.401460 0.026427 0.027255
0 0.444188 0.409513 0.021470 0.030970
0 0.395052 0.446986 0.023950 0.027873
0 0.418175 0.453799 0.023950 0.027873
0 0.441298 0.491891 0.027250 0.028493
0 0.466073 0.488484 0.022300 0.032827
0 0.486720 0.482910 0.025600 0.034065
0 0.506540 0.501491 0.042120 0.025392
0 0.550723 0.496845 0.034687 0.035925
0 0.571370 0.519144 0.041293 0.024778
0 0.580867 0.537415 0.033860 0.025395
0 0.554440 0.547636 0.018993 0.032207
0 0.468552 0.538964 0.023950 0.027253
0 0.386793 0.519454 0.047073 0.019202
0 0.401658 0.592231 0.030557 0.027252
0 0.467312 0.598735 0.029730 0.030350
0 0.488785 0.605239 0.024777 0.029733
0 0.512735 0.591303 0.042943 0.027870
0 0.336828 0.620722 0.029730 0.029730
0 0.382662 0.648596 0.037163 0.032208
0 0.402070 0.622891 0.031380 0.027872
0 0.441712 0.666868 0.044597 0.015485
0 0.508605 0.625369 0.024777 0.027872
0 0.535858 0.666559 0.031383 0.033447
0 0.640742 0.654790 0.028077 0.029730
0 0.525535 0.687618 0.038817 0.022300
0 0.490850 0.710224 0.028907 0.032828
0 0.510257 0.730665 0.033033 0.030350
0 0.528838 0.755750 0.022297 0.033445
0 0.558157 0.766280 0.031380 0.029730
0 0.509430 0.765350 0.028080 0.029110
0 0.489610 0.763182 0.021473 0.028490
0 0.444190 0.704031 0.026427 0.029112
0 0.451208 0.726020 0.028903 0.024775
0 0.425193 0.728496 0.028080 0.028492
0 0.449145 0.752034 0.023123 0.027252
0 0.428497 0.764730 0.019820 0.030350
0 0.378533 0.724780 0.032207 0.030970
