0 0.428497 0.443330 0.034687 0.024775
0 0.566828 0.524161 0.032210 0.036543
0 0.384727 0.494430 0.026427 0.031590
0 0.387205 0.524780 0.036337 0.031590
0 0.410742 0.552034 0.048723 0.031587
0 0.537097 0.572473 0.035513 0.031590
0 0.453273 0.619856 0.026427 0.030968
0 0.537510 0.601274 0.024773 0.027252
0 0.543290 0.633792 0.028080 0.034065
0 0.340132 0.631934 0.031383 0.027873
0 0.342608 0.666620 0.029730 0.026635
0 0.425195 0.669099 0.023123 0.037783
0 0.475158 0.696351 0.030557 0.029113
0 0.517690 0.687060 0.033033 0.034065
0 0.518103 0.714622 0.032207 0.032210
0 0.408677 0.712765 0.039640 0.024775
0 0.338892 0.801027 0.037163 0.020440
0 0.288515 0.400284 0.023950 0.031587
0 0.296362 0.434350 0.047897 0.020440
0 0.337653 0.452621 0.033033 0.030968
0 0.397940 0.434660 0.019820 0.030970
0 0.509843 0.402451 0.027253 0.035923
0 0.541638 0.389135 0.042943 0.030350
0 0.584170 0.416697 0.033860 0.034685
0 0.625050 0.451383 0.026427 0.030970
0 0.579217 0.455099 0.033860 0.027252
0 0.537510 0.461913 0.044593 0.022300
0 0.580453 0.481423 0.021473 0.026635
0 0.599037 0.490094 0.025600 0.032827
