0 0.272923 0.704055 0.026753 0.030100
0 0.452087 0.397688 0.035353 0.032250
0 0.429153 0.442835 0.025800 0.027950
0 0.493652 0.452153 0.026757 0.030815
0 0.561972 0.475801 0.027710 0.032248
0 0.411477 0.461826 0.034400 0.027233
0 0.403832 0.485117 0.028663 0.032250
0 0.453998 0.517726 0.027710 0.027232
0 0.433453 0.536717 0.032487 0.027950
0 0.387587 0.540659 0.032487 0.031532
0 0.364177 0.539226 0.025800 0.031532
0 0.363700 0.557141 0.034400 0.027233
0 0.343633 0.575416 0.038220 0.036548
0 0.290600 0.611249 0.023887 0.027947
0 0.427243 0.598349 0.025800 0.033683
0 0.487442 0.602290 0.044910 0.025800
0 0.475975 0.568250 0.033443 0.026515
0 0.447308 0.623790 0.021977 0.022935
0 0.428675 0.639914 0.036310 0.029383
0 0.426287 0.662489 0.041087 0.022933
0 0.378988 0.658547 0.042043 0.023650
0 0.358443 0.671089 0.037267 0.027233
0 0.516107 0.686139 0.029620 0.032967
0 0.536650 0.667505 0.034400 0.032965
0 0.431063 0.720180 0.031533 0.022215
0 0.389975 0.722689 0.033443 0.031533
0 0.389498 0.756729 0.045863 0.033683
