0 0.518928 0.375755 0.038817 0.031590
0 0.512735 0.400841 0.051203 0.028492
0 0.512322 0.429951 0.025603 0.027252
0 0.509843 0.454727 0.033860 0.030970
0 0.490850 0.481980 0.027253 0.026015
0 0.442538 0.480123 0.023123 0.027255
0 0.401658 0.440790 0.035510 0.030350
0 0.417348 0.489724 0.012390 0.032827
0 0.397942 0.513880 0.037990 0.025395
0 0.467725 0.504897 0.042117 0.018580
0 0.508192 0.499014 0.028903 0.029113
0 0.534207 0.504278 0.033033 0.035925
0 0.593253 0.533699 0.027253 0.032827
0 0.509432 0.535558 0.023123 0.031590
0 0.486308 0.525956 0.023123 0.032207
0 0.463597 0.532151 0.035513 0.026013
0 0.492502 0.567148 0.030557 0.035305
0 0.395877 0.583560 0.022300 0.028490
0 0.311640 0.580773 0.027253 0.034065
0 0.423542 0.644260 0.031383 0.029730
0 0.537097 0.626298 0.038813 0.019820
0 0.493328 0.665320 0.023950 0.034685
0 0.405375 0.667796 0.036337 0.033447
0 0.364082 0.684211 0.044597 0.026633
0 0.402070 0.697528 0.028080 0.035925
0 0.381837 0.742433 0.025600 0.031590
0 0.403308 0.747699 0.030557 0.038403
0 0.397115 0.774023 0.041290 0.019200
0 0.449143 0.803753 0.034687 0.030350
0 0.488785 0.809946 0.023123 0.026633
0 0.524710 0.780836 0.047073 0.017962
