0 0.336160 0.328671 0.034260 0.029978
0 0.423953 0.370694 0.025693 0.030512
0 0.463210 0.356776 0.022840 0.028373
0 0.359000 0.380865 0.031407 0.023020
0 0.509605 0.401476 0.031403 0.027837
0 0.534230 0.430115 0.024980 0.031585
0 0.507107 0.427974 0.024980 0.028373
0 0.507820 0.461967 0.020700 0.023555
0 0.487122 0.469998 0.027837 0.031050
0 0.404682 0.467856 0.041397 0.020342
0 0.425382 0.497835 0.037117 0.032120
0 0.418600 0.524065 0.024980 0.025695
0 0.355788 0.519783 0.026410 0.028910
0 0.269422 0.576259 0.017843 0.029442
0 0.333662 0.581078 0.022130 0.027300
0 0.325095 0.612661 0.027837 0.031582
0 0.357572 0.594460 0.027123 0.032655
0 0.416815 0.576527 0.024270 0.026765
0 0.486408 0.571441 0.026410 0.034798
0 0.508892 0.559129 0.027123 0.031582
0 0.528877 0.546281 0.029980 0.028372
0 0.529948 0.573047 0.026410 0.030515
0 0.482125 0.615606 0.026410 0.029978
0 0.441085 0.660841 0.027123 0.028373
0 0.462497 0.673689 0.024267 0.034798
0 0.505678 0.647725 0.026410 0.031050
0 0.530305 0.639696 0.027123 0.028908
0 0.569205 0.742478 0.027837 0.032120
0 0.393618 0.718656 0.030690 0.027303
