0 0.414458 0.644941 0.031383 0.026633
0 0.604817 0.653922 0.032207 0.032210
0 0.495392 0.669098 0.029730 0.030350
0 0.478875 0.692014 0.034683 0.032827
0 0.422303 0.709049 0.018993 0.028492
0 0.454512 0.712455 0.023950 0.034065
0 0.454100 0.747760 0.033033 0.035305
0 0.516452 0.744352 0.028903 0.030970
0 0.436755 0.799169 0.042943 0.027873
0 0.425607 0.438685 0.025600 0.041500
0 0.476810 0.455100 0.040467 0.024775
0 0.514385 0.444879 0.023123 0.036542
0 0.548247 0.426608 0.041293 0.027255
0 0.538748 0.454789 0.025603 0.034067
0 0.473093 0.479255 0.026427 0.033445
0 0.519755 0.518586 0.023950 0.034067
0 0.540400 0.506199 0.025600 0.037783
0 0.320725 0.513013 0.030557 0.035305
0 0.383902 0.573403 0.029730 0.030970
0 0.408265 0.609017 0.023950 0.034065
0 0.400007 0.629146 0.027253 0.033447
0 0.380598 0.657949 0.031383 0.029112
0 0.381423 0.694183 0.026427 0.030970
0 0.430150 0.668479 0.028080 0.036543
0 0.451622 0.612734 0.023123 0.037783
0 0.472268 0.601894 0.024777 0.038403
0 0.473507 0.625430 0.028907 0.021060
0 0.496217 0.629148 0.021473 0.034685
