0 0.536253 0.330059 0.024060 0.031922
0 0.488135 0.345559 0.037630 0.017583
0 0.448345 0.386505 0.027143 0.030075
0 0.446495 0.409637 0.029610 0.019895
0 0.536562 0.395064 0.025910 0.032387
0 0.516512 0.412878 0.025290 0.031000
0 0.518672 0.442258 0.025910 0.024060
0 0.493687 0.464234 0.021593 0.028223
0 0.452355 0.468860 0.019123 0.030075
0 0.466853 0.484129 0.018507 0.030073
0 0.536253 0.474413 0.022827 0.030075
0 0.518055 0.499628 0.029610 0.027760
0 0.494922 0.524150 0.016657 0.026835
0 0.410405 0.512351 0.033930 0.028222
0 0.296280 0.449197 0.033927 0.029610
0 0.271297 0.502635 0.032080 0.035625
0 0.493378 0.577589 0.025910 0.030072
0 0.431688 0.599102 0.022210 0.028685
0 0.429222 0.627789 0.029610 0.031462
0 0.446187 0.651384 0.024060 0.034238
0 0.475797 0.655549 0.030227 0.030538
0 0.477030 0.686084 0.031460 0.035162
0 0.444643 0.689554 0.037013 0.025447
0 0.404237 0.656011 0.041333 0.016658
0 0.365373 0.618071 0.043800 0.021283
0 0.381412 0.687704 0.035163 0.030997
0 0.342548 0.722866 0.038863 0.026373
0 0.300290 0.722172 0.025907 0.028685
0 0.475180 0.739524 0.025293 0.030072
0 0.346250 0.792499 0.027760 0.030538
