0 0.500347 0.355935 0.028080 0.031590
0 0.375232 0.411680 0.017343 0.029110
0 0.395052 0.433977 0.017343 0.025395
0 0.440058 0.433669 0.029730 0.033447
0 0.529663 0.454727 0.027253 0.032210
0 0.418175 0.460303 0.025603 0.030970
0 0.374817 0.487245 0.033033 0.030350
0 0.320312 0.480123 0.034683 0.022300
0 0.439647 0.512641 0.018993 0.032827
0 0.461118 0.529054 0.023950 0.029732
0 0.570543 0.535867 0.028080 0.028490
0 0.485482 0.555068 0.024777 0.029730
0 0.463597 0.559404 0.015693 0.029732
0 0.485893 0.578605 0.027253 0.030970
0 0.509017 0.579224 0.027253 0.028493
0 0.291120 0.647297 0.023553 0.032120
0 0.312177 0.651579 0.024267 0.029977
0 0.356430 0.632041 0.035687 0.028372
0 0.419598 0.604471 0.024983 0.035333
0 0.443510 0.604739 0.019987 0.035868
0 0.469563 0.595370 0.030693 0.014990
0 0.489192 0.612769 0.029977 0.027303
0 0.549862 0.616784 0.028550 0.021413
0 0.509535 0.658271 0.026410 0.034798
0 0.419957 0.664695 0.034260 0.029445
0 0.351077 0.667907 0.020700 0.025160
0 0.352505 0.693335 0.027837 0.033190
0 0.335018 0.701365 0.024270 0.034260
0 0.421027 0.689051 0.034973 0.020342
0 0.444938 0.683431 0.024270 0.035868
0 0.421383 0.709662 0.024267 0.029445
0 0.444938 0.700561 0.018557 0.027303
0 0.464923 0.690926 0.018560 0.031582
0 0.530590 0.708056 0.025693 0.035868
0 0.468493 0.765604 0.022840 0.029977
0 0.491333 0.777381 0.024267 0.034263
