0 0.337305 0.417040 0.025910 0.033775
0 0.493995 0.340006 0.025910 0.035162
0 0.492453 0.371700 0.024060 0.031000
0 0.516820 0.372625 0.033313 0.031925
0 0.489985 0.398303 0.030230 0.023135
0 0.454513 0.411257 0.033313 0.024985
0 0.495228 0.423981 0.022210 0.032847
0 0.517438 0.410332 0.028377 0.025910
0 0.541497 0.442489 0.030847 0.030072
0 0.517437 0.465390 0.023440 0.030535
0 0.473947 0.450816 0.027760 0.028223
0 0.407938 0.446653 0.027763 0.030075
0 0.383572 0.478345 0.028377 0.026835
0 0.428913 0.475337 0.022827 0.024520
0 0.451738 0.487830 0.024057 0.029150
0 0.472712 0.491069 0.021590 0.029147
0 0.345015 0.500784 0.022823 0.026373
0 0.384188 0.504717 0.029610 0.031460
0 0.380487 0.528083 0.039480 0.024520
0 0.425212 0.501479 0.025290 0.026832
0 0.456365 0.516746 0.040717 0.020357
0 0.473330 0.542888 0.028993 0.031925
0 0.498313 0.552372 0.028380 0.030535
0 0.515587 0.533866 0.025907 0.030538
0 0.519905 0.570416 0.019743 0.033313
0 0.409790 0.558850 0.027760 0.028685
0 0.450812 0.615296 0.028377 0.032388
0 0.410098 0.713845 0.027143 0.032385
0 0.496153 0.658786 0.028993 0.034237
0 0.545198 0.647683 0.030843 0.037015
0 0.628787 0.665495 0.028993 0.033775
