0 0.341243 0.701189 0.029620 0.040133
0 0.449697 0.369020 0.028667 0.032250
0 0.424375 0.410227 0.039177 0.020065
0 0.530440 0.384429 0.033447 0.028667
0 0.448263 0.452510 0.041087 0.021500
0 0.429153 0.475085 0.029620 0.030815
0 0.517063 0.517367 0.020067 0.032250
0 0.294902 0.500169 0.030577 0.033683
0 0.387110 0.559291 0.029620 0.027233
0 0.517062 0.553200 0.023890 0.023650
0 0.335033 0.559291 0.032487 0.028668
0 0.365133 0.582941 0.020067 0.024367
0 0.413865 0.590465 0.033443 0.019350
0 0.472630 0.605158 0.028667 0.032965
0 0.515152 0.595124 0.027710 0.031533
0 0.425330 0.620565 0.031533 0.032250
0 0.511807 0.638481 0.038220 0.025082
0 0.538085 0.634898 0.027710 0.035115
0 0.561973 0.632390 0.029620 0.038700
0 0.394753 0.649948 0.041087 0.022215
0 0.498430 0.667505 0.032487 0.030100
0 0.473587 0.674671 0.034400 0.031533
0 0.475497 0.701546 0.021020 0.026517
0 0.496518 0.718030 0.022930 0.032250
0 0.513240 0.724121 0.021980 0.030097
0 0.545728 0.723046 0.021977 0.030817
0 0.376600 0.729496 0.043000 0.025082
