0 0.385422 0.341857 0.044417 0.017580
0 0.472405 0.377714 0.024677 0.030998
0 0.517747 0.390437 0.030227 0.037940
0 0.499548 0.431616 0.028377 0.033313
0 0.446803 0.438555 0.028993 0.026835
0 0.383262 0.411490 0.035163 0.031925
0 0.452972 0.468398 0.022823 0.031925
0 0.493378 0.467704 0.023443 0.033313
0 0.518055 0.470249 0.023443 0.030073
0 0.473945 0.488524 0.019123 0.029613
0 0.434157 0.490374 0.033313 0.019432
0 0.387273 0.492457 0.032080 0.033775
0 0.388505 0.548671 0.024677 0.034237
0 0.459757 0.533634 0.027760 0.030072
0 0.497388 0.539881 0.028997 0.036087
0 0.431382 0.588692 0.016657 0.031000
0 0.452972 0.591931 0.022823 0.029148
0 0.475798 0.583602 0.036397 0.021745
0 0.522372 0.585454 0.023443 0.028223
0 0.517437 0.612751 0.022207 0.031923
0 0.541188 0.611364 0.021590 0.038403
0 0.648835 0.612520 0.025910 0.032385
0 0.452047 0.627326 0.017273 0.034238
0 0.407012 0.616916 0.027143 0.028223
0 0.407013 0.646295 0.029613 0.028685
0 0.451120 0.655316 0.028993 0.025447
0 0.323732 0.669429 0.025910 0.035163
0 0.494920 0.681690 0.042567 0.018045
0 0.452047 0.700427 0.019740 0.029610
0 0.408863 0.709681 0.024673 0.029612
0 0.432613 0.718471 0.025293 0.029613
0 0.580668 0.710375 0.022823 0.026370
0 0.430147 0.752940 0.026527 0.031925
