0 0.473452 0.412276 0.027143 0.028222
0 0.453095 0.303085 0.023443 0.031000
0 0.492885 0.313495 0.022823 0.036090
0 0.464200 0.341487 0.037013 0.022670
0 0.381843 0.352822 0.025293 0.030535
0 0.448158 0.383590 0.027143 0.029150
0 0.475920 0.376188 0.034547 0.028225
0 0.510775 0.392149 0.033930 0.019433
0 0.446002 0.424767 0.021590 0.032850
0 0.493193 0.439111 0.029613 0.027298
0 0.561977 0.441192 0.025293 0.030535
0 0.473760 0.450909 0.025293 0.031462
0 0.452170 0.471729 0.022827 0.029613
0 0.583260 0.473580 0.020973 0.030535
0 0.431505 0.496714 0.024677 0.024058
0 0.340203 0.555472 0.023440 0.031460
0 0.448468 0.539972 0.021590 0.031925
0 0.516635 0.548764 0.033310 0.018967
0 0.475920 0.589480 0.028380 0.033775
0 0.435513 0.621866 0.022827 0.028222
0 0.387705 0.623947 0.025910 0.026835
0 0.272653 0.605441 0.031460 0.033313
0 0.255380 0.638754 0.021593 0.030538
0 0.459573 0.680394 0.041333 0.019433
0 0.450010 0.703065 0.040713 0.023135
0 0.394490 0.709774 0.033313 0.022673
0 0.409912 0.725041 0.030843 0.028223
0 0.562593 0.767606 0.027760 0.026373
