0 0.466350 0.355278 0.032833 0.026230
0 0.450292 0.430758 0.019270 0.032655
0 0.424952 0.435576 0.029977 0.020877
0 0.474558 0.460467 0.027837 0.025695
0 0.645507 0.498745 0.031407 0.024090
0 0.468135 0.486699 0.023557 0.027838
0 0.427807 0.489911 0.024267 0.031048
0 0.473132 0.523638 0.024983 0.025695
0 0.538798 0.525777 0.024983 0.032120
0 0.480268 0.568605 0.037830 0.023555
0 0.519170 0.610359 0.021413 0.028908
0 0.452790 0.605274 0.022840 0.030512
0 0.324312 0.625080 0.034263 0.033725
0 0.384267 0.634181 0.019987 0.028372
0 0.388550 0.652115 0.018560 0.024625
0 0.426380 0.647564 0.034260 0.020878
0 0.456358 0.668978 0.022843 0.028370
0 0.474917 0.733485 0.024267 0.032120
0 0.394975 0.721171 0.029977 0.026767
0 0.354647 0.703239 0.024980 0.029442
0 0.325738 0.672190 0.024270 0.025160
0 0.300400 0.691194 0.027840 0.027837
0 0.346438 0.799329 0.022843 0.027837
