0 0.451208 0.694183 0.038817 0.023535
0 0.315357 0.437446 0.026427 0.034067
0 0.360778 0.444879 0.028077 0.036542
0 0.426020 0.455099 0.034687 0.032207
0 0.452448 0.457888 0.031383 0.035305
0 0.360778 0.525399 0.034683 0.032827
0 0.415283 0.525400 0.046247 0.019200
0 0.498282 0.555130 0.017343 0.031590
0 0.517690 0.564111 0.024773 0.030967
0 0.533382 0.591365 0.023123 0.040880
0 0.276540 0.555750 0.033033 0.031590
0 0.427260 0.634103 0.033860 0.035925
0 0.381837 0.661355 0.025600 0.030970
0 0.343022 0.753644 0.028903 0.033447
0 0.451622 0.631005 0.028077 0.032210
0 0.449970 0.652684 0.024773 0.027252
0 0.452447 0.674981 0.033033 0.028492
0 0.423955 0.728869 0.028903 0.030967
0 0.466900 0.716480 0.038813 0.021060
0 0.467312 0.736611 0.024777 0.034067
0 0.448318 0.789259 0.021470 0.029113
0 0.498282 0.748999 0.022297 0.026633
0 0.475158 0.621715 0.025603 0.021060
0 0.471855 0.646800 0.022297 0.031590
0 0.483830 0.668477 0.039640 0.015485
0 0.495805 0.654851 0.022297 0.026633
0 0.498695 0.681795 0.024777 0.038400
0 0.519755 0.640915 0.030557 0.030970
0 0.539988 0.674053 0.042943 0.025395
0 0.535445 0.693254 0.025603 0.024158
0 0.561458 0.699447 0.036337 0.036545
0 0.536683 0.712765 0.033033 0.021060
0 0.513973 0.717100 0.033860 0.028490
0 0.539987 0.741566 0.026427 0.029112
