0 0.470420 0.403939 0.032120 0.035868
0 0.543223 0.426155 0.030693 0.032120
0 0.406893 0.446765 0.030693 0.033725
0 0.429020 0.443284 0.023553 0.029977
0 0.513245 0.485575 0.037830 0.022485
0 0.535015 0.474601 0.028550 0.028373
0 0.560353 0.487181 0.023553 0.032118
0 0.584623 0.508594 0.032120 0.022483
0 0.495402 0.501635 0.040683 0.022485
0 0.519670 0.517694 0.033547 0.021412
0 0.543223 0.535628 0.030693 0.025160
0 0.515030 0.539644 0.022840 0.019272
0 0.515387 0.566409 0.023553 0.028907
0 0.495757 0.562128 0.021413 0.032120
0 0.474347 0.569621 0.032833 0.031048
0 0.454717 0.577650 0.034973 0.024625
0 0.421170 0.570424 0.034973 0.020877
0 0.414745 0.589161 0.036403 0.027303
0 0.277345 0.565874 0.027123 0.031048
0 0.318743 0.616194 0.032833 0.029977
0 0.495402 0.602276 0.019270 0.029977
0 0.521098 0.617533 0.027837 0.031585
0 0.563565 0.600938 0.018557 0.030515
0 0.607463 0.648046 0.023553 0.034798
0 0.518955 0.659289 0.027837 0.028373
0 0.448293 0.656611 0.022127 0.028373
0 0.469707 0.669460 0.022127 0.025160
0 0.413318 0.676419 0.019270 0.038008
0 0.344797 0.712285 0.017847 0.023020
0 0.427235 0.491464 0.027123 0.032118
