0 0.428295 0.400616 0.021590 0.031463
0 0.452972 0.422363 0.024057 0.027760
0 0.516203 0.441331 0.020973 0.030538
0 0.422127 0.440406 0.024060 0.030538
0 0.401152 0.466315 0.020357 0.024985
0 0.338230 0.452898 0.022827 0.025910
0 0.450197 0.468168 0.018507 0.027760
0 0.473637 0.476264 0.018507 0.026373
0 0.427370 0.495001 0.023440 0.029613
0 0.452355 0.493844 0.021590 0.026372
0 0.519288 0.508882 0.023443 0.026835
0 0.646368 0.519524 0.022210 0.031462
0 0.514660 0.531090 0.026527 0.026835
0 0.430147 0.540574 0.020360 0.024523
0 0.409788 0.560006 0.019123 0.030997
0 0.357043 0.557231 0.034547 0.023597
0 0.300290 0.600259 0.020973 0.029148
0 0.407013 0.603729 0.024673 0.032388
0 0.429222 0.615990 0.023443 0.019895
0 0.539645 0.596095 0.024677 0.031000
0 0.564938 0.597253 0.029610 0.026835
0 0.564012 0.614370 0.033930 0.025910
0 0.540880 0.625013 0.022207 0.026835
0 0.540262 0.654160 0.024677 0.030535
0 0.427988 0.647451 0.028377 0.029147
0 0.461608 0.673361 0.027763 0.030998
0 0.453898 0.708292 0.024677 0.027760
0 0.517437 0.703666 0.023440 0.032388
0 0.556918 0.701585 0.041950 0.018970
0 0.322498 0.663876 0.027143 0.032388
0 0.273455 0.674517 0.031463 0.015730
0 0.259267 0.726106 0.027760 0.025447
0 0.324040 0.719629 0.021593 0.029148
0 0.344398 0.694876 0.033930 0.022207
0 0.413490 0.745075 0.032693 0.032850
0 0.434157 0.736285 0.022207 0.031000
0 0.455440 0.764507 0.024060 0.030075
0 0.473945 0.726800 0.020357 0.031460
