0 0.354583 0.330541 0.035513 0.022918
0 0.468552 0.306384 0.023950 0.031588
0 0.446667 0.372659 0.026427 0.031587
0 0.400418 0.376995 0.028077 0.020440
0 0.422717 0.374826 0.026427 0.029733
0 0.432627 0.393408 0.023127 0.029730
0 0.494152 0.392789 0.030557 0.029732
0 0.474332 0.413539 0.028903 0.029113
0 0.362843 0.438004 0.042120 0.016103
0 0.314117 0.505826 0.032207 0.027873
0 0.435105 0.514809 0.021470 0.032208
0 0.452035 0.505517 0.025603 0.032210
0 0.517690 0.494059 0.028080 0.031588
0 0.404135 0.547326 0.045423 0.019202
0 0.249288 0.625369 0.028077 0.034067
0 0.315768 0.630944 0.030557 0.031587
0 0.368212 0.638686 0.037990 0.033447
0 0.326092 0.661912 0.021470 0.036545
0 0.295123 0.663771 0.027253 0.031588
0 0.273650 0.673063 0.025600 0.035305
0 0.367385 0.673371 0.028077 0.027252
0 0.361190 0.716419 0.038813 0.021678
0 0.426433 0.663461 0.022300 0.035923
0 0.452862 0.691025 0.030557 0.025395
0 0.492088 0.610504 0.033037 0.032827
0 0.544117 0.603381 0.044593 0.017342
0 0.582518 0.599664 0.025603 0.028492
0 0.426847 0.566528 0.021473 0.026635
