0 0.362017 0.604990 0.032207 0.024775
0 0.362843 0.639678 0.032207 0.030970
0 0.296775 0.646800 0.023950 0.030350
0 0.511497 0.431563 0.027253 0.028490
0 0.362017 0.671885 0.027253 0.026015
0 0.518928 0.709048 0.028903 0.029730
0 0.490437 0.679937 0.024773 0.030970
0 0.467725 0.665381 0.017343 0.031587
0 0.492913 0.654232 0.026427 0.026635
0 0.446667 0.631005 0.033033 0.026015
0 0.539162 0.432801 0.026430 0.033447
0 0.468138 0.434349 0.023123 0.032827
0 0.403723 0.643703 0.026427 0.029110
0 0.428085 0.461602 0.023950 0.030350
0 0.423128 0.505270 0.023950 0.035925
0 0.473507 0.524780 0.023947 0.031590
0 0.517690 0.510844 0.019820 0.029733
0 0.561872 0.491952 0.028903 0.036545
0 0.404548 0.561324 0.021470 0.029112
0 0.471442 0.372411 0.028077 0.034067
0 0.509018 0.401523 0.022297 0.031590
0 0.442537 0.559156 0.018167 0.028493
0 0.445840 0.583313 0.026427 0.028490
0 0.538748 0.588888 0.025603 0.030970
0 0.582518 0.585480 0.017343 0.030350
0 0.336002 0.368385 0.023123 0.037165
0 0.518928 0.605611 0.020643 0.027252
0 0.494980 0.618618 0.033860 0.029730
0 0.428910 0.607159 0.033860 0.027873
0 0.388445 0.673124 0.023950 0.033447
0 0.381423 0.590126 0.026427 0.027253
