0 0.375463 0.607579 0.036787 0.011598
0 0.469835 0.375849 0.025057 0.029592
0 0.474100 0.439430 0.025060 0.031990
0 0.564207 0.468021 0.021860 0.029192
0 0.489563 0.466021 0.042120 0.017192
0 0.492493 0.483416 0.040520 0.019993
0 0.474633 0.504010 0.018660 0.029190
0 0.503425 0.501210 0.038923 0.019595
0 0.498092 0.522005 0.029323 0.029190
0 0.433313 0.453625 0.021327 0.027590
0 0.450640 0.450026 0.021860 0.035587
0 0.274693 0.593183 0.025060 0.027590
0 0.431447 0.590384 0.022927 0.027592
0 0.475967 0.608977 0.024527 0.029590
0 0.517287 0.604179 0.022927 0.028793
0 0.541813 0.655764 0.020793 0.031192
0 0.475967 0.667360 0.023460 0.030390
0 0.428780 0.639568 0.037853 0.017995
0 0.380528 0.623174 0.031990 0.019592
0 0.406122 0.656364 0.031990 0.028392
0 0.346407 0.656963 0.025593 0.029590
0 0.516753 0.746936 0.026127 0.029592
0 0.479965 0.799519 0.031457 0.025992
