0 0.557992 0.336734 0.038817 0.034067
0 0.357722 0.397744 0.029730 0.028493
0 0.575747 0.321869 0.033033 0.030353
0 0.576160 0.389072 0.025600 0.030970
0 0.557165 0.415086 0.025603 0.033447
0 0.460127 0.428712 0.039640 0.021060
0 0.443198 0.454418 0.032210 0.030350
0 0.310648 0.483530 0.034683 0.030350
0 0.509267 0.512950 0.032207 0.024775
0 0.486142 0.542681 0.025603 0.032207
0 0.437417 0.549494 0.032207 0.032207
0 0.346985 0.597806 0.029730 0.034688
0 0.511743 0.577056 0.042120 0.022918
0 0.458477 0.615149 0.019820 0.032208
0 0.422552 0.387524 0.030557 0.027873
0 0.507637 0.617175 0.025593 0.031990
0 0.507903 0.657164 0.027193 0.026393
0 0.484977 0.672759 0.029327 0.020793
0 0.458050 0.658162 0.021327 0.028390
0 0.438590 0.665761 0.022927 0.025192
0 0.418598 0.619775 0.031990 0.029990
0 0.400468 0.637969 0.034123 0.018392
0 0.383675 0.664761 0.033590 0.029592
0 0.332490 0.643968 0.027193 0.028790
0 0.288770 0.657164 0.028260 0.027992
0 0.380742 0.684355 0.033057 0.013595
0 0.392738 0.718144 0.028257 0.026793
0 0.416198 0.699150 0.029323 0.027190
0 0.426062 0.720144 0.033057 0.017992
0 0.443657 0.698150 0.021327 0.029990
0 0.463917 0.695951 0.025593 0.031992
