0 0.466422 0.325459 0.027837 0.035332
0 0.329378 0.415394 0.040683 0.020342
0 0.490692 0.430115 0.026410 0.026230
0 0.469278 0.435201 0.029263 0.028907
0 0.451077 0.456882 0.022840 0.031585
0 0.478913 0.494621 0.019987 0.028907
0 0.435373 0.455811 0.017133 0.024088
0 0.361498 0.504792 0.027837 0.032120
0 0.295832 0.519246 0.037830 0.020343
0 0.433588 0.523263 0.019270 0.025160
0 0.451077 0.539321 0.022840 0.027303
0 0.409677 0.538251 0.034260 0.025163
0 0.404325 0.565820 0.019270 0.023555
0 0.451790 0.569033 0.024267 0.032120
0 0.473203 0.568497 0.024267 0.032120
0 0.517098 0.569835 0.027837 0.032655
0 0.542438 0.604899 0.028550 0.031048
0 0.448578 0.611591 0.026410 0.028373
0 0.391477 0.601955 0.024980 0.031585
0 0.383268 0.630060 0.024270 0.031050
0 0.342227 0.636215 0.023553 0.024090
0 0.321885 0.670745 0.039970 0.017130
0 0.405038 0.620959 0.016417 0.023553
0 0.430020 0.626044 0.034973 0.027303
0 0.445723 0.651740 0.022127 0.031585
0 0.497472 0.636751 0.028550 0.027303
0 0.474987 0.659503 0.023553 0.032120
0 0.495330 0.659503 0.024267 0.032120
0 0.517813 0.662446 0.020700 0.029442
0 0.410390 0.679845 0.032833 0.026765
0 0.430020 0.699116 0.036400 0.023553
0 0.467493 0.694299 0.032833 0.020342
0 0.496400 0.693229 0.020700 0.027838
0 0.514958 0.686804 0.027837 0.022482
0 0.496400 0.719726 0.024980 0.029442
