0 0.510675 0.306990 0.024983 0.032655
0 0.532090 0.386486 0.023553 0.028907
0 0.487835 0.426904 0.023557 0.034798
0 0.572060 0.454205 0.026407 0.030515
0 0.501753 0.486860 0.022840 0.030515
0 0.534587 0.503455 0.021413 0.031585
0 0.553860 0.496496 0.032833 0.030512
0 0.359715 0.453134 0.037117 0.021947
0 0.391833 0.464911 0.037113 0.019808
0 0.418243 0.500244 0.022840 0.027303
0 0.461425 0.540125 0.017843 0.032120
0 0.572773 0.551901 0.022127 0.028908
0 0.530305 0.574119 0.018557 0.028372
0 0.488905 0.572511 0.028550 0.029442
0 0.420385 0.564750 0.024270 0.023555
0 0.378628 0.557524 0.030690 0.029442
0 0.640223 0.593658 0.022840 0.027835
0 0.502112 0.604631 0.027837 0.031582
0 0.442868 0.608914 0.029263 0.031583
0 0.421812 0.626848 0.022843 0.024625
0 0.400400 0.625241 0.032833 0.023553
0 0.367208 0.621226 0.024983 0.030512
0 0.306182 0.599279 0.035690 0.029442
0 0.484980 0.637821 0.026407 0.027303
0 0.615600 0.638089 0.024980 0.027838
0 0.615600 0.689480 0.029267 0.034260
0 0.481055 0.674491 0.029977 0.026768
0 0.325097 0.688142 0.043540 0.027300
0 0.548505 0.745422 0.026410 0.030515
0 0.475700 0.717853 0.033547 0.023555
