0 0.489033 0.610194 0.021473 0.028493
0 0.429158 0.398053 0.038817 0.020440
0 0.484903 0.392789 0.028080 0.032207
0 0.534040 0.390930 0.027253 0.034685
0 0.555100 0.353459 0.019820 0.032827
0 0.581940 0.362439 0.025600 0.035922
0 0.558817 0.381330 0.027253 0.030350
0 0.486968 0.424686 0.030557 0.022917
0 0.607542 0.429643 0.028903 0.035305
0 0.442372 0.444817 0.045423 0.028490
0 0.441547 0.463399 0.028907 0.022298
0 0.507202 0.471451 0.029730 0.026012
0 0.558818 0.489414 0.037163 0.028493
0 0.441133 0.528434 0.021473 0.032207
0 0.485317 0.537106 0.025600 0.026012
0 0.507202 0.537106 0.028077 0.029732
0 0.530738 0.524719 0.032210 0.028493
0 0.422552 0.553519 0.028903 0.027873
0 0.458888 0.597497 0.022297 0.030350
0 0.509265 0.616077 0.023950 0.034065
0 0.571617 0.618556 0.026427 0.032827
0 0.552622 0.649835 0.023123 0.030970
0 0.484490 0.668108 0.020647 0.030350
0 0.461365 0.669655 0.030557 0.029730
0 0.376305 0.647666 0.023950 0.029112
0 0.346985 0.700624 0.042943 0.023538
0 0.525783 0.717967 0.032207 0.034685
