0 0.448775 0.399043 0.028790 0.035190
0 0.517287 0.455625 0.026127 0.032390
0 0.498627 0.791122 0.020793 0.031590
0 0.520220 0.787124 0.023460 0.019592
0 0.522087 0.765930 0.023993 0.028390
0 0.496227 0.762131 0.022393 0.020793
0 0.322947 0.741338 0.022393 0.026390
0 0.407188 0.750534 0.033057 0.025593
0 0.591932 0.744736 0.035723 0.022793
0 0.502623 0.737539 0.021327 0.028393
0 0.446908 0.433431 0.033590 0.029593
0 0.477832 0.472220 0.028257 0.032790
0 0.449840 0.489614 0.023460 0.028392
0 0.493027 0.706747 0.026660 0.034790
0 0.428515 0.706547 0.031990 0.019195
0 0.448775 0.686754 0.028790 0.029192
0 0.407187 0.638969 0.024527 0.027993
0 0.474367 0.654764 0.021327 0.026793
0 0.454640 0.626572 0.023460 0.029590
0 0.363200 0.627173 0.019727 0.030790
0 0.344273 0.619375 0.023460 0.028790
0 0.323747 0.604780 0.022927 0.030790
0 0.394657 0.614976 0.044253 0.019192
0 0.516220 0.624174 0.016527 0.026393
0 0.541280 0.622773 0.019727 0.032390
0 0.648980 0.657763 0.022927 0.027990
0 0.562073 0.610577 0.023993 0.029590
0 0.496227 0.601979 0.022393 0.024392
0 0.521553 0.726142 0.021860 0.027190
0 0.341607 0.559192 0.026660 0.031590
0 0.407453 0.484015 0.029327 0.032390
0 0.518620 0.524004 0.022393 0.022793
