0 0.358465 0.323789 0.025603 0.031587
0 0.408430 0.307685 0.028080 0.034065
0 0.493492 0.314188 0.023123 0.030970
0 0.424535 0.347325 0.023950 0.031590
0 0.445180 0.378915 0.015693 0.031590
0 0.474910 0.377366 0.033860 0.027252
0 0.588465 0.393470 0.033037 0.023535
0 0.383240 0.379534 0.027253 0.026633
0 0.450135 0.407406 0.022297 0.024158
0 0.474910 0.416697 0.022300 0.029110
0 0.476975 0.447976 0.031383 0.024778
0 0.515377 0.477398 0.022300 0.031590
0 0.536848 0.498765 0.028903 0.029730
0 0.428662 0.470584 0.023950 0.029113
0 0.384893 0.462221 0.025600 0.028492
0 0.408428 0.548316 0.023123 0.032207
0 0.470368 0.544601 0.029730 0.032208
0 0.556670 0.551414 0.040467 0.022298
0 0.562863 0.586100 0.029733 0.029730
0 0.368788 0.685821 0.041290 0.019822
0 0.431142 0.656400 0.023950 0.031590
0 0.454263 0.658567 0.018993 0.026015
0 0.479453 0.646799 0.026427 0.032207
0 0.478213 0.673434 0.025600 0.028492
0 0.452612 0.685821 0.028903 0.029732
0 0.473258 0.742185 0.035510 0.024775
0 0.413383 0.783684 0.033033 0.033447
