0 0.435517 0.710720 0.028080 0.035305
0 0.453273 0.667674 0.025600 0.027252
0 0.474333 0.659930 0.028080 0.030350
0 0.496630 0.680060 0.034687 0.030970
0 0.523058 0.662408 0.029730 0.030350
0 0.608533 0.404433 0.032207 0.030970
0 0.456163 0.403194 0.039640 0.023537
0 0.426020 0.403504 0.028907 0.034067
0 0.403722 0.422086 0.025603 0.032827
0 0.402483 0.452435 0.026427 0.030350
0 0.357062 0.454912 0.041290 0.020440
0 0.473093 0.433854 0.027253 0.026632
0 0.458642 0.463895 0.031383 0.029730
0 0.428085 0.503226 0.021470 0.027873
0 0.448318 0.496721 0.022297 0.028492
0 0.494565 0.515924 0.022297 0.032208
0 0.521818 0.500129 0.032210 0.034067
0 0.558570 0.501677 0.034687 0.030970
0 0.545768 0.546584 0.022297 0.027872
0 0.408265 0.557731 0.029730 0.024157
0 0.408263 0.592726 0.034687 0.027252
0 0.491675 0.610070 0.042943 0.019820
0 0.430977 0.620599 0.027253 0.028493
0 0.450795 0.639491 0.028903 0.026633
0 0.403308 0.639181 0.024777 0.029732
0 0.360365 0.661170 0.026430 0.025395
0 0.369037 0.702669 0.038813 0.026633
0 0.404135 0.681299 0.028077 0.033447
0 0.428085 0.682227 0.031383 0.030350
