0 0.404712 0.379224 0.023950 0.026013
0 0.450962 0.369314 0.022297 0.024777
0 0.450962 0.399974 0.035510 0.022918
0 0.495143 0.423820 0.021473 0.032210
0 0.522810 0.442711 0.038813 0.019202
0 0.584337 0.492261 0.028080 0.032827
0 0.473672 0.473061 0.028077 0.031588
0 0.450548 0.474300 0.028077 0.031590
0 0.336580 0.405857 0.026427 0.032210
0 0.363420 0.494430 0.025600 0.034685
0 0.416688 0.497836 0.039643 0.022918
0 0.450135 0.507746 0.022297 0.032827
0 0.478213 0.537479 0.025600 0.027872
0 0.384068 0.611185 0.023950 0.029110
0 0.408017 0.606540 0.022300 0.030970
0 0.445180 0.605300 0.025600 0.030970
0 0.475323 0.600965 0.029733 0.030970
0 0.517855 0.621714 0.025603 0.032828
0 0.475737 0.634101 0.025600 0.027873
0 0.433205 0.653612 0.026430 0.030970
0 0.409668 0.668168 0.030557 0.030350
0 0.473258 0.665690 0.023950 0.030350
0 0.522810 0.667859 0.033860 0.033447
0 0.499273 0.683963 0.028080 0.034685
0 0.455090 0.691705 0.022300 0.026635
0 0.477802 0.700067 0.023123 0.029730
0 0.412145 0.739707 0.028903 0.032210
0 0.496795 0.762625 0.031383 0.034685
