0 0.438280 0.641683 0.438617 0.637650 0.439623 0.633870 0.443320 0.631097 0.447017 0.628328 0.452053 0.629082 0.455413 0.632107 0.456760 0.635885 0.458103 0.639665 0.458440 0.643445 0.457093 0.647477 0.456087 0.651510 0.455080 0.655290 0.452727 0.658817 0.447687 0.660077 0.442310 0.660077 0.437607 0.658062 0.437270 0.654282 0.437943 0.650250 0.437943 0.646218
0 0.457633 0.622178 0.457297 0.622430 0.457297 0.618145 0.456623 0.614365 0.460993 0.612097 0.466033 0.612350 0.470737 0.614115 0.474767 0.616635 0.477120 0.620163 0.478127 0.623942 0.478800 0.627972 0.478127 0.631753 0.476447 0.635533 0.474097 0.639062 0.469057 0.639312 0.465023 0.636792 0.461663 0.633770 0.458303 0.630745 0.457970 0.626965
0 0.344357 0.549963 0.347530 0.549963 0.350503 0.550558 0.353477 0.551300 0.356447 0.552042 0.359420 0.552785 0.362197 0.553975 0.364773 0.555312 0.366557 0.557245 0.367747 0.559475 0.368933 0.561558 0.366160 0.562895 0.363387 0.563785 0.360413 0.563935 0.357240 0.564082 0.354070 0.563935 0.351297 0.563043 0.349113 0.561408 0.346737 0.559922 0.343963 0.558582 0.341780 0.556800 0.340790 0.554570 0.340990 0.552340
0 0.478927 0.520602 0.479227 0.518910 0.479227 0.517100 0.479380 0.515408 0.479680 0.513713 0.479830 0.511905 0.480433 0.510210 0.481337 0.508515 0.482240 0.506820 0.483297 0.505240 0.484500 0.503770 0.485707 0.502302 0.487813 0.501397 0.490073 0.501058 0.492333 0.500607 0.494593 0.500267 0.496853 0.500155 0.498960 0.500945 0.500017 0.502528 0.500770 0.504223 0.500467 0.505918 0.499563 0.507498 0.498660 0.509193 0.498207 0.510887 0.497907 0.512582 0.497303 0.514278 0.496400 0.515972 0.495797 0.517665 0.495197 0.519360 0.493840 0.520830 0.491880 0.521845 0.489623 0.522750 0.485553 0.524558 0.483447 0.525235 0.481337 0.524558 0.479830 0.523203
0 0.442040 0.467543 0.443783 0.465712 0.446223 0.464798 0.448317 0.463360 0.450233 0.461920 0.452323 0.460615 0.454940 0.460745 0.456683 0.462313 0.456857 0.464275 0.456857 0.466365 0.457030 0.468325 0.457203 0.470418 0.456507 0.472510 0.455113 0.474340 0.453023 0.475645 0.450930 0.476953 0.449883 0.478782 0.448490 0.480612 0.446400 0.481920 0.443783 0.482442 0.441170 0.482183 0.438730 0.481135 0.437163 0.479438 0.436640 0.477475 0.436813 0.475255 0.437337 0.473293 0.438383 0.471332 0.439950 0.469502 0.442043 0.468195 0.442217 0.467543
0 0.386633 0.468975 0.386967 0.466500 0.387300 0.464675 0.388187 0.463228 0.388360 0.461267 0.390103 0.459697 0.392020 0.458260 0.394637 0.457608 0.397250 0.457085 0.399863 0.457478 0.402303 0.458392 0.403873 0.460090 0.404220 0.462053 0.404220 0.464535 0.404220 0.466627 0.404570 0.468587 0.405440 0.470548 0.405617 0.472510 0.405617 0.474600 0.405267 0.476560 0.404220 0.478522 0.403350 0.480483 0.401957 0.482183 0.399863 0.483620 0.397423 0.484535 0.394810 0.485187 0.392197 0.484535 0.390277 0.483098 0.389057 0.481267 0.388013 0.479438 0.387490 0.477475 0.387317 0.475515 0.386967 0.473555 0.386443 0.471595
0 0.271760 0.397562 0.273267 0.396092 0.274923 0.394738 0.276430 0.393382 0.278087 0.392025 0.279893 0.390783 0.281853 0.389652 0.283810 0.388522 0.285770 0.387508 0.287877 0.386715 0.289987 0.386038 0.292247 0.385585 0.294507 0.385248 0.296763 0.385135 0.298573 0.386377 0.300230 0.387620 0.300983 0.389427 0.300230 0.391122 0.298573 0.392365 0.297517 0.393948 0.297517 0.395867 0.297217 0.397562 0.296313 0.399143 0.294657 0.400500 0.292697 0.401515 0.290740 0.402533 0.288933 0.403663 0.287427 0.405245 0.285920 0.406600 0.283960 0.407618 0.281700 0.408295 0.279443 0.408520 0.277183 0.408633 0.274773 0.408408 0.272513 0.407618 0.270707 0.406488 0.269953 0.404792 0.269650 0.402985 0.269500 0.401178 0.269800 0.399483 0.271307 0.398128
0 0.392070 0.502012 0.393137 0.499615 0.394203 0.497217 0.393990 0.494818 0.394843 0.492420 0.396550 0.490340 0.398253 0.488102 0.400387 0.486025 0.403370 0.485065 0.406783 0.485065 0.409553 0.486503 0.411473 0.488582 0.412323 0.490980 0.412963 0.493380 0.413177 0.495777 0.413603 0.498175 0.413603 0.500735 0.413177 0.503132 0.412323 0.505530 0.411047 0.507930 0.408913 0.509848 0.406143 0.511127 0.402943 0.512088 0.399747 0.512885 0.396550 0.513045 0.394630 0.510968 0.393990 0.508570 0.392923 0.506170 0.391433 0.503933
0 0.459653 0.523760 0.459867 0.521360 0.459653 0.518962 0.459653 0.516405 0.459653 0.513845 0.459653 0.511288 0.460720 0.508890 0.462427 0.506810 0.465410 0.505850 0.468607 0.506010 0.471167 0.507610 0.473297 0.509528 0.475003 0.511607 0.476070 0.514005 0.477137 0.516405 0.477563 0.518962 0.477777 0.521360 0.477777 0.523920 0.477777 0.526477 0.477350 0.529035 0.476070 0.531435 0.473723 0.533513 0.470953 0.534793 0.467757 0.535112 0.464983 0.533832 0.463277 0.531755 0.461573 0.529515 0.460293 0.527278 0.459867 0.524878
0 0.482807 0.480588 0.484550 0.479017 0.486293 0.477450 0.488560 0.476405 0.491000 0.475490 0.493613 0.475098 0.496227 0.475620 0.497623 0.477450 0.498667 0.479410 0.500063 0.481240 0.500933 0.483202 0.501283 0.485293 0.500237 0.487123 0.497623 0.487385 0.494833 0.487255 0.491523 0.486863 0.488907 0.486207 0.486293 0.485162 0.484377 0.483592 0.482807 0.481895
0 0.480193 0.473660 0.478800 0.471050 0.479147 0.469738 0.478103 0.467777 0.478103 0.465685 0.477927 0.463725 0.478277 0.461765 0.479497 0.459935 0.481063 0.458235 0.482460 0.456535 0.483157 0.454575 0.484203 0.452745 0.486643 0.451830 0.489257 0.451308 0.491870 0.451175 0.494487 0.451308 0.496577 0.452615 0.498320 0.454313 0.498667 0.456405 0.499190 0.458365 0.499367 0.460587 0.499190 0.462548 0.499017 0.464510 0.498667 0.466600 0.498147 0.468693 0.497273 0.470783 0.495707 0.472483 0.493267 0.473790 0.491000 0.474967 0.488560 0.476013 0.485947 0.476665 0.483330 0.476798 0.481063 0.475750 0.480193 0.473790
0 0.440297 0.537125 0.440510 0.536967 0.441577 0.534567 0.443280 0.532490 0.445200 0.530410 0.447117 0.528332 0.449890 0.526892 0.453087 0.527693 0.454580 0.529930 0.455433 0.532330 0.455860 0.534727 0.457137 0.536967 0.458843 0.539045 0.458630 0.541443 0.457777 0.543843 0.456713 0.546240 0.455860 0.548638 0.455007 0.551198 0.453727 0.553435 0.450957 0.554715 0.447757 0.555035 0.444560 0.555195 0.442213 0.553435 0.440723 0.551198 0.439443 0.548798 0.439230 0.546400 0.439443 0.544003 0.439443 0.541443
0 0.440253 0.508730 0.441320 0.506330 0.442387 0.503933 0.444303 0.501853 0.446863 0.500095 0.449847 0.499135 0.453043 0.499615 0.455603 0.501215 0.455817 0.503613 0.456883 0.506010 0.458160 0.508250 0.458800 0.510648 0.458587 0.513205 0.457947 0.515605 0.457310 0.518003 0.456457 0.520400 0.454750 0.522480 0.451767 0.523760 0.448140 0.523760 0.444730 0.523760 0.441960 0.522160 0.441107 0.519763 0.440893 0.517362 0.440040 0.514965 0.439613 0.512567 0.439827 0.510167
0 0.466460 0.466182 0.466633 0.466442 0.466983 0.464483 0.468027 0.462652 0.470817 0.462000 0.473083 0.463175 0.474477 0.464875 0.476220 0.466442 0.476917 0.468535 0.476917 0.470627 0.476917 0.472850 0.475523 0.474548 0.472907 0.474680 0.471167 0.474025 0.469600 0.472200 0.468733 0.470225 0.467330 0.468535 0.466633 0.466575
0 0.451960 0.486207 0.452133 0.483462 0.452830 0.481502 0.453703 0.479543 0.454223 0.477580 0.454400 0.475490 0.455443 0.473527 0.456840 0.471830 0.457883 0.470000 0.459280 0.468300 0.461370 0.466993 0.463983 0.466600 0.466600 0.467122 0.469040 0.468300 0.470957 0.470260 0.471653 0.472353 0.472177 0.474313 0.472523 0.476405 0.472523 0.478495 0.472700 0.480457 0.472873 0.482548 0.472700 0.484507 0.471827 0.486600 0.470433 0.488430 0.469040 0.490130 0.467643 0.491830 0.465727 0.493267 0.463287 0.494183 0.460500 0.494575 0.457883 0.494443 0.455793 0.493005 0.454050 0.491438 0.453003 0.489608 0.452307 0.487645
0 0.505117 0.479673 0.505813 0.477712 0.508253 0.476535 0.510867 0.476405 0.513483 0.477187 0.515750 0.478235 0.517490 0.479803 0.519233 0.481502 0.521150 0.483070 0.523070 0.484507 0.524290 0.486470 0.525510 0.488692 0.526553 0.490915 0.527077 0.492875 0.527427 0.494965 0.527600 0.496928 0.527427 0.498887 0.526380 0.500848 0.524810 0.502548 0.522197 0.502940 0.519757 0.503725 0.517143 0.504115 0.514877 0.503070 0.512787 0.501763 0.510867 0.500195 0.509823 0.498235 0.508777 0.496273 0.507907 0.494312 0.507207 0.492353 0.506337 0.490390 0.505467 0.488430 0.504420 0.486600 0.503723 0.484640 0.503373 0.482677 0.504420 0.480848
0 0.233197 0.361070 0.235307 0.360393 0.237567 0.359940 0.239673 0.359150 0.241933 0.358473 0.244493 0.358473 0.246753 0.358810 0.247810 0.360393 0.248863 0.362087 0.250370 0.363443 0.251423 0.365025 0.252027 0.366833 0.252027 0.368640 0.252027 0.370447 0.252630 0.372142 0.252630 0.373950 0.252630 0.375870 0.252177 0.377565 0.250973 0.379147 0.249163 0.380277 0.248563 0.381970 0.248410 0.383665 0.247057 0.385135 0.244947 0.386038 0.242537 0.386265 0.240127 0.385925 0.237867 0.385473 0.236360 0.384118 0.234853 0.382763 0.233950 0.381180 0.233197 0.379485 0.231540 0.378018 0.230183 0.376548 0.229883 0.374853 0.229883 0.373045 0.229883 0.371237 0.229883 0.369430 0.229883 0.367623 0.229883 0.365815 0.230033 0.364120 0.231087 0.362540
0 0.371193 0.438527 0.372247 0.436945 0.372550 0.435250 0.373753 0.433668 0.375560 0.432540 0.377973 0.432765 0.380080 0.433555 0.382190 0.434233 0.384600 0.434798 0.385653 0.436493 0.386407 0.438300 0.386860 0.439995 0.387310 0.441690 0.387763 0.443385 0.388213 0.445080 0.388517 0.446775 0.388967 0.448467 0.389270 0.450163 0.389420 0.451858 0.389570 0.453553 0.389420 0.455360 0.388967 0.457055 0.387913 0.458750 0.386407 0.460217 0.384147 0.460783 0.381887 0.461235 0.379477 0.461800 0.377220 0.461460 0.375713 0.460105 0.374507 0.458522 0.372850 0.457280 0.371647 0.455700 0.370440 0.454230 0.369387 0.452647 0.369083 0.450955 0.369083 0.449147 0.368933 0.447452 0.368180 0.445645 0.367880 0.443950 0.367730 0.442255 0.368330 0.440447 0.370140 0.439317 0.370290 0.439317
0 0.413340 0.426935 0.413643 0.425127 0.413643 0.423095 0.413943 0.421400 0.414397 0.419592 0.415147 0.417897 0.416353 0.416315 0.418310 0.415413 0.420570 0.414848 0.422980 0.414848 0.425240 0.414960 0.427350 0.415637 0.428103 0.417332 0.428707 0.419027 0.429307 0.420835 0.430363 0.422418 0.431567 0.423885 0.431717 0.425580 0.431717 0.427387 0.431417 0.429082 0.430813 0.431003 0.430363 0.432698 0.430060 0.434392 0.429610 0.436312 0.429007 0.438007 0.428553 0.439702 0.427350 0.441283 0.424940 0.441848 0.422227 0.441848 0.419970 0.441960 0.418010 0.441057 0.416203 0.439475 0.415450 0.437668 0.414547 0.436087 0.413943 0.434392 0.413340 0.432585 0.412587 0.430890 0.412137 0.429082 0.412437 0.427387
0 0.437753 0.419013 0.439410 0.417658 0.440467 0.416075 0.442273 0.414945 0.444383 0.414268 0.446643 0.414040 0.448900 0.413928 0.451160 0.414380 0.452667 0.415848 0.453270 0.417882 0.454023 0.419690 0.454777 0.421498 0.455530 0.423192 0.456283 0.425000 0.456583 0.426808 0.456733 0.428503 0.456733 0.430310 0.456733 0.432117 0.456433 0.434150 0.456133 0.435957 0.455680 0.437765 0.454627 0.439348 0.452817 0.440815 0.450860 0.441720 0.448750 0.442510 0.446793 0.443527 0.444533 0.444092 0.442273 0.443640 0.440013 0.442850 0.438357 0.441608 0.438057 0.439913 0.438057 0.437993 0.437153 0.436410 0.436700 0.434715 0.436400 0.433020 0.436247 0.431325 0.435343 0.429632 0.435193 0.427938 0.435343 0.426243 0.435947 0.424548 0.436550 0.422853 0.437153 0.421158
0 0.513930 0.428830 0.514080 0.429055 0.516340 0.429168 0.518450 0.429960 0.519503 0.431540 0.520257 0.433235 0.521460 0.434817 0.522213 0.436512 0.522517 0.438207 0.522517 0.440015 0.522517 0.441823 0.522367 0.443515 0.521913 0.445210 0.521160 0.447017 0.520407 0.448940 0.519953 0.450632 0.519653 0.452327 0.519353 0.454022 0.517847 0.455493 0.515887 0.456395 0.513780 0.457185 0.511370 0.457412 0.509110 0.457072 0.506850 0.456058 0.504890 0.455152 0.503537 0.453685 0.502330 0.451990 0.501727 0.450295 0.501577 0.448488 0.501577 0.446452 0.501727 0.444645 0.501577 0.442725 0.501577 0.440580 0.501277 0.438770 0.501427 0.436962 0.502180 0.435270 0.503537 0.433575 0.505643 0.432670 0.507753 0.431993 0.509713 0.430975 0.511217 0.429620
0 0.491297 0.412038 0.493890 0.412038 0.496320 0.412283 0.498750 0.412768 0.501180 0.413010 0.503610 0.413375 0.506043 0.413740 0.508473 0.414590 0.510417 0.415805 0.512200 0.417265 0.513820 0.418845 0.515927 0.419938 0.518193 0.420910 0.519813 0.422368 0.519977 0.424312 0.520140 0.426135 0.518680 0.427715 0.516250 0.428200 0.513820 0.428445 0.511390 0.428687 0.508797 0.428687 0.506203 0.428322 0.503773 0.427715 0.501180 0.427108 0.498750 0.426378 0.496483 0.425650 0.495187 0.424070 0.493727 0.422490 0.491620 0.421395 0.489513 0.420423 0.488380 0.418722 0.487893 0.416777 0.488380 0.414955 0.490000 0.413375
0 0.499373 0.406897 0.500383 0.405535 0.501390 0.403268 0.501593 0.400998 0.502197 0.398730 0.502600 0.396460 0.503407 0.394193 0.505020 0.392228 0.507037 0.390110 0.509457 0.388598 0.512280 0.387690 0.515103 0.386783 0.518130 0.386178 0.520750 0.387538 0.521760 0.389808 0.522363 0.392075 0.523170 0.394342 0.523777 0.396613 0.523777 0.399033 0.523777 0.401452 0.522567 0.403570 0.521357 0.405687 0.519943 0.407805 0.518330 0.409923 0.516920 0.412040 0.515307 0.414005 0.512483 0.415215 0.509257 0.415215 0.506230 0.415065 0.503407 0.413855 0.502197 0.411738 0.500987 0.409620 0.499980 0.407350
0 0.403620 0.534650 0.400843 0.533760 0.397277 0.533462 0.394303 0.533907 0.394503 0.536138 0.393900 0.538225 0.394303 0.540597 0.393907 0.542828 0.394303 0.545205 0.395097 0.547582 0.395890 0.549813 0.397277 0.551895 0.398467 0.553975 0.400053 0.555907 0.402233 0.557693 0.405007 0.558880 0.406990 0.560813 0.409963 0.560963 0.412933 0.560217 0.414123 0.557990 0.414720 0.555760 0.415113 0.553380 0.415313 0.551150 0.415313 0.548772 0.414917 0.546543 0.413727 0.544165 0.412143 0.541935 0.410357 0.540003 0.408970 0.537922 0.405600 0.535395
0 0.400387 0.512728 0.398680 0.514965 0.397400 0.517362 0.397613 0.519763 0.398680 0.522160 0.399747 0.524558 0.400387 0.526957 0.400813 0.529355 0.401240 0.531755 0.401880 0.534153 0.403370 0.536390 0.406570 0.537190 0.409553 0.538310 0.412750 0.538790 0.415950 0.537990 0.417230 0.535750 0.417440 0.533192 0.417440 0.530475 0.417653 0.527918 0.417653 0.525357 0.417230 0.522800 0.417017 0.520400 0.416803 0.518003 0.416163 0.515605 0.415097 0.513045 0.413603 0.510807 0.411047 0.509047 0.407847 0.508250 0.405933 0.509200 0.403167 0.509850 0.400813 0.511288
0 0.405767 0.329412 0.410413 0.328543 0.414477 0.327235 0.419123 0.326582 0.423770 0.326582 0.428707 0.327235 0.433063 0.328543 0.437417 0.329412 0.441193 0.331155 0.442353 0.334423 0.443517 0.337690 0.441773 0.340738 0.437417 0.341828 0.433063 0.342918 0.428417 0.342918 0.423770 0.342918 0.419413 0.342697 0.415057 0.342045 0.410993 0.340738 0.406927 0.338777 0.403733 0.336382 0.402863 0.333115
0 0.499313 0.379115 0.500927 0.376090 0.501130 0.373670 0.502137 0.371400 0.503147 0.369132 0.504557 0.367015 0.507380 0.365955 0.509600 0.364293 0.511010 0.362175 0.513833 0.361267 0.516857 0.361872 0.519480 0.363082 0.520890 0.365200 0.521900 0.367467 0.522503 0.369737 0.522907 0.372005 0.522907 0.374425 0.522303 0.376845 0.521093 0.378962 0.519883 0.381230 0.518270 0.383500 0.516050 0.385315 0.514237 0.387280 0.511617 0.388643 0.508590 0.388945 0.505567 0.389095 0.502540 0.388793 0.500323 0.386675 0.499517 0.384408 0.499517 0.381988 0.499920 0.379717
0 0.351097 0.546990 0.350900 0.544760 0.350107 0.542530 0.349907 0.540300 0.349710 0.538070 0.350107 0.535693 0.351097 0.533462 0.352287 0.531380 0.353277 0.529150 0.355260 0.527218 0.357637 0.525732 0.359817 0.524097 0.363187 0.523352 0.366160 0.523503 0.365170 0.525732 0.366357 0.527813 0.367747 0.529895 0.368340 0.532125 0.368737 0.534503 0.368737 0.536880 0.367943 0.539260 0.367150 0.541490 0.366160 0.543717 0.365170 0.545948 0.364177 0.548177 0.361997 0.549813 0.359223 0.550852 0.356250 0.551003 0.353477 0.550110 0.351890 0.548177
0 0.485857 0.526705 0.486610 0.525010 0.487813 0.523540 0.490073 0.522975 0.492333 0.522750 0.494593 0.522638 0.496853 0.523090 0.498510 0.524332 0.499563 0.526027 0.500017 0.527835 0.500770 0.529528 0.501973 0.531222 0.502877 0.532918 0.503780 0.534612 0.504233 0.536308 0.504987 0.538115 0.505440 0.539810 0.505590 0.541730 0.505440 0.543650 0.504837 0.545345 0.502727 0.546135 0.500167 0.546135 0.497757 0.546588 0.496100 0.545345 0.494140 0.544442 0.492333 0.543312 0.490827 0.541955 0.489470 0.540488 0.488117 0.539018 0.487060 0.537438 0.486910 0.535742 0.486610 0.534048 0.486460 0.532353 0.486307 0.530545 0.486157 0.528850
0 0.481933 0.542628 0.483107 0.541357 0.483887 0.539795 0.485710 0.539210 0.487663 0.539600 0.488833 0.540870 0.492480 0.542822 0.492740 0.543602 0.493783 0.544872 0.494563 0.546240 0.495343 0.547802 0.495473 0.549268 0.495867 0.550732 0.496127 0.552295 0.496127 0.553855 0.496257 0.555320 0.496647 0.556883 0.496777 0.558347 0.496647 0.559813 0.496517 0.561277 0.496127 0.562742 0.495343 0.564107 0.494303 0.565378 0.492350 0.565965 0.490397 0.566063 0.488183 0.566160 0.486230 0.566258 0.484277 0.565865 0.482717 0.564890 0.481673 0.563620 0.480893 0.562253 0.480503 0.560690 0.480113 0.559227 0.480113 0.557567 0.479983 0.556005 0.479720 0.554540 0.479330 0.553075 0.479070 0.551610 0.478550 0.550145 0.478290 0.548680 0.478160 0.547218 0.478550 0.545753 0.479853 0.544580 0.481023 0.543602 0.481543 0.543115
0 0.459117 0.564573 0.460090 0.562872 0.460900 0.561050 0.462683 0.559712 0.464950 0.558982 0.467380 0.558617 0.469973 0.558617 0.471593 0.560198 0.473213 0.561778 0.474997 0.563237 0.476293 0.564815 0.477267 0.566518 0.477913 0.568340 0.477913 0.570528 0.477913 0.572592 0.477913 0.574660 0.478077 0.576605 0.478077 0.578670 0.477913 0.580492 0.477267 0.582315 0.475970 0.583895 0.474510 0.585475 0.472243 0.586325 0.469650 0.586448 0.467220 0.586325 0.464790 0.585718 0.463493 0.584138 0.461550 0.582923 0.460253 0.581222 0.459767 0.579400 0.459603 0.577575 0.459280 0.575633 0.458470 0.573688 0.457983 0.571742 0.457823 0.569920 0.458307 0.567975 0.458793 0.566153
0 0.298067 0.594255 0.294303 0.593880 0.290537 0.592750 0.287777 0.590680 0.285267 0.588232 0.284013 0.585408 0.283510 0.582585 0.283010 0.579763 0.282257 0.576937 0.282007 0.574115 0.282257 0.571290 0.285017 0.569033 0.288780 0.568280 0.292547 0.568468 0.296060 0.569785 0.299573 0.571290 0.300327 0.574115 0.300577 0.576937 0.300827 0.579950 0.301580 0.582773 0.302837 0.585597 0.302333 0.588420 0.300077 0.590867 0.301330 0.593690
0 0.334960 0.598585 0.334460 0.595763 0.331950 0.593503 0.330693 0.590680 0.330693 0.587668 0.331197 0.584845 0.332200 0.581832 0.333203 0.579010 0.334460 0.576185 0.336717 0.573737 0.340483 0.573928 0.344497 0.574303 0.347760 0.575810 0.348763 0.578633 0.349517 0.581455 0.349770 0.584280 0.350020 0.587290 0.350020 0.590303 0.348763 0.593125 0.347510 0.595950 0.345503 0.598398 0.342490 0.600467 0.338727 0.600655 0.335213 0.599525
0 0.395697 0.593880 0.395197 0.591055 0.393440 0.588420 0.392687 0.585597 0.392937 0.582773 0.394943 0.580138 0.396450 0.577503 0.400213 0.577315 0.403477 0.578820 0.405487 0.581268 0.406240 0.584090 0.406740 0.586915 0.406990 0.589737 0.406990 0.592750 0.405987 0.595572 0.402473 0.596890 0.398457 0.596890 0.395950 0.594633
0 0.391933 0.614773 0.390930 0.611760 0.391180 0.608750 0.391683 0.605737 0.391683 0.602725 0.391933 0.599903 0.395697 0.599150 0.399713 0.599150 0.403477 0.599525 0.405737 0.601973 0.407243 0.604607 0.408247 0.607433 0.409250 0.610255 0.410507 0.613080 0.411257 0.615903 0.410757 0.618725 0.409500 0.621550 0.408497 0.624372 0.406490 0.627008 0.402473 0.627385 0.398710 0.626633 0.396700 0.624185 0.394693 0.621550 0.392937 0.618915 0.391683 0.616090
0 0.393940 0.649595 0.394693 0.646773 0.394943 0.643950 0.395447 0.640938 0.396953 0.638302 0.398960 0.635668 0.401470 0.633408 0.404733 0.631715 0.408497 0.631150 0.412010 0.632467 0.413267 0.635290 0.414270 0.638115 0.415523 0.640938 0.416027 0.643760 0.416277 0.646585 0.415023 0.649408 0.413267 0.652042 0.411257 0.654678 0.409250 0.657125 0.405987 0.658630 0.402223 0.658820 0.398457 0.658255 0.395197 0.656372 0.393940 0.653550 0.393690 0.650725
0 0.569463 0.490495 0.569463 0.490365 0.569813 0.488405 0.570337 0.486312 0.570510 0.484353 0.570683 0.482260 0.571730 0.480430 0.573997 0.479385 0.576610 0.478730 0.579223 0.478077 0.581663 0.478863 0.582013 0.480822 0.582537 0.482783 0.583407 0.484745 0.582883 0.486705 0.582187 0.488795 0.581663 0.490758 0.581317 0.492717 0.579573 0.494418 0.577133 0.495333 0.574693 0.496248 0.572600 0.494548 0.570860 0.492980 0.568940 0.491410
0 0.529163 0.598295 0.528730 0.595853 0.527427 0.593413 0.526560 0.590973 0.525477 0.588370 0.524827 0.585767 0.524610 0.583327 0.524610 0.580725 0.525260 0.578283 0.526343 0.575842 0.528080 0.573727 0.531333 0.572265 0.534803 0.572590 0.537407 0.574217 0.539360 0.576495 0.540877 0.579097 0.541960 0.581700 0.542613 0.584140 0.542830 0.586905 0.542830 0.589997 0.542830 0.592925 0.542397 0.595365 0.542397 0.597967 0.541527 0.600410 0.538490 0.601548 0.535020 0.601222 0.531983 0.600245 0.529597 0.598457
0 0.460837 0.608867 0.459533 0.606590 0.458667 0.603987 0.458667 0.601222 0.458233 0.598782 0.457583 0.596342 0.457800 0.593902 0.458883 0.591298 0.461703 0.589835 0.465173 0.589997 0.468427 0.590810 0.471030 0.592437 0.472333 0.595040 0.473417 0.597805 0.474283 0.600410 0.475153 0.602850 0.476237 0.605452 0.476887 0.607893 0.477103 0.610332 0.475803 0.612773 0.473400 0.615225 0.469513 0.613912 0.466477 0.612610 0.463873 0.610982 0.461053 0.609520
0 0.329897 0.718285 0.330547 0.714628 0.330533 0.710000 0.331523 0.707315 0.331197 0.703660 0.334447 0.700735 0.339323 0.700003 0.343223 0.702440 0.345173 0.705852 0.345173 0.709753 0.345823 0.713410 0.346473 0.717553 0.343873 0.720722 0.341600 0.722925 0.341923 0.726085 0.337047 0.727302 0.333473 0.724622 0.332497 0.721940
0 0.437137 0.582867 0.437473 0.582615 0.437810 0.578835 0.440833 0.575560 0.445537 0.573795 0.450577 0.573543 0.454943 0.576315 0.456623 0.580095 0.457633 0.583875 0.458303 0.587655 0.458303 0.591688 0.457970 0.595467 0.456290 0.599500 0.452930 0.602775 0.447553 0.603782 0.447217 0.603782 0.442513 0.601768 0.440833 0.597988 0.439827 0.594207 0.438480 0.590427 0.437137 0.586647 0.437137 0.585388
