0 0.446863 0.659793 0.448277 0.657675 0.449283 0.655405 0.452107 0.654347 0.455133 0.653743 0.458560 0.653138 0.461587 0.652835 0.464813 0.652835 0.467837 0.653138 0.470863 0.653288 0.473887 0.653743 0.476710 0.654800 0.479333 0.656162 0.481953 0.657523 0.483363 0.659640 0.483970 0.661910 0.481550 0.663573 0.479130 0.665085 0.476510 0.666447 0.473483 0.667355 0.470460 0.667960 0.467433 0.668260 0.464410 0.668413 0.461183 0.668413 0.457957 0.668413 0.454930 0.667960 0.451907 0.667505 0.448880 0.666750 0.446863 0.664935 0.446663 0.662665
0 0.462333 0.509250 0.460667 0.510250 0.459000 0.513000 0.459333 0.517000 0.462333 0.524500 0.468000 0.530000 0.469667 0.530750 0.474667 0.531250 0.476333 0.529500 0.477333 0.526500 0.477333 0.523250 0.475667 0.517250 0.467667 0.509750 0.466333 0.509250
0 0.494667 0.490000 0.490667 0.490250 0.487000 0.491750 0.484667 0.493750 0.482000 0.499250 0.481000 0.503500 0.481333 0.510000 0.482000 0.511250 0.485333 0.513000 0.487333 0.513000 0.491000 0.511250 0.495000 0.507000 0.497333 0.502750 0.498333 0.499250 0.498333 0.493750 0.497000 0.491500
0 0.422333 0.502250 0.419000 0.503000 0.415333 0.505750 0.414333 0.509250 0.414333 0.516250 0.416333 0.522500 0.420333 0.526250 0.424667 0.528650 0.429533 0.527150 0.431333 0.522250 0.432667 0.518250 0.432667 0.514250 0.431667 0.509250 0.428667 0.504500 0.425000 0.502500
0 0.351667 0.381500 0.349000 0.382250 0.346000 0.385250 0.345000 0.390250 0.345667 0.398250 0.346667 0.401500 0.349000 0.405250 0.352667 0.408000 0.357000 0.409000 0.362000 0.406000 0.363667 0.403500 0.364333 0.401000 0.363667 0.392750 0.361333 0.387250 0.358333 0.383000 0.354667 0.381500
0 0.424333 0.391250 0.420000 0.392000 0.416667 0.395000 0.414000 0.399500 0.413000 0.403500 0.413000 0.408000 0.414333 0.412250 0.416333 0.414500 0.419333 0.415750 0.423667 0.415000 0.427667 0.412250 0.429667 0.409250 0.431667 0.403250 0.431000 0.395500 0.428333 0.392250
0 0.448333 0.387250 0.446000 0.387250 0.443333 0.388250 0.439667 0.390750 0.437667 0.393250 0.435000 0.399750 0.434667 0.405500 0.435333 0.407750 0.438000 0.412000 0.440667 0.413250 0.443000 0.413500 0.445000 0.412750 0.449667 0.409000 0.452000 0.405250 0.452667 0.402000 0.452667 0.392000 0.451000 0.388500
0 0.490333 0.415750 0.486667 0.418000 0.485667 0.419500 0.484333 0.424000 0.484000 0.432250 0.486667 0.438500 0.489667 0.440750 0.493000 0.440750 0.495667 0.440000 0.498667 0.437000 0.499667 0.433000 0.500000 0.425000 0.499000 0.419750 0.497667 0.417750 0.494333 0.415750
0 0.381333 0.437750 0.377000 0.438250 0.374000 0.440000 0.369333 0.446250 0.368667 0.448500 0.368667 0.453750 0.370000 0.458500 0.372333 0.461000 0.376333 0.462750 0.380667 0.462250 0.385000 0.459500 0.387667 0.455750 0.389000 0.452000 0.389333 0.446500 0.388000 0.442500 0.385333 0.439000
0 0.287667 0.476000 0.284667 0.478000 0.283000 0.482500 0.284667 0.490000 0.289667 0.498000 0.292000 0.499250 0.295667 0.499750 0.298333 0.498500 0.300000 0.495250 0.300000 0.486000 0.295667 0.478250 0.292000 0.476250
0 0.399667 0.494500 0.398000 0.493500 0.390000 0.492000 0.385000 0.492000 0.377333 0.493500 0.372333 0.495750 0.369333 0.498500 0.369667 0.502500 0.373333 0.505250 0.376667 0.506250 0.382667 0.506250 0.389000 0.505500 0.397667 0.502250 0.400667 0.498750 0.400667 0.496500
0 0.503293 0.587425 0.502827 0.584800 0.503293 0.582175 0.503993 0.579550 0.504927 0.576925 0.506327 0.574303 0.507960 0.571852 0.510293 0.569753 0.513093 0.567828 0.516127 0.566427 0.519633 0.566375 0.522167 0.566475 0.522267 0.569675 0.521960 0.572902 0.522660 0.575528 0.522100 0.578300 0.521067 0.580925 0.519000 0.583025 0.518767 0.585275 0.517067 0.586925 0.515167 0.589350 0.512393 0.591450 0.509127 0.592500 0.505627 0.592150 0.504693 0.589525
0 0.287140 0.593673 0.285977 0.591048 0.285277 0.588247 0.284577 0.585622 0.284577 0.582823 0.284577 0.580022 0.285510 0.577398 0.286907 0.574950 0.288307 0.572325 0.291340 0.570925 0.294840 0.570575 0.298340 0.570050 0.301140 0.571975 0.302073 0.574600 0.303007 0.577222 0.303240 0.579847 0.303007 0.582472 0.303007 0.585273 0.303240 0.587898 0.303240 0.590697 0.301373 0.593148 0.299273 0.595422 0.297873 0.597872 0.294607 0.599097 0.291107 0.598398 0.289473 0.595947
0 0.352087 0.570937 0.352490 0.570635 0.353700 0.568518 0.353700 0.566097 0.353700 0.563678 0.354707 0.561408 0.356120 0.559290 0.357733 0.557325 0.360557 0.556265 0.363580 0.555660 0.366203 0.556870 0.367200 0.558225 0.368033 0.560200 0.369033 0.562925 0.368833 0.565950 0.369033 0.568525 0.369027 0.570030 0.367817 0.572148 0.366807 0.574415 0.365800 0.576682 0.363783 0.578497 0.361160 0.579860 0.358137 0.580313 0.355513 0.578952 0.354507 0.576682 0.353700 0.574415
0 0.380813 0.559890 0.378313 0.556845 0.375503 0.553798 0.373003 0.550753 0.371130 0.547472 0.370193 0.543960 0.372067 0.540680 0.373943 0.537400 0.378627 0.536933 0.382687 0.539040 0.385187 0.542085 0.387997 0.545130 0.389560 0.548645 0.390810 0.552158 0.391747 0.555673 0.389873 0.558952 0.385187 0.560122
0 0.462183 0.543890 0.461247 0.542482 0.460933 0.540843 0.460307 0.539438 0.459370 0.538033 0.459370 0.536628 0.459370 0.534987 0.459370 0.533582 0.460307 0.532175 0.461870 0.531237 0.464057 0.531005 0.466243 0.531005 0.468117 0.531237 0.469990 0.531707 0.471553 0.532645 0.472803 0.533815 0.474053 0.534987 0.474990 0.536393 0.476237 0.537798 0.477177 0.538970 0.478113 0.540375 0.479050 0.541547 0.480300 0.542952 0.481237 0.544122 0.481547 0.545763 0.481547 0.545763 0.481547 0.547168 0.482173 0.548808 0.482173 0.550215 0.481547 0.551855 0.481237 0.553260 0.479987 0.554430 0.478113 0.555135 0.476237 0.554665 0.474363 0.554198 0.472490 0.553495 0.470927 0.552558 0.468743 0.551855 0.467180 0.550682 0.466243 0.549513 0.464993 0.548340 0.464370 0.546700 0.463430 0.545295
0 0.452313 0.567150 0.453607 0.565447 0.454420 0.563625 0.455713 0.562045 0.457337 0.560588 0.459440 0.559250 0.461223 0.557913 0.463330 0.556820 0.465437 0.555725 0.467703 0.554875 0.470137 0.554390 0.472567 0.554025 0.475157 0.554145 0.477427 0.555117 0.478237 0.556940 0.478237 0.558885 0.477427 0.560708 0.476940 0.562530 0.475970 0.564355 0.474833 0.566055 0.473213 0.567635 0.471430 0.568972 0.469327 0.570187 0.467220 0.571280 0.465113 0.572375 0.463167 0.573590 0.461063 0.574562 0.458630 0.575048 0.456200 0.574928 0.453933 0.573955 0.451827 0.572982 0.451177 0.571160 0.451503 0.569337 0.451987 0.567513
0 0.487310 0.584283 0.486177 0.582583 0.485690 0.580760 0.485043 0.578937 0.483747 0.577357 0.483097 0.575535 0.482773 0.573710 0.483097 0.571887 0.483583 0.570065 0.483583 0.568120 0.483260 0.566298 0.483423 0.564475 0.484070 0.562652 0.484233 0.560830 0.485533 0.559500 0.486663 0.557670 0.489093 0.557185 0.491523 0.557427 0.493467 0.558765 0.495087 0.560222 0.495897 0.562045 0.496547 0.563867 0.497033 0.565690 0.497357 0.567513 0.497357 0.569457 0.497033 0.571280 0.497033 0.573225 0.497033 0.575170 0.496400 0.576500 0.495733 0.578200 0.494767 0.580025 0.493300 0.581600 0.491700 0.582700 0.489433 0.583550
0 0.405233 0.638550 0.405093 0.638655 0.403273 0.637815 0.402433 0.636345 0.401593 0.634872 0.400753 0.633298 0.399633 0.631933 0.398373 0.630567 0.397393 0.629097 0.397253 0.627522 0.396693 0.625945 0.396413 0.624370 0.396273 0.622795 0.396273 0.621115 0.396413 0.619540 0.396413 0.618175 0.396273 0.616598 0.396413 0.615023 0.397253 0.613553 0.397813 0.611977 0.398793 0.610508 0.400193 0.609247 0.402293 0.608825 0.404533 0.608825 0.406637 0.609038 0.408317 0.610088 0.409437 0.611452 0.410277 0.612923 0.410837 0.614497 0.411397 0.616073 0.411957 0.617648 0.412377 0.619225 0.413077 0.620800 0.413497 0.622375 0.413637 0.623950 0.413777 0.625525 0.413917 0.627103 0.413917 0.628783 0.413497 0.630357 0.412367 0.632775 0.411677 0.634872 0.410697 0.636345 0.409297 0.637710 0.407197 0.637815
0 0.425570 0.612060 0.424727 0.610590 0.423327 0.609225 0.421647 0.608175 0.420247 0.606915 0.418847 0.605655 0.418147 0.604080 0.417727 0.602503 0.417727 0.600823 0.417727 0.599143 0.417867 0.597463 0.418007 0.595782 0.418427 0.594205 0.418567 0.592630 0.418707 0.591055 0.418987 0.589480 0.419407 0.587905 0.420107 0.586330 0.422067 0.585700 0.424167 0.585383 0.426410 0.585383 0.428510 0.585910 0.429350 0.587380 0.430330 0.588850 0.431030 0.590425 0.431730 0.592000 0.432150 0.593575 0.432570 0.595153 0.433130 0.596727 0.433270 0.598302 0.433270 0.599982 0.433550 0.601557 0.433690 0.603133 0.432990 0.604710 0.432570 0.606285 0.431870 0.607860 0.430190 0.609015 0.428633 0.609950 0.427670 0.611010 0.427250 0.611745
0 0.474447 0.599138 0.471820 0.598293 0.469197 0.597310 0.467883 0.595340 0.467133 0.593232 0.466383 0.591122 0.465260 0.589155 0.464510 0.587045 0.463760 0.584935 0.463760 0.582685 0.464323 0.580577 0.465447 0.578607 0.467320 0.576780 0.469383 0.575093 0.471820 0.573827 0.474257 0.575093 0.475757 0.576923 0.477257 0.578750 0.478757 0.580577 0.479883 0.582545 0.480443 0.584655 0.480633 0.586765 0.480820 0.588872 0.481007 0.590982 0.480443 0.593090 0.479693 0.595200 0.479133 0.597310 0.477070 0.598855
0 0.443777 0.600825 0.444150 0.600263 0.444337 0.598153 0.445087 0.596043 0.445650 0.593935 0.445087 0.591825 0.445837 0.589718 0.446023 0.587607 0.445467 0.584800 0.448273 0.584655 0.451273 0.584655 0.454267 0.584800 0.454460 0.587607 0.454650 0.589718 0.454460 0.592108 0.453900 0.594357 0.452587 0.596465 0.451460 0.598435 0.450150 0.600403 0.447713 0.601527 0.444900 0.601808 0.444713 0.601808
0 0.515503 0.617245 0.513567 0.615500 0.511433 0.613900 0.509493 0.612155 0.507747 0.610265 0.506777 0.608082 0.506583 0.605755 0.506003 0.603575 0.505613 0.601247 0.505807 0.599065 0.506583 0.596870 0.507167 0.594703 0.509687 0.593392 0.512790 0.593392 0.515700 0.593538 0.518220 0.594992 0.519770 0.596870 0.520740 0.599357 0.521517 0.601683 0.522293 0.603865 0.522680 0.606193 0.522873 0.608810 0.522873 0.611138 0.522487 0.613320 0.521127 0.615355 0.518800 0.616810
0 0.510463 0.646335 0.509300 0.644300 0.507167 0.642408 0.505807 0.640372 0.505420 0.638045 0.505227 0.635717 0.504840 0.633535 0.504643 0.631355 0.504643 0.628735 0.504643 0.626263 0.504450 0.624082 0.505613 0.622045 0.508523 0.621028 0.511433 0.620592 0.514147 0.621610 0.516667 0.623065 0.518607 0.624810 0.519383 0.626990 0.519963 0.629173 0.520740 0.631500 0.520933 0.633668 0.520933 0.636008 0.520740 0.638190 0.519963 0.640372 0.519190 0.642552 0.518413 0.644735 0.516667 0.646625 0.513760 0.647062
0 0.537613 0.635862 0.534703 0.634845 0.531987 0.633972 0.531407 0.631790 0.529857 0.629900 0.528303 0.627862 0.527333 0.625683 0.526753 0.623500 0.525977 0.621317 0.526170 0.618992 0.526753 0.616810 0.526367 0.614625 0.527733 0.612875 0.528497 0.611283 0.530630 0.609683 0.533540 0.609100 0.536450 0.609683 0.538970 0.610992 0.540133 0.613028 0.540910 0.615210 0.542073 0.617393 0.542653 0.619572 0.542847 0.622190 0.542847 0.624518 0.543237 0.626700 0.542653 0.628883 0.541880 0.631062 0.540520 0.633100
0 0.569483 0.674480 0.568833 0.673345 0.568400 0.672128 0.568293 0.670910 0.568510 0.669693 0.568510 0.668393 0.568617 0.667177 0.568723 0.665960 0.568617 0.664742 0.568617 0.663443 0.568833 0.662225 0.568723 0.661008 0.568723 0.659630 0.568940 0.658330 0.569267 0.657033 0.569700 0.655732 0.570563 0.654597 0.571107 0.653380 0.571647 0.652162 0.572513 0.651107 0.573920 0.650378 0.575543 0.650295 0.577163 0.649810 0.578787 0.650295 0.579220 0.651513 0.579980 0.652650 0.581060 0.653622 0.581710 0.654760 0.582143 0.655977 0.582250 0.657275 0.582467 0.658400 0.582367 0.659475 0.582367 0.660850 0.582367 0.662075 0.582250 0.663362 0.581817 0.664580 0.581387 0.665798 0.580843 0.667015 0.580410 0.668233 0.579870 0.669447 0.579437 0.670747 0.578787 0.671883 0.577923 0.673020 0.577273 0.674155 0.576190 0.675130 0.574677 0.675697 0.573053 0.676023 0.571323 0.675940 0.569900 0.675375
0 0.534163 0.662428 0.533407 0.661212 0.532217 0.660237 0.531133 0.659263 0.530053 0.658207 0.529510 0.656992 0.529293 0.655775 0.529293 0.654395 0.529403 0.653015 0.529403 0.651715 0.529293 0.650500 0.529293 0.649200 0.529403 0.647820 0.529403 0.646440 0.529510 0.645225 0.529620 0.644008 0.529837 0.642790 0.530483 0.641653 0.531133 0.640518 0.532000 0.639462 0.533297 0.638650 0.534703 0.637920 0.536220 0.637432 0.537843 0.636945 0.539467 0.636540 0.540440 0.637678 0.540547 0.638895 0.540873 0.640110 0.541307 0.641327 0.542170 0.642383 0.543253 0.643357 0.543793 0.644575 0.543903 0.645792 0.543903 0.647090 0.543793 0.648308 0.543793 0.649605 0.543687 0.650822 0.543360 0.652040 0.543360 0.653420 0.543360 0.654720 0.543253 0.655937 0.542930 0.657153 0.542497 0.658370 0.541953 0.659587 0.541197 0.660725 0.540223 0.661780 0.539033 0.662672 0.537410 0.662835 0.535787 0.662428
0 0.499800 0.675432 0.500553 0.673740 0.501307 0.671933 0.502210 0.670350 0.503113 0.668768 0.504020 0.667072 0.505223 0.665605 0.506730 0.664250 0.508537 0.663120 0.510497 0.661990 0.512453 0.660860 0.514563 0.659955 0.516823 0.659617 0.519083 0.659165 0.521040 0.660070 0.521643 0.661763 0.521943 0.663570 0.522397 0.665265 0.523000 0.666960 0.522233 0.668325 0.521633 0.669900 0.520900 0.671375 0.519833 0.672825 0.518633 0.674425 0.517133 0.675550 0.515617 0.677468 0.514110 0.678935 0.512603 0.680292 0.510797 0.681535 0.508840 0.682550 0.506730 0.683342 0.504470 0.683455 0.502210 0.683003 0.501007 0.681535 0.499800 0.680065 0.499197 0.678145 0.499500 0.676450
0 0.422233 0.651825 0.419510 0.647940 0.417493 0.644413 0.417160 0.640633 0.419173 0.637105 0.421190 0.633578 0.423600 0.630350 0.427567 0.629000 0.432000 0.629950 0.433287 0.632822 0.432950 0.636600 0.432613 0.640380 0.432277 0.644160 0.429590 0.647437 0.425367 0.649900
0 0.517900 0.735295 0.521633 0.731970 0.522100 0.729345 0.521867 0.726720 0.521867 0.723920 0.521867 0.721120 0.521867 0.718320 0.521167 0.715695 0.520467 0.713070 0.518367 0.710795 0.516267 0.708520 0.513700 0.706595 0.510200 0.707120 0.507633 0.709220 0.505533 0.711495 0.505067 0.713950 0.505067 0.716400 0.504133 0.719025 0.504367 0.721475 0.505533 0.723750 0.506233 0.726900 0.506233 0.729350 0.506700 0.731975 0.507867 0.733200 0.511133 0.735125 0.514633 0.735650
0 0.468200 0.732670 0.466333 0.730395 0.464467 0.727945 0.463533 0.725320 0.463300 0.722695 0.463767 0.720070 0.464467 0.717445 0.465633 0.714820 0.467033 0.712195 0.468900 0.709920 0.471933 0.708520 0.475433 0.708170 0.478000 0.710095 0.478700 0.712720 0.479167 0.715345 0.479400 0.717970 0.478933 0.720595 0.478933 0.723395 0.478000 0.726020 0.476833 0.728645 0.474033 0.730395 0.471233 0.732145 0.468900 0.732845
0 0.435303 0.730220 0.438803 0.729345 0.442303 0.728470 0.445803 0.728645 0.449300 0.729345 0.452800 0.730045 0.456300 0.730570 0.459800 0.731270 0.463067 0.732320 0.465867 0.734070 0.468433 0.735995 0.469833 0.738445 0.469367 0.741070 0.466333 0.742470 0.462833 0.742820 0.459100 0.742995 0.455600 0.742820 0.452100 0.742295 0.448600 0.741420 0.445103 0.740895 0.441603 0.740020 0.438570 0.738445 0.436237 0.736345 0.434370 0.734070 0.432970 0.731620
0 0.420370 0.702220 0.423870 0.702570 0.427137 0.703620 0.430870 0.704845 0.433203 0.706945 0.436003 0.708870 0.437870 0.711145 0.439970 0.713420 0.441837 0.715695 0.442770 0.718320 0.442303 0.720945 0.441137 0.723570 0.438103 0.725145 0.434370 0.725670 0.430870 0.724970 0.428070 0.723220 0.425270 0.721470 0.422937 0.719370 0.420137 0.717445 0.418037 0.715170 0.416637 0.712720 0.415937 0.710095 0.415703 0.707470 0.416403 0.704845
