0 0.441803 0.583557 0.444243 0.582773 0.446510 0.581595 0.448773 0.580420 0.451213 0.579505 0.453653 0.578720 0.456270 0.578065 0.458883 0.577543 0.461673 0.576890 0.464287 0.576235 0.467073 0.576235 0.469513 0.577150 0.471257 0.578720 0.471257 0.580812 0.470560 0.582773 0.469513 0.584602 0.468120 0.586303 0.466203 0.587740 0.463937 0.588915 0.461673 0.590485 0.459580 0.591793 0.457313 0.592967 0.454873 0.594275 0.452433 0.595060 0.449820 0.595583 0.447207 0.595975 0.444590 0.596235 0.441630 0.596235 0.439013 0.595975 0.436750 0.594797 0.435353 0.593097 0.435353 0.591008 0.436400 0.589048 0.437970 0.587348 0.439363 0.585647
0 0.421940 0.562163 0.423623 0.561112 0.425443 0.560270 0.427543 0.559955 0.429643 0.559850 0.431743 0.560375 0.432863 0.561742 0.433423 0.563318 0.433563 0.564997 0.433983 0.566573 0.434123 0.568253 0.434123 0.569935 0.434123 0.571615 0.433983 0.573190 0.433843 0.574765 0.433563 0.576340 0.433003 0.577915 0.432443 0.579492 0.431603 0.580962 0.430343 0.582327 0.428523 0.583273 0.427403 0.584638 0.427123 0.586213 0.425303 0.587052 0.423623 0.588210 0.421380 0.588210 0.419560 0.587367 0.418440 0.586003 0.417600 0.584533 0.416760 0.583063 0.416200 0.581487 0.415780 0.578862 0.415640 0.577285 0.415920 0.575710 0.416200 0.574135 0.416900 0.572560 0.417600 0.570985 0.418020 0.569408 0.418580 0.567832 0.419560 0.566362 0.420400 0.564893 0.421380 0.563423 0.421520 0.563213
0 0.354763 0.545875 0.357387 0.544330 0.359823 0.543205 0.362637 0.543485 0.364700 0.545033 0.366950 0.546580 0.368073 0.548547 0.368260 0.550798 0.368823 0.552905 0.369197 0.555015 0.369010 0.557125 0.369010 0.559375 0.368637 0.561482 0.368260 0.563592 0.367323 0.565700 0.366950 0.567810 0.366387 0.569920 0.364510 0.571747 0.361700 0.571887 0.358887 0.571185 0.356450 0.569920 0.354577 0.568232 0.353077 0.566263 0.352137 0.564155 0.351200 0.561905 0.350827 0.559795 0.350827 0.557545 0.350637 0.555297 0.350637 0.553048 0.351387 0.550937 0.352137 0.548828
0 0.375347 0.543880 0.375533 0.543457 0.374033 0.541630 0.373097 0.539520 0.371787 0.537552 0.371037 0.535443 0.370473 0.533192 0.370847 0.531085 0.371597 0.528975 0.372723 0.527008 0.374033 0.525038 0.375533 0.523210 0.378723 0.523210 0.381160 0.524335 0.383033 0.526162 0.385097 0.527710 0.386597 0.529537 0.387720 0.531505 0.388470 0.533615 0.389220 0.535725 0.389407 0.537832 0.389783 0.539942 0.389970 0.542053 0.389597 0.544160 0.388470 0.546130 0.386407 0.547675 0.383597 0.548378 0.380783 0.547957 0.378160 0.546972 0.376660 0.545145
0 0.477370 0.503735 0.479610 0.502262 0.479470 0.502367 0.481710 0.501528 0.483670 0.500897 0.485770 0.500478 0.487593 0.499533 0.489553 0.498798 0.491933 0.498587 0.494033 0.498377 0.496273 0.498273 0.498513 0.498273 0.500617 0.498482 0.502717 0.498798 0.504817 0.499007 0.506917 0.499533 0.508597 0.500582 0.510277 0.501633 0.511120 0.503208 0.511820 0.504785 0.511960 0.506360 0.511680 0.507935 0.510557 0.509405 0.508737 0.510350 0.506777 0.510980 0.504677 0.511400 0.502717 0.512030 0.500617 0.512242 0.498513 0.512347 0.496273 0.512347 0.494173 0.512452 0.492073 0.512557 0.489973 0.512663 0.487733 0.512663 0.485630 0.512557 0.483530 0.511925 0.481850 0.510875 0.480310 0.509720 0.478770 0.508460 0.477790 0.506990 0.477230 0.505415
0 0.534783 0.512977 0.536607 0.512135 0.538147 0.510980 0.539267 0.509615 0.539547 0.508040 0.539967 0.506465 0.540107 0.504890 0.540247 0.503315 0.540247 0.501633 0.540387 0.500058 0.540387 0.498377 0.540107 0.496803 0.539687 0.495228 0.538847 0.493650 0.537727 0.492285 0.536607 0.490920 0.535487 0.489450 0.533103 0.488610 0.531423 0.487560 0.529323 0.488295 0.527783 0.489450 0.526663 0.490815 0.525543 0.492180 0.524563 0.493650 0.524143 0.495228 0.524143 0.496908 0.524003 0.498482 0.523863 0.500058 0.524003 0.501633 0.524003 0.503315 0.524423 0.504890 0.525123 0.506465 0.525823 0.508040 0.526383 0.509615 0.527223 0.511085 0.528903 0.512135 0.530863 0.512872 0.532963 0.513293
0 0.475953 0.504215 0.477987 0.501165 0.479150 0.497897 0.478860 0.494632 0.477407 0.491365 0.475663 0.488098 0.473923 0.485048 0.471600 0.482217 0.467823 0.480475 0.463760 0.478950 0.459403 0.478297 0.458823 0.480693 0.457370 0.483960 0.457370 0.487445 0.457950 0.490712 0.459983 0.494195 0.461143 0.496592 0.462307 0.499858 0.465210 0.502690 0.468987 0.504650 0.473340 0.505520
0 0.458737 0.470235 0.458217 0.468770 0.457957 0.467307 0.457307 0.465647 0.457177 0.464182 0.457437 0.462717 0.458607 0.461448 0.460300 0.460668 0.462253 0.460375 0.463947 0.461155 0.465767 0.461837 0.467590 0.462425 0.469283 0.463303 0.470977 0.464085 0.472537 0.465158 0.473450 0.466525 0.474230 0.467892 0.475663 0.469065 0.477093 0.470235 0.478397 0.471603 0.479567 0.472873 0.480870 0.474045 0.481667 0.475250 0.482733 0.476550 0.482967 0.477875 0.482600 0.479550 0.481910 0.480878 0.480610 0.482050 0.478787 0.482735 0.476963 0.483320 0.475010 0.483222 0.473190 0.482538 0.471497 0.481660 0.469933 0.480683 0.468503 0.479610 0.467460 0.478340 0.466027 0.477168 0.464207 0.476582 0.462903 0.475313 0.462123 0.473945 0.461500 0.472625 0.460100 0.471450
0 0.392060 0.455923 0.394243 0.452643 0.395183 0.449128 0.399553 0.447488 0.403617 0.449362 0.407363 0.451705 0.410800 0.454283 0.412360 0.458030 0.413610 0.461545 0.415487 0.465058 0.416733 0.468573 0.417047 0.472087 0.416733 0.475600 0.413300 0.478413 0.408613 0.478645 0.404867 0.476303 0.400803 0.473960 0.398307 0.470915 0.396743 0.467400 0.395493 0.463888 0.393620 0.460608 0.392997 0.459203
0 0.344893 0.488720 0.345830 0.484970 0.347080 0.481457 0.347703 0.477942 0.349577 0.474663 0.352703 0.471853 0.356763 0.469978 0.360823 0.467870 0.365507 0.467400 0.367693 0.470680 0.368007 0.474195 0.368007 0.477942 0.367383 0.481457 0.365507 0.484737 0.363010 0.487783 0.360197 0.490827 0.357387 0.493872 0.352703 0.494810 0.348017 0.493640 0.344893 0.490827
0 0.488380 0.394217 0.488380 0.394217 0.487030 0.393205 0.485340 0.392867 0.483653 0.392615 0.482980 0.391433 0.482640 0.390168 0.482190 0.388900 0.481627 0.387635 0.481177 0.386370 0.480727 0.385103 0.480277 0.383837 0.480053 0.382572 0.480053 0.381223 0.480053 0.379873 0.480167 0.378605 0.480390 0.377170 0.480617 0.375820 0.480840 0.374555 0.481067 0.373290 0.481403 0.372022 0.481740 0.370758 0.482303 0.369493 0.482753 0.368225 0.484217 0.366875 0.485680 0.366033 0.486690 0.364935 0.488153 0.364175 0.489843 0.364005 0.491753 0.364005 0.493443 0.364260 0.494793 0.365187 0.494907 0.366452 0.495357 0.367720 0.495917 0.368985 0.496367 0.370250 0.496930 0.371600 0.497493 0.372868 0.497943 0.374217 0.497943 0.375567 0.497943 0.377003 0.497943 0.378353 0.497943 0.379702 0.497830 0.381137 0.497830 0.382488 0.497830 0.383837 0.497270 0.385103 0.496257 0.386200 0.495130 0.387298 0.494007 0.388310 0.493107 0.389408 0.492207 0.390505 0.491193 0.391603 0.490403 0.392783 0.489730 0.393965
0 0.391273 0.559010 0.392393 0.557540 0.393373 0.556070 0.394213 0.554600 0.396033 0.553655 0.398133 0.553445 0.400097 0.554285 0.402057 0.554915 0.403877 0.555755 0.405557 0.556805 0.406957 0.558065 0.408077 0.559535 0.409197 0.560903 0.410037 0.562372 0.410737 0.563948 0.411160 0.565523 0.411440 0.567097 0.411580 0.568673 0.411580 0.570355 0.411720 0.571930 0.412000 0.573505 0.412140 0.575080 0.412280 0.576655 0.411300 0.578230 0.409617 0.579283 0.407657 0.580018 0.405417 0.580018 0.403317 0.579913 0.401357 0.579283 0.399537 0.578335 0.397853 0.577180 0.396453 0.575920 0.395613 0.574345 0.394493 0.572875 0.393513 0.571405 0.393093 0.569830 0.392253 0.568357 0.391553 0.566678 0.390853 0.565102 0.390713 0.563528 0.390993 0.561952
0 0.432433 0.368285 0.432433 0.366935 0.432997 0.365668 0.434233 0.364740 0.435923 0.364572 0.437610 0.364318 0.439297 0.364488 0.440760 0.365163 0.442110 0.366090 0.443460 0.366935 0.444587 0.367947 0.445487 0.369045 0.446500 0.370140 0.447623 0.371237 0.448523 0.372335 0.449650 0.373347 0.450663 0.374445 0.451450 0.375628 0.452127 0.376808 0.453027 0.377905 0.453250 0.379170 0.453927 0.380437 0.454827 0.381535 0.455500 0.382715 0.456177 0.383898 0.456290 0.385163 0.455727 0.386428 0.454827 0.387610 0.454263 0.388960 0.453250 0.390058 0.451227 0.390562 0.449537 0.390395 0.447850 0.390480 0.446050 0.390562 0.444360 0.390480 0.442900 0.389805 0.442000 0.388707 0.440873 0.387610 0.439973 0.386512 0.439073 0.385415 0.437610 0.384572 0.436597 0.383390 0.436037 0.382125 0.435133 0.380858 0.434233 0.379763 0.433560 0.378580 0.432997 0.377315 0.432433 0.376048 0.432210 0.374698 0.431983 0.373433 0.432433 0.372168 0.432883 0.370900 0.433110 0.369635 0.432547 0.368370
0 0.437387 0.349635 0.438397 0.347863 0.438847 0.346598 0.440423 0.346005 0.442000 0.346598 0.443460 0.345920 0.445037 0.346513 0.446500 0.347187 0.447963 0.348030 0.449423 0.348875 0.450663 0.349803 0.451900 0.350815 0.452687 0.351998 0.453477 0.353178 0.454263 0.354360 0.455163 0.355457 0.455950 0.356637 0.456740 0.357820 0.457640 0.359003 0.458540 0.360098 0.459100 0.361365 0.459553 0.362630 0.459777 0.363897 0.460003 0.365163 0.460227 0.366428 0.460227 0.367777 0.459663 0.369045 0.459100 0.370310 0.457750 0.371155 0.456513 0.372082 0.454940 0.372673 0.453250 0.372505 0.451563 0.372335 0.450100 0.371493 0.448750 0.370647 0.447513 0.369635 0.446273 0.368623 0.445037 0.367525 0.444137 0.366428 0.442900 0.365500 0.441550 0.364655 0.440310 0.363642 0.439410 0.362545 0.438623 0.361365 0.437837 0.360183 0.437160 0.359003 0.436710 0.357735 0.436260 0.356470 0.436147 0.355205 0.435810 0.353938 0.435697 0.352672 0.436260 0.351408 0.436710 0.350140
0 0.413230 0.268367 0.412360 0.265103 0.412070 0.261835 0.411490 0.258568 0.412940 0.255302 0.417587 0.254648 0.421653 0.256390 0.425137 0.258568 0.426300 0.261825 0.428333 0.264450 0.429767 0.267925 0.430667 0.271625 0.430933 0.274675 0.430363 0.277952 0.426880 0.280565 0.422523 0.280130 0.418747 0.278170 0.415843 0.275555 0.414393 0.272290
0 0.470210 0.334940 0.469647 0.334800 0.471333 0.332830 0.471897 0.330723 0.472647 0.328613 0.473020 0.326505 0.473397 0.324255 0.473770 0.322145 0.473770 0.319895 0.473957 0.317788 0.473583 0.315677 0.472833 0.313567 0.471333 0.311740 0.469647 0.309913 0.467583 0.308365 0.465333 0.306960 0.462523 0.307240 0.462710 0.307100 0.461067 0.308550 0.458960 0.310195 0.457837 0.312302 0.457087 0.314413 0.456897 0.316520 0.456523 0.318630 0.456337 0.320740 0.456337 0.322990 0.456710 0.325098 0.457273 0.327207 0.458167 0.328850 0.459067 0.331075 0.460467 0.333000 0.461933 0.334450 0.464167 0.335300 0.466900 0.334975
0 0.416173 0.341863 0.415470 0.340077 0.414630 0.338502 0.413510 0.337137 0.413370 0.335560 0.413510 0.333985 0.413650 0.332305 0.413930 0.330730 0.414210 0.329155 0.414210 0.327472 0.414350 0.325688 0.414770 0.324113 0.415470 0.322433 0.416453 0.320962 0.417713 0.319598 0.419400 0.318750 0.421067 0.317800 0.423167 0.317600 0.425133 0.317705 0.427093 0.318440 0.428497 0.319703 0.429057 0.321277 0.429617 0.322853 0.430037 0.324428 0.430877 0.325898 0.431157 0.327472 0.431017 0.329050 0.431157 0.330625 0.431577 0.332305 0.431577 0.333985 0.431577 0.335665 0.431157 0.337243 0.430597 0.338817 0.429057 0.340077 0.427373 0.341232 0.426533 0.342702 0.425973 0.344277 0.425273 0.345855 0.424433 0.347325 0.422333 0.347535 0.420373 0.346695 0.418413 0.346065 0.417013 0.344697 0.416873 0.343122
0 0.368293 0.367233 0.367590 0.364608 0.367123 0.361983 0.367823 0.359357 0.368290 0.356733 0.368757 0.354108 0.370157 0.351658 0.371790 0.349208 0.374123 0.347108 0.377623 0.346408 0.380890 0.347457 0.383223 0.349558 0.384390 0.352183 0.384157 0.354807 0.383457 0.357432 0.383223 0.360058 0.383223 0.362857 0.382990 0.365483 0.381590 0.367932 0.379723 0.370207 0.377857 0.372482 0.374590 0.373707 0.370857 0.373707 0.369223 0.371258 0.369223 0.368457
0 0.388823 0.363033 0.389200 0.359950 0.389833 0.357250 0.391433 0.355075 0.394467 0.353500 0.396523 0.351307 0.399323 0.349558 0.402500 0.350525 0.404267 0.353150 0.405390 0.355683 0.406090 0.358308 0.406323 0.360932 0.406323 0.363908 0.406090 0.366533 0.405157 0.369158 0.403990 0.371783 0.401190 0.373533 0.398390 0.375283 0.394890 0.375632 0.391857 0.374057 0.390267 0.371100 0.389700 0.368675 0.389800 0.366250 0.388900 0.363900
0 0.546010 0.578355 0.547037 0.576393 0.548100 0.574562 0.549477 0.572732 0.551220 0.571165 0.552963 0.572732 0.554183 0.574562 0.555597 0.576263 0.556800 0.578093 0.556990 0.580052 0.556640 0.582015 0.556640 0.584235 0.556467 0.586198 0.556120 0.588157 0.556120 0.590250 0.555770 0.592210 0.555597 0.594170 0.555247 0.596130 0.554900 0.598093 0.552283 0.598615 0.549653 0.598745 0.547267 0.597850 0.546600 0.596575 0.546233 0.594900 0.545967 0.592900 0.545567 0.590325 0.545567 0.588800 0.545167 0.586800 0.545167 0.583025 0.545140 0.581490
0 0.508190 0.561622 0.508537 0.559663 0.509060 0.557700 0.509567 0.555740 0.510090 0.553780 0.511310 0.552472 0.513923 0.551950 0.516557 0.551558 0.518803 0.552602 0.520893 0.553910 0.522637 0.555477 0.523857 0.557307 0.524573 0.559400 0.525443 0.561753 0.526123 0.563712 0.527013 0.565675 0.527343 0.567765 0.527343 0.569857 0.526663 0.571817 0.526473 0.573778 0.526123 0.575740 0.524920 0.577570 0.523510 0.579270 0.521417 0.580575 0.518803 0.580185 0.516557 0.578878 0.514987 0.577178 0.512897 0.575870 0.511310 0.574170 0.510280 0.572340 0.509567 0.570380 0.508870 0.568420 0.508693 0.566457 0.508693 0.564237
0 0.422667 0.703153 0.424883 0.701490 0.427103 0.699675 0.428717 0.697708 0.429523 0.695440 0.430733 0.693322 0.431540 0.691052 0.432143 0.688785 0.432750 0.686518 0.432950 0.684247 0.433353 0.681980 0.433153 0.679710 0.432750 0.677442 0.431943 0.675173 0.430530 0.673055 0.427707 0.671997 0.424683 0.671845 0.421657 0.672602 0.420650 0.674870 0.419440 0.676987 0.418430 0.679408 0.417423 0.681678 0.416817 0.683945 0.416010 0.686215 0.415810 0.688482 0.415607 0.690750 0.415607 0.693170 0.416617 0.695440 0.417423 0.697708 0.418027 0.699977 0.419440 0.702095
0 0.442430 0.678198 0.440010 0.676535 0.437993 0.674720 0.435773 0.672905 0.434563 0.670787 0.433557 0.668517 0.432750 0.666250 0.432733 0.663975 0.432733 0.661700 0.432967 0.659750 0.433167 0.657175 0.433757 0.654755 0.435977 0.652940 0.438397 0.651428 0.441420 0.651278 0.444447 0.651730 0.445657 0.653847 0.447067 0.655965 0.448073 0.658385 0.448680 0.660653 0.448880 0.663072 0.449083 0.665342 0.449487 0.667610 0.449083 0.669880 0.447873 0.671997 0.446060 0.673963 0.444850 0.676080
0 0.482430 0.640117 0.482257 0.639987 0.481383 0.638025 0.481037 0.636065 0.481037 0.633842 0.481383 0.631883 0.482430 0.630053 0.484173 0.628352 0.485567 0.626653 0.486960 0.624955 0.488530 0.623255 0.490447 0.621687 0.492537 0.620380 0.494977 0.619595 0.497593 0.619332 0.500207 0.619465 0.502300 0.620773 0.502997 0.622732 0.502997 0.624822 0.502473 0.626785 0.501777 0.628875 0.501253 0.630837 0.500557 0.632798 0.499510 0.634628 0.498117 0.636327 0.496373 0.638025 0.494280 0.639462 0.492017 0.640510 0.489577 0.641293 0.486960 0.642077 0.484347 0.642340 0.481907 0.641555
0 0.462840 0.622040 0.461620 0.620210 0.460747 0.618247 0.460573 0.616287 0.460573 0.614195 0.460573 0.611975 0.460400 0.609883 0.460400 0.607790 0.460923 0.605830 0.462143 0.603740 0.463537 0.601648 0.464930 0.599818 0.467370 0.598903 0.469987 0.598773 0.472600 0.599425 0.474167 0.601125 0.475040 0.603085 0.475910 0.605045 0.476260 0.607008 0.476433 0.608967 0.476260 0.612497 0.475387 0.614457 0.474867 0.616418 0.474343 0.618380 0.474167 0.620340 0.472427 0.621908 0.470507 0.623478 0.468067 0.624263 0.465453 0.624130
0 0.416373 0.636327 0.416373 0.636327 0.414980 0.634628 0.413933 0.632798 0.412713 0.630837 0.411670 0.629008 0.411320 0.626915 0.411843 0.624955 0.412017 0.622992 0.412890 0.620903 0.413760 0.618940 0.413933 0.616980 0.414807 0.614890 0.416200 0.613190 0.418467 0.612145 0.420907 0.611360 0.423520 0.610575 0.426133 0.610967 0.427180 0.612797 0.428227 0.614628 0.429097 0.616587 0.429620 0.618550 0.429620 0.621295 0.429620 0.623518 0.429793 0.625607 0.429793 0.627700 0.429793 0.629923 0.428750 0.631753 0.427530 0.633713 0.425610 0.635413 0.424043 0.637110 0.422127 0.638680 0.419510 0.638548
0 0.457683 0.530685 0.459897 0.530980 0.461850 0.531273 0.463803 0.531857 0.465753 0.532150 0.467577 0.532835 0.469140 0.533810 0.470703 0.534787 0.472263 0.535763 0.473567 0.537033 0.474997 0.538107 0.476170 0.539375 0.477603 0.540450 0.478773 0.541720 0.479553 0.543087 0.480337 0.544453 0.481117 0.545820 0.481507 0.547285 0.481637 0.548750 0.481767 0.550215 0.480337 0.551385 0.479033 0.552558 0.476950 0.552558 0.474867 0.552460 0.472783 0.552460 0.470833 0.552265 0.468880 0.551972 0.466927 0.551482 0.464973 0.551092 0.463280 0.550312 0.461850 0.549237 0.460417 0.548165 0.458983 0.547090 0.457553 0.545918 0.456120 0.544747 0.454690 0.543575 0.453257 0.542500 0.452217 0.541133 0.451433 0.539768 0.450783 0.538205 0.450393 0.536740 0.450783 0.535275 0.451043 0.533810 0.451693 0.532345 0.453517 0.531663 0.455470 0.531077
0 0.416217 0.556667 0.415697 0.555202 0.414917 0.553837 0.414277 0.552275 0.414003 0.550712 0.414657 0.549150 0.415177 0.547685 0.415437 0.546220 0.415827 0.544755 0.416360 0.543293 0.417000 0.541828 0.417650 0.540362 0.418573 0.538995 0.419603 0.537628 0.420643 0.536360 0.421947 0.535090 0.423900 0.534992 0.425983 0.534992 0.428063 0.534992 0.430017 0.535383 0.430277 0.536847 0.430277 0.538410 0.430410 0.539875 0.431190 0.541240 0.431983 0.542802 0.432620 0.544268 0.432360 0.545732 0.431983 0.547198 0.431983 0.548760 0.431853 0.550225 0.431580 0.551687 0.430800 0.553055 0.430017 0.554423 0.429237 0.555790 0.428457 0.557157 0.427557 0.558523 0.426373 0.559793 0.424680 0.560575 0.422597 0.560867 0.420513 0.560867 0.418573 0.560770 0.417650 0.559403 0.416620 0.558035
0 0.481423 0.539510 0.481527 0.538335 0.481317 0.537080 0.480690 0.535903 0.480167 0.534725 0.479750 0.533548 0.479433 0.532372 0.479433 0.530960 0.479433 0.529625 0.479540 0.528450 0.480273 0.527115 0.481110 0.526018 0.481630 0.524840 0.482153 0.523663 0.482783 0.522565 0.483410 0.521388 0.484037 0.520290 0.484667 0.519112 0.485293 0.517935 0.486130 0.516918 0.487070 0.516602 0.488537 0.516133 0.490103 0.515975 0.491570 0.516445 0.493137 0.516918 0.494497 0.517545 0.495753 0.518327 0.496487 0.519428 0.497113 0.520525 0.497323 0.521780 0.497427 0.522957 0.497323 0.524212 0.497217 0.525390 0.497217 0.526645 0.496693 0.527822 0.496277 0.528997 0.495963 0.530253 0.495440 0.531510 0.494917 0.532685 0.494290 0.533785 0.493557 0.534883 0.492823 0.535980 0.491987 0.537000 0.490837 0.537942 0.489477 0.538727 0.488223 0.539510 0.486863 0.540140 0.485293 0.540530 0.483830 0.541080 0.482153 0.541080 0.481317 0.540060
0 0.432393 0.500015 0.434200 0.498772 0.436160 0.497870 0.438570 0.497870 0.440830 0.498323 0.443390 0.498772 0.445650 0.499113 0.447757 0.499790 0.449717 0.500695 0.451673 0.501822 0.453633 0.502727 0.455590 0.503630 0.457550 0.504988 0.459357 0.506117 0.461163 0.507360 0.462973 0.508490 0.464480 0.509845 0.465833 0.511312 0.466137 0.512997 0.466287 0.514815 0.465683 0.516500 0.464630 0.518092 0.462520 0.518883 0.460260 0.519447 0.458000 0.519560 0.455590 0.519107 0.453483 0.518430 0.451223 0.517855 0.449113 0.516950 0.447157 0.515945 0.445197 0.514815 0.443090 0.513912 0.441130 0.512997 0.439173 0.512092 0.437517 0.510862 0.435857 0.509620 0.434353 0.508038 0.433447 0.506455 0.432847 0.504760 0.432243 0.503068
