0 0.485093 0.536888 0.485093 0.536888 0.483227 0.534612 0.481593 0.532162 0.481360 0.529537 0.480893 0.526737 0.480893 0.523937 0.481127 0.521312 0.482293 0.518513 0.483227 0.515888 0.485093 0.513440 0.488360 0.512215 0.492093 0.512215 0.495360 0.513440 0.496993 0.515888 0.497460 0.518513 0.497927 0.521138 0.498160 0.523763 0.498393 0.526388 0.497460 0.529012 0.496060 0.531462 0.494893 0.534087 0.492560 0.536188 0.489527 0.537587
0 0.375973 0.258330 0.379460 0.255935 0.382653 0.253320 0.386430 0.251142 0.390493 0.249618 0.394850 0.248092 0.399497 0.247440 0.403850 0.247875 0.407047 0.250273 0.406463 0.253537 0.404143 0.256370 0.402400 0.259635 0.398623 0.261815 0.394850 0.263993 0.391947 0.266605 0.387590 0.267695 0.382943 0.268348 0.378587 0.267478 0.375103 0.265298 0.374233 0.262033
0 0.405130 0.301015 0.405420 0.301233 0.408323 0.298620 0.412680 0.297530 0.417033 0.298185 0.419357 0.301015 0.421100 0.304500 0.421390 0.307767 0.421970 0.311035 0.422553 0.314300 0.422553 0.317785 0.420520 0.320835 0.417327 0.323447 0.412970 0.322577 0.410357 0.319745 0.407453 0.316915 0.406000 0.313647 0.404550 0.310163 0.403677 0.306895 0.405130 0.303630
0 0.451183 0.296225 0.453507 0.293393 0.457573 0.291868 0.461927 0.291650 0.464540 0.294483 0.467153 0.297530 0.468897 0.300580 0.470640 0.303630 0.470640 0.307333 0.470060 0.310598 0.468317 0.313647 0.466573 0.316697 0.462800 0.318658 0.458733 0.317350 0.455830 0.314738 0.453507 0.311905 0.451763 0.308855 0.451183 0.305590 0.450893 0.302322
0 0.365230 0.336950 0.366103 0.333682 0.368133 0.330635 0.370457 0.327585 0.374233 0.325408 0.378587 0.324972 0.380330 0.328240 0.382073 0.331288 0.383233 0.334555 0.383523 0.338257 0.382653 0.341525 0.380330 0.344355 0.376847 0.346967 0.373943 0.349582 0.369587 0.349365 0.366683 0.346750 0.364940 0.343702 0.364940 0.340217
0 0.474413 0.319527 0.475287 0.316260 0.477027 0.313213 0.480803 0.311035 0.485450 0.311035 0.489223 0.312775 0.492710 0.315608 0.494450 0.318875 0.495030 0.322360 0.495323 0.325625 0.494740 0.328892 0.495600 0.332375 0.494167 0.335650 0.488933 0.337600 0.484287 0.337168 0.480803 0.335645 0.480803 0.335863 0.477900 0.333248 0.476447 0.329983 0.474997 0.326715 0.474703 0.323447
0 0.510130 0.327368 0.505777 0.327150 0.503743 0.324100 0.501130 0.321270 0.499677 0.318003 0.498807 0.314738 0.498807 0.311252 0.498807 0.307767 0.501130 0.304935 0.502873 0.301887 0.506937 0.300363 0.511003 0.302105 0.514487 0.304500 0.516230 0.307550 0.517680 0.310815 0.518553 0.314082 0.518553 0.317568 0.517973 0.320835 0.516230 0.324100 0.512453 0.325842
0 0.524360 0.326062 0.522910 0.322795 0.521457 0.319310 0.520293 0.316043 0.520587 0.312775 0.520877 0.309510 0.522327 0.306243 0.524940 0.303413 0.529007 0.301887 0.533073 0.303413 0.535977 0.306025 0.537717 0.309293 0.538590 0.312557 0.538880 0.315825 0.537427 0.319092 0.536267 0.322360 0.533943 0.325190 0.532200 0.328240 0.527843 0.328457
0 0.439597 0.368965 0.438197 0.366515 0.437030 0.363890 0.436563 0.361265 0.435863 0.358640 0.435630 0.356015 0.436097 0.353215 0.436097 0.350415 0.436563 0.347790 0.437497 0.345165 0.439363 0.342890 0.442863 0.342015 0.446363 0.341665 0.449627 0.342890 0.451493 0.345515 0.452660 0.348315 0.453360 0.350940 0.453360 0.353740 0.452427 0.356365 0.452193 0.358990 0.451260 0.361615 0.448927 0.364065 0.446597 0.366340 0.445197 0.368790
0 0.457093 0.364695 0.457093 0.364695 0.455927 0.362070 0.455927 0.359095 0.456160 0.356470 0.456393 0.353845 0.457093 0.351045 0.458493 0.348245 0.460360 0.345620 0.462227 0.343345 0.464793 0.341420 0.468293 0.340895 0.471093 0.342820 0.472727 0.345270 0.473427 0.347895 0.474827 0.350345 0.475293 0.353145 0.475060 0.355945 0.474827 0.358570 0.474360 0.361545 0.472260 0.363995 0.469927 0.366270 0.468293 0.368720 0.465260 0.370295 0.461760 0.369420 0.458493 0.368020
0 0.476227 0.380515 0.475993 0.377890 0.475760 0.375265 0.475060 0.372640 0.476227 0.370015 0.478093 0.367740 0.479960 0.365465 0.480660 0.363365 0.482060 0.360915 0.485093 0.359515 0.488127 0.360915 0.490227 0.363365 0.491627 0.365990 0.492560 0.368790 0.492793 0.371415 0.492560 0.374040 0.492327 0.376665 0.491627 0.379290 0.490927 0.382090 0.489993 0.384715 0.487193 0.386465 0.483693 0.387340 0.480193 0.387515 0.476927 0.386290 0.475760 0.383665
0 0.433297 0.395562 0.432830 0.392940 0.433063 0.390315 0.434463 0.387690 0.436797 0.385590 0.439130 0.383490 0.441230 0.381215 0.443563 0.379115 0.446363 0.377365 0.449393 0.375965 0.452893 0.375615 0.456160 0.376665 0.458727 0.378590 0.460360 0.381040 0.460593 0.383665 0.460360 0.386290 0.458727 0.388740 0.456627 0.391015 0.454060 0.393115 0.451727 0.395215 0.448927 0.396962 0.446130 0.398712 0.438430 0.399762 0.434697 0.399762 0.434463 0.399587
0 0.482467 0.401418 0.482467 0.399473 0.481817 0.397650 0.481817 0.395705 0.481980 0.393882 0.482467 0.392060 0.483437 0.390358 0.484573 0.388658 0.486517 0.387443 0.488947 0.386592 0.491540 0.386470 0.493970 0.387320 0.495913 0.388535 0.496723 0.390480 0.497373 0.392302 0.497860 0.394248 0.498343 0.396070 0.498507 0.397892 0.498507 0.399837 0.498507 0.401783 0.498343 0.403605 0.497860 0.405427 0.497210 0.407250 0.496237 0.408952 0.496237 0.411017 0.495590 0.412840 0.493807 0.414178 0.491377 0.413935 0.488947 0.413325 0.487003 0.412110 0.485870 0.410410 0.485220 0.408587 0.484087 0.406765 0.483437 0.404940
0 0.482627 0.406277 0.480197 0.406520 0.477930 0.407492 0.476310 0.408952 0.474850 0.410530 0.474040 0.412475 0.473230 0.414298 0.472907 0.416243 0.472583 0.418065 0.472420 0.419887 0.472257 0.421710 0.472257 0.423655 0.472257 0.425600 0.472583 0.427423 0.473717 0.429125 0.474850 0.430825 0.476957 0.431798 0.479227 0.432527 0.481817 0.432527 0.484087 0.431675 0.485543 0.430095 0.486840 0.428273 0.487490 0.426207 0.487650 0.424262 0.487650 0.422320 0.487650 0.420375 0.487973 0.418552 0.488300 0.416730 0.488623 0.414905 0.488300 0.413082 0.487650 0.411260 0.486353 0.409680 0.485220 0.407980
0 0.492673 0.416365 0.493970 0.414785 0.495590 0.413205 0.497697 0.412110 0.499803 0.411137 0.502070 0.410410 0.504663 0.409803 0.507093 0.409315 0.509687 0.408830 0.512117 0.408465 0.514547 0.408223 0.517140 0.408223 0.519570 0.408100 0.522327 0.408100 0.524757 0.408342 0.527023 0.409195 0.529130 0.410410 0.530263 0.412110 0.530750 0.414178 0.530103 0.416120 0.528157 0.417457 0.526213 0.418673 0.524107 0.419767 0.521840 0.420618 0.519410 0.421348 0.516977 0.421832 0.514387 0.421832 0.511957 0.421955 0.509523 0.422440 0.506933 0.422440 0.504503 0.422320 0.502070 0.421955 0.499803 0.421225 0.497373 0.420740 0.494943 0.420133 0.493160 0.418673
0 0.360040 0.439872 0.363400 0.434832 0.363737 0.431053 0.364073 0.427272 0.362730 0.423492 0.361383 0.419712 0.359703 0.415932 0.355000 0.414420 0.351977 0.414925 0.347943 0.417445 0.345930 0.420973 0.343913 0.424500 0.344250 0.428280 0.344920 0.432060 0.345930 0.435840 0.349623 0.438613 0.354330 0.440375 0.358360 0.440628
0 0.410440 0.418705 0.415480 0.417445 0.420517 0.418705 0.423877 0.422233 0.426567 0.425507 0.429253 0.428785 0.430597 0.432565 0.431943 0.436345 0.431607 0.440125 0.428247 0.443147 0.423543 0.441635 0.418837 0.439872 0.415480 0.436847 0.412790 0.433572 0.410773 0.430045 0.408760 0.426517 0.408760 0.422485
0 0.499557 0.433557 0.499773 0.433233 0.501507 0.431117 0.502593 0.428677 0.505413 0.427215 0.508883 0.427702 0.511703 0.429165 0.513003 0.431608 0.513657 0.434048 0.514523 0.436488 0.515390 0.438928 0.515823 0.441368 0.516040 0.443808 0.516040 0.446410 0.515823 0.448850 0.514740 0.451290 0.513003 0.453568 0.509750 0.454058 0.507147 0.452267 0.504543 0.450640 0.503243 0.448362 0.501943 0.446085 0.500857 0.443645 0.500640 0.441205 0.500640 0.438440 0.500640 0.435835 0.500640 0.434372
0 0.483720 0.436488 0.483720 0.436650 0.486107 0.434860 0.489360 0.434372 0.492613 0.434535 0.494350 0.436650 0.495433 0.439090 0.496303 0.441530 0.496303 0.444295 0.496087 0.446735 0.496087 0.449340 0.496087 0.451942 0.494783 0.454220 0.493047 0.456498 0.491097 0.458613 0.488060 0.459913 0.484807 0.460238 0.481553 0.459100 0.479817 0.456985 0.479817 0.454220 0.478950 0.451780 0.479167 0.449340 0.480250 0.446898 0.480900 0.444458 0.481337 0.442018 0.482637 0.439578
0 0.525803 0.465933 0.526020 0.465933 0.528187 0.463980 0.530357 0.462027 0.533393 0.460890 0.536647 0.461377 0.539033 0.463330 0.540553 0.465608 0.541420 0.468210 0.541637 0.470650 0.542287 0.473090 0.542287 0.475693 0.542287 0.478297 0.541637 0.480900 0.540117 0.483177 0.538383 0.485293 0.535780 0.486920 0.532093 0.487245 0.528840 0.486592 0.526453 0.484642 0.524500 0.482527 0.523417 0.480085 0.522983 0.477645 0.522767 0.475043 0.522767 0.472440 0.523417 0.470000
0 0.546687 0.489115 0.547090 0.489115 0.547290 0.486845 0.547693 0.484577 0.550317 0.483368 0.553140 0.484275 0.555153 0.485485 0.557977 0.486543 0.559187 0.488660 0.559993 0.490930 0.560600 0.493198 0.561203 0.495465 0.562010 0.497735 0.562413 0.500003 0.562213 0.502273 0.561810 0.504540 0.560800 0.506810 0.559793 0.509077 0.556970 0.510288 0.553943 0.510138 0.551323 0.508927 0.549710 0.506960 0.548703 0.504692 0.547493 0.502422 0.546483 0.500003 0.545477 0.497735 0.545477 0.495315 0.545477 0.492895 0.546080 0.490627
0 0.505790 0.473642 0.509017 0.473642 0.512040 0.474247 0.513653 0.476212 0.514863 0.478633 0.516073 0.480750 0.517083 0.483170 0.517890 0.485440 0.518697 0.487707 0.518897 0.489975 0.518090 0.492245 0.517283 0.494512 0.516680 0.496783 0.516073 0.499050 0.513250 0.499957 0.510227 0.499353 0.507603 0.497993 0.505587 0.496177 0.503973 0.494210 0.502763 0.491790 0.502360 0.489522 0.501553 0.487252 0.501353 0.484985 0.500950 0.482717 0.500747 0.480447 0.501150 0.478027 0.502360 0.475910
0 0.461060 0.535138 0.461760 0.534787 0.462460 0.532162 0.465960 0.532338 0.468760 0.534087 0.471560 0.535837 0.474127 0.537763 0.475993 0.540212 0.477160 0.542837 0.477860 0.545462 0.478560 0.548087 0.479027 0.552113 0.475527 0.552638 0.471793 0.552113 0.468993 0.550188 0.466660 0.547913 0.464793 0.545637 0.463627 0.543013 0.462227 0.540562 0.461527 0.537937 0.461527 0.537587
0 0.459847 0.551045 0.463347 0.550170 0.466847 0.549995 0.469880 0.551395 0.471747 0.553670 0.473613 0.555945 0.475247 0.558395 0.476180 0.561020 0.476647 0.563645 0.477113 0.566445 0.477113 0.569245 0.477113 0.572045 0.475947 0.574670 0.474080 0.576943 0.471980 0.579217 0.468480 0.578867 0.465680 0.577117 0.463113 0.575195 0.460780 0.572920 0.459613 0.570295 0.458680 0.567670 0.457980 0.565045 0.457980 0.562245 0.457747 0.559620 0.457747 0.556820 0.457747 0.554020
0 0.438850 0.556295 0.442350 0.556470 0.446533 0.558050 0.447933 0.560325 0.450033 0.562775 0.450513 0.565395 0.451913 0.568020 0.453313 0.570645 0.453547 0.573270 0.452847 0.575895 0.451447 0.578342 0.449813 0.580793 0.446783 0.582193 0.443517 0.581143 0.440717 0.579217 0.438850 0.576943 0.437217 0.574495 0.436750 0.571870 0.435817 0.569245 0.435350 0.566620 0.435117 0.563995 0.435117 0.561195 0.435817 0.558570
0 0.367450 0.515698 0.369550 0.513423 0.371417 0.511147 0.373983 0.509223 0.377483 0.508522 0.380983 0.508698 0.383317 0.510798 0.384017 0.513423 0.384717 0.516045 0.384950 0.518670 0.385183 0.521295 0.384950 0.523920 0.384017 0.526545 0.382850 0.529170 0.381917 0.531795 0.380517 0.534420 0.377717 0.536345 0.374217 0.536520 0.370717 0.535470 0.367683 0.533720 0.366300 0.531275 0.366300 0.528825 0.366533 0.526375 0.366767 0.523575 0.366287 0.520770 0.367217 0.518145
0 0.443260 0.483743 0.442327 0.481118 0.440693 0.478668 0.439527 0.475693 0.438827 0.473067 0.438827 0.470268 0.439293 0.467467 0.439527 0.464668 0.440460 0.462043 0.442793 0.459942 0.445827 0.458543 0.449323 0.457842 0.452357 0.459418 0.454223 0.461693 0.455157 0.464317 0.455623 0.466942 0.456090 0.469743 0.456323 0.475168 0.455390 0.477793 0.453523 0.480243 0.451890 0.482692 0.450257 0.485142 0.446760 0.485492
0 0.456790 0.501243 0.458190 0.498617 0.459357 0.495993 0.460523 0.493368 0.461457 0.490743 0.463567 0.488125 0.466367 0.486375 0.469167 0.485500 0.471957 0.485842 0.474523 0.487767 0.475923 0.490217 0.476157 0.493017 0.475923 0.495642 0.474990 0.498267 0.474057 0.500892 0.473590 0.503517 0.472657 0.506142 0.470100 0.508075 0.467067 0.509650 0.464267 0.511225 0.460990 0.512092 0.459367 0.509125 0.458200 0.506850 0.457267 0.504575
0 0.391180 0.487470 0.391907 0.486110 0.392390 0.484658 0.393117 0.483295 0.393843 0.482025 0.395417 0.481118 0.397353 0.481025 0.399167 0.480935 0.400983 0.481207 0.402800 0.481752 0.404130 0.482932 0.404857 0.484385 0.405823 0.485655 0.406310 0.487198 0.406913 0.488923 0.407157 0.490647 0.407520 0.492100 0.407760 0.493553 0.407883 0.495095 0.407760 0.496548 0.407520 0.498000 0.407157 0.499362 0.406550 0.500723 0.405583 0.502085 0.404857 0.503447 0.403767 0.504628 0.402677 0.505807 0.401227 0.506715 0.399530 0.507260 0.397593 0.507260 0.395900 0.506715 0.394933 0.505535 0.393963 0.504355 0.393480 0.502992 0.392633 0.501723 0.391423 0.500452 0.390573 0.499090 0.389850 0.497728 0.389243 0.496368 0.389243 0.494915 0.389363 0.493370 0.389487 0.491918 0.390090 0.490557 0.390817 0.489105
0 0.414780 0.483840 0.415507 0.482567 0.416717 0.481387 0.418170 0.480480 0.419863 0.479935 0.421800 0.479935 0.423617 0.480118 0.425433 0.480480 0.426763 0.481480 0.427610 0.482750 0.428457 0.484020 0.429307 0.485293 0.430030 0.487017 0.430517 0.488378 0.431000 0.489740 0.431243 0.491102 0.431363 0.492462 0.431603 0.493915 0.431727 0.495368 0.431847 0.496730 0.431847 0.498183 0.431483 0.499543 0.430880 0.501088 0.430273 0.502447 0.429547 0.503992 0.428700 0.505352 0.427247 0.506352 0.425553 0.507260 0.423860 0.507805 0.422163 0.507167 0.420350 0.506443 0.418777 0.505445 0.417443 0.504445 0.416477 0.503175 0.415750 0.501812 0.415143 0.500452 0.414540 0.499090 0.414057 0.497728 0.413693 0.496368 0.413693 0.494733 0.413570 0.493370 0.413570 0.491827 0.413570 0.490285 0.413693 0.488833 0.414177 0.487470 0.414540 0.485928
