0 0.348550 0.376220 0.349893 0.372440 0.348887 0.368660 0.351573 0.365132 0.354933 0.362108 0.359637 0.363620 0.361990 0.367147 0.364007 0.370675 0.364007 0.374707 0.362997 0.378488 0.362327 0.382267 0.362327 0.386300 0.360310 0.389827 0.355607 0.391590 0.351900 0.389575 0.349900 0.386050 0.347867 0.382775 0.348200 0.379000
0 0.419143 0.419633 0.419143 0.417687 0.419467 0.415743 0.419953 0.413920 0.420113 0.412098 0.420440 0.410152 0.420763 0.407965 0.421087 0.406142 0.421737 0.404320 0.423840 0.403105 0.425463 0.401525 0.428053 0.401038 0.430483 0.401160 0.432753 0.401890 0.434050 0.403470 0.434537 0.405292 0.435507 0.407238 0.435993 0.409180 0.436803 0.411125 0.437290 0.412947 0.437290 0.416592 0.436317 0.418417 0.435670 0.420240 0.434860 0.422063 0.434210 0.423885 0.433077 0.425585 0.431457 0.427288 0.429673 0.428625 0.427243 0.429110 0.425137 0.428138 0.423357 0.426680 0.421737 0.425223 0.420763 0.423520 0.419953 0.421698
0 0.392733 0.463257 0.392733 0.461313 0.392570 0.459490 0.392570 0.457425 0.392570 0.455480 0.392893 0.453658 0.393543 0.451835 0.394837 0.450012 0.397107 0.448918 0.399537 0.448433 0.401967 0.448310 0.404560 0.448310 0.406827 0.449040 0.408610 0.450377 0.409907 0.452077 0.410393 0.453900 0.410553 0.455723 0.410553 0.457668 0.410553 0.459613 0.410393 0.461558 0.410230 0.463380 0.409420 0.465202 0.408123 0.466902 0.406017 0.468240 0.404397 0.469697 0.403427 0.471400 0.401643 0.472738 0.399213 0.472615 0.396943 0.471885 0.395323 0.470427 0.394353 0.468728 0.393543 0.466902 0.393217 0.465080
0 0.523273 0.465935 0.522400 0.462670 0.521820 0.459402 0.522690 0.456135 0.524433 0.453087 0.526177 0.450038 0.530533 0.449167 0.534017 0.451345 0.536920 0.453957 0.538663 0.457008 0.539533 0.460272 0.539823 0.463540 0.539823 0.467025 0.539823 0.470510 0.539243 0.473777 0.536340 0.476390 0.531983 0.476608 0.527920 0.474865 0.525303 0.472035 0.524143 0.468768
0 0.457647 0.481183 0.457937 0.477915 0.458807 0.474647 0.459967 0.471380 0.461130 0.468115 0.462290 0.464848 0.463453 0.461580 0.465777 0.458750 0.470133 0.458095 0.473037 0.460927 0.474197 0.464195 0.474487 0.467460 0.474487 0.470945 0.474487 0.474647 0.473907 0.477915 0.473327 0.481183 0.469840 0.483577 0.468100 0.486845 0.463743 0.487932 0.459677 0.486408 0.458517 0.483142
0 0.481457 0.497733 0.482617 0.494467 0.484360 0.491200 0.486103 0.487932 0.489007 0.485320 0.493363 0.484882 0.495687 0.487715 0.497427 0.490765 0.498300 0.494030 0.497717 0.497298 0.496267 0.500565 0.494813 0.503833 0.493073 0.506880 0.490750 0.509713 0.487263 0.511890 0.482910 0.511018 0.480877 0.507970 0.480297 0.504702 0.480297 0.501217
0 0.459967 0.506228 0.459677 0.502960 0.459097 0.499692 0.458807 0.496428 0.458517 0.493160 0.460260 0.490110 0.463453 0.487715 0.467517 0.489240 0.470713 0.491635 0.474197 0.493812 0.475940 0.496862 0.476520 0.500130 0.476520 0.503613 0.476810 0.506880 0.476810 0.510365 0.476520 0.513850 0.473617 0.516462 0.469260 0.517335 0.465197 0.515810 0.462000 0.513415 0.461130 0.510147
0 0.438480 0.514938 0.439350 0.511672 0.440803 0.508405 0.442253 0.505138 0.446320 0.503833 0.450097 0.505792 0.453290 0.508405 0.455613 0.511235 0.456483 0.514503 0.457063 0.517770 0.457647 0.521038 0.457937 0.524303 0.455903 0.527353 0.452127 0.529095 0.447773 0.530185 0.444577 0.527788 0.443127 0.524523 0.440223 0.521690 0.439640 0.518423
0 0.505793 0.355305 0.507473 0.351525 0.508817 0.347745 0.513857 0.346485 0.518223 0.348500 0.519903 0.352280 0.519903 0.356312 0.519903 0.360345 0.517887 0.363872 0.515200 0.367147 0.511503 0.369920 0.506463 0.370928 0.504450 0.367400 0.503777 0.363620 0.504450 0.359840
0 0.428317 0.515375 0.424540 0.513633 0.422217 0.510800 0.419023 0.508405 0.417280 0.505355 0.416120 0.502090 0.415540 0.498823 0.415540 0.495337 0.416990 0.492070 0.420767 0.490327 0.425123 0.491200 0.427153 0.494248 0.429187 0.497515 0.430930 0.500783 0.431800 0.504267 0.432380 0.507535 0.431800 0.510800 0.429767 0.513850
0 0.397260 0.515410 0.396003 0.512585 0.393493 0.510327 0.392490 0.507502 0.392490 0.504493 0.393243 0.501668 0.395250 0.499033 0.396757 0.496397 0.398513 0.493762 0.402280 0.493198 0.405290 0.495080 0.408050 0.497150 0.408553 0.499975 0.408303 0.502798 0.407047 0.505620 0.406293 0.508445 0.405540 0.511267 0.403783 0.513903 0.400773 0.515975
0 0.365133 0.500915 0.366390 0.498092 0.367393 0.495267 0.369150 0.492632 0.371157 0.490185 0.373417 0.487740 0.376680 0.486045 0.380193 0.484728 0.383957 0.483598 0.385463 0.486233 0.387220 0.488868 0.387973 0.491692 0.386717 0.494892 0.385463 0.497715 0.384210 0.500540 0.382450 0.503175 0.379943 0.505432 0.376680 0.507315 0.372663 0.508258 0.368900 0.508068 0.366137 0.505997 0.364883 0.503175
0 0.315943 0.507880 0.318703 0.505810 0.322467 0.505432 0.326233 0.505810 0.329997 0.506750 0.333763 0.507692 0.337527 0.508258 0.341290 0.509197 0.344553 0.510702 0.347817 0.512398 0.349823 0.514845 0.351330 0.517480 0.349323 0.519927 0.345307 0.520492 0.341543 0.520303 0.337777 0.519927 0.334013 0.519362 0.330500 0.518232 0.326987 0.517102 0.323473 0.515975 0.320210 0.514280 0.315700 0.510700
0 0.364380 0.542138 0.364367 0.539125 0.364633 0.535925 0.366390 0.533293 0.366890 0.530280 0.369400 0.528020 0.371660 0.525575 0.374670 0.523503 0.378183 0.522375 0.380193 0.522750 0.382953 0.524820 0.384210 0.527645 0.384460 0.530467 0.384210 0.533293 0.383203 0.536115 0.382450 0.538937 0.381447 0.541763 0.380193 0.544772 0.379190 0.547597 0.376680 0.549855 0.372913 0.550798 0.369150 0.550610 0.366640 0.548350 0.364633 0.545903
0 0.308373 0.566138 0.312260 0.562640 0.317703 0.560890 0.320813 0.564680 0.323923 0.568470 0.325480 0.572845 0.324700 0.577217 0.324700 0.581883 0.323533 0.586255 0.318480 0.588587 0.312260 0.588587 0.307987 0.585380 0.305263 0.579550 0.305653 0.575178 0.305263 0.570802
0 0.341030 0.603167 0.344527 0.599375 0.345693 0.594710 0.345303 0.590337 0.343750 0.585965 0.341807 0.581590 0.338307 0.577800 0.333253 0.575178 0.328977 0.578383 0.326643 0.582465 0.326643 0.587130 0.328977 0.591213 0.330533 0.595585 0.331700 0.599960 0.336363 0.602875
0 0.372100 0.577050 0.371700 0.573835 0.370923 0.569462 0.371700 0.565087 0.374033 0.560725 0.378300 0.555750 0.384140 0.557800 0.387640 0.561590 0.389973 0.565673 0.391137 0.570045 0.391137 0.574710 0.389193 0.579082 0.384533 0.582000 0.376767 0.582000
0 0.453767 0.589172 0.449877 0.585673 0.446000 0.581875 0.445200 0.577225 0.445200 0.572550 0.446367 0.568175 0.447533 0.563800 0.451033 0.558550 0.457667 0.559725 0.461167 0.563800 0.462707 0.568763 0.463483 0.573135 0.463483 0.577800 0.463097 0.582175 0.459207 0.585673
0 0.387577 0.607945 0.389443 0.605670 0.389910 0.603045 0.390143 0.600420 0.389910 0.597795 0.388743 0.595170 0.387810 0.592545 0.386410 0.589920 0.385010 0.587470 0.381977 0.586070 0.378710 0.584670 0.375210 0.584320 0.372410 0.586070 0.371010 0.588520 0.370777 0.591145 0.371477 0.593770 0.372177 0.596395 0.372643 0.599020 0.373577 0.601645 0.374743 0.604270 0.377543 0.606020 0.380577 0.607595 0.383610 0.609170
0 0.485107 0.609870 0.487207 0.607595 0.488840 0.605145 0.489540 0.602520 0.490707 0.599895 0.491407 0.597270 0.491407 0.594470 0.490940 0.591845 0.490007 0.589220 0.487907 0.586945 0.485340 0.585020 0.481840 0.585370 0.478807 0.587120 0.477407 0.589570 0.476473 0.592195 0.476007 0.594820 0.476007 0.597620 0.476007 0.600420 0.476240 0.603045 0.476707 0.605670 0.479040 0.607945 0.481840 0.609870
0 0.440307 0.620017 0.438440 0.617043 0.435873 0.615117 0.433773 0.612842 0.431440 0.610742 0.428873 0.608820 0.425840 0.607070 0.422573 0.605845 0.419073 0.605145 0.415573 0.604620 0.412077 0.604445 0.409510 0.606370 0.409043 0.608995 0.409977 0.611617 0.411377 0.614067 0.413240 0.616343 0.415107 0.618617 0.418367 0.619850 0.421167 0.621600 0.423740 0.623167 0.427007 0.624217 0.430507 0.624918 0.434007 0.625268 0.437507 0.624918 0.439607 0.622642
0 0.582187 0.615545 0.584147 0.614600 0.585967 0.613655 0.588067 0.613445 0.590167 0.613655 0.592267 0.613970 0.594370 0.614495 0.596610 0.615020 0.598570 0.615755 0.600390 0.616805 0.602210 0.617648 0.604030 0.618698 0.605853 0.619643 0.607673 0.620482 0.608653 0.621953 0.609773 0.623422 0.610893 0.624788 0.612013 0.626155 0.613133 0.627625 0.613413 0.629200 0.612993 0.630775 0.611173 0.631720 0.609213 0.632350 0.607113 0.632560 0.605010 0.632770 0.602910 0.632875 0.600810 0.632455 0.598850 0.631825 0.596890 0.631195 0.594930 0.630565 0.593107 0.629620 0.591287 0.628780 0.589467 0.627940 0.587787 0.626890 0.586107 0.625732 0.584287 0.624788 0.582747 0.623633 0.582327 0.622058 0.581907 0.620482 0.581203 0.618908
0 0.238377 0.667222 0.240383 0.664775 0.242390 0.662327 0.245903 0.661197 0.249670 0.661388 0.253183 0.662515 0.254437 0.665340 0.255693 0.668162 0.256947 0.670985 0.257950 0.673810 0.258703 0.676633 0.257700 0.679450 0.256933 0.683025 0.255443 0.684915 0.252933 0.687175 0.249167 0.686985 0.245653 0.685667 0.243647 0.683220 0.241387 0.680585 0.239630 0.677950 0.239880 0.675128 0.239880 0.672115
0 0.379380 0.650885 0.382890 0.648860 0.385860 0.646633 0.387480 0.643800 0.387750 0.640763 0.388020 0.637725 0.388560 0.634687 0.389370 0.631650 0.388290 0.628615 0.386130 0.625780 0.382350 0.624362 0.378300 0.623552 0.375333 0.625780 0.373983 0.628818 0.372633 0.631852 0.371283 0.634890 0.370743 0.637927 0.370743 0.641168 0.371553 0.644205 0.372903 0.647240 0.376143 0.649265
0 0.438503 0.646027 0.438233 0.642990 0.438503 0.639953 0.439043 0.636915 0.440393 0.633472 0.442013 0.630638 0.444173 0.628008 0.447410 0.625982 0.451190 0.624768 0.454967 0.624775 0.455780 0.629020 0.456050 0.632055 0.456050 0.635295 0.454430 0.638332 0.452267 0.641175 0.449840 0.643597 0.447680 0.646430 0.442833 0.649075
0 0.504743 0.682678 0.505553 0.680855 0.506040 0.679033 0.506363 0.677210 0.508470 0.675995 0.510900 0.675508 0.513330 0.674900 0.515923 0.674900 0.518353 0.675388 0.519973 0.676845 0.521270 0.678425 0.521270 0.680370 0.521107 0.682192 0.521107 0.684258 0.521593 0.686080 0.522080 0.687905 0.521757 0.689727 0.520783 0.691427 0.519163 0.692888 0.518190 0.694588 0.517057 0.696290 0.515600 0.697870 0.513653 0.699205 0.511223 0.699327 0.508793 0.698962 0.507337 0.697383 0.506200 0.695682 0.505230 0.693980 0.504420 0.692157 0.504420 0.690213 0.504580 0.688390 0.504580 0.686445 0.504580 0.684503
