0 0.383543 0.341048 0.383857 0.337533 0.383230 0.334020 0.383543 0.330505 0.387293 0.328163 0.389167 0.324883 0.392913 0.322540 0.396973 0.324415 0.398850 0.327695 0.400410 0.331207 0.402283 0.334487 0.402910 0.338235 0.402910 0.341985 0.402597 0.345732 0.402283 0.349247 0.399160 0.352293 0.394790 0.353932 0.390103 0.354165 0.386980 0.351355 0.385417 0.347840 0.384480 0.344328
0 0.432270 0.349950 0.436020 0.347608 0.440080 0.345498 0.444453 0.344092 0.448827 0.342687 0.453510 0.341750 0.458510 0.341750 0.463193 0.342687 0.466630 0.345265 0.465380 0.348777 0.461320 0.351120 0.457573 0.353697 0.453833 0.355575 0.449133 0.356050 0.444453 0.356507 0.439767 0.356275 0.434770 0.356275 0.431960 0.353230
0 0.432897 0.364240 0.434147 0.360725 0.438517 0.359320 0.443203 0.358382 0.447890 0.358147 0.452573 0.357680 0.457573 0.357680 0.462257 0.358147 0.466007 0.360490 0.468503 0.363538 0.465380 0.366348 0.461007 0.368223 0.456633 0.369627 0.451950 0.370565 0.447263 0.371033 0.442580 0.370565 0.437893 0.369392 0.434147 0.367050
0 0.466977 0.400975 0.469417 0.400190 0.471507 0.398882 0.472727 0.397053 0.473423 0.395092 0.473423 0.392870 0.473423 0.390780 0.473077 0.388817 0.472377 0.386858 0.471507 0.384898 0.470637 0.382937 0.469937 0.380975 0.468543 0.379145 0.466277 0.377970 0.464013 0.376922 0.461397 0.376270 0.459307 0.377578 0.458437 0.379538 0.457737 0.381497 0.456867 0.383460 0.455997 0.385420 0.455997 0.387512 0.456343 0.389472 0.456867 0.391433 0.457563 0.393392 0.458260 0.395355 0.458957 0.397315 0.460003 0.399145 0.462270 0.400322 0.464710 0.401238
0 0.448327 0.401367 0.449720 0.399668 0.450767 0.397837 0.450767 0.395748 0.450593 0.393785 0.450593 0.391695 0.450593 0.389603 0.450593 0.387512 0.450593 0.385420 0.450593 0.383327 0.450417 0.381238 0.449023 0.379408 0.447280 0.377837 0.445887 0.376140 0.444493 0.374440 0.442577 0.373003 0.439960 0.372347 0.437870 0.373655 0.436127 0.375225 0.434383 0.376793 0.433337 0.378752 0.432990 0.380715 0.432817 0.382675 0.432817 0.384767 0.432817 0.386858 0.432817 0.388950 0.432817 0.391040 0.433163 0.393002 0.433687 0.394962 0.434210 0.396923 0.435080 0.398882 0.436127 0.400845 0.438393 0.402020 0.440833 0.402805 0.443447 0.403197 0.446060 0.402805
0 0.383067 0.399348 0.383067 0.396110 0.384687 0.393275 0.389007 0.393478 0.393327 0.393882 0.397377 0.394895 0.400343 0.397120 0.403043 0.399550 0.406013 0.401777 0.408713 0.404207 0.410603 0.407043 0.412763 0.409675 0.413843 0.412712 0.411683 0.415545 0.407363 0.415545 0.403313 0.414535 0.399533 0.413118 0.396027 0.411092 0.393057 0.408663 0.390357 0.406232 0.387117 0.404207 0.384147 0.401777
0 0.318007 0.415345 0.318817 0.412307 0.319087 0.409270 0.318007 0.406030 0.315847 0.403397 0.314497 0.400360 0.312877 0.397525 0.309907 0.395098 0.306397 0.393275 0.302347 0.393072 0.299650 0.395705 0.299650 0.398942 0.299650 0.402182 0.301000 0.405423 0.302617 0.408257 0.304507 0.411092 0.307747 0.413118 0.311257 0.415140 0.314497 0.417165
0 0.290470 0.456242 0.293980 0.454217 0.295600 0.451383 0.295600 0.448145 0.295600 0.444905 0.295870 0.441868 0.295330 0.438830 0.294250 0.435793 0.292630 0.432758 0.291010 0.429923 0.287770 0.427897 0.283990 0.426480 0.281300 0.428100 0.278590 0.430530 0.276163 0.433160 0.275083 0.436400 0.275083 0.439640 0.275353 0.442678 0.276163 0.445715 0.277783 0.448752 0.278860 0.451788 0.280480 0.454825 0.284260 0.456242
0 0.522127 0.419570 0.522127 0.419570 0.523000 0.417608 0.524393 0.415910 0.525263 0.413947 0.526137 0.411988 0.526833 0.409895 0.528053 0.407935 0.530843 0.406890 0.533457 0.406367 0.536070 0.406890 0.537987 0.408328 0.538860 0.410288 0.539557 0.412380 0.539557 0.414470 0.538860 0.416432 0.538163 0.418393 0.537467 0.420353 0.536943 0.422315 0.536247 0.424275 0.534677 0.425975 0.532760 0.427805 0.530667 0.429113 0.528053 0.429635 0.525263 0.429765 0.523173 0.428327 0.523347 0.426368 0.523000 0.424275 0.521953 0.422445
0 0.435193 0.427923 0.436587 0.426223 0.437807 0.424393 0.439027 0.422563 0.439900 0.420603 0.440597 0.418640 0.443210 0.418250 0.446000 0.418640 0.448263 0.419687 0.449483 0.421517 0.450703 0.423348 0.451750 0.425177 0.452447 0.427138 0.452620 0.429098 0.452620 0.431190 0.452447 0.433150 0.451923 0.435113 0.451400 0.437072 0.450880 0.439033 0.450180 0.440993 0.449310 0.443085 0.447917 0.444915 0.445823 0.446223 0.443383 0.447267 0.440597 0.447660 0.437980 0.446875 0.435890 0.445437 0.435193 0.443478 0.434843 0.441518 0.434670 0.439295 0.434843 0.437202 0.434670 0.435243 0.434497 0.432890 0.434497 0.430797
0 0.381837 0.417442 0.382510 0.416178 0.383410 0.415080 0.384537 0.413983 0.386223 0.413560 0.387910 0.413392 0.389710 0.413392 0.391623 0.413392 0.393200 0.413897 0.394437 0.414827 0.395787 0.415923 0.397137 0.416767 0.398377 0.417695 0.399500 0.418793 0.400627 0.419975 0.401527 0.421073 0.402540 0.422252 0.403550 0.423350 0.404340 0.424533 0.405240 0.425627 0.406140 0.426810 0.406813 0.428160 0.407490 0.429425 0.408053 0.430775 0.408390 0.432042 0.408503 0.433308 0.408390 0.434572 0.408277 0.435840 0.407940 0.437105 0.407490 0.438372 0.406703 0.439553 0.405013 0.440060 0.403327 0.440142 0.401640 0.439890 0.399840 0.439553 0.398150 0.439215 0.396687 0.438540 0.395227 0.437695 0.393873 0.436853 0.392863 0.435755 0.391963 0.434658 0.390950 0.433478 0.389937 0.432380 0.389037 0.431283 0.388250 0.430100 0.387573 0.428920 0.386560 0.427822 0.385550 0.426640 0.384647 0.425545 0.383747 0.424447 0.382847 0.423265 0.382173 0.422000 0.382173 0.420650 0.382287 0.419382
0 0.412287 0.477303 0.412287 0.475760 0.412287 0.474307 0.412287 0.472765 0.412410 0.471313 0.411803 0.469950 0.410110 0.468952 0.409627 0.468228 0.408537 0.466955 0.407327 0.465775 0.406237 0.464595 0.405147 0.463415 0.404180 0.462145 0.403210 0.460965 0.402243 0.459785 0.401033 0.458695 0.399700 0.457697 0.398247 0.456788 0.396553 0.456245 0.394860 0.455700 0.393167 0.455525 0.391233 0.455975 0.390133 0.456600 0.389300 0.457700 0.388333 0.459050 0.387733 0.460150 0.387477 0.461600 0.387477 0.463053 0.388333 0.464050 0.388433 0.465400 0.388933 0.466875 0.389900 0.468050 0.391000 0.469225 0.391700 0.470675 0.392567 0.472125 0.393300 0.473225 0.394253 0.474400 0.395587 0.475397 0.396797 0.476488 0.398007 0.477575 0.399337 0.478575 0.401033 0.479210 0.402727 0.479755 0.404300 0.480573 0.406237 0.480935 0.408053 0.481387 0.409733 0.480925 0.411200 0.480573 0.412167 0.479027
0 0.433120 0.483145 0.435540 0.481483 0.436953 0.479365 0.438163 0.477098 0.439373 0.474828 0.441387 0.473013 0.444210 0.471955 0.447237 0.471500 0.449253 0.473315 0.451270 0.475283 0.452883 0.477247 0.452680 0.479517 0.451873 0.481785 0.450867 0.484052 0.450463 0.486322 0.448447 0.491010 0.446833 0.492978 0.445220 0.494943 0.442597 0.496152 0.439573 0.496758 0.436550 0.496305 0.434937 0.494337 0.435137 0.492070 0.434130 0.489800 0.433120 0.487533 0.433120 0.485113
0 0.390567 0.502550 0.391177 0.501340 0.390973 0.499072 0.389763 0.496955 0.389563 0.494685 0.390370 0.492418 0.390773 0.490147 0.391580 0.487880 0.392387 0.485613 0.392990 0.483342 0.393393 0.481075 0.395813 0.479563 0.398840 0.479108 0.401863 0.480015 0.403880 0.481830 0.405897 0.483645 0.405290 0.486065 0.404083 0.490300 0.403880 0.492567 0.403073 0.495745 0.401260 0.497710 0.399243 0.499525 0.396823 0.501190 0.394000 0.502850
0 0.539520 0.528115 0.541620 0.526190 0.545120 0.525315 0.548620 0.524790 0.552353 0.524790 0.555853 0.525140 0.559120 0.526540 0.562387 0.527590 0.565187 0.529513 0.567753 0.531438 0.570553 0.533188 0.573583 0.534763 0.575450 0.537038 0.576617 0.539663 0.576850 0.542288 0.574283 0.544212 0.571253 0.545612 0.567753 0.546312 0.564020 0.546138 0.560753 0.545087 0.557487 0.543687 0.554220 0.542288 0.551420 0.540538 0.548620 0.538612 0.545820 0.536687 0.543487 0.534587 0.542320 0.531963 0.541153 0.529338
0 0.433827 0.563112 0.435693 0.560837 0.437793 0.558562 0.440590 0.556813 0.443623 0.558562 0.446190 0.560487 0.448290 0.562763 0.449923 0.565213 0.450623 0.567837 0.451790 0.570462 0.452257 0.573087 0.452257 0.576063 0.452023 0.578685 0.451090 0.581310 0.449690 0.583935 0.446423 0.584985 0.442690 0.584460 0.439193 0.583410 0.437327 0.581135 0.436160 0.578510 0.434760 0.576063 0.434060 0.573438 0.433360 0.570812 0.433127 0.568187 0.434293 0.565562
0 0.414693 0.594610 0.414927 0.591985 0.416793 0.589710 0.418427 0.587260 0.420293 0.584985 0.423093 0.583235 0.426593 0.584110 0.427760 0.586735 0.430560 0.588660 0.432193 0.593735 0.431493 0.598285 0.430327 0.600910 0.429860 0.603535 0.427993 0.605985 0.426360 0.608435 0.423093 0.609485 0.419593 0.608960 0.416560 0.607560 0.415627 0.604935 0.415393 0.602135 0.414460 0.599510
0 0.411163 0.524495 0.410863 0.524495 0.412220 0.523027 0.413123 0.521445 0.414027 0.519750 0.414630 0.518055 0.415383 0.516247 0.415833 0.514440 0.415833 0.512633 0.415683 0.510938 0.415533 0.509245 0.415080 0.507435 0.414327 0.505742 0.413273 0.504160 0.412220 0.502578 0.411013 0.501110 0.409057 0.499868 0.407097 0.498962 0.404987 0.498173 0.402730 0.497720 0.400470 0.497608 0.398360 0.498510 0.397457 0.500092 0.397457 0.501900 0.397457 0.503707 0.397457 0.505515 0.397457 0.507323 0.397607 0.509018 0.397907 0.510713 0.398660 0.512408 0.399113 0.514103 0.399717 0.515798 0.400620 0.517378 0.401823 0.518848 0.403633 0.519977 0.405290 0.521220 0.406643 0.522687 0.408000 0.524158
0 0.396853 0.502465 0.396853 0.502465 0.395047 0.503595 0.393390 0.504837 0.392487 0.506420 0.391280 0.507887 0.390377 0.509695 0.389773 0.511390 0.390377 0.513085 0.392183 0.514215 0.394443 0.514668 0.396703 0.514893 0.398963 0.514440 0.399113 0.512745 0.398510 0.511053 0.398360 0.509245 0.398360 0.507435 0.398360 0.505628 0.398060 0.503935 0.397607 0.503142
0 0.347017 0.528803 0.347953 0.526695 0.349640 0.524725 0.350577 0.522617 0.351703 0.520648 0.353203 0.518820 0.354890 0.516992 0.356763 0.515165 0.359013 0.513617 0.361640 0.512635 0.364450 0.512212 0.366887 0.513617 0.367077 0.515867 0.366887 0.517977 0.366887 0.520508 0.366887 0.522898 0.365763 0.525008 0.364640 0.526975 0.364077 0.529085 0.362200 0.530773 0.360890 0.532740 0.359390 0.534567 0.357140 0.536115 0.354327 0.536817 0.351140 0.536817 0.348330 0.536538 0.346830 0.534710 0.346080 0.532460 0.346080 0.530210
0 0.335767 0.581670 0.336707 0.579562 0.338580 0.577875 0.340080 0.576048 0.341580 0.574078 0.342893 0.572110 0.343453 0.570000 0.343267 0.567893 0.342893 0.565783 0.342893 0.563253 0.342517 0.561142 0.341580 0.559033 0.340080 0.557205 0.337643 0.555940 0.334830 0.555378 0.332207 0.556222 0.329957 0.557908 0.328830 0.559878 0.327707 0.562128 0.326957 0.564235 0.326770 0.566345 0.326770 0.568595 0.326770 0.570845 0.326580 0.572952 0.326580 0.575202 0.326580 0.577453 0.327520 0.579562 0.329393 0.581250 0.331830 0.582375
0 0.364450 0.561705 0.367077 0.560862 0.370450 0.559455 0.373263 0.559315 0.376263 0.559455 0.379073 0.560157 0.381700 0.561142 0.384323 0.562128 0.387323 0.563673 0.389760 0.564798 0.392010 0.566205 0.393697 0.568033 0.395760 0.569720 0.397447 0.571547 0.398570 0.573515 0.398010 0.575625 0.396510 0.577453 0.394073 0.578577 0.391260 0.578860 0.388447 0.578438 0.385637 0.577735 0.382823 0.577030 0.380200 0.576048 0.377573 0.575202 0.375137 0.573797 0.372700 0.572532 0.370263 0.571265 0.368013 0.569720 0.366513 0.567750 0.365200 0.565783
0 0.395197 0.568595 0.394073 0.566485 0.393510 0.564235 0.392760 0.561845 0.392383 0.559737 0.392010 0.557628 0.392010 0.555378 0.392947 0.553270 0.393510 0.551160 0.394260 0.549050 0.396320 0.547505 0.398947 0.548347 0.401760 0.548068 0.403820 0.549612 0.405883 0.551300 0.406447 0.553410 0.406820 0.555517 0.407383 0.557628 0.407570 0.559737 0.408320 0.561845 0.408883 0.563955 0.409257 0.566065 0.409070 0.568172 0.408133 0.570283 0.406820 0.572250 0.405507 0.574220 0.402697 0.574923 0.399883 0.574220 0.397447 0.572812 0.396697 0.570705
0 0.409277 0.576735 0.409273 0.576735 0.410733 0.575155 0.412030 0.573455 0.413163 0.571753 0.414137 0.569930 0.415433 0.568350 0.417053 0.566770 0.418510 0.565190 0.420453 0.563610 0.422400 0.562395 0.424507 0.561423 0.426937 0.560815 0.429367 0.560330 0.431637 0.561060 0.432283 0.562883 0.432447 0.564705 0.432283 0.566770 0.432120 0.568592 0.430823 0.570660 0.430177 0.572483 0.427260 0.574427 0.425963 0.576008 0.424183 0.577342 0.422077 0.578438 0.419970 0.579530 0.418023 0.580745 0.415757 0.581597 0.413327 0.582082 0.410897 0.581840 0.409113 0.580503 0.408303 0.578680
0 0.303487 0.615525 0.305107 0.613945 0.305593 0.612122 0.306403 0.610300 0.308670 0.609450 0.310777 0.610542 0.313047 0.611758 0.315800 0.613703 0.316773 0.615405 0.317097 0.617227 0.317743 0.619050 0.318230 0.620872 0.319040 0.622695 0.319527 0.624518 0.319690 0.626340 0.320173 0.628163 0.319527 0.629987 0.318717 0.631810 0.317583 0.633510 0.315153 0.633997 0.312720 0.633875 0.310617 0.632903 0.308510 0.631810 0.307213 0.630107 0.306240 0.628408 0.305917 0.626585 0.305107 0.624760 0.304297 0.622938 0.304133 0.621115 0.303973 0.619293 0.303973 0.617347
0 0.329733 0.610178 0.332167 0.609815 0.334597 0.609692 0.336863 0.610542 0.338647 0.612000 0.339943 0.613580 0.341240 0.615160 0.342533 0.616740 0.343993 0.618320 0.345290 0.619900 0.346587 0.621602 0.347073 0.623425 0.347233 0.625247 0.347233 0.627193 0.347397 0.629015 0.345777 0.631445 0.343670 0.632537 0.341240 0.632660 0.338970 0.631930 0.337673 0.630350 0.335567 0.629380 0.333947 0.627920 0.332650 0.626340 0.331517 0.624640 0.330707 0.622818 0.329897 0.620995 0.328923 0.619050 0.328113 0.617227 0.327467 0.615283 0.327627 0.613460 0.327790 0.611638
