0 0.460360 0.549405 0.460940 0.547227 0.462100 0.543960 0.464423 0.541128 0.466167 0.538080 0.469940 0.539822 0.473717 0.541565 0.476330 0.544395 0.477490 0.547663 0.478073 0.550930 0.478363 0.554195 0.477200 0.557462 0.476620 0.560730 0.475170 0.564215 0.475460 0.564433 0.471683 0.566393 0.467617 0.564867 0.464133 0.562472 0.462683 0.559205 0.462390 0.555937 0.461810 0.552670
0 0.473973 0.271452 0.476140 0.267658 0.477587 0.263592 0.483007 0.262780 0.486620 0.266033 0.488790 0.270367 0.490960 0.274435 0.492403 0.278500 0.492767 0.282837 0.493487 0.286902 0.491320 0.290697 0.485900 0.291240 0.481200 0.289070 0.478670 0.285277 0.476863 0.281210 0.475057 0.277145
0 0.426240 0.300973 0.429063 0.299762 0.431887 0.298400 0.434710 0.297342 0.437330 0.296133 0.440153 0.295225 0.442977 0.294318 0.446003 0.293560 0.448623 0.293258 0.451850 0.293258 0.455077 0.293258 0.458303 0.294015 0.461327 0.294467 0.464757 0.297040 0.463143 0.299005 0.462940 0.301425 0.461327 0.302333 0.460520 0.302938 0.458303 0.304602 0.455683 0.305812 0.452657 0.306567 0.449633 0.306870 0.446607 0.307325 0.443380 0.307777 0.440357 0.307930 0.437130 0.307930 0.433903 0.307930 0.430880 0.307627 0.428257 0.306418 0.426443 0.304450 0.426040 0.302183
0 0.362517 0.318970 0.364130 0.316853 0.366147 0.314735 0.368367 0.313070 0.370583 0.311105 0.372803 0.309443 0.375423 0.308233 0.378450 0.308685 0.381070 0.310048 0.382683 0.312012 0.381877 0.314280 0.380263 0.316248 0.378650 0.318212 0.377037 0.320180 0.375020 0.322145 0.372400 0.323508 0.369373 0.323658 0.366350 0.323810 0.363527 0.322750 0.363123 0.320483
0 0.385780 0.338897 0.388343 0.338445 0.390450 0.337767 0.392860 0.337315 0.395423 0.336750 0.397680 0.336298 0.400090 0.335620 0.402500 0.335170 0.404910 0.335170 0.407320 0.335170 0.409580 0.335395 0.411690 0.336072 0.413800 0.336863 0.415907 0.337767 0.417717 0.338897 0.419373 0.340140 0.421180 0.341270 0.421630 0.342965 0.420127 0.344320 0.418920 0.345900 0.417263 0.347145 0.415303 0.348048 0.413047 0.348725 0.410787 0.349290 0.408377 0.349630 0.405967 0.349855 0.403707 0.350080 0.401297 0.350307 0.398887 0.350307 0.396477 0.350307 0.393917 0.349855 0.391657 0.349517 0.389547 0.348837 0.387440 0.348160 0.385783 0.346693 0.384427 0.345223 0.383523 0.343530 0.383220 0.341835 0.384427 0.340365
0 0.457157 0.365932 0.457857 0.364147 0.458700 0.362677 0.459540 0.361207 0.460660 0.359840 0.462060 0.358580 0.464160 0.358055 0.466260 0.358160 0.467380 0.359630 0.468220 0.361102 0.469060 0.362572 0.469900 0.364042 0.470600 0.365617 0.471023 0.367192 0.470880 0.368767 0.470880 0.370450 0.470320 0.372340 0.469760 0.374020 0.469200 0.375595 0.469060 0.377170 0.468780 0.378745 0.467800 0.380217 0.466260 0.381478 0.464160 0.381793 0.462060 0.381898 0.459960 0.381373 0.458417 0.380217 0.457017 0.378955 0.456597 0.377380 0.456737 0.375805 0.456877 0.374125 0.456877 0.372340 0.456597 0.370765 0.456597 0.369082
0 0.447917 0.384837 0.448057 0.383263 0.448057 0.381478 0.448617 0.379902 0.448477 0.378220 0.448337 0.376645 0.448337 0.374965 0.448197 0.373390 0.447637 0.371815 0.446937 0.370240 0.446233 0.368663 0.445253 0.367087 0.443993 0.365723 0.442873 0.364252 0.441753 0.362887 0.440353 0.361627 0.438393 0.360683 0.436433 0.359945 0.434473 0.359315 0.432370 0.359000 0.431110 0.360365 0.429990 0.361733 0.429010 0.363202 0.428170 0.364673 0.427750 0.366248 0.427610 0.367822 0.427610 0.369503 0.427610 0.371185 0.427890 0.372760 0.428450 0.374335 0.428870 0.375910 0.429430 0.377485 0.430130 0.379060 0.430830 0.380637 0.431530 0.382212 0.432650 0.383577 0.434053 0.384837 0.435593 0.385993 0.436993 0.387252 0.438673 0.388302 0.440773 0.388725 0.442873 0.388830 0.444973 0.388515 0.446657 0.387462
0 0.502823 0.321003 0.503247 0.319425 0.503527 0.317850 0.503667 0.316065 0.503807 0.314070 0.504087 0.312495 0.504367 0.310812 0.504647 0.310288 0.505347 0.308713 0.506467 0.307348 0.507867 0.306087 0.508427 0.305878 0.510527 0.305563 0.512487 0.304932 0.514587 0.305038 0.516690 0.305457 0.517950 0.306822 0.518650 0.308397 0.519490 0.309973 0.520050 0.311550 0.520610 0.313230 0.520890 0.315120 0.521030 0.316695 0.521170 0.318270 0.521170 0.319952 0.520890 0.321632 0.520050 0.323103 0.519210 0.324678 0.518370 0.326147 0.517530 0.327723 0.516970 0.329300 0.515850 0.330665 0.514447 0.332345 0.513187 0.333710 0.511647 0.334970 0.509547 0.335285 0.507587 0.334655 0.505627 0.333710 0.504087 0.332345 0.503387 0.330770 0.502967 0.329090 0.502543 0.327512 0.502123 0.325937 0.501843 0.324257
0 0.512067 0.336545 0.513047 0.334970 0.514727 0.333920 0.516690 0.333290 0.516830 0.333185 0.518930 0.332555 0.521170 0.332135 0.523270 0.331925 0.525370 0.331820 0.527613 0.331715 0.529993 0.331715 0.532373 0.331715 0.534613 0.331715 0.536853 0.331925 0.538957 0.332450 0.541337 0.332975 0.543297 0.333710 0.544697 0.335075 0.546097 0.336440 0.546937 0.337913 0.547217 0.339487 0.546517 0.341062 0.544697 0.342008 0.543017 0.343058 0.541057 0.343793 0.538957 0.344212 0.536853 0.344633 0.534753 0.345052 0.532513 0.345052 0.530413 0.345158 0.528173 0.345158 0.525930 0.345052 0.523830 0.344842 0.521590 0.344212 0.519630 0.343582 0.517390 0.343058 0.515430 0.342427 0.514307 0.341062 0.513187 0.339697 0.512067 0.338332 0.511927 0.338228
0 0.388960 0.367970 0.389380 0.367865 0.391200 0.366815 0.392460 0.365450 0.394140 0.364295 0.395960 0.363350 0.396940 0.361880 0.398763 0.361038 0.400863 0.361460 0.403103 0.361880 0.403523 0.365240 0.404223 0.368810 0.403803 0.370387 0.403243 0.371962 0.402963 0.373538 0.402823 0.375113 0.402543 0.376688 0.402123 0.378263 0.401983 0.379840 0.399743 0.382675 0.400303 0.382150 0.399043 0.383515 0.397220 0.384460 0.395400 0.385405 0.393440 0.386035 0.391340 0.386245 0.389240 0.385720 0.388260 0.384250 0.387560 0.382675 0.387280 0.381100 0.387140 0.379525 0.387140 0.377842 0.387140 0.376163 0.387420 0.374587 0.387840 0.373012 0.388400 0.371437 0.388820 0.369860
0 0.348370 0.402762 0.348110 0.402272 0.348760 0.400810 0.349280 0.399345 0.349540 0.397880 0.349150 0.396415 0.349803 0.394950 0.351493 0.394170 0.353577 0.394267 0.355530 0.394852 0.356963 0.396025 0.358523 0.397098 0.359827 0.398270 0.361000 0.399540 0.361910 0.400908 0.362690 0.402272 0.363473 0.403738 0.364123 0.405202 0.364643 0.406668 0.364643 0.408230 0.364903 0.409695 0.365293 0.411257 0.365163 0.412723 0.364383 0.414087 0.362690 0.414870 0.361260 0.415942 0.359827 0.417017 0.357873 0.417212 0.355920 0.416627 0.354230 0.415747 0.353057 0.414382 0.352147 0.412917 0.351493 0.411452 0.350453 0.410183 0.349803 0.408522 0.349410 0.407058 0.348890 0.405592
0 0.502900 0.424700 0.503087 0.424277 0.504027 0.422168 0.504400 0.420060 0.505523 0.418090 0.507213 0.416123 0.509837 0.415137 0.512650 0.414998 0.515460 0.415420 0.517147 0.417247 0.518087 0.419498 0.519023 0.421608 0.521087 0.423152 0.521833 0.425262 0.522397 0.427512 0.522023 0.429620 0.521460 0.431730 0.521273 0.433840 0.521273 0.436230 0.520337 0.438337 0.518460 0.440025 0.516587 0.441712 0.514150 0.442837 0.511337 0.442415 0.508900 0.441150 0.506650 0.439745 0.504773 0.438057 0.503837 0.435947 0.503837 0.433698 0.503277 0.431590 0.503087 0.429480 0.502900 0.427370
0 0.476560 0.408348 0.478247 0.406238 0.479747 0.404410 0.480873 0.402442 0.483123 0.401035 0.485933 0.400615 0.488370 0.401740 0.489870 0.403567 0.491747 0.405395 0.493620 0.407223 0.493997 0.409332 0.493807 0.411300 0.494183 0.413410 0.493997 0.415517 0.493620 0.417627 0.493247 0.419878 0.493057 0.421985 0.492497 0.424095 0.490997 0.425923 0.489683 0.427893 0.487247 0.429015 0.484433 0.429438 0.481623 0.429158 0.479183 0.428033 0.477873 0.426063 0.476937 0.423955 0.476187 0.421705 0.475623 0.419595 0.475247 0.417488 0.475060 0.415378 0.475247 0.412988 0.475247 0.410738
0 0.434897 0.395307 0.435943 0.393217 0.437510 0.391517 0.439080 0.389817 0.441693 0.389558 0.442043 0.389817 0.442390 0.391780 0.443960 0.393478 0.443437 0.393870 0.444483 0.392040 0.447097 0.391517 0.448667 0.391647 0.449537 0.393610 0.450757 0.395440 0.451453 0.397400 0.451803 0.398445 0.451280 0.400405 0.450930 0.402367 0.450930 0.402890 0.450060 0.404850 0.449187 0.406810 0.448490 0.408772 0.447620 0.410733 0.446050 0.412432 0.443437 0.412955 0.440823 0.413085 0.438207 0.412825 0.436290 0.411387 0.435243 0.409555 0.435070 0.407595 0.434373 0.405635 0.434023 0.403675 0.433850 0.401712 0.434023 0.399753 0.434373 0.397792
0 0.411977 0.416040 0.411977 0.416040 0.413720 0.414470 0.415290 0.412772 0.417033 0.411202 0.418600 0.409505 0.420170 0.407805 0.422087 0.406235 0.424700 0.405582 0.427313 0.405190 0.429930 0.404930 0.432370 0.405712 0.431323 0.407543 0.430453 0.409505 0.430627 0.411465 0.431150 0.413425 0.429407 0.415125 0.427490 0.416693 0.425747 0.418000 0.423480 0.419045 0.421390 0.420353 0.419123 0.421530 0.416510 0.422052 0.413893 0.421660 0.411977 0.420222 0.411977 0.418130
0 0.368097 0.442147 0.369153 0.440565 0.370357 0.438870 0.371260 0.437290 0.372467 0.435595 0.373370 0.433900 0.374273 0.432092 0.376383 0.430962 0.378490 0.430060 0.380300 0.428930 0.382407 0.428252 0.384667 0.427913 0.386627 0.428818 0.386323 0.430510 0.386173 0.432205 0.386927 0.433900 0.387380 0.435707 0.387830 0.437515 0.387227 0.439323 0.386323 0.441018 0.384667 0.444295 0.383763 0.445875 0.382560 0.447570 0.381353 0.449152 0.379847 0.450620 0.377737 0.451413 0.375630 0.452203 0.373370 0.452543 0.371110 0.452315 0.368850 0.451863 0.367647 0.450283 0.367043 0.448360 0.366893 0.446667 0.367043 0.444860
0 0.433613 0.449163 0.435067 0.448075 0.435793 0.446802 0.436883 0.445622 0.438093 0.444535 0.439060 0.443355 0.440150 0.442175 0.441480 0.441085 0.443053 0.440267 0.444627 0.439450 0.446443 0.438905 0.448260 0.438725 0.450197 0.438725 0.451770 0.439450 0.453220 0.440358 0.454070 0.441630 0.454190 0.442990 0.454190 0.444443 0.453583 0.445895 0.453100 0.447257 0.452373 0.448800 0.451770 0.450252 0.451043 0.451522 0.450197 0.452885 0.449227 0.454155 0.448137 0.455337 0.446927 0.456517 0.443660 0.458695 0.442087 0.459512 0.440393 0.460058 0.438457 0.460600 0.436640 0.460965 0.434823 0.461145 0.433250 0.460420 0.432887 0.459058 0.432523 0.457697 0.431920 0.456245 0.431800 0.454882 0.432040 0.453520 0.432647 0.452068 0.433130 0.450707 0.433130 0.450707
0 0.531397 0.502032 0.530833 0.502875 0.532897 0.501330 0.535333 0.500205 0.537020 0.498377 0.538520 0.496267 0.539457 0.494158 0.540207 0.492050 0.540770 0.489940 0.540770 0.487690 0.540583 0.485440 0.540020 0.483332 0.539643 0.481222 0.539270 0.479112 0.538707 0.477005 0.537583 0.475035 0.535147 0.473770 0.532520 0.472928 0.529710 0.473490 0.527083 0.474475 0.525583 0.476442 0.523897 0.478410 0.523333 0.481222 0.522583 0.483332 0.522023 0.485440 0.522023 0.487690 0.522023 0.489940 0.522210 0.492050 0.522397 0.494158 0.523333 0.496267 0.524460 0.498235 0.526147 0.500065 0.528210 0.501610
0 0.475773 0.470537 0.478210 0.469413 0.480460 0.468005 0.483083 0.467023 0.485710 0.466038 0.488333 0.465195 0.490957 0.464350 0.493770 0.463647 0.496770 0.463085 0.499583 0.462523 0.502393 0.462663 0.505207 0.463085 0.507830 0.463927 0.510643 0.464772 0.511957 0.466740 0.512707 0.468850 0.511767 0.470957 0.509517 0.472505 0.507080 0.473770 0.504643 0.474895 0.502020 0.475880 0.499207 0.476582 0.496207 0.477145 0.493397 0.477567 0.490583 0.477848 0.487583 0.477848 0.484583 0.477848 0.481210 0.477848 0.478210 0.477848 0.477087 0.476865 0.475773 0.474895 0.475397 0.472788
0 0.475333 0.470315 0.475457 0.468770 0.476303 0.467500 0.476787 0.465957 0.476907 0.464595 0.476907 0.463142 0.476787 0.461783 0.476787 0.460330 0.476787 0.458785 0.476787 0.457332 0.476787 0.455790 0.476423 0.454427 0.475457 0.453248 0.474243 0.452068 0.472913 0.450798 0.471460 0.449800 0.470010 0.448890 0.468437 0.448165 0.466740 0.447620 0.464803 0.447620 0.463473 0.448620 0.462747 0.449890 0.462383 0.451253 0.461900 0.452613 0.461537 0.454065 0.461537 0.455517 0.461537 0.456970 0.461537 0.458423 0.461657 0.459785 0.462020 0.461145 0.462140 0.462508 0.462503 0.463870 0.462747 0.465322 0.463353 0.466683 0.464077 0.467955 0.464683 0.469315 0.465410 0.470587 0.466740 0.471585 0.468313 0.472402 0.470130 0.472492 0.471947 0.472220
0 0.437863 0.468552 0.437863 0.468552 0.438830 0.467373 0.439313 0.466012 0.440163 0.464650 0.441250 0.463470 0.441977 0.462108 0.442583 0.460747 0.443550 0.459385 0.444520 0.458205 0.445970 0.457205 0.447543 0.456480 0.449120 0.455755 0.450933 0.455210 0.452750 0.455300 0.453960 0.456390 0.454563 0.457750 0.455050 0.459113 0.455170 0.460475 0.455170 0.461927 0.454807 0.463288 0.454203 0.464650 0.453353 0.465920 0.452387 0.467100 0.451540 0.468373 0.450330 0.469460 0.449360 0.470640 0.448270 0.471820 0.446940 0.472820 0.445367 0.473637 0.443673 0.474272 0.441857 0.474545 0.440040 0.474452 0.438710 0.473455 0.437983 0.472002 0.437500 0.470640
0 0.387433 0.477253 0.388833 0.475887 0.390513 0.474837 0.392473 0.474208 0.394433 0.473577 0.396817 0.473052 0.398917 0.472738 0.401297 0.472633 0.403677 0.472738 0.405777 0.472947 0.408020 0.473367 0.410120 0.473892 0.412220 0.474417 0.414460 0.475048 0.416560 0.475678 0.418660 0.476307 0.420483 0.477357 0.422023 0.478620 0.423423 0.479985 0.423703 0.481560 0.423423 0.483135 0.421883 0.484395 0.420343 0.485550 0.418380 0.486285 0.415860 0.486602 0.413760 0.486812 0.411240 0.486812 0.409140 0.486918 0.406897 0.486918 0.404517 0.486812 0.402417 0.486602 0.400317 0.486498 0.398217 0.485970 0.396257 0.485235 0.394293 0.484605 0.392753 0.483450 0.390793 0.482400 0.389393 0.481035 0.388273 0.479565
0 0.370067 0.477675 0.370907 0.476202 0.371890 0.474733 0.372730 0.473262 0.373570 0.471793 0.374690 0.470322 0.376230 0.469062 0.378050 0.468010 0.380150 0.467590 0.382250 0.468115 0.383370 0.469483 0.384073 0.471058 0.384633 0.472633 0.384913 0.474208 0.385473 0.475783 0.385613 0.477357 0.385333 0.478935 0.384913 0.480510 0.384353 0.482085 0.383793 0.483660 0.382950 0.485235 0.382530 0.486812 0.381550 0.488283 0.380150 0.489542 0.378890 0.490908 0.377070 0.492063 0.375390 0.493217 0.373430 0.493848 0.371327 0.493952 0.369647 0.492797 0.369367 0.491223 0.368947 0.489647 0.368527 0.488072 0.367967 0.486498 0.367967 0.484815 0.368247 0.483240 0.368527 0.481665 0.369227 0.480090 0.369927 0.478515
0 0.309570 0.500465 0.311530 0.499730 0.312933 0.498365 0.314053 0.497000 0.315173 0.495635 0.316573 0.494372 0.318393 0.493428 0.320633 0.492797 0.322733 0.492378 0.324697 0.491642 0.327917 0.490698 0.329877 0.490067 0.331977 0.489752 0.334217 0.489228 0.336320 0.488808 0.338420 0.488702 0.340520 0.488492 0.342620 0.488387 0.344720 0.489017 0.346400 0.490173 0.347240 0.491642 0.347240 0.493533 0.346680 0.495108 0.345840 0.496580 0.344580 0.498050 0.342760 0.498995 0.340940 0.499940 0.338980 0.500675 0.336740 0.501200 0.334497 0.501725 0.332397 0.502250 0.330297 0.502670 0.328197 0.503300 0.326097 0.503825 0.323997 0.504352 0.321753 0.504877 0.319513 0.505088 0.317413 0.505298 0.315173 0.505298 0.313073 0.505193 0.311110 0.504563 0.310830 0.502985 0.310690 0.501410
0 0.479390 0.487480 0.480517 0.485510 0.481640 0.483402 0.482767 0.481293 0.484267 0.479465 0.487077 0.479043 0.489703 0.480027 0.491953 0.481432 0.494013 0.482980 0.495140 0.484950 0.495890 0.487058 0.496640 0.489168 0.497200 0.491275 0.497577 0.493525 0.497013 0.495775 0.495890 0.497745 0.495327 0.499853 0.494577 0.501962 0.493640 0.504070 0.492700 0.506180 0.490077 0.507165 0.487263 0.507445 0.485017 0.506040 0.483140 0.504070 0.481267 0.502385 0.480140 0.500275 0.479767 0.498165 0.479767 0.495915 0.479390 0.493808 0.479203 0.491698 0.479203 0.489447 0.479203 0.489308
0 0.501700 0.493947 0.503950 0.495495 0.506763 0.495915 0.509200 0.497040 0.511637 0.498165 0.514073 0.499430 0.516510 0.500698 0.518760 0.502103 0.520637 0.503790 0.522510 0.505478 0.524010 0.507305 0.525323 0.509273 0.526823 0.511243 0.526433 0.512650 0.524933 0.514750 0.522500 0.515450 0.519697 0.515320 0.516887 0.515038 0.514260 0.514195 0.511637 0.513210 0.509013 0.512225 0.506950 0.510680 0.505263 0.508853 0.503763 0.507025 0.502077 0.505195 0.500577 0.503228 0.499637 0.501117 0.499077 0.499010 0.498513 0.496900 0.500577 0.495353
0 0.442347 0.524388 0.442347 0.524107 0.442720 0.521997 0.442720 0.519747 0.442720 0.517500 0.442720 0.515250 0.442720 0.513000 0.443283 0.510890 0.444033 0.508783 0.445533 0.506953 0.446470 0.506533 0.447783 0.506533 0.450407 0.507375 0.452843 0.508500 0.454907 0.510047 0.456033 0.512015 0.456593 0.514125 0.456783 0.516232 0.457157 0.518342 0.457343 0.520452 0.457157 0.522560 0.456407 0.524670 0.455093 0.526638 0.453783 0.528608 0.452093 0.530435 0.449847 0.531840 0.447033 0.531138 0.444970 0.529590 0.443847 0.527482
0 0.430087 0.535847 0.432523 0.534582 0.434023 0.532755 0.435333 0.530785 0.436460 0.528537 0.437397 0.526428 0.437960 0.524317 0.438147 0.521927 0.438333 0.519820 0.438147 0.517710 0.437023 0.515742 0.435333 0.513912 0.434397 0.511805 0.432710 0.509977 0.430273 0.508853 0.427460 0.508710 0.424837 0.509555 0.423150 0.511382 0.422587 0.513633 0.422213 0.515742 0.421837 0.517990 0.421650 0.520100 0.422213 0.522210 0.422023 0.522490 0.422023 0.524740 0.422400 0.526850 0.423150 0.528957 0.424273 0.531068 0.425587 0.533035 0.427460 0.534722
0 0.525347 0.581965 0.525057 0.582183 0.524767 0.578915 0.525347 0.575648 0.525637 0.572380 0.526800 0.569115 0.530573 0.567372 0.534640 0.568678 0.537833 0.571292 0.540157 0.574122 0.541320 0.577390 0.541610 0.580658 0.541320 0.583925 0.540157 0.587190 0.538413 0.590240 0.535510 0.592853 0.531157 0.591982 0.528833 0.589150 0.526220 0.586320
0 0.324457 0.536555 0.325037 0.533288 0.326200 0.530020 0.326780 0.526755 0.327360 0.523487 0.330847 0.521310 0.335200 0.522180 0.337523 0.525012 0.339847 0.528060 0.341590 0.531327 0.342460 0.534595 0.343043 0.537862 0.343333 0.541128 0.341880 0.544395 0.339557 0.547445 0.337233 0.550275 0.333170 0.551582 0.330263 0.548750 0.328233 0.545702 0.324747 0.543525 0.323587 0.539385
0 0.346673 0.623798 0.348307 0.621347 0.350407 0.619073 0.353207 0.617322 0.355307 0.615047 0.357873 0.613122 0.360907 0.611722 0.364407 0.610673 0.367907 0.609975 0.370473 0.611897 0.370473 0.614698 0.370240 0.618372 0.367673 0.620298 0.364873 0.622223 0.362307 0.624148 0.359273 0.625722 0.356240 0.627298 0.353207 0.628698 0.349707 0.628872 0.347140 0.626947
0 0.407340 0.608050 0.408040 0.605425 0.409440 0.602800 0.410140 0.600175 0.410140 0.597200 0.410140 0.594400 0.409207 0.591775 0.408273 0.589150 0.407107 0.586525 0.405940 0.583900 0.404073 0.581450 0.400573 0.580050 0.397307 0.579000 0.393807 0.579525 0.392407 0.581975 0.391707 0.584600 0.390540 0.587400 0.390307 0.590025 0.390307 0.592825 0.390307 0.595625 0.390540 0.598425 0.391940 0.600875 0.394273 0.602975 0.396840 0.604900 0.399640 0.606650 0.403140 0.607525
0 0.430670 0.629765 0.430203 0.629765 0.433237 0.627840 0.435803 0.625740 0.437437 0.623290 0.437437 0.620490 0.437670 0.617865 0.437437 0.615240 0.436737 0.612615 0.435803 0.609818 0.435337 0.607193 0.434637 0.604568 0.432303 0.602467 0.429270 0.600893 0.425537 0.600893 0.422737 0.602643 0.421803 0.605268 0.421103 0.607893 0.420637 0.610690 0.420170 0.613315 0.419937 0.616115 0.419703 0.618740 0.421103 0.621190 0.422503 0.623640 0.424837 0.625915 0.427170 0.628015
0 0.481570 0.622323 0.482967 0.620493 0.483487 0.618533 0.483837 0.616572 0.484533 0.614610 0.486973 0.613695 0.489587 0.613957 0.491853 0.615003 0.494293 0.616702 0.496907 0.621015 0.497607 0.622977 0.497780 0.625067 0.498127 0.627160 0.498827 0.629120 0.499000 0.631212 0.498650 0.633173 0.498303 0.635133 0.497257 0.636962 0.495863 0.638663 0.493597 0.639707 0.490983 0.639970 0.488193 0.639447 0.486277 0.638010 0.484883 0.636310 0.484187 0.634350 0.483487 0.632387 0.482267 0.630557 0.481570 0.628597 0.480700 0.626638 0.481747 0.624807 0.482093 0.624152
