0 0.494897 0.298428 0.496840 0.293762 0.499170 0.289387 0.503060 0.285890 0.508500 0.283850 0.513943 0.285598 0.516277 0.289680 0.517053 0.294052 0.516277 0.298428 0.513553 0.302507 0.510833 0.306590 0.506947 0.310090 0.500727 0.309798 0.495673 0.307465 0.493730 0.303092
0 0.520590 0.336850 0.520427 0.336850 0.521560 0.335027 0.522210 0.333205 0.522047 0.331140 0.521723 0.329317 0.521887 0.327373 0.523020 0.325670 0.524640 0.324212 0.527233 0.322997 0.529823 0.322510 0.532257 0.322390 0.534363 0.323362 0.535983 0.324820 0.536793 0.326765 0.537277 0.328707 0.537603 0.330533 0.537763 0.332355 0.537927 0.334178 0.537927 0.336122 0.537927 0.338065 0.537763 0.339888 0.536953 0.341712 0.535657 0.343293 0.533877 0.344750 0.532257 0.346208 0.530960 0.347910 0.529987 0.349610 0.528203 0.351070 0.525773 0.350947 0.523507 0.350217 0.521887 0.348760 0.521237 0.346938 0.520590 0.345115 0.519940 0.343293 0.519457 0.341467
0 0.423777 0.305872 0.424997 0.304042 0.424823 0.302080 0.424823 0.299990 0.425170 0.298030 0.428133 0.297375 0.430747 0.297505 0.433013 0.298552 0.434930 0.299990 0.437370 0.301035 0.439637 0.302080 0.441207 0.303780 0.442427 0.305610 0.443647 0.307440 0.444343 0.309402 0.445213 0.311362 0.445737 0.313323 0.445737 0.315415 0.445910 0.317505 0.445910 0.319598 0.445563 0.321557 0.443820 0.323128 0.441207 0.323650 0.438590 0.323387 0.436150 0.322603 0.433537 0.321820 0.431967 0.320120 0.430227 0.318553 0.428483 0.316853 0.427437 0.314760 0.426390 0.312930 0.425347 0.310840 0.424647 0.308748
0 0.406000 0.313845 0.407393 0.312015 0.408440 0.310185 0.411053 0.310707 0.413320 0.312015 0.415587 0.313192 0.417327 0.314760 0.418897 0.316460 0.420290 0.318290 0.421510 0.320120 0.422383 0.322080 0.423253 0.324043 0.424300 0.326002 0.425170 0.327962 0.426043 0.329925 0.425867 0.332277 0.423253 0.332930 0.420640 0.333193 0.418027 0.332538 0.415760 0.331493 0.414190 0.329793 0.412447 0.328095 0.410707 0.326525 0.409660 0.324695 0.408613 0.322865 0.406700 0.320775 0.406167 0.318550 0.405467 0.316600 0.406173 0.315022
0 0.464820 0.357060 0.468133 0.355752 0.470573 0.354837 0.473187 0.354708 0.475977 0.354837 0.478590 0.355360 0.481203 0.356145 0.483643 0.356930 0.485910 0.358237 0.487827 0.359675 0.489920 0.361113 0.490617 0.363072 0.489570 0.364902 0.487303 0.366080 0.484690 0.366342 0.481553 0.366342 0.478763 0.366342 0.476150 0.365950 0.473363 0.365165 0.471097 0.363988 0.469003 0.362683 0.467087 0.361243 0.465867 0.359413
0 0.499993 0.353558 0.499820 0.353558 0.501213 0.351728 0.503130 0.350027 0.505570 0.348983 0.507663 0.347675 0.510277 0.347413 0.511670 0.349112 0.513240 0.350813 0.513937 0.353295 0.515680 0.354865 0.516723 0.356955 0.517423 0.359048 0.517423 0.361140 0.517073 0.363100 0.516723 0.365060 0.516550 0.367152 0.516203 0.369113 0.515853 0.371072 0.515680 0.373035 0.515330 0.374995 0.513937 0.376825 0.512543 0.378655 0.509927 0.378003 0.507487 0.377217 0.505223 0.376040 0.503480 0.374473 0.501910 0.372773 0.500863 0.370812 0.499993 0.368850 0.499470 0.366890 0.499470 0.364800 0.499470 0.362707 0.499470 0.360615 0.499470 0.358395 0.499470 0.356303
0 0.532237 0.375125 0.532237 0.375125 0.534153 0.373557 0.535200 0.371728 0.537117 0.370290 0.539383 0.369113 0.541647 0.367935 0.544437 0.367020 0.547227 0.366890 0.549840 0.366368 0.552803 0.366497 0.555590 0.366497 0.558207 0.366237 0.560820 0.366105 0.563260 0.367152 0.565527 0.368460 0.566570 0.370290 0.566570 0.372380 0.565350 0.374210 0.563957 0.375910 0.561867 0.377217 0.559250 0.377870 0.556637 0.378525 0.554197 0.379308 0.551757 0.380092 0.549143 0.380615 0.546527 0.380877 0.543913 0.381007 0.540950 0.381007 0.538337 0.380748 0.535723 0.379700 0.533457 0.378655 0.532410 0.376825
0 0.542200 0.392825 0.542200 0.392825 0.543133 0.390025 0.544533 0.387400 0.546867 0.385125 0.549667 0.383375 0.552700 0.384950 0.555033 0.387050 0.556900 0.389500 0.558533 0.391950 0.559000 0.394750 0.559000 0.397550 0.559000 0.400350 0.559000 0.403325 0.559000 0.406125 0.558533 0.408750 0.555967 0.410675 0.552467 0.411375 0.548967 0.410850 0.545700 0.408925 0.544067 0.406475 0.542667 0.404025 0.541967 0.401225 0.541500 0.398425 0.541500 0.395625
0 0.562430 0.431200 0.562430 0.428402 0.562663 0.425602 0.563130 0.422978 0.564530 0.420527 0.566863 0.418428 0.568497 0.415978 0.570597 0.413702 0.572930 0.411428 0.575493 0.409502 0.578527 0.410902 0.580160 0.413353 0.582260 0.415627 0.583193 0.418252 0.583427 0.420878 0.582960 0.423503 0.581793 0.426303 0.579927 0.428752 0.578527 0.431200 0.577127 0.433650 0.575960 0.436275 0.573627 0.438375 0.570130 0.438550 0.566863 0.437500 0.563830 0.436100
0 0.608627 0.429277 0.609793 0.426652 0.610027 0.424028 0.610027 0.421228 0.611427 0.418777 0.613760 0.416678 0.617493 0.416678 0.620993 0.417378 0.623327 0.419652 0.626127 0.421577 0.627060 0.424202 0.627760 0.426827 0.627760 0.429975 0.627293 0.432600 0.627293 0.435050 0.625660 0.437500 0.624260 0.439950 0.623093 0.442575 0.619827 0.443800 0.616327 0.443450 0.613527 0.441700 0.611660 0.439425 0.610027 0.436975 0.609327 0.434350 0.609093 0.431725
0 0.375800 0.396750 0.378310 0.392795 0.380067 0.390160 0.380820 0.387335 0.381070 0.384325 0.381070 0.381312 0.380317 0.378490 0.379063 0.375665 0.377557 0.373030 0.375047 0.370773 0.371283 0.370395 0.367520 0.370582 0.365510 0.373030 0.363503 0.375478 0.363000 0.378300 0.362750 0.381125 0.363753 0.383947 0.364757 0.386770 0.365510 0.389595 0.366513 0.392418 0.369277 0.394490 0.372537 0.395995
0 0.410480 0.413150 0.411873 0.410930 0.412397 0.408967 0.413440 0.407137 0.415360 0.405570 0.417623 0.404523 0.419020 0.402693 0.420760 0.401125 0.423550 0.400863 0.426163 0.401517 0.427383 0.403348 0.428257 0.405307 0.429303 0.407137 0.429823 0.409098 0.429823 0.411190 0.429303 0.413150 0.428953 0.415112 0.428603 0.417073 0.426163 0.420995 0.425120 0.422825 0.424073 0.424655 0.422853 0.426485 0.420937 0.427923 0.418320 0.428315 0.415707 0.428445 0.412920 0.428445 0.411523 0.426745 0.410303 0.424915 0.409957 0.422955 0.409780 0.420863 0.409780 0.418772 0.409607 0.416810
0 0.432613 0.400473 0.434703 0.399165 0.437143 0.398380 0.439933 0.398380 0.443420 0.401255 0.445510 0.402693 0.446557 0.404655 0.446903 0.406615 0.447777 0.408575 0.448823 0.410405 0.449867 0.412235 0.450913 0.414065 0.450913 0.416158 0.450913 0.418250 0.450043 0.420210 0.449343 0.422170 0.448473 0.424130 0.446730 0.425830 0.444290 0.426615 0.441677 0.426485 0.439583 0.425177 0.437667 0.423740 0.436623 0.421910 0.435923 0.419947 0.434880 0.417857 0.433833 0.416027 0.433137 0.414065 0.432787 0.411975 0.432787 0.409882 0.432613 0.407923 0.432263 0.405963 0.431917 0.404000 0.432263 0.402040
0 0.454400 0.435113 0.455443 0.433283 0.456490 0.431450 0.456840 0.429490 0.459627 0.424522 0.461893 0.423348 0.464507 0.422955 0.467123 0.423085 0.469040 0.424522 0.470087 0.426353 0.471480 0.428183 0.472003 0.430145 0.472177 0.432235 0.472003 0.434198 0.471827 0.436158 0.471480 0.438117 0.470607 0.440210 0.468867 0.441908 0.467123 0.443870 0.465727 0.445568 0.464160 0.447267 0.461547 0.448053 0.458930 0.448182 0.456143 0.447923 0.454923 0.445960 0.454923 0.443870 0.454050 0.442170 0.453527 0.440210 0.453703 0.438117
0 0.423200 0.461515 0.425120 0.458640 0.426513 0.456940 0.427733 0.455110 0.428603 0.453150 0.428953 0.451190 0.429127 0.449098 0.429477 0.447137 0.429650 0.445178 0.430000 0.443215 0.430523 0.441255 0.430697 0.439295 0.429650 0.437465 0.428780 0.435503 0.426860 0.433935 0.424247 0.433283 0.421633 0.433542 0.420240 0.435243 0.419193 0.437072 0.417800 0.438772 0.416403 0.440470 0.414660 0.442040 0.413963 0.444000 0.413963 0.446092 0.413617 0.448053 0.412920 0.450143 0.412047 0.452105 0.411523 0.454065 0.411350 0.456025 0.411523 0.457987 0.412570 0.459817 0.414140 0.461515 0.416230 0.462822 0.418670 0.463870 0.421283 0.464000
0 0.361503 0.462955 0.359413 0.461647 0.358367 0.459817 0.358367 0.457595 0.359237 0.455502 0.360110 0.453412 0.360980 0.451320 0.362200 0.449490 0.365163 0.447660 0.366907 0.446092 0.368473 0.444392 0.370740 0.443085 0.373180 0.442170 0.375620 0.441385 0.377887 0.440340 0.380500 0.440210 0.383117 0.440733 0.385207 0.442040 0.386253 0.443870 0.386600 0.445830 0.385903 0.447790 0.384683 0.449620 0.382940 0.451190 0.381197 0.452757 0.379803 0.454457 0.377537 0.456158 0.375273 0.457332 0.373357 0.458770 0.371090 0.459948 0.368473 0.460732 0.365687 0.461125
0 0.355403 0.465438 0.357843 0.464523 0.360110 0.463085 0.362723 0.461908 0.365513 0.461255 0.368473 0.461125 0.371263 0.461125 0.374053 0.461125 0.376840 0.461125 0.379630 0.461255 0.382243 0.461647 0.384683 0.462562 0.386950 0.463738 0.388867 0.465175 0.390437 0.466875 0.391307 0.468835 0.388693 0.470798 0.386777 0.472235 0.384683 0.473543 0.382243 0.474457 0.379803 0.475240 0.377190 0.475372 0.374400 0.475502 0.371613 0.475633 0.368823 0.475633 0.366210 0.475502 0.363593 0.474980 0.360980 0.474457 0.358367 0.473803 0.356273 0.472365 0.354707 0.470535 0.354707 0.468313
0 0.520747 0.468658 0.524810 0.467353 0.528877 0.468658 0.533523 0.469530 0.537587 0.470837 0.541363 0.473015 0.544847 0.475410 0.546590 0.478678 0.548333 0.481725 0.549493 0.484992 0.546590 0.487605 0.542233 0.488043 0.537587 0.488043 0.533813 0.486300 0.530330 0.484123 0.527133 0.481507 0.524230 0.478895 0.522197 0.475845 0.520747 0.472577
0 0.446407 0.508077 0.449020 0.505247 0.451053 0.502197 0.451923 0.498930 0.452213 0.495665 0.452213 0.492180 0.452213 0.488695 0.451343 0.485428 0.449020 0.482598 0.444663 0.481725 0.440890 0.483467 0.439437 0.486953 0.438567 0.490220 0.437407 0.493488 0.436243 0.496752 0.436823 0.500020 0.437987 0.503287 0.440310 0.506335
0 0.432760 0.493050 0.434500 0.490003 0.434500 0.486517 0.433630 0.483250 0.431307 0.480202 0.429563 0.477152 0.427243 0.474320 0.423467 0.472577 0.419110 0.472798 0.416207 0.475410 0.414173 0.478460 0.413883 0.481725 0.415627 0.485210 0.415337 0.488478 0.416787 0.491745 0.419693 0.494575 0.424047 0.496318 0.428403 0.496752
0 0.342450 0.503723 0.341577 0.500455 0.341577 0.496970 0.340707 0.493705 0.338963 0.490438 0.338093 0.487170 0.336060 0.484123 0.333447 0.481725 0.329383 0.480202 0.325027 0.479330 0.322123 0.481942 0.322703 0.485210 0.323573 0.488478 0.324157 0.491745 0.324737 0.495010 0.326477 0.498060 0.329093 0.500890 0.332577 0.503287 0.336350 0.505030
0 0.322417 0.523610 0.323553 0.521788 0.324523 0.519962 0.325820 0.518263 0.327280 0.516683 0.328090 0.514860 0.329060 0.513158 0.331493 0.513038 0.334083 0.513038 0.336190 0.514130 0.337650 0.515710 0.338947 0.517290 0.339593 0.519235 0.339757 0.521177 0.339757 0.523122 0.339430 0.524945 0.338620 0.526768 0.337487 0.528470 0.336190 0.530050 0.334893 0.531630 0.333113 0.532965 0.330843 0.533937 0.328413 0.534910 0.325983 0.534790 0.324523 0.533210 0.323230 0.531630 0.322257 0.529927 0.321770 0.527985 0.321770 0.526040
0 0.500777 0.541420 0.501180 0.539153 0.502187 0.536883 0.503600 0.534765 0.506623 0.534615 0.510053 0.535068 0.512877 0.536278 0.514690 0.538245 0.516303 0.540210 0.517917 0.542327 0.519127 0.544595 0.519933 0.546865 0.520337 0.549133 0.520337 0.551553 0.520540 0.553822 0.520540 0.556242 0.520337 0.558510 0.518723 0.560477 0.516303 0.562140 0.513280 0.562595 0.510253 0.561837 0.507230 0.561232 0.505413 0.559268 0.504810 0.556997 0.503800 0.554730 0.502590 0.552460 0.501380 0.550342 0.500777 0.548075 0.500777 0.545655 0.500573 0.543385
0 0.465687 0.580895 0.467907 0.579230 0.469923 0.577415 0.471940 0.575450 0.472747 0.573180 0.473553 0.570913 0.474157 0.568645 0.474763 0.566225 0.474763 0.563653 0.474360 0.561385 0.473957 0.559115 0.473553 0.556695 0.471133 0.555033 0.468510 0.553822 0.465487 0.553670 0.462863 0.554880 0.460647 0.556545 0.459033 0.558510 0.458023 0.560780 0.457220 0.563048 0.456413 0.565318 0.455607 0.567585 0.455403 0.569855 0.455403 0.572273 0.456413 0.574693 0.457420 0.576962 0.458830 0.579080 0.461453 0.580290 0.464073 0.581500
0 0.422533 0.571063 0.422533 0.571063 0.425760 0.570005 0.428180 0.568342 0.430197 0.566528 0.431407 0.564410 0.431003 0.562140 0.431407 0.560023 0.430800 0.557755 0.430197 0.555485 0.429993 0.553065 0.429390 0.550798 0.427573 0.548830 0.425357 0.547015 0.422533 0.545957 0.419510 0.545503 0.416887 0.546865 0.414870 0.548830 0.413057 0.550798 0.411443 0.552915 0.411240 0.555183 0.410233 0.557905 0.410433 0.560175 0.411443 0.562442 0.412250 0.564712 0.412450 0.566980 0.413257 0.569250 0.415273 0.571215 0.417897 0.572425
0 0.477230 0.604655 0.477770 0.601617 0.477770 0.598378 0.479390 0.594128 0.481010 0.591090 0.483710 0.588660 0.487490 0.587243 0.491267 0.588862 0.493427 0.591495 0.495317 0.594330 0.496667 0.597365 0.496667 0.600605 0.494777 0.607085 0.495587 0.605465 0.495587 0.605465 0.493427 0.608097 0.493157 0.611135 0.491537 0.613967 0.487760 0.615182 0.483710 0.614980 0.480740 0.612755 0.478310 0.610122
0 0.458333 0.626117 0.458873 0.623080 0.459413 0.620043 0.461033 0.617208 0.465083 0.616803 0.469130 0.617208 0.472100 0.619638 0.473450 0.622675 0.474800 0.625713 0.476420 0.628750 0.477230 0.631788 0.477500 0.635025 0.477500 0.638265 0.476420 0.641302 0.474800 0.644138 0.470750 0.644948 0.467240 0.642923 0.464003 0.640898 0.461573 0.638265 0.460223 0.635227 0.459953 0.632190
0 0.347107 0.601617 0.347647 0.598580 0.348727 0.595545 0.350887 0.592710 0.353317 0.590078 0.357367 0.588862 0.360877 0.590482 0.363577 0.592913 0.363847 0.595947 0.364117 0.598985 0.364387 0.602023 0.364387 0.605263 0.363847 0.608300 0.361687 0.611135 0.359527 0.613768 0.356017 0.615385 0.352237 0.613967 0.349267 0.611742 0.348727 0.608705 0.347377 0.605668
0 0.393003 0.639278 0.393273 0.636038 0.395970 0.633607 0.400290 0.632798 0.403800 0.634620 0.406230 0.637252 0.408120 0.640088 0.409740 0.642923 0.410820 0.645960 0.411090 0.648997 0.410280 0.652033 0.410010 0.655070 0.409200 0.658107 0.405150 0.657905 0.401640 0.656285 0.401640 0.656285 0.398400 0.654260 0.396510 0.651425 0.394620 0.648593 0.392733 0.645758 0.392463 0.642720 0.392463 0.641707
0 0.414460 0.664960 0.414460 0.664595 0.413973 0.662772 0.414297 0.661315 0.415270 0.659612 0.417540 0.658885 0.419970 0.658763 0.422400 0.658398 0.425640 0.659128 0.427910 0.659977 0.429530 0.661558 0.430823 0.663138 0.431960 0.664840 0.432770 0.666663 0.433740 0.668362 0.434713 0.670065 0.435363 0.671888 0.435847 0.673832 0.435687 0.675655 0.435687 0.677600 0.435523 0.679543 0.434550 0.681245 0.432607 0.682460 0.430987 0.683918 0.428557 0.684160 0.426287 0.683190 0.425153 0.681487 0.423210 0.680273 0.421267 0.678935 0.419643 0.677477 0.418673 0.675775 0.415433 0.667878 0.416567 0.669577 0.416890 0.671403 0.416890 0.671403 0.417540 0.673225 0.418023 0.674440
0 0.392667 0.662602 0.393800 0.660903 0.394773 0.659200 0.395907 0.657500 0.398177 0.656770 0.400607 0.657378 0.402390 0.658835 0.404010 0.660295 0.405790 0.661630 0.407897 0.662845 0.408707 0.664913 0.410327 0.668435 0.410327 0.670380 0.410327 0.672325 0.409843 0.674148 0.409680 0.676092 0.409517 0.678038 0.409193 0.679860 0.408223 0.681560 0.406277 0.682775 0.404010 0.683628 0.401580 0.683140 0.399310 0.682410 0.397690 0.680952 0.396717 0.679253 0.395907 0.677430 0.395097 0.675485 0.394287 0.673663 0.393477 0.671840 0.392990 0.670015 0.392667 0.668192 0.392503 0.666370
