0 0.455023 0.331555 0.455527 0.328733 0.456280 0.325910 0.458287 0.323462 0.461300 0.321392 0.464813 0.322710 0.466820 0.325155 0.468827 0.327603 0.470083 0.330427 0.471087 0.333437 0.471840 0.336262 0.472340 0.339272 0.472340 0.342285 0.472090 0.345108 0.469080 0.346990 0.465313 0.347743 0.462303 0.345672 0.459290 0.343790 0.456780 0.341533 0.455277 0.338897 0.454773 0.336072
0 0.409850 0.361860 0.410350 0.359038 0.410350 0.356025 0.410350 0.353015 0.411607 0.350190 0.413113 0.347555 0.415873 0.345485 0.419637 0.344543 0.423150 0.345672 0.425410 0.348120 0.426413 0.350942 0.427417 0.353767 0.427920 0.356967 0.427417 0.359790 0.426663 0.362990 0.425410 0.365812 0.423653 0.368447 0.420140 0.369767 0.416123 0.370142 0.412360 0.369578 0.410350 0.366943 0.409600 0.364120
0 0.366430 0.368072 0.367687 0.365250 0.366430 0.362425 0.365680 0.359603 0.366430 0.356777 0.367937 0.354142 0.369693 0.351507 0.372203 0.349060 0.375217 0.347180 0.378730 0.348685 0.380737 0.351133 0.382997 0.353577 0.384250 0.356402 0.385507 0.359225 0.386257 0.362050 0.386007 0.364872 0.386007 0.367885 0.386007 0.370895 0.384250 0.373530 0.381240 0.375413 0.377473 0.376355 0.373710 0.375603 0.370697 0.373720 0.369193 0.371085 0.368690 0.368260
0 0.385253 0.389717 0.385757 0.386895 0.387010 0.384072 0.388517 0.381248 0.390023 0.378613 0.392783 0.375603 0.396547 0.375225 0.400313 0.375038 0.403577 0.376543 0.405583 0.378990 0.406587 0.381812 0.407090 0.384637 0.407090 0.387647 0.406837 0.390473 0.406337 0.391600 0.405333 0.394425 0.401067 0.399130 0.397803 0.401012 0.393787 0.401952 0.390023 0.401765 0.386760 0.398753 0.385003 0.396118 0.385003 0.395742 0.385003 0.392730 0.385003 0.392730
0 0.433253 0.424960 0.434873 0.422127 0.436493 0.419293 0.438113 0.416457 0.439463 0.413420 0.442703 0.411395 0.446750 0.412408 0.450260 0.414432 0.451880 0.417267 0.452690 0.420305 0.452150 0.423342 0.451070 0.426378 0.450800 0.429415 0.449720 0.432452 0.446750 0.434680 0.443243 0.436300 0.439193 0.436908 0.438653 0.436705 0.436763 0.434072 0.434603 0.431440 0.434063 0.428402 0.434063 0.428402
0 0.462140 0.426580 0.463490 0.423545 0.466190 0.421115 0.469697 0.419495 0.472667 0.421925 0.475097 0.424555 0.476987 0.427390 0.477257 0.428402 0.477257 0.431642 0.477257 0.434883 0.477257 0.438123 0.477257 0.441362 0.475637 0.444195 0.472127 0.446018 0.468080 0.445207 0.465650 0.442575 0.464030 0.439742 0.462950 0.436705 0.461870 0.433668 0.461600 0.430630
0 0.521800 0.418280 0.521800 0.414837 0.522070 0.411800 0.523960 0.408965 0.526660 0.406535 0.530710 0.405927 0.533680 0.408155 0.535840 0.410788 0.537730 0.413623 0.538270 0.419293 0.538270 0.419090 0.538810 0.422127 0.538270 0.425162 0.538000 0.428200 0.536920 0.431237 0.533140 0.432452 0.529090 0.432048 0.526120 0.429820 0.524230 0.426985 0.522070 0.421520 0.523150 0.423947
0 0.545557 0.421520 0.547177 0.418685 0.548797 0.415850 0.550957 0.413015 0.553387 0.410382 0.555817 0.407750 0.558787 0.405525 0.562837 0.404715 0.565263 0.406940 0.564727 0.410788 0.565803 0.413825 0.565533 0.416863 0.563377 0.419495 0.563107 0.422533 0.562297 0.425567 0.560677 0.428402 0.558517 0.431035 0.554467 0.431845 0.550417 0.431642 0.547447 0.429415 0.545827 0.426580
0 0.521350 0.457352 0.520650 0.454728 0.520650 0.451927 0.522050 0.449478 0.524383 0.447377 0.526483 0.445103 0.529050 0.443178 0.532317 0.444227 0.534417 0.445802 0.536517 0.448077 0.537450 0.450703 0.537917 0.453327 0.538150 0.455952 0.537917 0.458577 0.537683 0.461202 0.537683 0.464002 0.536983 0.466627 0.536050 0.469253 0.533717 0.471527 0.530217 0.472228 0.526717 0.472052 0.523450 0.470828 0.522283 0.468202 0.522283 0.465402 0.522517 0.462777 0.522750 0.460152
0 0.492560 0.468045 0.493433 0.465250 0.494567 0.462725 0.495127 0.460345 0.496293 0.457720 0.496060 0.454920 0.495127 0.452295 0.493960 0.449670 0.492793 0.446870 0.491860 0.444245 0.489293 0.441970 0.485793 0.441095 0.482760 0.442495 0.480193 0.444595 0.478793 0.447045 0.478560 0.449670 0.478560 0.452470 0.478793 0.455095 0.479260 0.457720 0.480600 0.460025 0.482433 0.462275 0.484033 0.464750 0.486027 0.466995
0 0.433410 0.453682 0.434347 0.451572 0.435283 0.449462 0.436220 0.447355 0.437533 0.445385 0.439033 0.443557 0.440533 0.441730 0.442407 0.440043 0.445220 0.439623 0.448220 0.439623 0.451030 0.439902 0.452530 0.441730 0.453093 0.443840 0.452157 0.445947 0.451593 0.448057 0.451593 0.450308 0.451593 0.452558 0.451220 0.454665 0.449907 0.456635 0.448780 0.458603 0.447843 0.460712 0.446343 0.462540 0.444843 0.464508 0.442220 0.465493 0.439407 0.465915 0.437167 0.464650 0.436033 0.462675 0.434533 0.461125 0.433600 0.459175 0.433033 0.456915
0 0.460460 0.694213 0.461133 0.692947 0.461473 0.691680 0.462147 0.690415 0.462823 0.689150 0.463273 0.687883 0.463723 0.686617 0.464510 0.685435 0.465187 0.684170 0.466087 0.682990 0.467660 0.682397 0.469347 0.681893 0.471037 0.681555 0.472723 0.681385 0.474300 0.681893 0.475423 0.682990 0.476550 0.684085 0.477113 0.685352 0.477223 0.686702 0.477223 0.688052 0.477337 0.689487 0.477337 0.690922 0.477563 0.692187 0.477563 0.693538 0.477673 0.694887 0.477450 0.696237 0.477000 0.697673 0.476213 0.699107 0.475537 0.700372 0.474863 0.701640 0.473960 0.702735 0.472723 0.703750 0.471373 0.704677 0.470137 0.705690 0.469123 0.706788 0.467547 0.707292 0.465973 0.706703 0.464623 0.705857 0.464173 0.704592 0.463273 0.703495 0.462483 0.702315 0.461810 0.701048 0.461360 0.699782 0.461023 0.698518 0.460910 0.697250 0.461023 0.695985 0.461023 0.694635
0 0.301390 0.454075 0.302513 0.452107 0.304013 0.450280 0.305513 0.448452 0.306827 0.446483 0.308140 0.444515 0.309827 0.442688 0.312450 0.441842 0.315263 0.442265 0.317700 0.443670 0.319573 0.445358 0.320323 0.447607 0.320513 0.449717 0.319763 0.451825 0.318637 0.453795 0.318263 0.455902 0.317887 0.458012 0.317327 0.460122 0.316387 0.462230 0.315263 0.464200 0.313950 0.466168 0.312637 0.468135 0.311327 0.470105 0.308890 0.471370 0.306263 0.472212 0.303453 0.472073 0.301953 0.470245 0.301390 0.468135 0.300640 0.466027 0.299890 0.463918 0.299140 0.461810 0.300267 0.459840 0.300827 0.457733 0.301203 0.455622
0 0.496160 0.494975 0.497773 0.493007 0.499183 0.490890 0.500393 0.488772 0.501603 0.486655 0.503017 0.484538 0.504830 0.483327 0.507857 0.482875 0.509873 0.481060 0.512090 0.479395 0.515113 0.478640 0.518140 0.479548 0.519753 0.481513 0.519953 0.483783 0.519350 0.486050 0.518543 0.488320 0.517333 0.490438 0.516527 0.492705 0.515317 0.494822 0.514107 0.497092 0.512493 0.499210 0.510277 0.501022 0.507453 0.502082 0.504630 0.502990 0.501603 0.503293 0.498580 0.502687 0.496160 0.501175 0.495567 0.499050 0.495967 0.496800
0 0.429863 0.476655 0.431553 0.476402 0.433240 0.475895 0.435040 0.475895 0.436730 0.476233 0.438190 0.476908 0.439430 0.477837 0.440553 0.478935 0.441793 0.479863 0.443143 0.480705 0.444607 0.481465 0.446067 0.482310 0.447307 0.483237 0.448317 0.484335 0.449557 0.485348 0.450680 0.486445 0.451580 0.487625 0.452370 0.488808 0.452593 0.490072 0.453043 0.491340 0.453157 0.492605 0.453157 0.493955 0.452593 0.495220 0.450907 0.495642 0.449220 0.495895 0.447530 0.495812 0.445730 0.495642 0.443930 0.495305 0.442467 0.495138 0.440893 0.494545 0.439993 0.493450 0.438640 0.492605 0.437403 0.491677 0.436280 0.490665 0.435153 0.489652 0.434367 0.488470 0.433353 0.487372 0.432453 0.486275 0.431553 0.485177 0.430653 0.484082 0.429753 0.482900 0.429190 0.481635 0.429303 0.480368 0.429303 0.479017 0.429303 0.477668
0 0.370723 0.611452 0.372073 0.608415 0.372613 0.605378 0.373153 0.602343 0.374503 0.599305 0.376933 0.596673 0.379360 0.594040 0.382330 0.591812 0.386380 0.593230 0.388540 0.595862 0.389080 0.598900 0.389080 0.602140 0.389080 0.605378 0.388810 0.608415 0.387460 0.611452 0.385840 0.614287 0.383950 0.617122 0.381250 0.619755 0.377200 0.620160 0.373423 0.618945 0.371533 0.616110 0.372073 0.613073
0 0.414330 0.556003 0.415303 0.554303 0.416273 0.552600 0.417733 0.551020 0.420163 0.550412 0.422593 0.549805 0.425187 0.549928 0.426157 0.552115 0.426157 0.552115 0.427293 0.553815 0.427453 0.555640 0.427453 0.557582 0.427940 0.559405 0.428103 0.561350 0.428103 0.563295 0.427940 0.565240 0.427453 0.567063 0.426320 0.568763 0.425023 0.570465 0.423240 0.571802 0.420810 0.571923 0.418703 0.570830 0.417410 0.569250 0.416437 0.567547 0.415627 0.565725 0.414817 0.563903 0.413843 0.562200 0.413683 0.560378 0.414167 0.558555
0 0.458077 0.539355 0.459213 0.537168 0.460347 0.535467 0.461803 0.533888 0.463423 0.532428 0.465693 0.531700 0.468123 0.532185 0.470230 0.533280 0.471690 0.534857 0.472983 0.536438 0.473957 0.538140 0.474767 0.539963 0.474930 0.541785 0.474930 0.543730 0.475090 0.545552 0.475090 0.547497 0.475090 0.549562 0.474767 0.551508 0.474120 0.553330 0.473633 0.555153 0.472337 0.556732 0.470067 0.557705 0.467637 0.558190 0.465207 0.558435 0.462777 0.558190 0.460993 0.556732 0.459860 0.555033 0.459050 0.553207 0.458403 0.551385 0.458077 0.549562 0.457753 0.547740 0.457430 0.545918 0.457267 0.544095 0.457267 0.542150
0 0.504420 0.541907 0.506040 0.540450 0.506687 0.538625 0.507010 0.536802 0.507173 0.534980 0.509440 0.534250 0.511710 0.535102 0.513330 0.536560 0.514627 0.538140 0.516247 0.539597 0.517703 0.541177 0.518840 0.542880 0.519810 0.544702 0.520297 0.546525 0.520297 0.548470 0.520460 0.550412 0.520620 0.552237 0.520620 0.554180 0.520620 0.556125 0.519487 0.557828 0.517867 0.559285 0.515923 0.560500 0.513493 0.560985 0.511223 0.560258 0.509440 0.558920 0.507983 0.557220 0.507173 0.555395 0.506040 0.553695 0.505067 0.551992 0.504743 0.550170 0.504420 0.548347 0.503607 0.546525 0.503283 0.544702
0 0.505397 0.508010 0.506000 0.505742 0.507210 0.503625 0.509630 0.502112 0.512453 0.503020 0.514470 0.504835 0.515680 0.506953 0.517090 0.509070 0.517897 0.511338 0.518907 0.513607 0.519913 0.515875 0.520520 0.518145 0.520720 0.520413 0.520923 0.522683 0.520720 0.524950 0.519510 0.527220 0.517493 0.529487 0.517493 0.529487 0.514470 0.529790 0.511847 0.528430 0.509427 0.526918 0.508017 0.524800 0.507010 0.522530 0.506607 0.520263 0.505800 0.517992 0.504187 0.516028 0.503580 0.513758 0.503783 0.511490 0.505397 0.509522
0 0.393400 0.607808 0.396100 0.605378 0.398800 0.602950 0.402847 0.603152 0.405547 0.605580 0.408247 0.608010 0.409597 0.611047 0.411217 0.613882 0.411217 0.617122 0.410677 0.620160 0.410407 0.623195 0.409597 0.626232 0.406357 0.628258 0.402307 0.628663 0.398800 0.626840 0.395290 0.625018 0.392860 0.622385 0.392590 0.619350 0.391780 0.616313 0.391510 0.613275 0.391780 0.610237
0 0.458813 0.509070 0.460223 0.506953 0.462240 0.505138 0.464660 0.503625 0.466273 0.501660 0.468693 0.500147 0.471720 0.500600 0.473733 0.502567 0.474943 0.504685 0.475750 0.506953 0.475750 0.509373 0.475147 0.511640 0.474943 0.513910 0.474743 0.516177 0.474137 0.518447 0.473130 0.520715 0.471720 0.522833 0.469903 0.524800 0.467080 0.525707 0.464057 0.526010 0.461030 0.525253 0.459417 0.523288 0.458207 0.521170 0.458007 0.518900 0.459417 0.516783 0.459417 0.514362 0.458813 0.512095
0 0.483567 0.598090 0.487077 0.596065 0.490317 0.594040 0.492207 0.591205 0.493827 0.588370 0.494367 0.585333 0.495717 0.582298 0.496527 0.579260 0.497067 0.576222 0.496257 0.573185 0.494097 0.570350 0.490317 0.568932 0.486267 0.569945 0.483297 0.572375 0.481407 0.575210 0.479517 0.578045 0.478437 0.581082 0.477357 0.584120 0.477087 0.587155 0.476547 0.590193 0.477087 0.593230 0.478707 0.596268
0 0.440213 0.622617 0.440963 0.620510 0.442277 0.618540 0.442840 0.616433 0.443963 0.614463 0.444900 0.612355 0.446400 0.610385 0.449027 0.609542 0.451837 0.609260 0.454463 0.610105 0.456337 0.611932 0.457460 0.613900 0.458210 0.616010 0.458210 0.618260 0.458210 0.620510 0.458210 0.622760 0.458023 0.624867 0.457650 0.626977 0.455960 0.628805 0.453713 0.630212 0.451837 0.631898 0.450337 0.633727 0.448463 0.635413 0.445650 0.635975 0.443213 0.634852 0.441900 0.632883 0.440777 0.630915 0.440027 0.628525 0.440027 0.626275 0.440027 0.624025
0 0.466217 0.623420 0.466217 0.623420 0.465280 0.621310 0.464903 0.619202 0.464717 0.617092 0.465090 0.614985 0.466030 0.612875 0.467153 0.610625 0.468840 0.608797 0.471090 0.607390 0.473903 0.606827 0.476713 0.607673 0.478963 0.609077 0.479903 0.611328 0.480463 0.613437 0.481213 0.615545 0.482150 0.617655 0.482713 0.619905 0.483090 0.622015 0.483090 0.624265 0.482340 0.626372 0.481213 0.628343 0.479713 0.630170 0.478027 0.631997 0.475590 0.633263 0.472590 0.633263 0.469780 0.632700 0.468090 0.630590 0.467717 0.628482 0.467340 0.626372
0 0.504703 0.623323 0.504330 0.621212 0.504517 0.618962 0.505080 0.616855 0.505830 0.614745 0.507330 0.612778 0.508267 0.610675 0.509767 0.608425 0.510900 0.606300 0.513140 0.605043 0.514640 0.603075 0.516890 0.601668 0.519703 0.601247 0.522513 0.601810 0.524953 0.603075 0.526827 0.604763 0.527763 0.606870 0.527763 0.611370 0.526827 0.613480 0.525513 0.615587 0.524203 0.617557 0.523263 0.619665 0.522513 0.621915 0.521763 0.624025 0.519890 0.625852 0.517640 0.627258 0.515577 0.628945 0.512953 0.629790 0.510140 0.629930 0.507517 0.629088 0.506580 0.626977 0.505453 0.625010
0 0.434750 0.673918 0.436210 0.673158 0.437450 0.672145 0.439023 0.671555 0.440713 0.671218 0.442400 0.670880 0.444087 0.670543 0.445777 0.670120 0.447463 0.669783 0.449150 0.669612 0.451177 0.669612 0.453200 0.669612 0.455113 0.669612 0.457027 0.669528 0.458717 0.669445 0.460403 0.669528 0.462090 0.669950 0.463780 0.670372 0.465130 0.671218 0.465917 0.672397 0.466480 0.673665 0.466367 0.674930 0.465467 0.676110 0.464340 0.677125 0.461753 0.678220 0.459953 0.678475 0.458267 0.678813 0.456577 0.679232 0.454890 0.679487 0.453200 0.679570 0.451290 0.679570 0.449600 0.679992 0.447800 0.680247 0.446000 0.680415 0.444313 0.680585 0.442623 0.680500 0.440823 0.680247 0.439137 0.679992 0.437450 0.679570 0.435873 0.679065 0.434410 0.678138 0.433173 0.677207 0.432723 0.675943 0.432723 0.674423
0 0.328993 0.545362 0.328817 0.543403 0.328817 0.543403 0.330037 0.541573 0.330560 0.539612 0.332477 0.538042 0.335093 0.537650 0.337707 0.537390 0.340320 0.537783 0.342760 0.538565 0.344503 0.540135 0.344503 0.542225 0.344677 0.544188 0.345723 0.546148 0.346420 0.548240 0.346420 0.550330 0.345897 0.552290 0.345200 0.554253 0.344330 0.556212 0.343283 0.558042 0.342237 0.559872 0.340843 0.561702 0.339450 0.563403 0.336837 0.563663 0.334397 0.562880 0.332130 0.561832 0.330037 0.560525 0.329340 0.558565 0.328993 0.556605 0.328297 0.554645 0.327947 0.552682 0.327947 0.550592 0.327773 0.548630
0 0.392433 0.500528 0.394177 0.498960 0.395047 0.496997 0.395743 0.495038 0.397837 0.493730 0.400450 0.494385 0.402540 0.495822 0.404633 0.497260 0.406723 0.498698 0.407943 0.500657 0.408817 0.502620 0.409687 0.504580 0.410037 0.506540 0.410210 0.508502 0.410210 0.510593 0.410210 0.512685 0.409513 0.514645 0.408120 0.516345 0.406377 0.518043 0.403937 0.518827 0.401320 0.518957 0.399057 0.517912 0.396963 0.516475 0.396267 0.515168 0.394700 0.513467 0.393827 0.511508 0.393130 0.509548 0.392607 0.507587 0.391910 0.505625 0.391560 0.503665
0 0.322893 0.500920 0.322893 0.498698 0.322893 0.496608 0.323240 0.494515 0.324113 0.492555 0.325333 0.490725 0.326553 0.488895 0.327077 0.486932 0.327423 0.484973 0.329167 0.483272 0.331607 0.482357 0.334220 0.482490 0.336837 0.483272 0.339100 0.484450 0.340843 0.486017 0.341540 0.487980 0.342413 0.489940 0.342937 0.492033 0.342937 0.494252 0.342937 0.496345 0.342937 0.498437 0.342413 0.500397 0.341367 0.502358 0.340147 0.504188 0.338927 0.506018 0.337533 0.507717 0.336137 0.509548 0.334397 0.511247 0.331780 0.511115 0.329517 0.509807 0.327250 0.508763 0.325333 0.507325 0.324460 0.505365 0.323417 0.503402
