0 0.501440 0.458373 0.503250 0.454308 0.507223 0.451325 0.511560 0.454035 0.514453 0.457560 0.518067 0.460813 0.519150 0.464877 0.520597 0.468945 0.520957 0.473010 0.519510 0.477075 0.514813 0.479515 0.509753 0.477618 0.506500 0.474095 0.504333 0.470300 0.502527 0.466232 0.502163 0.462168
0 0.523847 0.442110 0.525657 0.438045 0.528547 0.434520 0.533243 0.432353 0.536860 0.432623 0.539750 0.436418 0.542640 0.440212 0.542280 0.444277 0.540833 0.448345 0.539027 0.452410 0.535053 0.455392 0.529270 0.455392 0.526740 0.453765 0.526740 0.454035 0.523487 0.450512 0.523487 0.446175
0 0.367270 0.386228 0.368950 0.380433 0.373990 0.379928 0.378020 0.382447 0.381380 0.385470 0.384403 0.388748 0.386757 0.392275 0.388100 0.396055 0.388100 0.400087 0.385413 0.403363 0.380373 0.404370 0.376003 0.402355 0.372980 0.399077 0.370630 0.395550 0.369957 0.391770
0 0.482513 0.395803 0.481507 0.392022 0.481840 0.387990 0.481840 0.383960 0.483857 0.380433 0.486543 0.377155 0.491583 0.377408 0.493937 0.380433 0.496960 0.383707 0.498303 0.387487 0.498977 0.391520 0.499313 0.395298 0.499313 0.399330 0.498640 0.403110 0.494610 0.405630 0.489570 0.406135 0.485200 0.404118 0.483183 0.400590
0 0.414980 0.338350 0.417667 0.335072 0.420357 0.331545 0.425397 0.332050 0.429090 0.334820 0.431107 0.338350 0.432787 0.342127 0.433793 0.345908 0.433793 0.349940 0.433123 0.353720 0.430433 0.356995 0.425730 0.358760 0.420690 0.359013 0.416660 0.356492 0.415317 0.352712 0.414980 0.348932 0.414307 0.345152
0 0.335350 0.322978 0.336360 0.319197 0.338373 0.315670 0.342407 0.313150 0.347447 0.311890 0.351143 0.314663 0.353830 0.318190 0.355173 0.321970 0.355510 0.325750 0.355510 0.329780 0.355510 0.333813 0.353493 0.337340 0.350470 0.340618 0.345767 0.342127 0.341397 0.340112 0.338373 0.336837 0.336023 0.333058 0.334680 0.329278
0 0.385850 0.521370 0.390553 0.519352 0.395593 0.518850 0.400633 0.519102 0.405673 0.519605 0.411050 0.521117 0.415753 0.522630 0.418440 0.525905 0.419447 0.529685 0.415080 0.531952 0.410040 0.532458 0.404663 0.532458 0.399623 0.532205 0.394587 0.531197 0.390217 0.529183 0.386520 0.526158
0 0.349870 0.560288 0.350997 0.558180 0.352683 0.556352 0.354557 0.554665 0.356433 0.552978 0.359243 0.553117 0.361307 0.554665 0.363557 0.556210 0.364680 0.558320 0.365430 0.560430 0.366367 0.562538 0.366557 0.564787 0.366557 0.567037 0.366180 0.568865 0.365807 0.570975 0.364680 0.572943 0.364307 0.575052 0.362430 0.576740 0.359993 0.577865 0.357183 0.578145 0.354557 0.577303 0.352870 0.575475 0.352307 0.573365 0.351933 0.571255 0.351183 0.569148 0.350247 0.567037 0.350247 0.564787 0.349683 0.562680
0 0.364037 0.586895 0.365980 0.585557 0.368087 0.584342 0.370517 0.583735 0.372947 0.583612 0.375540 0.583612 0.378293 0.583977 0.380727 0.584220 0.383317 0.584827 0.385587 0.585557 0.388017 0.586165 0.390447 0.586773 0.392390 0.587987 0.394337 0.589202 0.396280 0.590540 0.397090 0.592362 0.397900 0.594185 0.396117 0.595523 0.393850 0.596253 0.391420 0.596860 0.388990 0.597102 0.386557 0.597225 0.384127 0.596980 0.381697 0.596372 0.379430 0.595523 0.377160 0.594793 0.374567 0.594065 0.372300 0.593213 0.370030 0.592485 0.367923 0.591390 0.366143 0.590055 0.365170 0.588352
0 0.486077 0.601372 0.487690 0.599407 0.489303 0.597440 0.491923 0.595928 0.494950 0.595172 0.497570 0.596685 0.499990 0.598197 0.502007 0.600315 0.503017 0.602583 0.503420 0.604853 0.503823 0.607272 0.503620 0.609540 0.502813 0.611810 0.501807 0.614077 0.500597 0.616195 0.499587 0.618465 0.498377 0.620580 0.496160 0.622245 0.493337 0.623302 0.490310 0.623000 0.487487 0.622092 0.486077 0.619977 0.484867 0.617557 0.484663 0.615287 0.484260 0.613020 0.484867 0.610900 0.485067 0.608475 0.485067 0.606525 0.485867 0.603950
0 0.516893 0.659960 0.518060 0.657335 0.518993 0.654535 0.519693 0.651735 0.519693 0.648585 0.519693 0.645785 0.518760 0.642985 0.517827 0.640360 0.516660 0.637735 0.515260 0.635285 0.512227 0.633885 0.508727 0.633185 0.505693 0.634585 0.503593 0.636860 0.502427 0.639485 0.502660 0.642110 0.503127 0.644735 0.503127 0.647535 0.503127 0.650335 0.503593 0.652960 0.504527 0.655585 0.506160 0.658035 0.508727 0.659960 0.511527 0.661710 0.515027 0.662585
0 0.439197 0.654360 0.440597 0.651910 0.441997 0.649460 0.444097 0.647185 0.445963 0.644910 0.449463 0.644560 0.452030 0.645085 0.454363 0.647185 0.455297 0.649810 0.456230 0.652435 0.456697 0.655060 0.456930 0.657685 0.455997 0.660310 0.455063 0.662935 0.453663 0.665385 0.452497 0.668010 0.449463 0.669585 0.445963 0.669760 0.442463 0.669235 0.439897 0.667310 0.439197 0.664685 0.438730 0.662060 0.438263 0.659260 0.438263 0.656460
0 0.440597 0.693732 0.441297 0.691107 0.441530 0.688482 0.442697 0.685858 0.445263 0.683758 0.448763 0.683933 0.452263 0.684633 0.454830 0.686558 0.455997 0.689183 0.457163 0.691808 0.458097 0.694433 0.458330 0.697057 0.457863 0.699682 0.457397 0.703008 0.455063 0.705457 0.452497 0.707383 0.449697 0.709133 0.446897 0.707383 0.444097 0.705457 0.442697 0.703008 0.441763 0.700383 0.440830 0.697758
0 0.364937 0.530810 0.366187 0.527297 0.365877 0.523783 0.365563 0.520270 0.365250 0.516755 0.363063 0.513475 0.360253 0.510430 0.356503 0.509960 0.354317 0.513240 0.352443 0.516520 0.351193 0.520035 0.351820 0.523548 0.352443 0.527062 0.354317 0.530342 0.358067 0.532685
0 0.261237 0.559860 0.263423 0.556580 0.265920 0.553535 0.270607 0.552597 0.275293 0.553535 0.277167 0.557283 0.277790 0.560798 0.279663 0.564078 0.280913 0.567590 0.281540 0.571105 0.280290 0.574618 0.278417 0.577898 0.274353 0.580008 0.270293 0.578133 0.266860 0.575322 0.265297 0.571808 0.263733 0.568292 0.262173 0.564780
0 0.306217 0.513217 0.306217 0.509470 0.305903 0.505955 0.306527 0.502440 0.308400 0.498928 0.310900 0.495883 0.315587 0.495180 0.318710 0.498225 0.321207 0.501270 0.324643 0.503848 0.325270 0.506422 0.325270 0.506422 0.325580 0.510173 0.325270 0.513685 0.324957 0.517435 0.322770 0.520715 0.319333 0.523290 0.314650 0.523057 0.310277 0.521417 0.307463 0.516965
0 0.257800 0.493773 0.258423 0.490260 0.261237 0.487215 0.265920 0.486510 0.270293 0.488150 0.274043 0.490728 0.276230 0.494007 0.278103 0.497288 0.279353 0.500803 0.279353 0.504550 0.279040 0.508062 0.277167 0.511342 0.272793 0.512983 0.268107 0.512750 0.264360 0.510173 0.261550 0.507127 0.259987 0.503613 0.258423 0.499865
0 0.326517 0.477375 0.327143 0.473860 0.327143 0.470112 0.328703 0.466597 0.333390 0.465427 0.338077 0.466597 0.341200 0.469410 0.341510 0.471753 0.343073 0.475268 0.343697 0.478780 0.343697 0.482527 0.343073 0.486043 0.340573 0.489087 0.336827 0.491430 0.332453 0.490025 0.330267 0.486745 0.328393 0.483465 0.326830 0.479953
0 0.372747 0.468940 0.372747 0.465193 0.374310 0.461680 0.376807 0.458632 0.379930 0.455822 0.384617 0.456290 0.388053 0.459103 0.388677 0.462615 0.388990 0.466130 0.388990 0.469878 0.388677 0.473392 0.386177 0.476438 0.381807 0.478077 0.377120 0.478312 0.373370 0.475970 0.372123 0.472455
0 0.413533 0.460643 0.413533 0.460467 0.414233 0.457668 0.414700 0.455043 0.414933 0.452418 0.415867 0.449793 0.417263 0.447342 0.420763 0.446642 0.424263 0.446993 0.427063 0.448742 0.429863 0.450667 0.431263 0.453118 0.431263 0.455918 0.431497 0.458892 0.431963 0.461517 0.431730 0.464142 0.429863 0.466418 0.427530 0.468693 0.426830 0.471318 0.425430 0.473768 0.421930 0.474293 0.418430 0.473592 0.416100 0.471492 0.414700 0.469043 0.413767 0.466418 0.413300 0.463792
0 0.393933 0.421147 0.392533 0.418698 0.391367 0.416073 0.390433 0.413447 0.390667 0.410822 0.391833 0.408197 0.392767 0.405573 0.395567 0.403822 0.398133 0.405923 0.400700 0.407848 0.402333 0.410298 0.404433 0.412747 0.406067 0.415197 0.407233 0.417822 0.407700 0.420447 0.407700 0.423247 0.407233 0.425872 0.404433 0.427623 0.400933 0.428147 0.397433 0.427098 0.395333 0.424822
0 0.458797 0.437503 0.460963 0.433707 0.463133 0.429913 0.466387 0.426387 0.470360 0.423408 0.475420 0.421780 0.477950 0.425575 0.476503 0.429640 0.476503 0.433978 0.474337 0.438045 0.471083 0.441568 0.467467 0.445350 0.462033 0.446175 0.457350 0.442652
0 0.422473 0.533212 0.424823 0.529432 0.424487 0.529685 0.427847 0.526663 0.432217 0.524393 0.436920 0.522883 0.441960 0.521622 0.447000 0.520612 0.452373 0.520865 0.455733 0.523890 0.455063 0.527670 0.450693 0.529685 0.447000 0.532710 0.442967 0.535230 0.438263 0.537245 0.433223 0.538000 0.428183 0.538253 0.423143 0.538758 0.422473 0.534977
0 0.504133 0.530200 0.503110 0.523890 0.503780 0.520110 0.506803 0.516835 0.509493 0.513305 0.512180 0.510030 0.515540 0.507005 0.520580 0.507258 0.522933 0.510785 0.522933 0.514818 0.521253 0.518597 0.520243 0.521872 0.518230 0.525402 0.514870 0.528678 0.508833 0.532700
0 0.478777 0.531183 0.478963 0.531183 0.479903 0.529075 0.480653 0.526965 0.481213 0.525840 0.482340 0.523872 0.483277 0.521763 0.485340 0.520215 0.488150 0.519935 0.491150 0.520497 0.493963 0.521200 0.495463 0.523310 0.496587 0.525417 0.497150 0.527528 0.497713 0.529638 0.498087 0.531745 0.498273 0.533855 0.498273 0.536105 0.497900 0.538212 0.497150 0.540323 0.496023 0.542852 0.494713 0.544822 0.493027 0.546650 0.490587 0.547775 0.487777 0.548337 0.485150 0.547352 0.483840 0.545385 0.482340 0.543558 0.480277 0.542010 0.479713 0.539760 0.478963 0.537650 0.478777 0.535403 0.478777 0.533153
0 0.524220 0.582925 0.524407 0.580817 0.524033 0.578568 0.524033 0.576178 0.524220 0.573928 0.525347 0.571958 0.526470 0.569990 0.528347 0.568303 0.530970 0.567460 0.533783 0.567320 0.536593 0.568022 0.538657 0.569568 0.539780 0.571538 0.540907 0.573505 0.541093 0.575615 0.541280 0.577865 0.541280 0.580115 0.541093 0.582222 0.540530 0.584333 0.539970 0.586440 0.539220 0.588550 0.538093 0.590518 0.535657 0.591643 0.532843 0.592065 0.530033 0.591925 0.527970 0.590377 0.526657 0.588410 0.525720 0.586300 0.524970 0.584193
0 0.370493 0.538072 0.371053 0.535965 0.372180 0.533995 0.373117 0.531888 0.373867 0.529778 0.375367 0.527950 0.377617 0.526543 0.380430 0.526263 0.382867 0.527388 0.384367 0.529215 0.385303 0.531325 0.385490 0.533432 0.385490 0.535682 0.385303 0.537793 0.384740 0.539900 0.384177 0.542010 0.383053 0.544120 0.381180 0.545948 0.378930 0.547352 0.376493 0.548477 0.373680 0.549180 0.372367 0.547212 0.371243 0.545102 0.370493 0.542995 0.370117 0.540745
0 0.372553 0.554102 0.374053 0.552275 0.375743 0.550445 0.377617 0.548760 0.380430 0.548055 0.382677 0.549462 0.384927 0.551008 0.386240 0.552978 0.387177 0.555085 0.387740 0.557195 0.387740 0.559445 0.387367 0.561555 0.386427 0.563663 0.385677 0.565913 0.385117 0.568022 0.384740 0.570130 0.382677 0.571817 0.379680 0.572380 0.376867 0.571958 0.374430 0.570693 0.373867 0.568585 0.373303 0.566475 0.373117 0.564365 0.372553 0.562258 0.371993 0.560148 0.371993 0.557898
