0 0.492397 0.585633 0.494340 0.581258 0.495507 0.576885 0.495117 0.572510 0.493950 0.568138 0.492397 0.563765 0.487343 0.561140 0.483453 0.564930 0.481123 0.569013 0.481123 0.573678 0.481123 0.578342 0.482677 0.582715 0.486563 0.586215
0 0.440457 0.666225 0.442090 0.663775 0.443257 0.661150 0.445123 0.658875 0.448157 0.657300 0.451190 0.655725 0.454690 0.655025 0.457490 0.656775 0.458657 0.659400 0.458657 0.662200 0.457723 0.664825 0.456323 0.667275 0.455157 0.669900 0.453990 0.672525 0.452590 0.674972 0.449790 0.676898 0.446757 0.678297 0.443257 0.679173 0.439757 0.678822 0.438123 0.676372 0.437890 0.673750 0.437657 0.671125 0.438590 0.668500
0 0.543890 0.475185 0.544590 0.472560 0.547157 0.470635 0.550657 0.469935 0.553690 0.471510 0.555557 0.473960 0.557190 0.476585 0.558590 0.479035 0.560457 0.481310 0.561623 0.483935 0.561390 0.486560 0.560690 0.489185 0.559990 0.491635 0.556490 0.492510 0.553457 0.491110 0.550890 0.489185 0.548090 0.487260 0.546223 0.484810 0.545290 0.482185 0.545057 0.479560
0 0.560690 0.531183 0.562557 0.528907 0.564190 0.526458 0.565123 0.523833 0.566057 0.521207 0.566290 0.518408 0.566057 0.515783 0.565823 0.513158 0.564890 0.510533 0.563257 0.508082 0.559990 0.506857 0.556490 0.506332 0.552990 0.506507 0.550657 0.508607 0.550190 0.511408 0.549957 0.514033 0.549723 0.516657 0.549023 0.519282 0.548790 0.521908 0.549723 0.524533 0.551123 0.526982 0.552523 0.529608 0.555557 0.531008
0 0.523357 0.515783 0.524290 0.512983 0.525457 0.510182 0.527090 0.507733 0.528257 0.505108 0.529890 0.502657 0.532690 0.500733 0.536190 0.499858 0.539457 0.501082 0.541557 0.503358 0.542023 0.505983 0.542490 0.508607 0.542957 0.511232 0.542490 0.513857 0.541790 0.516482 0.541090 0.519107 0.539223 0.521558 0.537357 0.523833 0.534790 0.525933 0.531290 0.526807 0.527790 0.527508 0.524523 0.526458 0.523823 0.523833 0.523123 0.521207 0.522890 0.518582
0 0.431660 0.480960 0.433293 0.478335 0.434693 0.475535 0.436560 0.473260 0.438893 0.471160 0.441227 0.469060 0.444493 0.467660 0.447760 0.466610 0.451260 0.466785 0.453593 0.468885 0.453827 0.471510 0.453593 0.474135 0.452893 0.478335 0.450560 0.480610 0.448693 0.483060 0.447293 0.485510 0.445660 0.487960 0.442860 0.489710 0.439127 0.490235 0.435627 0.490060 0.432827 0.488135 0.432127 0.485510
0 0.392930 0.482535 0.393863 0.479910 0.395730 0.477460 0.397830 0.475185 0.401330 0.474485 0.404830 0.474660 0.407863 0.476060 0.409963 0.478335 0.411363 0.481310 0.412297 0.483935 0.412297 0.487260 0.412063 0.490410 0.411363 0.493035 0.409963 0.495482 0.408097 0.497933 0.405763 0.500032 0.402263 0.500382 0.398997 0.499158 0.396430 0.497233 0.395263 0.494608 0.395030 0.491985 0.394563 0.489360 0.394097 0.486735
0 0.410430 0.508783 0.411830 0.506332 0.412763 0.503707 0.413930 0.500908 0.416030 0.498632 0.417893 0.496183 0.419993 0.493908 0.422793 0.492160 0.426293 0.491285 0.429793 0.491460 0.432827 0.493035 0.432360 0.498457 0.431193 0.501082 0.430027 0.503707 0.428860 0.506332 0.426993 0.508783 0.424893 0.511058 0.422327 0.512983 0.419293 0.514558 0.416030 0.515783 0.413230 0.514033 0.411363 0.511757
0 0.244767 0.474840 0.249433 0.471925 0.254487 0.469592 0.260707 0.468425 0.266537 0.467550 0.273147 0.467550 0.277423 0.470757 0.274700 0.474840 0.271203 0.478630 0.267313 0.482420 0.261873 0.484462 0.255653 0.485627 0.249820 0.486210 0.243990 0.485045 0.242047 0.480670
0 0.469577 0.528867 0.472700 0.525587 0.476760 0.523477 0.481760 0.522543 0.486443 0.521605 0.491130 0.520668 0.495813 0.520197 0.501123 0.520197 0.505497 0.521837 0.506433 0.525353 0.503937 0.528398 0.502063 0.529802 0.497690 0.531678 0.493003 0.532380 0.488317 0.533785 0.483633 0.534722 0.478947 0.534957 0.474263 0.534722 0.469577 0.533552
0 0.479260 0.548545 0.479573 0.545030 0.481133 0.541518 0.483633 0.538473 0.487693 0.536597 0.491753 0.538473 0.493317 0.541985 0.493940 0.545500 0.494567 0.549013 0.493627 0.552528 0.491443 0.555808 0.488943 0.558852 0.484257 0.557915 0.481133 0.555105
0 0.496767 0.531675 0.499563 0.531443 0.504560 0.531443 0.509247 0.531210 0.513930 0.531913 0.517667 0.531450 0.521433 0.533775 0.517067 0.537300 0.511433 0.537535 0.506747 0.537300 0.502063 0.536362 0.495800 0.534025
0 0.415400 0.644560 0.415400 0.644560 0.415867 0.641935 0.417030 0.639310 0.420063 0.637735 0.423563 0.636860 0.426597 0.638260 0.428697 0.640535 0.430097 0.643685 0.430097 0.646485 0.430097 0.649285 0.430563 0.651910 0.430563 0.654710 0.430330 0.657335 0.429163 0.659960 0.428230 0.662585 0.424730 0.663460 0.421697 0.662235 0.420297 0.659785 0.418430 0.657335 0.416563 0.655060 0.416100 0.652435 0.415633 0.649810 0.415400 0.647185
0 0.414513 0.425382 0.416380 0.422932 0.418943 0.421007 0.421743 0.419258 0.424543 0.417507 0.427343 0.415758 0.430377 0.414183 0.433877 0.413832 0.437377 0.414708 0.438310 0.416282 0.438777 0.418908 0.437843 0.421533 0.436677 0.424158 0.434810 0.426608 0.432477 0.428882 0.430143 0.431158 0.427110 0.432905 0.424543 0.434830 0.421510 0.436580 0.418243 0.437805 0.414513 0.438155 0.411947 0.436230 0.411247 0.433430 0.411247 0.430632 0.411713 0.428007
0 0.522053 0.408265 0.523927 0.404988 0.527067 0.400525 0.531737 0.402877 0.535797 0.404988 0.538297 0.408033 0.539543 0.411545 0.540480 0.415060 0.540793 0.418575 0.541420 0.422322 0.540170 0.425835 0.535797 0.427243 0.531110 0.426772 0.527363 0.424430 0.525490 0.421150 0.523613 0.417637 0.522363 0.414123
0 0.457707 0.377578 0.459580 0.374298 0.462080 0.371252 0.466140 0.369142 0.470513 0.370783 0.473950 0.373360 0.475513 0.376875 0.473950 0.380387 0.473013 0.383902 0.471763 0.387418 0.469577 0.390695 0.465517 0.393040 0.460830 0.392570 0.457397 0.389993 0.457083 0.386480 0.456770 0.382965
0 0.524550 0.368207 0.526427 0.364928 0.529237 0.361882 0.533923 0.361413 0.537357 0.364225 0.539857 0.367270 0.541730 0.370783 0.542043 0.374298 0.542357 0.377812 0.542357 0.381560 0.542667 0.385072 0.540480 0.388353 0.536110 0.389993 0.531110 0.390462 0.527677 0.387885 0.525800 0.384605 0.524550 0.381090 0.523927 0.377578 0.522990 0.374063 0.522990 0.370315
0 0.539233 0.361647 0.541730 0.358603 0.540170 0.355088 0.540480 0.350637 0.539857 0.349935 0.536110 0.347358 0.534233 0.344077 0.530800 0.341500 0.526427 0.340095 0.521740 0.341500 0.520490 0.345015 0.522053 0.348527 0.522990 0.352043 0.525177 0.355322 0.528300 0.358133 0.532047 0.360710 0.536110 0.362585
0 0.525760 0.452942 0.525760 0.452942 0.525293 0.450317 0.525293 0.447517 0.524593 0.444717 0.524127 0.442092 0.524360 0.439467 0.525760 0.436842 0.528793 0.435267 0.532293 0.435793 0.534160 0.438067 0.536027 0.440342 0.537893 0.442967 0.539293 0.445592 0.539993 0.448217 0.540927 0.450842 0.540227 0.453643 0.539060 0.456267 0.538827 0.458892 0.538827 0.461693 0.535327 0.462568 0.532293 0.461168 0.529960 0.459068 0.528093 0.456618
0 0.413533 0.627935 0.413533 0.627935 0.413300 0.625310 0.411667 0.622860 0.411900 0.620235 0.415167 0.619185 0.418663 0.619360 0.421930 0.620410 0.425197 0.621635 0.428463 0.622860 0.431497 0.624435 0.433597 0.626710 0.436397 0.628635 0.438497 0.630910 0.439663 0.633535 0.441063 0.635985 0.441763 0.638610 0.439430 0.640710 0.436163 0.641760 0.432430 0.641585 0.428930 0.640885 0.425897 0.639310 0.423330 0.637210 0.420297 0.635810 0.417730 0.633885 0.415867 0.631610
0 0.459357 0.633150 0.459590 0.630350 0.460057 0.627725 0.462623 0.625625 0.466123 0.625100 0.468923 0.626850 0.471023 0.629125 0.473590 0.631050 0.474990 0.633500 0.476157 0.636125 0.477323 0.638750 0.478023 0.641375 0.478023 0.644350 0.477323 0.646975 0.475690 0.649425 0.472190 0.650300 0.468690 0.649250 0.465657 0.647675 0.463557 0.645400 0.462157 0.642775 0.460990 0.640150 0.459823 0.637525
0 0.389813 0.603227 0.388880 0.600602 0.387480 0.597977 0.386313 0.595352 0.383747 0.593427 0.381880 0.591153 0.378847 0.589577 0.375580 0.590977 0.374880 0.593602 0.374647 0.594128 0.373947 0.596753 0.373947 0.599553 0.373480 0.602178 0.373713 0.604803 0.374413 0.607428 0.375113 0.610050 0.376047 0.612675 0.378380 0.614775 0.381880 0.616000 0.385380 0.616525 0.387713 0.614425 0.389580 0.612150 0.390280 0.609525 0.390980 0.606903
0 0.404280 0.610575 0.406147 0.608300 0.407547 0.605853 0.408247 0.603227 0.409180 0.600602 0.409880 0.597977 0.410347 0.595352 0.410580 0.592727 0.409180 0.590278 0.407547 0.587827 0.404047 0.587128 0.400547 0.588178 0.397980 0.590102 0.395880 0.592553 0.394013 0.594827 0.392847 0.597452 0.391447 0.599903 0.390513 0.602527 0.390047 0.605152 0.390513 0.607778 0.391447 0.610400 0.392847 0.612850 0.396113 0.614250 0.400780 0.613200
0 0.430177 0.608478 0.432510 0.606378 0.434143 0.603928 0.435077 0.601302 0.435543 0.598503 0.435777 0.595703 0.434610 0.593078 0.433910 0.590452 0.432510 0.588003 0.429710 0.586078 0.427143 0.583977 0.423643 0.583803 0.420610 0.585202 0.417813 0.586952 0.415947 0.589228 0.416413 0.591853 0.416647 0.594653 0.416647 0.597452 0.416647 0.600253 0.417580 0.602878 0.419213 0.605328 0.421543 0.607428 0.424110 0.609350
0 0.469140 0.613550 0.471707 0.611625 0.474040 0.609350 0.474973 0.606727 0.475907 0.604102 0.476140 0.601477 0.476840 0.598853 0.477073 0.596052 0.477073 0.593253 0.476607 0.590628 0.474740 0.588352 0.472407 0.586253 0.468907 0.585553 0.465410 0.586078 0.462843 0.588003 0.461677 0.590628 0.460510 0.593253 0.459810 0.595878 0.459577 0.598677 0.459343 0.601302 0.459343 0.604102 0.459343 0.606903 0.461210 0.609350 0.463077 0.611625 0.464943 0.613900
0 0.372013 0.578492 0.371677 0.574460 0.372013 0.570680 0.372350 0.566900 0.373693 0.563120 0.376367 0.557825 0.380747 0.559090 0.384107 0.562112 0.386123 0.565640 0.387130 0.569420 0.387130 0.573453 0.385787 0.577232 0.384780 0.581013 0.382093 0.584288 0.377053 0.584540
0 0.402207 0.567847 0.404930 0.563765 0.408427 0.559975 0.410760 0.555893 0.410760 0.551227 0.411150 0.546855 0.410760 0.542480 0.405707 0.540148 0.402597 0.539565 0.397933 0.542190 0.393657 0.545398 0.392490 0.549770 0.391713 0.554143 0.391323 0.558518 0.392490 0.562890 0.395600 0.566680
0 0.427867 0.569025 0.431753 0.564055 0.433697 0.559682 0.434083 0.555310 0.433697 0.550935 0.432920 0.546562 0.430587 0.542480 0.424753 0.541898 0.420480 0.545105 0.417757 0.549188 0.416980 0.553560 0.417757 0.557933 0.418533 0.562307 0.420867 0.566388
0 0.459353 0.585923 0.458577 0.581550 0.457410 0.577175 0.456630 0.572802 0.457797 0.568430 0.459353 0.564055 0.462463 0.560265 0.467517 0.557643 0.472960 0.557933 0.474513 0.562307 0.474903 0.567263 0.472960 0.571638 0.472570 0.576010 0.470627 0.580383 0.467133 0.586225
