0 0.461643 0.604190 0.464677 0.602790 0.467710 0.601040 0.470043 0.598940 0.471677 0.596490 0.472610 0.593865 0.474010 0.591240 0.474943 0.588440 0.475643 0.585815 0.475643 0.583015 0.473310 0.580915 0.470043 0.579865 0.466543 0.580915 0.464443 0.583190 0.463043 0.585640 0.461643 0.588265 0.460010 0.590890 0.458843 0.593515 0.458143 0.596140 0.458143 0.598940 0.459077 0.601740
0 0.333667 0.403350 0.339900 0.398985 0.340290 0.394613 0.339123 0.390238 0.337567 0.385865 0.335237 0.381493 0.331347 0.377993 0.326293 0.380325 0.324740 0.384700 0.324350 0.389072 0.324740 0.393445 0.326293 0.397820 0.327850 0.400442
0 0.517173 0.620812 0.518573 0.618362 0.519740 0.615737 0.519973 0.613115 0.520207 0.610490 0.520440 0.607865 0.519973 0.605240 0.519273 0.602265 0.518340 0.599640 0.517173 0.597015 0.515073 0.594740 0.511573 0.593865 0.507840 0.593865 0.505040 0.595615 0.503640 0.598065 0.502707 0.600690 0.501773 0.603315 0.501773 0.606115 0.501773 0.608915 0.502707 0.611540 0.503873 0.614163 0.505273 0.616788 0.507607 0.618888 0.510407 0.620638 0.513907 0.621513
0 0.503520 0.567360 0.504023 0.564535 0.504527 0.561712 0.506533 0.559078 0.509293 0.557005 0.513310 0.556253 0.515317 0.558888 0.516823 0.561523 0.518077 0.564535 0.518580 0.567547 0.518077 0.570370 0.516573 0.573383 0.515317 0.576205 0.513060 0.578653 0.509293 0.578465 0.506533 0.576395 0.504777 0.573758
0 0.435730 0.555470 0.437350 0.552635 0.441130 0.551218 0.445177 0.551622 0.448417 0.553850 0.450307 0.556888 0.452197 0.559720 0.453817 0.562555 0.454897 0.565592 0.454897 0.568832 0.454897 0.572072 0.452197 0.574503 0.451387 0.576120 0.447607 0.574908 0.446257 0.574097 0.443290 0.571870 0.441130 0.569237 0.438970 0.566605 0.437350 0.563567 0.436810 0.560530
0 0.378767 0.546357 0.382277 0.544535 0.385787 0.542712 0.390107 0.541903 0.394427 0.542308 0.397933 0.543928 0.401983 0.544940 0.405763 0.546155 0.409543 0.547573 0.413323 0.549800 0.415483 0.552432 0.416293 0.555470 0.412513 0.557495 0.408463 0.557900 0.404413 0.558100 0.400903 0.558505 0.397123 0.557292 0.393077 0.556078 0.389297 0.554660 0.385517 0.553242 0.382007 0.551420 0.379847 0.548585
0 0.361490 0.529755 0.363110 0.526920 0.365000 0.524085 0.366620 0.521253 0.367970 0.518215 0.369860 0.515380 0.372290 0.512747 0.375797 0.510925 0.379847 0.509912 0.383897 0.511127 0.385787 0.513962 0.385517 0.517000 0.383897 0.519835 0.382817 0.522870 0.380927 0.525705 0.377687 0.527933 0.374717 0.530768 0.371210 0.532793 0.367430 0.534008 0.363380 0.533197
0 0.398987 0.520138 0.398987 0.519530 0.400337 0.516088 0.401687 0.512648 0.402497 0.509610 0.402497 0.506370 0.402227 0.503332 0.401147 0.500295 0.399797 0.497258 0.398177 0.494425 0.395207 0.491995 0.391700 0.490375 0.387650 0.491387 0.385220 0.494020 0.384410 0.497055 0.384410 0.500295 0.385220 0.503332 0.386030 0.506370 0.386840 0.509408 0.387110 0.512445 0.387650 0.515480 0.389810 0.518315 0.393590 0.519530
0 0.457207 0.368277 0.457207 0.364527 0.456897 0.360780 0.457207 0.357267 0.459083 0.353988 0.461580 0.350940 0.465330 0.348598 0.469703 0.350005 0.472513 0.353050 0.474700 0.356330 0.474387 0.359842 0.472827 0.363357 0.471890 0.366870 0.471577 0.370385 0.470640 0.373900 0.466890 0.376242 0.462207 0.376007 0.458143 0.374132
0 0.430333 0.641950 0.434063 0.639153 0.436397 0.637053 0.439430 0.635653 0.442697 0.634428 0.445730 0.633028 0.448997 0.631803 0.452263 0.630578 0.455763 0.630227 0.459263 0.631103 0.462297 0.632852 0.461830 0.635477 0.460430 0.637927 0.458563 0.640378 0.455997 0.642477 0.452730 0.643702 0.449463 0.644753 0.446430 0.646327 0.442930 0.647203 0.439430 0.647728 0.435930 0.648077 0.432200 0.646500
0 0.457163 0.665227 0.458097 0.662602 0.458797 0.659977 0.460197 0.657353 0.461830 0.654903 0.464863 0.653153 0.467430 0.651227 0.470230 0.653153 0.472330 0.655428 0.473497 0.658053 0.474197 0.660678 0.474430 0.663303 0.474197 0.665928 0.473497 0.668727 0.471863 0.671353 0.469997 0.673975 0.467663 0.676075 0.464163 0.676950 0.460897 0.675900 0.458563 0.673802 0.457397 0.671003 0.457630 0.668378
0 0.491230 0.675725 0.492863 0.673278 0.494497 0.670828 0.496363 0.668552 0.497760 0.665928 0.498227 0.663128 0.498227 0.660327 0.498227 0.657528 0.497527 0.654903 0.496363 0.652278 0.494030 0.650177 0.490530 0.650353 0.487497 0.651753 0.485630 0.654027 0.484230 0.656653 0.483063 0.659278 0.481897 0.661903 0.481897 0.664702 0.481897 0.667503 0.481897 0.670303 0.481897 0.673102 0.484697 0.675025 0.487963 0.676250
0 0.519460 0.685350 0.520160 0.682725 0.521093 0.680100 0.521093 0.677300 0.520627 0.674675 0.519460 0.671878 0.518060 0.669428 0.516893 0.666802 0.515493 0.664353 0.512927 0.662253 0.509427 0.661727 0.506160 0.662778 0.503593 0.664702 0.503127 0.667503 0.503127 0.670303 0.503360 0.672928 0.503827 0.675550 0.504760 0.678175 0.506160 0.680800 0.508027 0.683075 0.511060 0.684475 0.514327 0.685525
0 0.408867 0.644927 0.410500 0.642302 0.411900 0.639678 0.412833 0.637053 0.414000 0.634428 0.414933 0.631803 0.414700 0.629178 0.413767 0.626552 0.413067 0.623753 0.411200 0.621478 0.407700 0.620777 0.404433 0.622003 0.401633 0.623753 0.400000 0.626202 0.398367 0.628653 0.397200 0.631278 0.396500 0.633903 0.396033 0.636528 0.395333 0.639327 0.395333 0.642128 0.396267 0.645102 0.398133 0.647378 0.401400 0.648602 0.404900 0.648778
0 0.379467 0.649477 0.381800 0.647378 0.384133 0.645278 0.386000 0.643003 0.387633 0.640552 0.388567 0.637578 0.389267 0.634953 0.389267 0.631977 0.389267 0.629178 0.388567 0.626552 0.386233 0.624452 0.382967 0.623227 0.379467 0.623053 0.376900 0.624977 0.374567 0.627253 0.373167 0.629702 0.372000 0.632327 0.371533 0.634953 0.371300 0.637578 0.371533 0.640203 0.372233 0.642827 0.373400 0.645452
0 0.479383 0.334777 0.479697 0.331263 0.480947 0.327748 0.483447 0.324703 0.488130 0.324235 0.491567 0.327045 0.495940 0.328920 0.498440 0.332200 0.498440 0.335948 0.498440 0.339697 0.498750 0.343210 0.498750 0.346957 0.497190 0.350473 0.493130 0.352580 0.488443 0.352112 0.484693 0.349770 0.482820 0.346490 0.480947 0.343210 0.479073 0.339697
0 0.440027 0.385145 0.442213 0.381865 0.444400 0.378585 0.446587 0.375305 0.451273 0.374837 0.453773 0.377883 0.456270 0.381395 0.457833 0.384910 0.457833 0.388658 0.457207 0.392173 0.455647 0.395685 0.454083 0.399200 0.450960 0.402010 0.446277 0.402948 0.442527 0.400605 0.440967 0.396858 0.440967 0.393110
0 0.495627 0.376173 0.495317 0.376173 0.500000 0.375000 0.504687 0.374765 0.509683 0.376173 0.514993 0.379217 0.518743 0.381560 0.521867 0.384605 0.524363 0.387885 0.525613 0.391400 0.524677 0.394912 0.520303 0.396553 0.515617 0.395382 0.510933 0.393975 0.507497 0.391400 0.503437 0.389058 0.500000 0.386245 0.498127 0.382965
0 0.298693 0.432515 0.300637 0.428142 0.304523 0.424350 0.310357 0.423478 0.313853 0.427267 0.316963 0.431057 0.317740 0.435430 0.316187 0.439805 0.315020 0.444178 0.312687 0.448260 0.306857 0.449425 0.301803 0.446802 0.298303 0.443010 0.298303 0.438345
0 0.554790 0.440245 0.556823 0.437198 0.557693 0.433930 0.558857 0.427833 0.558567 0.424565 0.558567 0.421080 0.557693 0.417812 0.555370 0.414983 0.551597 0.413240 0.547240 0.412805 0.543173 0.414110 0.541143 0.418247 0.540560 0.421515 0.540270 0.424783 0.539980 0.428050 0.540850 0.431315 0.542883 0.434365 0.544917 0.437415 0.547820 0.440027 0.551597 0.441770
0 0.500197 0.420428 0.501940 0.417378 0.502230 0.414110 0.502520 0.410845 0.505713 0.408447 0.510070 0.407360 0.513847 0.409103 0.515587 0.412150 0.516460 0.415417 0.517330 0.418685 0.517330 0.422170 0.516750 0.425435 0.514427 0.428485 0.512973 0.431752 0.509490 0.433930 0.505133 0.433057 0.502230 0.430228 0.499907 0.427395 0.499907 0.423913
0 0.382590 0.417160 0.386367 0.415200 0.390720 0.414327 0.395077 0.414548 0.399433 0.414983 0.403790 0.415853 0.408143 0.416942 0.412500 0.418030 0.416567 0.419555 0.419760 0.422170 0.420630 0.425435 0.419180 0.428702 0.414823 0.428920 0.410177 0.428920 0.405820 0.428702 0.401467 0.428267 0.397110 0.427177 0.392753 0.426090 0.388690 0.424783 0.385783 0.422170 0.382880 0.419555
0 0.455187 0.462895 0.457510 0.459848 0.460413 0.457015 0.463900 0.454837 0.467963 0.453530 0.472610 0.453530 0.474933 0.456363 0.474933 0.459848 0.473480 0.463113 0.471740 0.467253 0.469997 0.470300 0.466803 0.472697 0.463027 0.474658 0.458963 0.476180 0.454607 0.475092 0.453737 0.471825 0.453443 0.468558
0 0.433643 0.602965 0.436210 0.600865 0.437143 0.598240 0.437143 0.595440 0.437610 0.592815 0.437610 0.590015 0.437377 0.587390 0.435510 0.584940 0.434110 0.582315 0.432943 0.579690 0.429910 0.578290 0.426410 0.577765 0.423377 0.579165 0.421977 0.581615 0.421043 0.584415 0.421043 0.587215 0.421510 0.589840 0.422443 0.592465 0.423377 0.595090 0.424777 0.597540 0.426410 0.599990 0.428977 0.601915
0 0.451843 0.602090 0.453710 0.599640 0.454410 0.597015 0.454410 0.594040 0.454410 0.591240 0.454410 0.588440 0.453710 0.585815 0.451377 0.583540 0.449510 0.581090 0.446710 0.579340 0.443677 0.577590 0.440177 0.578115 0.438543 0.580565 0.437377 0.583190 0.437143 0.585815 0.437143 0.588615 0.438077 0.591240 0.439477 0.593865 0.441343 0.596315 0.443210 0.598590 0.446010 0.600515 0.449043 0.602090
0 0.265263 0.514742 0.268960 0.511717 0.272320 0.508695 0.271983 0.504663 0.272657 0.500883 0.271647 0.497103 0.269967 0.493322 0.266607 0.490300 0.261567 0.489542 0.256527 0.490048 0.252833 0.492820 0.252497 0.496850 0.249807 0.500127 0.250817 0.503908 0.251153 0.507687 0.252500 0.511225 0.255520 0.514995 0.259553 0.517515
0 0.577817 0.517235 0.579560 0.514185 0.581883 0.511138 0.583917 0.508088 0.584497 0.504820 0.584497 0.501335 0.583043 0.497853 0.581303 0.494803 0.578980 0.491970 0.574623 0.491318 0.570850 0.493277 0.567943 0.496110 0.566493 0.499375 0.565040 0.502642 0.564460 0.505910 0.564460 0.509395 0.565330 0.512660 0.567073 0.515927 0.570557 0.518105 0.574623 0.519630
0 0.534260 0.504167 0.536293 0.501117 0.536583 0.497853 0.536583 0.494368 0.535130 0.491100 0.533390 0.488050 0.531067 0.485220 0.526710 0.484348 0.525547 0.487615 0.522643 0.490447 0.521773 0.493712 0.522353 0.496980 0.523517 0.500247 0.524967 0.503515 0.526710 0.506563 0.530777 0.507870
0 0.490993 0.488923 0.491283 0.485655 0.492443 0.482387 0.493607 0.479123 0.494477 0.475855 0.494767 0.472587 0.493607 0.469320 0.491573 0.466272 0.488380 0.463875 0.484023 0.463658 0.480537 0.465835 0.479667 0.469103 0.478507 0.472370 0.477053 0.475855 0.476763 0.479123 0.477053 0.482387 0.477923 0.485655 0.479377 0.488923 0.482280 0.491535 0.486637 0.492625
0 0.436630 0.628302 0.437563 0.625677 0.438730 0.623053 0.440597 0.620602 0.443163 0.618677 0.445730 0.616753 0.448763 0.615003 0.452263 0.614302 0.454363 0.616578 0.454597 0.619202 0.454597 0.622003 0.452963 0.624628 0.451097 0.627077 0.448997 0.629352 0.446430 0.631278 0.443397 0.632678 0.439897 0.632327 0.437563 0.630227
0 0.507543 0.515058 0.507253 0.511790 0.508123 0.508522 0.508997 0.505255 0.510157 0.501990 0.514223 0.500683 0.517997 0.502425 0.518870 0.505692 0.519160 0.508957 0.518870 0.512225 0.517997 0.515492 0.516837 0.518760 0.512770 0.520282 0.508997 0.518543
