0 0.485593 0.489545 0.485860 0.486507 0.484513 0.483470 0.481813 0.481040 0.479383 0.478408 0.475873 0.476382 0.472363 0.474762 0.468583 0.473348 0.464533 0.472537 0.460217 0.472537 0.456977 0.474562 0.458057 0.477598 0.460217 0.480230 0.462103 0.483065 0.464803 0.485495 0.468313 0.487318 0.471553 0.489342 0.475063 0.490962 0.479113 0.491975 0.483163 0.492177
0 0.491530 0.512423 0.493690 0.509792 0.495040 0.506755 0.496120 0.503717 0.496660 0.500680 0.496930 0.497642 0.496120 0.494605 0.493420 0.492177 0.490450 0.489950 0.486400 0.489545 0.483703 0.492177 0.481813 0.495010 0.480193 0.497845 0.479113 0.500883 0.478573 0.503920 0.478843 0.507160 0.480193 0.510197 0.482083 0.513030 0.485593 0.514650
0 0.512857 0.502705 0.515287 0.500073 0.516907 0.497035 0.517987 0.493795 0.518257 0.490760 0.518797 0.487723 0.517987 0.484483 0.516367 0.481648 0.512317 0.480635 0.508810 0.482660 0.505840 0.484887 0.504490 0.487925 0.502600 0.490550 0.502867 0.493600 0.503133 0.497025 0.503133 0.499875 0.506650 0.502705
0 0.476640 0.415663 0.478253 0.413695 0.480270 0.411880 0.482910 0.410520 0.485130 0.408858 0.486923 0.406890 0.489163 0.405075 0.491983 0.404168 0.495010 0.403413 0.498013 0.404168 0.499223 0.406285 0.500030 0.408555 0.499043 0.410822 0.497207 0.412788 0.494000 0.415812 0.491763 0.417478 0.489343 0.418990 0.486923 0.420503 0.484100 0.421560 0.481077 0.422318 0.478070 0.422620 0.475027 0.422318 0.475430 0.420048
0 0.479683 0.388288 0.481297 0.386320 0.482910 0.384355 0.484727 0.382390 0.487327 0.381180 0.490150 0.380120 0.492973 0.379063 0.494787 0.381027 0.495190 0.383295 0.495997 0.385565 0.496803 0.387832 0.497610 0.390103 0.497430 0.392370 0.495997 0.394487 0.494787 0.396605 0.493780 0.399025 0.492973 0.401295 0.490957 0.403260 0.488357 0.404470 0.485310 0.405228 0.482287 0.405378 0.479683 0.404168 0.478473 0.402050 0.477447 0.399783 0.477043 0.397512 0.476640 0.395245 0.478070 0.393128
0 0.510537 0.423375 0.511747 0.421108 0.512737 0.418837 0.513763 0.416570 0.514753 0.414300 0.515157 0.411880 0.515157 0.409462 0.514753 0.407193 0.513947 0.404925 0.512737 0.402655 0.511123 0.400690 0.509510 0.398723 0.506503 0.398270 0.504063 0.399933 0.502450 0.401900 0.501463 0.404168 0.500657 0.406438 0.500030 0.408858 0.500253 0.411125 0.500657 0.413392 0.501240 0.415663 0.501643 0.417930 0.501867 0.420350 0.502450 0.422620 0.505273 0.423830
0 0.545423 0.422620 0.546633 0.420503 0.547220 0.418082 0.547220 0.415663 0.547220 0.413243 0.547037 0.410973 0.546413 0.408555 0.545607 0.406285 0.544397 0.404017 0.542380 0.402050 0.539777 0.400690 0.537157 0.399328 0.534110 0.399630 0.531913 0.401445 0.530703 0.403562 0.529493 0.405680 0.528687 0.408100 0.528283 0.410367 0.528060 0.412637 0.528060 0.415058 0.528867 0.417478 0.529673 0.419897 0.530703 0.422165 0.531287 0.424435 0.532900 0.426400 0.535543 0.427762 0.538547 0.428517 0.541977 0.428368 0.543810 0.426400
0 0.451630 0.453323 0.451630 0.453323 0.452440 0.450285 0.452440 0.447045 0.452440 0.443805 0.452170 0.440767 0.451090 0.437733 0.449740 0.434695 0.448120 0.431860 0.445960 0.429025 0.442450 0.427202 0.438943 0.429025 0.437323 0.431860 0.435703 0.434897 0.434893 0.437935 0.435163 0.441173 0.436243 0.444210 0.437323 0.447450 0.438673 0.450690 0.440833 0.453323 0.444610 0.454942 0.448390 0.456158
0 0.489370 0.464438 0.490990 0.461603 0.492610 0.458767 0.496660 0.458160 0.500980 0.458565 0.505030 0.458767 0.509080 0.459375 0.513127 0.460388 0.516637 0.462210 0.519607 0.464438 0.521767 0.467070 0.522847 0.470108 0.519607 0.472335 0.515827 0.473550 0.511507 0.473753 0.506920 0.473348 0.502870 0.472942 0.499090 0.471322 0.495580 0.469702 0.492340 0.467678
0 0.401633 0.629210 0.402713 0.626173 0.402713 0.622730 0.402983 0.619490 0.402983 0.616250 0.402173 0.613215 0.401363 0.610178 0.399203 0.607545 0.395423 0.606330 0.391643 0.607747 0.389483 0.610583 0.387597 0.613418 0.386517 0.616452 0.385977 0.619490 0.386517 0.622528 0.386517 0.625768 0.387597 0.628805 0.389483 0.631640 0.392993 0.633260 0.397043 0.633058
0 0.450497 0.620908 0.450227 0.617870 0.450227 0.614633 0.449687 0.611595 0.449147 0.608557 0.448067 0.605520 0.445367 0.603090 0.442127 0.601065 0.438887 0.599040 0.435380 0.600862 0.433760 0.603697 0.432680 0.606735 0.432410 0.609773 0.432680 0.612810 0.434840 0.615443 0.436460 0.618275 0.438077 0.621313 0.441587 0.623337 0.445637 0.623742 0.449687 0.622730
0 0.472363 0.626578 0.473443 0.623540 0.474253 0.620503 0.473983 0.617465 0.472633 0.614430 0.471283 0.611393 0.471013 0.608355 0.471013 0.605115 0.468043 0.602685 0.464263 0.601470 0.461027 0.603495 0.458867 0.606128 0.457247 0.609165 0.456707 0.612202 0.457517 0.615240 0.458867 0.618275 0.459407 0.621313 0.461027 0.624350 0.463993 0.626578 0.467503 0.628197 0.471553 0.628805
0 0.497733 0.635075 0.498820 0.631235 0.499900 0.627995 0.500980 0.624957 0.500710 0.621920 0.500170 0.618883 0.499630 0.615845 0.498550 0.612810 0.495040 0.610987 0.491260 0.612405 0.488560 0.615038 0.487200 0.617475 0.485867 0.620700 0.485333 0.623950 0.484513 0.627185 0.485053 0.630223 0.487480 0.632855 0.491267 0.636300
0 0.402443 0.603697 0.401093 0.600660 0.398393 0.598230 0.395153 0.596005 0.391643 0.594183 0.387867 0.592765 0.383817 0.591955 0.379767 0.591753 0.375447 0.591753 0.371397 0.592360 0.367617 0.593778 0.365457 0.596410 0.368157 0.598838 0.371127 0.601268 0.374637 0.603090 0.378417 0.604305 0.382467 0.605317 0.386517 0.606128 0.390563 0.606533 0.394883 0.606330 0.398933 0.605925
0 0.403793 0.581628 0.405413 0.578795 0.406223 0.574947 0.406763 0.571910 0.405953 0.568872 0.403793 0.566037 0.401633 0.563405 0.399743 0.560573 0.397043 0.558142 0.393263 0.558750 0.390293 0.560978 0.388407 0.563810 0.387327 0.566847 0.387327 0.570087 0.388137 0.573327 0.389753 0.576365 0.391373 0.579200 0.394073 0.581628 0.397043 0.583855 0.401093 0.584462
0 0.575470 0.409007 0.577083 0.406890 0.578293 0.404772 0.579100 0.402505 0.579283 0.400235 0.579503 0.397967 0.579503 0.395547 0.579687 0.393278 0.579907 0.391010 0.577890 0.389195 0.574847 0.389345 0.572243 0.390707 0.570833 0.392825 0.568997 0.394942 0.567787 0.397363 0.567203 0.399630 0.567203 0.402050 0.567203 0.404470 0.567787 0.406740 0.569400 0.408705 0.572243 0.409765
0 0.495310 0.593575 0.496120 0.590538 0.497740 0.587703 0.499630 0.584867 0.500710 0.581830 0.500440 0.578795 0.499630 0.575758 0.498010 0.572923 0.496390 0.570087 0.493150 0.567860 0.489100 0.567658 0.486130 0.569885 0.484243 0.572720 0.483973 0.575758 0.483703 0.578795 0.483433 0.581830 0.483163 0.584867 0.483703 0.587905 0.485860 0.590538 0.487210 0.593575 0.491260 0.594385
0 0.508810 0.568872 0.511777 0.566645 0.513667 0.563810 0.515557 0.560978 0.517177 0.558142 0.517987 0.555105 0.518257 0.552068 0.516907 0.548220 0.513397 0.546600 0.510427 0.547005 0.510427 0.547005 0.506920 0.548625 0.505300 0.551460 0.502600 0.553890 0.500440 0.556523 0.499360 0.559560 0.499630 0.562595 0.499090 0.565633 0.499360 0.568670 0.503140 0.570087
0 0.440027 0.537605 0.444713 0.536667 0.449400 0.535495 0.454083 0.534325 0.458770 0.533622 0.463453 0.534325 0.467827 0.535730 0.471263 0.539948 0.468453 0.542290 0.464393 0.544398 0.460020 0.545805 0.455333 0.546740 0.450647 0.546975 0.445963 0.546740 0.441277 0.546273 0.437217 0.544165 0.437530 0.540650
0 0.251253 0.553472 0.252260 0.549693 0.251590 0.545913 0.251253 0.542133 0.247893 0.538857 0.244197 0.536085 0.239157 0.535582 0.236133 0.538857 0.235797 0.542890 0.235460 0.546670 0.235127 0.550450 0.236133 0.554230 0.239157 0.557505 0.240167 0.561538 0.245203 0.561285 0.245540 0.561285 0.249237 0.558513 0.249237 0.558010
0 0.358433 0.485185 0.360450 0.481405 0.362130 0.477625 0.362130 0.473592 0.361793 0.469813 0.360783 0.466033 0.359103 0.462253 0.354737 0.459732 0.349697 0.460238 0.347010 0.463512 0.346337 0.467292 0.344993 0.471073 0.343313 0.474853 0.344320 0.478633 0.346673 0.482160 0.349360 0.485435 0.353393 0.487955
0 0.402280 0.280115 0.403287 0.275830 0.404630 0.272050 0.404967 0.268270 0.403623 0.264238 0.401943 0.260458 0.399927 0.256930 0.396567 0.253908 0.391863 0.252142 0.387160 0.254410 0.384807 0.257937 0.384473 0.261970 0.385143 0.265750 0.387160 0.269277 0.388503 0.273058 0.390183 0.276837 0.394550 0.278855 0.398920 0.281122
0 0.488300 0.362775 0.493667 0.358225 0.494003 0.353695 0.495347 0.349915 0.496357 0.346135 0.495683 0.342355 0.495013 0.338575 0.489637 0.338575 0.486277 0.341600 0.484260 0.345127 0.482580 0.348908 0.482243 0.352687 0.482243 0.356720 0.483600 0.360750
0 0.402950 0.357728 0.404967 0.354200 0.407320 0.350670 0.408327 0.346892 0.408663 0.343112 0.408327 0.339332 0.406310 0.335803 0.403960 0.332275 0.399257 0.330512 0.394217 0.331520 0.391527 0.335047 0.390183 0.338828 0.389847 0.342608 0.390183 0.346388 0.391190 0.350168 0.392537 0.353947 0.395560 0.357222 0.399927 0.359240
0 0.500050 0.306497 0.500050 0.306497 0.502067 0.302970 0.501730 0.299190 0.499043 0.295663 0.497363 0.291882 0.494677 0.288355 0.490643 0.285835 0.486277 0.283315 0.481237 0.282055 0.476197 0.282305 0.475190 0.286085 0.475860 0.289363 0.475860 0.293393 0.477877 0.296923 0.480900 0.300198 0.484597 0.302970 0.489300 0.304985 0.494003 0.306750
0 0.407450 0.723800 0.411197 0.721457 0.415260 0.719347 0.419943 0.718178 0.424630 0.717005 0.429313 0.716538 0.434313 0.716538 0.438687 0.718178 0.441497 0.721222 0.439623 0.724737 0.436187 0.727313 0.432437 0.729655 0.428377 0.731530 0.424003 0.733170 0.419320 0.733872 0.414633 0.734575 0.409950 0.735045 0.405887 0.733170 0.403700 0.729890
0 0.498033 0.693345 0.498657 0.688895 0.497720 0.685380 0.496470 0.681865 0.495220 0.678352 0.492723 0.675307 0.488350 0.673667 0.483663 0.675072 0.482103 0.678585 0.481477 0.682100 0.481167 0.685615 0.482727 0.689128 0.484600 0.692408 0.486163 0.695922 0.490223 0.698030 0.494910 0.698265
0 0.383343 0.461175 0.384253 0.459515 0.385297 0.458147 0.386077 0.456682 0.386730 0.455220 0.388160 0.453755 0.389203 0.452485 0.390243 0.451020 0.391547 0.449750 0.392977 0.448483 0.394280 0.447115 0.395580 0.445943 0.397273 0.445065 0.399487 0.444673 0.401570 0.444575 0.403523 0.444770 0.405217 0.445748 0.407037 0.446430 0.407950 0.447798 0.408080 0.449360 0.408210 0.450923 0.408210 0.452485 0.407037 0.453460 0.406387 0.454925 0.405867 0.456390 0.405087 0.457855 0.404043 0.459320 0.403133 0.460785 0.402090 0.462152 0.401310 0.463517 0.400400 0.464885 0.398967 0.466155 0.397793 0.467522 0.395973 0.468303 0.394020 0.468890 0.392327 0.469670 0.390373 0.470255 0.388420 0.470450 0.386467 0.469962 0.384777 0.469085 0.383863 0.467717 0.383473 0.466253 0.383343 0.464788
0 0.455897 0.491570 0.457247 0.488533 0.459947 0.486102 0.463993 0.485293 0.467773 0.486507 0.470743 0.488938 0.472633 0.491773 0.474253 0.494605 0.475873 0.497440 0.475873 0.500680 0.476143 0.503920 0.476413 0.506957 0.473983 0.509590 0.469933 0.510197 0.466153 0.508983 0.462643 0.507363 0.459947 0.504933 0.458327 0.501895 0.456977 0.498858 0.455897 0.495820
