0 0.480830 0.419033 0.481120 0.415765 0.481700 0.412500 0.482570 0.409232 0.484893 0.406400 0.489250 0.405747 0.493607 0.406837 0.495637 0.409885 0.496220 0.413152 0.497670 0.416420 0.498833 0.419685 0.499123 0.422953 0.497670 0.426220 0.496220 0.429488 0.494187 0.432535 0.489830 0.432100 0.486347 0.429923 0.483443 0.427310 0.481990 0.424043
0 0.363570 0.517690 0.362963 0.515423 0.362763 0.513153 0.361753 0.510885 0.360747 0.508615 0.359537 0.506498 0.358123 0.504382 0.356510 0.502415 0.354293 0.500600 0.351470 0.499390 0.348447 0.498180 0.345420 0.497728 0.344210 0.499845 0.343403 0.502112 0.343000 0.504382 0.342800 0.506800 0.343000 0.509070 0.343807 0.511338 0.345420 0.513305 0.347033 0.515270 0.348647 0.517388 0.350663 0.519355 0.353083 0.521018 0.356107 0.521622 0.359133 0.522380 0.362360 0.521925 0.364173 0.519053
0 0.409733 0.722555 0.409397 0.718775 0.407047 0.715247 0.403687 0.712222 0.403013 0.708442 0.397973 0.707185 0.393607 0.709703 0.390583 0.712980 0.391590 0.716760 0.391590 0.720793 0.395287 0.723562 0.399317 0.726082 0.404020 0.727595 0.409060 0.726840
0 0.382527 0.536595 0.383737 0.534175 0.384340 0.531907 0.384743 0.529640 0.384947 0.527220 0.384947 0.524648 0.384743 0.522380 0.383937 0.519960 0.382930 0.517540 0.381113 0.515423 0.379097 0.513455 0.376073 0.513910 0.373450 0.515270 0.371837 0.517388 0.370830 0.519657 0.370023 0.521925 0.369217 0.524345 0.368410 0.526615 0.368207 0.528883 0.368207 0.531303 0.369013 0.533570 0.370427 0.535687 0.372040 0.537655 0.374660 0.539015 0.377687 0.539772 0.380710 0.539620
0 0.405717 0.532060 0.406927 0.529790 0.408740 0.527825 0.410960 0.525857 0.412573 0.523740 0.412977 0.521473 0.413380 0.519053 0.413783 0.516783 0.414387 0.514515 0.414590 0.512245 0.413783 0.509977 0.412773 0.507707 0.410153 0.506195 0.407127 0.505593 0.404103 0.506348 0.402087 0.508163 0.400270 0.510280 0.399060 0.512548 0.397850 0.514818 0.396640 0.517237 0.396237 0.519505 0.396037 0.521925 0.395833 0.524195 0.395633 0.526765 0.396237 0.529185 0.397447 0.531303 0.399867 0.532815 0.402893 0.533570
0 0.407040 0.578253 0.408297 0.573550 0.409970 0.568845 0.410387 0.564140 0.408297 0.559438 0.406623 0.555673 0.400350 0.554105 0.395333 0.557242 0.394497 0.561945 0.392823 0.566650 0.392407 0.571355 0.394917 0.575745 0.396587 0.580450 0.402443 0.582330
0 0.340973 0.561820 0.340553 0.561508 0.341390 0.556802 0.343063 0.552098 0.343483 0.547393 0.343063 0.543003 0.340553 0.538612 0.334283 0.540495 0.330937 0.544570 0.327173 0.548648 0.326337 0.553352 0.325920 0.558057 0.326337 0.563075 0.331773 0.565898
0 0.438767 0.571125 0.439567 0.568700 0.440367 0.566425 0.441590 0.564470 0.443203 0.562505 0.445827 0.560993 0.448447 0.562202 0.451070 0.563412 0.452883 0.566285 0.453490 0.568705 0.454093 0.570972 0.454093 0.573545 0.453893 0.575812 0.453690 0.578232 0.452883 0.580503 0.451877 0.582770 0.450667 0.584888 0.448650 0.586855 0.445623 0.586553 0.443407 0.584737 0.441993 0.582620 0.440987 0.580350 0.440380 0.578082 0.439977 0.575812 0.439977 0.573393
0 0.496643 0.562202 0.497450 0.559783 0.497650 0.557210 0.497853 0.554943 0.497853 0.552523 0.497650 0.550253 0.496643 0.547832 0.495230 0.545715 0.493617 0.543750 0.490997 0.542540 0.487973 0.542388 0.485150 0.543295 0.483737 0.545413 0.482327 0.547530 0.480913 0.549648 0.480510 0.552068 0.480310 0.554337 0.480510 0.556605 0.480310 0.558875 0.480913 0.561142 0.482123 0.563562 0.483133 0.565832 0.485350 0.567645 0.488377 0.568705 0.491603 0.569007 0.494223 0.567798 0.495030 0.565530
0 0.501010 0.502505 0.501443 0.499902 0.501443 0.497300 0.500143 0.494860 0.498840 0.492420 0.497323 0.490142 0.495587 0.488027 0.493420 0.486075 0.490383 0.485098 0.487127 0.484772 0.484960 0.486725 0.483440 0.489003 0.481923 0.491280 0.481053 0.494045 0.481053 0.496647 0.481273 0.499090 0.481707 0.501530 0.482573 0.503970 0.484527 0.506085 0.485827 0.508363 0.487780 0.510478 0.491033 0.511290 0.494287 0.511940 0.497107 0.510640 0.499493 0.508850
0 0.555413 0.521980 0.555413 0.521815 0.555413 0.519212 0.554980 0.516773 0.553893 0.514170 0.552593 0.511892 0.550640 0.509777 0.547820 0.508312 0.544567 0.509127 0.542180 0.511080 0.540880 0.513357 0.540880 0.516122 0.540663 0.518563 0.540230 0.521165 0.540010 0.523930 0.540230 0.526370 0.541530 0.528648 0.543267 0.530763 0.545000 0.533040 0.548253 0.534018 0.551507 0.533855 0.552593 0.531415 0.554110 0.529138 0.555413 0.526698
0 0.599923 0.519263 0.602310 0.517473 0.605130 0.516170 0.608167 0.515195 0.611420 0.514217 0.614673 0.513405 0.618143 0.512593 0.621397 0.511940 0.624650 0.511615 0.627903 0.511777 0.629423 0.514055 0.628773 0.516660 0.627037 0.518775 0.623133 0.522027 0.620097 0.523330 0.617060 0.524630 0.613807 0.524955 0.610550 0.525117 0.607297 0.525280 0.604043 0.525117 0.600790 0.524143 0.599490 0.521865
0 0.399833 0.475065 0.401527 0.474283 0.403480 0.473892 0.405433 0.473502 0.407387 0.473112 0.409337 0.472917 0.411420 0.472917 0.413503 0.472917 0.415587 0.472917 0.417800 0.472917 0.419753 0.473015 0.421707 0.473210 0.423660 0.473600 0.425613 0.474087 0.427563 0.474675 0.429647 0.475260 0.431470 0.475942 0.433033 0.476920 0.434333 0.478190 0.435637 0.479360 0.436677 0.480630 0.437460 0.481998 0.437460 0.483560 0.436417 0.484928 0.434463 0.485513 0.432643 0.486098 0.430820 0.486685 0.428867 0.486880 0.426783 0.486880 0.424830 0.486978 0.422747 0.486978 0.420663 0.486978 0.418580 0.486783 0.416500 0.486393 0.414547 0.485902 0.412723 0.485220 0.410640 0.484733 0.408817 0.484048 0.407123 0.482975 0.405693 0.481803 0.404260 0.480728 0.402567 0.479752 0.400877 0.478775 0.399313 0.477800
0 0.406083 0.469305 0.406863 0.467743 0.407387 0.466277 0.407777 0.464813 0.407777 0.463152 0.407907 0.461687 0.407907 0.460125 0.408037 0.458660 0.408167 0.457098 0.408297 0.455635 0.408167 0.454170 0.407123 0.452900 0.406343 0.451533 0.405303 0.450265 0.403740 0.449288 0.401917 0.448605 0.399963 0.447920 0.398013 0.447725 0.396060 0.448212 0.394627 0.449288 0.393717 0.450655 0.393193 0.452120 0.392933 0.453582 0.392543 0.455047 0.392153 0.456610 0.391893 0.458173 0.391763 0.459637 0.391763 0.461298 0.391373 0.462762 0.390980 0.464228 0.391503 0.465690 0.392543 0.466960 0.393323 0.468328 0.393847 0.469793 0.394887 0.471160 0.396060 0.472428 0.397880 0.473112 0.399703 0.473892 0.401657 0.473502 0.403220 0.472525 0.403220 0.472330 0.404390 0.471062 0.404520 0.470965
0 0.435767 0.462762 0.436027 0.461298 0.436287 0.459832 0.436547 0.458367 0.436937 0.456805 0.437330 0.455340 0.437980 0.453780 0.439413 0.452607 0.441363 0.452120 0.443577 0.452022 0.445790 0.452217 0.447873 0.452412 0.449697 0.453192 0.451000 0.454462 0.452040 0.455733 0.452820 0.457098 0.453343 0.458562 0.453473 0.460223 0.453603 0.461687 0.453863 0.463250 0.454253 0.464715 0.453993 0.466570 0.453733 0.468035 0.453213 0.469500 0.452820 0.470965 0.452560 0.472428 0.452170 0.473892 0.451000 0.475260 0.449697 0.476432 0.449177 0.477897 0.448133 0.479165 0.446180 0.479360 0.444230 0.479457 0.442407 0.478872 0.441103 0.477603 0.439543 0.476627 0.438370 0.475357 0.437330 0.474087 0.436937 0.472625 0.436287 0.471160 0.436027 0.469695 0.435637 0.468230 0.435247 0.466765 0.435377 0.465202
0 0.431173 0.451920 0.431463 0.448652 0.430883 0.445385 0.428850 0.442337 0.426817 0.439287 0.425073 0.436238 0.422460 0.433408 0.418687 0.431447 0.414040 0.431665 0.411137 0.434277 0.409973 0.437545 0.409973 0.441030 0.411427 0.444298 0.412297 0.447562 0.414330 0.450613 0.416653 0.453663 0.420137 0.456058 0.424203 0.457583 0.428560 0.458452 0.431173 0.455622
0 0.473277 0.459978 0.473570 0.456710 0.473570 0.453225 0.472987 0.449960 0.471247 0.446910 0.469793 0.443642 0.467470 0.440812 0.463407 0.439287 0.459630 0.441030 0.457597 0.444078 0.456727 0.447345 0.456437 0.450613 0.457887 0.453880 0.459050 0.457145 0.461083 0.460195 0.464857 0.462373 0.468923 0.463897 0.472407 0.461720
0 0.500517 0.455970 0.500517 0.455970 0.501097 0.452703 0.504000 0.450090 0.508357 0.449873 0.511843 0.452050 0.513873 0.455100 0.515907 0.458147 0.516780 0.461415 0.517940 0.464682 0.518230 0.467948 0.517650 0.471215 0.515327 0.474265 0.510970 0.474048 0.507197 0.472087 0.504293 0.469473 0.501970 0.466642 0.500227 0.463375 0.499647 0.460108
0 0.455427 0.674198 0.455427 0.674198 0.456100 0.670417 0.456437 0.666637 0.456100 0.662607 0.455090 0.658828 0.452403 0.654290 0.448707 0.651520 0.443667 0.652023 0.441317 0.655550 0.439973 0.659582 0.438963 0.663362 0.439300 0.667143 0.440980 0.670922 0.442660 0.674702 0.445347 0.677978 0.450387 0.678735
0 0.515153 0.420865 0.516773 0.418030 0.518663 0.416007 0.519473 0.412970 0.519203 0.409730 0.518393 0.406693 0.517583 0.403655 0.516233 0.400618 0.514073 0.397785 0.511103 0.395558 0.507323 0.394342 0.504083 0.396367 0.501923 0.399200 0.500033 0.402035 0.498683 0.405073 0.498413 0.408110 0.499223 0.411147 0.499763 0.414185 0.500573 0.417220 0.502193 0.420055 0.505973 0.421270 0.510023 0.422080
0 0.471690 0.418637 0.471420 0.415603 0.471150 0.412363 0.470610 0.409325 0.469530 0.406085 0.467910 0.403250 0.465750 0.400618 0.462780 0.398190 0.460350 0.395558 0.456570 0.394342 0.453600 0.396570 0.453330 0.399605 0.453600 0.402845 0.454140 0.405882 0.454410 0.408920 0.454950 0.411957 0.456300 0.414995 0.457920 0.417827 0.461160 0.420055 0.464400 0.422080 0.468450 0.423092
0 0.358033 0.379158 0.359653 0.376323 0.360733 0.373082 0.360733 0.369640 0.360193 0.366602 0.359383 0.363363 0.358303 0.360327 0.356953 0.357290 0.355333 0.354455 0.351287 0.353848 0.347237 0.355063 0.345077 0.357897 0.343187 0.360733 0.342647 0.363970 0.342107 0.367007 0.341837 0.370045 0.342107 0.373488 0.342917 0.376525 0.343997 0.379563 0.346157 0.382192 0.349667 0.384015 0.353713 0.384420
0 0.454600 0.344595 0.454870 0.344190 0.455410 0.340950 0.455950 0.337913 0.455680 0.334267 0.454060 0.331030 0.451900 0.327993 0.450280 0.325158 0.448120 0.322323 0.444340 0.321107 0.440563 0.319690 0.437863 0.322120 0.436243 0.324955 0.435433 0.327993 0.435703 0.331233 0.436243 0.334470 0.438403 0.337305 0.440293 0.340140 0.441643 0.343178 0.443800 0.346013 0.447310 0.348037 0.451360 0.348645
0 0.425363 0.287270 0.425073 0.283567 0.424493 0.280082 0.423913 0.276815 0.423623 0.273547 0.423330 0.270283 0.421590 0.267015 0.419267 0.264182 0.416363 0.262005 0.412007 0.260918 0.408813 0.263530 0.408230 0.266798 0.407650 0.270065 0.407650 0.273547 0.408813 0.276815 0.410553 0.279865 0.411717 0.283133 0.413460 0.286180 0.415780 0.289013 0.419557 0.290755
0 0.446273 0.303605 0.448013 0.300555 0.450337 0.297288 0.452080 0.294020 0.452370 0.290318 0.452660 0.287052 0.452660 0.283567 0.450627 0.280517 0.447433 0.278122 0.443077 0.277250 0.439303 0.278993 0.436400 0.281608 0.434077 0.284438 0.433497 0.288575 0.433497 0.288575 0.433497 0.292060 0.433203 0.295327 0.434367 0.298595 0.436110 0.301642 0.439883 0.303602
0 0.496220 0.325165 0.494477 0.321898 0.493607 0.318632 0.493897 0.315365 0.496800 0.312750 0.501157 0.312315 0.504350 0.314930 0.506673 0.317760 0.509577 0.320373 0.512770 0.322770 0.515967 0.325165 0.516837 0.328650 0.517707 0.332135 0.517997 0.335400 0.515967 0.338450 0.511610 0.338885 0.507543 0.337363 0.503770 0.335182 0.500867 0.332570 0.497960 0.329957
0 0.474150 0.318632 0.475600 0.315365 0.477343 0.312098 0.479667 0.309267 0.482280 0.306435 0.486637 0.305565 0.490410 0.307525 0.491863 0.310790 0.492153 0.314057 0.492153 0.317543 0.491573 0.320810 0.489250 0.323640 0.486927 0.326472 0.484023 0.329302 0.479957 0.330827 0.475600 0.330392 0.475310 0.327125 0.474440 0.323858 0.473280 0.320592
0 0.500867 0.308830 0.499413 0.305565 0.498253 0.302080 0.497670 0.298812 0.497960 0.295545 0.499703 0.292498 0.503770 0.291190 0.508123 0.291625 0.510740 0.294457 0.512770 0.297505 0.514513 0.300555 0.515967 0.303822 0.517127 0.307087 0.517127 0.310572 0.515383 0.313840 0.512770 0.316670 0.508417 0.317108 0.504930 0.314930 0.502897 0.311880
0 0.477343 0.260918 0.478507 0.257650 0.480537 0.254600 0.482860 0.251770 0.485473 0.248938 0.488960 0.246760 0.493317 0.246977 0.497380 0.248285 0.500283 0.250897 0.500573 0.254383 0.500573 0.258085 0.499703 0.261353 0.498543 0.264620 0.496800 0.267668 0.493607 0.270065 0.490410 0.272460 0.486927 0.274637 0.482280 0.274637 0.479087 0.272242 0.477633 0.268975 0.476763 0.265707
0 0.382790 0.634390 0.386133 0.630315 0.388223 0.625610 0.387387 0.620905 0.384880 0.616515 0.381117 0.612437 0.375260 0.614633 0.371080 0.618710 0.369407 0.623415 0.368570 0.628120 0.371497 0.632510 0.375680 0.636587
