0 0.466940 0.472980 0.469273 0.470880 0.471373 0.468430 0.473007 0.465980 0.474173 0.463180 0.475107 0.460555 0.475107 0.457755 0.474407 0.454957 0.473007 0.452508 0.471140 0.450233 0.467640 0.449358 0.463907 0.449358 0.460873 0.450757 0.458540 0.452858 0.456207 0.454957 0.455507 0.457580 0.455273 0.460205 0.455273 0.463005 0.455040 0.465630 0.455273 0.468255 0.456673 0.470705 0.458773 0.472980 0.462040 0.474205
0 0.495497 0.512665 0.497117 0.509830 0.496577 0.506792 0.494957 0.503957 0.493067 0.500920 0.492527 0.497885 0.491717 0.494848 0.489287 0.492215 0.486317 0.489582 0.482267 0.489177 0.478490 0.490393 0.477950 0.493430 0.477680 0.496467 0.477140 0.499503 0.478220 0.502540 0.479570 0.505578 0.481727 0.508413 0.483887 0.511045 0.486857 0.513273 0.490637 0.514487
0 0.379443 0.623947 0.381543 0.621672 0.383177 0.619223 0.384577 0.616773 0.385510 0.613972 0.385510 0.611173 0.385510 0.608372 0.384577 0.605747 0.383177 0.603298 0.379910 0.602073 0.376177 0.602073 0.373143 0.603472 0.371743 0.605923 0.370577 0.608548 0.369877 0.611347 0.369643 0.613972 0.369410 0.616598 0.369177 0.618523 0.369643 0.621148 0.371277 0.623597 0.372677 0.626047 0.376177 0.625872
0 0.472773 0.630073 0.474173 0.627622 0.475340 0.624997 0.475107 0.622372 0.475107 0.619572 0.474873 0.616947 0.473707 0.614322 0.472307 0.611872 0.470673 0.609422 0.468107 0.607497 0.464607 0.606797 0.461807 0.608548 0.460407 0.610997 0.459007 0.613448 0.457607 0.615897 0.456907 0.618523 0.457140 0.621148 0.458540 0.623597 0.459707 0.626223 0.460873 0.628848 0.462507 0.631298 0.465540 0.632698 0.469040 0.632522
0 0.498673 0.620448 0.498207 0.617822 0.498673 0.615197 0.499140 0.612572 0.497973 0.609947 0.495640 0.607847 0.492840 0.606097 0.490507 0.603823 0.487940 0.601898 0.484907 0.600322 0.481873 0.598747 0.478607 0.599797 0.477673 0.602422 0.477907 0.605222 0.479540 0.608023 0.479540 0.607673 0.480473 0.610298 0.481640 0.612923 0.483273 0.615372 0.485840 0.617298 0.488873 0.618872 0.491673 0.620622 0.495173 0.621322
0 0.486737 0.244180 0.492133 0.240808 0.498880 0.239795 0.506077 0.239795 0.512823 0.240132 0.519120 0.242495 0.524067 0.246205 0.520020 0.250590 0.513273 0.252277 0.506077 0.252277 0.498880 0.252277 0.492133 0.250928 0.486287 0.247555
0 0.508430 0.331448 0.508950 0.329788 0.509213 0.328323 0.509603 0.326565 0.509603 0.324808 0.509473 0.323342 0.509473 0.321780 0.509343 0.320317 0.509213 0.318853 0.508950 0.317290 0.508560 0.315727 0.508040 0.314165 0.507000 0.312895 0.505697 0.311725 0.504657 0.310455 0.502963 0.309673 0.501010 0.309185 0.499447 0.310163 0.499187 0.311725 0.499057 0.313188 0.498407 0.314653 0.497627 0.316020 0.497103 0.317485 0.496583 0.318950 0.495933 0.320415 0.495803 0.321877 0.496063 0.323342 0.496193 0.324905 0.496323 0.326370 0.496843 0.328030 0.497233 0.329495 0.497757 0.330960 0.498407 0.332522 0.499707 0.333693 0.501400 0.334475 0.503483 0.334475 0.505437 0.334085
0 0.466347 0.382317 0.468363 0.378790 0.469707 0.375010 0.470713 0.371230 0.470713 0.367198 0.470043 0.363418 0.468363 0.359637 0.464667 0.356868 0.459627 0.356615 0.456940 0.359890 0.455260 0.363670 0.454250 0.367702 0.453580 0.371482 0.453917 0.375262 0.455597 0.379043 0.458620 0.382317
0 0.445517 0.392650 0.448203 0.389373 0.450220 0.385845 0.450557 0.382065 0.449547 0.378285 0.448540 0.374505 0.448203 0.370725 0.446860 0.366945 0.442493 0.364930 0.437453 0.365183 0.434427 0.368457 0.433083 0.372237 0.432413 0.376270 0.432413 0.380302 0.432413 0.384332 0.433083 0.388113 0.435773 0.391640 0.440140 0.393910
0 0.334303 0.344268 0.337663 0.341243 0.339343 0.337462 0.340350 0.333682 0.341360 0.329902 0.340017 0.326122 0.336320 0.323353 0.331280 0.324107 0.327247 0.326628 0.325567 0.329900 0.324233 0.333675 0.322543 0.337715 0.322207 0.341495 0.323217 0.345275 0.327920 0.347037
0 0.516747 0.419612 0.518427 0.415832 0.519097 0.412052 0.519097 0.408020 0.518760 0.404240 0.516747 0.400712 0.513387 0.397690 0.508347 0.397437 0.506330 0.400965 0.502970 0.404240 0.500953 0.407768 0.501290 0.411548 0.501960 0.415327 0.502633 0.419108 0.506330 0.421880 0.511370 0.422635
0 0.544967 0.441787 0.546313 0.438007 0.545977 0.433975 0.544633 0.430195 0.542617 0.426668 0.539927 0.423393 0.536233 0.420368 0.532200 0.417848 0.527160 0.416840 0.523463 0.419612 0.523463 0.423645 0.524810 0.427675 0.526153 0.431455 0.527833 0.435235 0.530183 0.438762 0.534890 0.440527
0 0.414603 0.410288 0.419643 0.409027 0.424683 0.408020 0.428717 0.405500 0.427710 0.401720 0.422333 0.400207 0.417293 0.399452 0.411917 0.399452 0.406877 0.399957 0.403180 0.402980 0.399487 0.406005 0.403180 0.409027 0.408220 0.410540
0 0.394110 0.413565 0.396460 0.410037 0.398140 0.406257 0.399487 0.402478 0.399820 0.398697 0.399820 0.394665 0.397807 0.391137 0.394780 0.387860 0.390077 0.386350 0.385710 0.388365 0.383693 0.392145 0.382013 0.396178 0.381343 0.399957 0.381677 0.403738 0.381677 0.407768 0.382687 0.411548 0.387053 0.413815
0 0.402543 0.453558 0.403710 0.450933 0.403943 0.448308 0.403943 0.445508 0.403477 0.442883 0.402543 0.440257 0.401610 0.437632 0.400910 0.435007 0.399510 0.432557 0.395777 0.431683 0.392277 0.430808 0.389710 0.432908 0.389010 0.435533 0.389010 0.438332 0.387843 0.440958 0.387143 0.443582 0.387377 0.446207 0.388543 0.448832 0.389710 0.451457 0.390410 0.454083 0.393443 0.455483 0.396943 0.456355
0 0.424710 0.619223 0.424710 0.619223 0.426577 0.616773 0.428210 0.614148 0.429143 0.611173 0.429143 0.608372 0.429610 0.605747 0.429610 0.602947 0.429377 0.599973 0.427277 0.597697 0.424010 0.596472 0.420510 0.596647 0.417943 0.598572 0.416543 0.601197 0.415610 0.603823 0.414677 0.606448 0.413510 0.609073 0.413043 0.611698 0.412577 0.614322 0.413277 0.616947 0.414210 0.619572 0.413977 0.622372 0.417010 0.623947 0.420510 0.623422
0 0.484673 0.639520 0.487473 0.637770 0.490507 0.636370 0.493540 0.634622 0.496340 0.632872 0.498907 0.630947 0.500773 0.628672 0.502407 0.626223 0.502173 0.623597 0.499607 0.621497 0.496107 0.621322 0.492607 0.621847 0.489340 0.622897 0.486073 0.624122 0.483040 0.625522 0.480007 0.626923 0.477907 0.629372 0.475807 0.631822 0.474407 0.634273 0.473240 0.636895 0.473707 0.639520 0.477207 0.639870 0.480707 0.639520
0 0.442677 0.656495 0.445010 0.654045 0.447573 0.651945 0.449440 0.649670 0.451073 0.647220 0.452007 0.644595 0.453173 0.641270 0.454107 0.638645 0.453173 0.636023 0.449907 0.634972 0.446177 0.634972 0.442910 0.636023 0.440343 0.638120 0.437777 0.640045 0.435677 0.643020 0.434277 0.645645 0.432410 0.647920 0.431943 0.650545 0.431243 0.653170 0.431943 0.655795 0.433810 0.658070 0.437310 0.658245 0.440343 0.656845
0 0.299580 0.573217 0.299970 0.568842 0.299190 0.564470 0.295693 0.560680 0.292970 0.556597 0.289083 0.553100 0.283640 0.551350 0.278977 0.554265 0.278200 0.558640 0.279363 0.563013 0.282473 0.566802 0.285583 0.570885 0.289473 0.574383 0.294527 0.577008
0 0.250947 0.548580 0.250947 0.548580 0.252890 0.544207 0.253280 0.539832 0.252890 0.535168 0.250560 0.531087 0.247837 0.527005 0.241617 0.527295 0.238120 0.531087 0.236563 0.535460 0.235787 0.539832 0.236177 0.544207 0.239287 0.548288 0.242783 0.552077 0.248613 0.551787
0 0.382333 0.565052 0.383543 0.562633 0.384553 0.560365 0.385157 0.558095 0.385360 0.555828 0.384753 0.553558 0.381730 0.552650 0.378300 0.552500 0.375077 0.552500 0.372050 0.552802 0.369027 0.553408 0.368823 0.555675 0.369630 0.557945 0.371647 0.559760 0.373867 0.561423 0.375277 0.563540 0.377090 0.565508 0.380117 0.566112
0 0.474493 0.571405 0.475903 0.569288 0.476710 0.567020 0.477317 0.564600 0.477113 0.562028 0.476710 0.559760 0.475703 0.557340 0.474693 0.555070 0.473080 0.553105 0.472273 0.550685 0.470257 0.548870 0.468240 0.547055 0.465620 0.545543 0.462593 0.545240 0.459570 0.545090 0.457753 0.547055 0.456947 0.549325 0.456947 0.551895 0.456947 0.554768 0.456947 0.557187 0.457957 0.559457 0.459167 0.561575 0.460377 0.563843 0.461787 0.565960 0.463603 0.567928 0.465820 0.569590 0.468040 0.571255 0.470660 0.572465
0 0.515473 0.559030 0.519523 0.557612 0.523303 0.555993 0.526273 0.553765 0.528433 0.551135 0.530320 0.548300 0.531940 0.545465 0.528163 0.544048 0.523843 0.543845 0.519523 0.543237 0.516823 0.544250 0.513043 0.545465 0.509533 0.547288 0.505753 0.549110 0.502517 0.551135 0.500357 0.553765 0.501707 0.556802 0.504407 0.559232 0.508453 0.560042
0 0.555967 0.545263 0.557587 0.542428 0.558127 0.539390 0.558667 0.536353 0.558667 0.533115 0.558667 0.529875 0.558127 0.526837 0.556507 0.523800 0.553810 0.521370 0.550030 0.519953 0.545980 0.520965 0.543010 0.523395 0.542200 0.526432 0.541930 0.529470 0.541930 0.532710 0.541930 0.535948 0.542200 0.538985 0.545170 0.541415 0.547060 0.544250 0.550300 0.546275
0 0.448793 0.544250 0.449873 0.543643 0.451763 0.540807 0.453113 0.537770 0.453383 0.534330 0.453113 0.531293 0.452843 0.528255 0.452303 0.525015 0.450683 0.522180 0.446633 0.521370 0.442313 0.521370 0.439613 0.523800 0.437993 0.526837 0.436373 0.529875 0.435833 0.532913 0.436103 0.535948 0.436643 0.538985 0.437183 0.542023 0.438803 0.544857 0.442583 0.546275
0 0.474170 0.543845 0.475520 0.540807 0.476060 0.537770 0.475520 0.534735 0.474710 0.531698 0.473900 0.528660 0.472280 0.525825 0.469580 0.523395 0.466340 0.521370 0.462290 0.520357 0.459590 0.522788 0.457970 0.525622 0.457163 0.528660 0.458240 0.531698 0.459860 0.534533 0.461210 0.537567 0.462020 0.540605 0.464180 0.543440 0.468230 0.544453 0.472280 0.544655
0 0.447713 0.518130 0.448793 0.515095 0.449333 0.512058 0.449333 0.508818 0.447983 0.505780 0.446363 0.502945 0.445013 0.499908 0.442853 0.497277 0.439073 0.495658 0.435023 0.494848 0.430977 0.495658 0.429357 0.498493 0.427737 0.501528 0.427737 0.504768 0.428277 0.507805 0.430437 0.510437 0.433137 0.513070 0.435293 0.515702 0.438803 0.517725 0.442583 0.518940
0 0.458510 0.523597 0.460400 0.520763 0.463640 0.518737 0.466340 0.516310 0.467960 0.513475 0.468230 0.510235 0.468500 0.506995 0.468500 0.503755 0.468500 0.500515 0.467690 0.497277 0.464180 0.495658 0.459860 0.495658 0.456083 0.497075 0.454733 0.500110 0.453383 0.503147 0.451763 0.506185 0.450143 0.509223 0.449603 0.512260 0.450413 0.515297 0.451223 0.518332 0.452303 0.521370
0 0.402480 0.512495 0.403690 0.510380 0.404900 0.508262 0.405910 0.505842 0.406917 0.503572 0.407320 0.501305 0.407523 0.499035 0.407723 0.496767 0.407723 0.494348 0.407723 0.491928 0.406917 0.489658 0.404900 0.487842 0.402280 0.486330 0.399253 0.486180 0.396027 0.486935 0.394010 0.488750 0.392397 0.490868 0.391590 0.493138 0.390783 0.495405 0.390180 0.497675 0.389373 0.499943 0.388970 0.502212 0.388970 0.504633 0.389573 0.506900 0.390783 0.509018 0.391793 0.511285 0.393810 0.513253 0.395827 0.515068 0.398850 0.514310 0.399657 0.514160
0 0.369410 0.499943 0.369007 0.498733 0.368803 0.496465 0.367797 0.494195 0.366383 0.491928 0.365377 0.489658 0.363360 0.487692 0.361343 0.485878 0.359327 0.483913 0.356907 0.482247 0.354487 0.480585 0.352267 0.478920 0.349040 0.478315 0.346017 0.478770 0.344807 0.481038 0.343597 0.483155 0.342990 0.485423 0.343393 0.487692 0.344603 0.489810 0.346217 0.491775 0.348233 0.493892 0.350250 0.495707 0.352267 0.497522 0.354487 0.499188 0.356503 0.501003 0.359327 0.502060 0.362553 0.502665 0.365577 0.503270 0.368603 0.502818
0 0.324843 0.473325 0.326457 0.471358 0.328673 0.469695 0.330893 0.468030 0.333313 0.466367 0.335530 0.464553 0.338150 0.463190 0.341177 0.463040 0.343193 0.464855 0.344200 0.467122 0.344200 0.469543 0.344200 0.472115 0.343597 0.474382 0.341983 0.476350 0.340370 0.478315 0.338553 0.480283 0.336337 0.482550 0.334320 0.484515 0.331700 0.485878 0.329077 0.487087 0.326253 0.487995 0.323230 0.487692 0.321010 0.486028 0.320810 0.483760 0.320407 0.481492 0.320407 0.479073 0.320607 0.476803 0.323027 0.475140
