0 0.427867 0.543795 0.429323 0.542215 0.429323 0.542215 0.430297 0.540393 0.431107 0.538447 0.431757 0.536625 0.432080 0.534802 0.432080 0.532735 0.431917 0.530790 0.431757 0.528847 0.431430 0.526780 0.430947 0.524957 0.430460 0.523135 0.428513 0.521798 0.426733 0.520462 0.424627 0.519490 0.422197 0.519367 0.419603 0.519367 0.417660 0.520582 0.416363 0.522162 0.415877 0.524107 0.415713 0.525930 0.415553 0.528360 0.415553 0.530305 0.415713 0.532128 0.416040 0.533950 0.416687 0.535772 0.417497 0.537717 0.418307 0.539540 0.419927 0.541120 0.421710 0.542458 0.423653 0.543673
0 0.225057 0.346208 0.227000 0.341835 0.228943 0.337460 0.233610 0.334253 0.239440 0.334837 0.242163 0.338918 0.244107 0.343293 0.245660 0.347665 0.245660 0.352330 0.244883 0.356702 0.241773 0.360495 0.235943 0.359327 0.231277 0.356120 0.228167 0.352330
0 0.331963 0.415600 0.335460 0.411807 0.337793 0.407728 0.339350 0.403353 0.339350 0.398687 0.338570 0.394315 0.335460 0.390525 0.329630 0.389358 0.325743 0.392858 0.322633 0.396940 0.320690 0.401313 0.319133 0.405685 0.319133 0.410350 0.321077 0.414725 0.321857 0.419098 0.327687 0.418805
0 0.416710 0.408603 0.421763 0.406270 0.426817 0.403938 0.431483 0.401020 0.434203 0.396940 0.431483 0.392858 0.425263 0.393150 0.420200 0.394600 0.414767 0.396950 0.409333 0.399275 0.405033 0.402175 0.405437 0.406270 0.410490 0.408603
0 0.530613 0.362243 0.532947 0.358163 0.536057 0.354370 0.537220 0.349705 0.538000 0.345332 0.537610 0.340960 0.534500 0.337170 0.528670 0.336295 0.523227 0.338627 0.521670 0.343000 0.521283 0.347665 0.520117 0.352038 0.520893 0.356413 0.524780 0.359910
0 0.622987 0.376770 0.623220 0.376770 0.624387 0.374145 0.625087 0.371520 0.625787 0.368895 0.626020 0.366270 0.624853 0.363645 0.624153 0.360845 0.622987 0.358220 0.621587 0.355770 0.619720 0.353495 0.616453 0.352270 0.612953 0.352620 0.611087 0.354895 0.610153 0.357520 0.608753 0.359970 0.608053 0.362595 0.607587 0.365220 0.607820 0.367845 0.608287 0.370470 0.608520 0.373095 0.609920 0.375720 0.611553 0.378170 0.614353 0.379920 0.618087 0.379920
0 0.359170 0.454870 0.359870 0.452245 0.360103 0.449620 0.359870 0.446995 0.359637 0.444195 0.358937 0.441395 0.357770 0.438770 0.356603 0.436145 0.354270 0.434045 0.351470 0.432295 0.348203 0.431070 0.345637 0.433170 0.344237 0.435620 0.342370 0.437895 0.341203 0.440520 0.340970 0.443145 0.340970 0.445945 0.340970 0.448745 0.341670 0.451370 0.343070 0.453820 0.344703 0.456267 0.347503 0.458193 0.351003 0.459068 0.354503 0.458718 0.356603 0.456442
0 0.428000 0.462392 0.429633 0.459767 0.430100 0.457143 0.430100 0.454345 0.429867 0.451545 0.429400 0.448920 0.428933 0.446295 0.427533 0.443845 0.426133 0.441395 0.423100 0.439995 0.419600 0.440170 0.416333 0.441220 0.414467 0.443495 0.412833 0.446120 0.412133 0.448745 0.411900 0.451370 0.411900 0.454170 0.412133 0.456793 0.413067 0.459418 0.414000 0.462043 0.416333 0.464317 0.419133 0.466067 0.422867 0.466067 0.425200 0.463967
0 0.489363 0.481992 0.492397 0.480243 0.494497 0.477967 0.494730 0.475342 0.494963 0.472717 0.495430 0.470092 0.494963 0.467467 0.493797 0.464842 0.492630 0.462217 0.490530 0.459767 0.488663 0.457493 0.485630 0.456092 0.482130 0.455570 0.479097 0.457143 0.479097 0.459942 0.478163 0.462568 0.478163 0.465367 0.478863 0.467993 0.480263 0.470442 0.480730 0.473067 0.481663 0.475693
0 0.515323 0.538845 0.518347 0.536325 0.519690 0.532545 0.520700 0.528765 0.521033 0.524985 0.520363 0.521205 0.519690 0.517425 0.515660 0.514905 0.510620 0.513898 0.507260 0.516920 0.504907 0.520450 0.503900 0.524230 0.502890 0.528008 0.502890 0.532040 0.505580 0.535318 0.507597 0.539095
0 0.472990 0.500038 0.472990 0.496005 0.474333 0.492228 0.474670 0.488447 0.473997 0.484668 0.472317 0.480887 0.469963 0.477360 0.464927 0.476350 0.460893 0.479627 0.458877 0.483155 0.457870 0.486935 0.458207 0.490715 0.459213 0.494495 0.459887 0.498275 0.462573 0.501550 0.467613 0.502305
0 0.429310 0.484162 0.428640 0.480382 0.427967 0.476603 0.426960 0.472822 0.424270 0.469548 0.420240 0.467027 0.415200 0.466020 0.410160 0.466775 0.407137 0.470052 0.407470 0.473830 0.408480 0.477610 0.409487 0.481390 0.412847 0.484415 0.417217 0.486683 0.421920 0.488195 0.426960 0.489455
0 0.427630 0.509865 0.429983 0.506337 0.431663 0.502557 0.431327 0.498525 0.430653 0.494745 0.430653 0.492478 0.425613 0.491470 0.420910 0.493488 0.418223 0.496762 0.415870 0.500290 0.413857 0.503818 0.412847 0.507598 0.412177 0.511378 0.414527 0.514905 0.419230 0.516670 0.423933 0.515158
0 0.388523 0.505582 0.388523 0.504323 0.388857 0.500543 0.388857 0.496510 0.387513 0.492730 0.385833 0.488950 0.383820 0.485423 0.378780 0.484162 0.374410 0.486177 0.372393 0.489707 0.371387 0.493488 0.370713 0.497265 0.370713 0.501298 0.371387 0.505077 0.373740 0.508605 0.376763 0.511883 0.381803 0.512133 0.385833 0.509613
0 0.401537 0.538482 0.401213 0.538605 0.402997 0.537268 0.402997 0.535325 0.401213 0.533865 0.399107 0.532892 0.397323 0.531558 0.395057 0.530705 0.392787 0.529855 0.390520 0.529128 0.388090 0.528518 0.385657 0.527910 0.383227 0.527425 0.380797 0.527060 0.378367 0.526695 0.375773 0.526452 0.373020 0.526332 0.370590 0.526210 0.368160 0.526332 0.365890 0.527060 0.364433 0.528640 0.363623 0.530585 0.363297 0.532408 0.364757 0.533987 0.366700 0.535325 0.368483 0.536660 0.370750 0.537633 0.373507 0.538240 0.375937 0.538605 0.378367 0.539212 0.380637 0.539942 0.383067 0.540308 0.385497 0.540670 0.387927 0.541035 0.390520 0.541035 0.393273 0.541035 0.395703 0.540915 0.397973 0.540063
0 0.498390 0.583653 0.497637 0.580830 0.496633 0.578005 0.496633 0.574995 0.495630 0.572170 0.493620 0.569725 0.491613 0.567277 0.489357 0.564830 0.486343 0.562760 0.483330 0.560688 0.479567 0.559935 0.476053 0.561442 0.475050 0.564265 0.474547 0.567087 0.476053 0.570852 0.477057 0.573678 0.479317 0.576122 0.481573 0.578570 0.484083 0.581018 0.486847 0.583087 0.490107 0.584595 0.493873 0.585160
0 0.467017 0.586100 0.469277 0.583653 0.471537 0.581205 0.473040 0.578570 0.474047 0.575747 0.474047 0.572547 0.474047 0.569535 0.473543 0.566712 0.472540 0.563888 0.469780 0.561817 0.466013 0.561065 0.462500 0.562195 0.460743 0.564830 0.459490 0.567653 0.458233 0.570477 0.457983 0.573300 0.457983 0.576313 0.457733 0.579135 0.459237 0.581770 0.461247 0.584217
0 0.435143 0.581583 0.435647 0.578760 0.435897 0.575747 0.435897 0.572735 0.435397 0.569913 0.433890 0.567087 0.432133 0.564453 0.430123 0.562005 0.427363 0.559935 0.423600 0.559747 0.421090 0.562005 0.419080 0.564830 0.417827 0.567653 0.417577 0.570477 0.417323 0.573300 0.417323 0.576313 0.418077 0.579135 0.419583 0.581770 0.422093 0.584030 0.425357 0.585535 0.429120 0.585913 0.432887 0.585160
0 0.403020 0.586100 0.405027 0.583465 0.407033 0.580640 0.408290 0.577817 0.409293 0.574805 0.409797 0.571795 0.409797 0.568783 0.408540 0.565960 0.404777 0.565205 0.401010 0.565770 0.397750 0.567465 0.395240 0.569913 0.392980 0.572360 0.390973 0.574995 0.389217 0.576878 0.387207 0.579513 0.385450 0.582148 0.385703 0.584970 0.385703 0.585535 0.385450 0.586477 0.385703 0.589300 0.387207 0.591935 0.391233 0.591550 0.395000 0.591175 0.398500 0.589100
0 0.376163 0.571418 0.379677 0.569913 0.382440 0.567843 0.384447 0.565395 0.386203 0.562760 0.387960 0.560125 0.388463 0.557300 0.387460 0.554477 0.383943 0.552970 0.380180 0.553347 0.376417 0.554100 0.373153 0.555795 0.369890 0.557487 0.366880 0.559370 0.364370 0.561817 0.361860 0.564078 0.360353 0.566712 0.360603 0.569725 0.362863 0.572170 0.366377 0.573678 0.370140 0.573865 0.373907 0.573300
0 0.410567 0.615480 0.412187 0.612645 0.413267 0.609607 0.411917 0.606570 0.410567 0.603535 0.408407 0.600700 0.406247 0.598067 0.403547 0.595435 0.399767 0.594220 0.397877 0.597055 0.397067 0.600092 0.395717 0.603130 0.395447 0.606165 0.396257 0.609202 0.397607 0.612240 0.398957 0.615278 0.401657 0.617707 0.405707 0.618315
0 0.365753 0.614265 0.367103 0.611227 0.368993 0.608393 0.369263 0.605355 0.369263 0.602117 0.368183 0.599080 0.366833 0.596043 0.364943 0.593207 0.362243 0.590778 0.357923 0.589765 0.354143 0.590980 0.351983 0.593612 0.350633 0.596650 0.350363 0.599688 0.350903 0.602725 0.351173 0.605760 0.352253 0.608797 0.353603 0.611835 0.356573 0.614062 0.360083 0.615885
0 0.317970 0.632487 0.320130 0.629855 0.321750 0.627020 0.323367 0.624185 0.324177 0.621150 0.323907 0.618112 0.323097 0.615075 0.322020 0.612038 0.320400 0.609000 0.317700 0.606367 0.313650 0.605760 0.309600 0.606165 0.306360 0.608190 0.305280 0.611227 0.304200 0.614265 0.303930 0.617302 0.303660 0.620745 0.303660 0.623982 0.304470 0.627020 0.306630 0.629653 0.308520 0.632487 0.311490 0.634918 0.315270 0.633500
0 0.391373 0.639755 0.391643 0.639755 0.392990 0.636720 0.392450 0.633683 0.391373 0.630645 0.390023 0.627607 0.387863 0.624975 0.385433 0.622343 0.382733 0.619915 0.378953 0.618295 0.374903 0.617485 0.372743 0.620115 0.372203 0.623152 0.372203 0.626393 0.372473 0.629430 0.374093 0.632265 0.375713 0.635100 0.378143 0.636923 0.379763 0.639957 0.382733 0.642185 0.386783 0.642792
0 0.474383 0.685948 0.474850 0.683322 0.475783 0.680697 0.476483 0.677898 0.476483 0.675098 0.476250 0.672297 0.475550 0.669673 0.473683 0.667222 0.470417 0.665997 0.466917 0.665473 0.465050 0.667573 0.464117 0.670198 0.462250 0.672472 0.460617 0.674922 0.460383 0.677547 0.460383 0.680347 0.460383 0.683322 0.460383 0.686122 0.461083 0.688747 0.464817 0.689447 0.468317 0.689798 0.471117 0.688048
0 0.471117 0.703795 0.472283 0.700995 0.472750 0.698370 0.471350 0.695922 0.469483 0.693648 0.468550 0.691022 0.465050 0.691723 0.462717 0.693997 0.461783 0.696620 0.461317 0.699245 0.460400 0.702750 0.463900 0.703975 0.467617 0.704145
0 0.382687 0.674222 0.383853 0.671597 0.383620 0.668972 0.383387 0.666347 0.383387 0.663548 0.382687 0.660922 0.381287 0.658473 0.379653 0.656023 0.377087 0.654097 0.373820 0.652872 0.370320 0.652523 0.368453 0.654798 0.367520 0.657597 0.366587 0.660222 0.366357 0.663023 0.366587 0.665822 0.367520 0.668447 0.368920 0.670898 0.370320 0.673523 0.371720 0.675972 0.374753 0.677547 0.378253 0.678072 0.381287 0.676673
0 0.341857 0.681222 0.343723 0.678773 0.345590 0.676497 0.346757 0.673872 0.347223 0.671247 0.346057 0.668622 0.345123 0.665997 0.344190 0.663372 0.342790 0.660922 0.340457 0.658822 0.336723 0.658822 0.333223 0.659523 0.331357 0.661798 0.330657 0.664423 0.329723 0.667048 0.329257 0.669673 0.329257 0.672648 0.330423 0.675273 0.331590 0.678072 0.332523 0.680697 0.333923 0.683148 0.337900 0.685425
0 0.324727 0.659080 0.324727 0.659080 0.324727 0.655048 0.324727 0.651015 0.322713 0.647487 0.318343 0.645473 0.314983 0.642447 0.311960 0.639173 0.307930 0.636653 0.302890 0.636148 0.299530 0.639173 0.298857 0.642953 0.300537 0.646730 0.302890 0.650260 0.304903 0.653788 0.308937 0.656560 0.313640 0.658070 0.318680 0.659080
0 0.275707 0.702950 0.277387 0.699170 0.277723 0.695138 0.278060 0.691360 0.278397 0.687580 0.276043 0.684050 0.271677 0.681028 0.266637 0.681530 0.264957 0.685310 0.262603 0.688840 0.262267 0.692617 0.262940 0.696398 0.262603 0.700178 0.263277 0.703958 0.267643 0.705975
