0 0.431403 0.491758 0.431403 0.487725 0.430733 0.483945 0.428717 0.480417 0.427037 0.476637 0.424683 0.473110 0.420653 0.470590 0.415950 0.469077 0.413260 0.471345 0.413597 0.470842 0.411580 0.474370 0.411243 0.478150 0.410910 0.481930 0.412253 0.485710 0.413933 0.489490 0.416620 0.492765 0.419310 0.495538 0.425357 0.497300 0.429723 0.496040
0 0.451397 0.485710 0.451397 0.485457 0.452403 0.481678 0.453747 0.477897 0.453747 0.473865 0.452403 0.470085 0.449717 0.466810 0.447027 0.463535 0.441987 0.462777 0.437957 0.465550 0.435940 0.469077 0.434260 0.472858 0.433587 0.476637 0.433587 0.480923 0.434260 0.484700 0.436613 0.488230 0.440643 0.490750 0.446020 0.490750
0 0.473740 0.481425 0.474747 0.477645 0.474410 0.473612 0.474073 0.469582 0.473403 0.465803 0.470713 0.462525 0.467353 0.459502 0.462317 0.458998 0.460300 0.462525 0.458283 0.466305 0.456940 0.470085 0.456267 0.473865 0.457277 0.477645 0.458620 0.481425 0.460970 0.484953 0.465340 0.487220 0.470380 0.486970
0 0.400830 0.443877 0.400493 0.439848 0.397807 0.436320 0.393103 0.434303 0.388397 0.432790 0.383357 0.431280 0.378317 0.430775 0.373280 0.430270 0.368573 0.431783 0.366223 0.435310 0.367230 0.439090 0.370927 0.441862 0.375630 0.443877 0.380670 0.444887 0.386047 0.445895 0.391757 0.445895 0.396797 0.445642
0 0.443163 0.444887 0.447197 0.442368 0.449210 0.438840 0.450557 0.435060 0.451563 0.431280 0.449883 0.427500 0.447530 0.423973 0.443837 0.421200 0.439803 0.423973 0.437117 0.427248 0.435100 0.430775 0.434093 0.434555 0.434093 0.438587 0.434093 0.442620
0 0.459290 0.452950 0.462317 0.449423 0.465673 0.446398 0.468027 0.442870 0.470713 0.439090 0.472730 0.435563 0.472730 0.433295 0.471387 0.429515 0.467690 0.426743 0.462650 0.426995 0.459290 0.430020 0.455930 0.433042 0.452570 0.436320 0.450557 0.439848 0.449883 0.443628 0.449210 0.447408 0.450557 0.451188
0 0.448340 0.421715 0.449500 0.418230 0.451823 0.415400 0.454147 0.412133 0.454437 0.408865 0.453567 0.405597 0.452113 0.402332 0.450370 0.399065 0.447467 0.396452 0.443403 0.394927 0.439047 0.396015 0.437303 0.399065 0.436433 0.402550 0.436143 0.405817 0.436143 0.409300 0.436143 0.412785 0.437013 0.416052 0.438177 0.419320 0.441370 0.421715
0 0.492767 0.418230 0.493930 0.414962 0.494220 0.411697 0.494510 0.408430 0.494220 0.405163 0.493640 0.401895 0.492187 0.398630 0.489283 0.396015 0.484927 0.395363 0.480863 0.397105 0.477667 0.399717 0.474473 0.402332 0.474183 0.405597 0.474183 0.409300 0.474183 0.412785 0.473893 0.416052 0.474473 0.419320 0.477377 0.421932 0.481733 0.423022 0.486090 0.422805
0 0.494510 0.395145 0.494800 0.391660 0.495963 0.388392 0.496253 0.385128 0.495380 0.381860 0.493350 0.378810 0.490447 0.375980 0.486960 0.373582 0.482893 0.372277 0.478540 0.372495 0.475927 0.375325 0.474763 0.378592 0.475343 0.381860 0.476797 0.385128 0.478250 0.388392 0.479990 0.391660 0.483187 0.394055 0.487250 0.395580
0 0.518903 0.398195 0.520647 0.395145 0.521227 0.391877 0.520937 0.388610 0.519773 0.385345 0.518613 0.382077 0.516580 0.379027 0.514837 0.375980 0.512513 0.373147 0.508450 0.371840 0.504383 0.373365 0.502933 0.376632 0.502640 0.379900 0.502350 0.383165 0.502640 0.386433 0.503223 0.389700 0.504383 0.393185 0.505547 0.396452 0.508450 0.399065 0.511643 0.401460 0.516290 0.401243
0 0.367240 0.256185 0.372300 0.254560 0.376637 0.251550 0.382060 0.250223 0.387480 0.249680 0.393263 0.249383 0.398683 0.249952 0.403383 0.252120 0.406273 0.255645 0.402297 0.258625 0.397237 0.260495 0.392180 0.262665 0.386757 0.264047 0.381337 0.264317 0.375917 0.263505 0.370493 0.262150 0.366520 0.259167
0 0.484733 0.581303 0.489420 0.578490 0.493167 0.575913 0.495980 0.572867 0.497853 0.569588 0.499413 0.565840 0.500040 0.562325 0.496603 0.559750 0.491920 0.559515 0.487233 0.560920 0.484733 0.562795 0.481610 0.565840 0.479113 0.568885 0.477237 0.572165 0.475677 0.575680 0.475987 0.579192 0.479737 0.581535
0 0.361353 0.542177 0.361980 0.538430 0.361667 0.534682 0.361667 0.530935 0.360417 0.527420 0.357917 0.524375 0.353233 0.523438 0.351047 0.526717 0.348547 0.529997 0.346360 0.533278 0.346360 0.537025 0.346987 0.540540 0.347923 0.544053 0.349797 0.547332 0.353857 0.549207 0.358543 0.548035
0 0.376347 0.535385 0.379470 0.532575 0.383843 0.530700 0.388530 0.530230 0.393527 0.530230 0.398837 0.530230 0.403523 0.530465 0.408207 0.531638 0.412267 0.533745 0.414143 0.537260 0.413517 0.540772 0.409143 0.542180 0.404460 0.543115 0.399773 0.543585 0.395087 0.543817 0.390403 0.543115 0.385717 0.541945 0.381343 0.540540 0.377597 0.538197
0 0.430073 0.555297 0.431320 0.551550 0.433197 0.548270 0.433197 0.544523 0.431010 0.541242 0.430073 0.537727 0.428197 0.534215 0.423513 0.533980 0.420390 0.536790 0.418203 0.540070 0.416017 0.543350 0.414767 0.546865 0.414767 0.550612 0.414453 0.554128 0.415703 0.557640 0.420077 0.559045 0.424763 0.559280
0 0.448190 0.543585 0.450377 0.540305 0.451623 0.536790 0.452873 0.533278 0.453500 0.529763 0.451623 0.526482 0.450063 0.522970 0.445377 0.521798 0.442567 0.524842 0.440067 0.528357 0.438507 0.531870 0.437257 0.535620 0.436943 0.539133 0.438507 0.542648 0.441630 0.545457
0 0.486587 0.537023 0.490637 0.536617 0.494687 0.536010 0.498737 0.535403 0.501977 0.533378 0.505217 0.531150 0.508183 0.528922 0.507373 0.525885 0.503867 0.524265 0.499817 0.523455 0.495767 0.523253 0.491447 0.523253 0.486587 0.523860 0.482537 0.524872 0.478490 0.525683 0.475250 0.527707 0.472820 0.530340 0.472280 0.533378 0.475520 0.535403 0.479570 0.536415
0 0.427673 0.594915 0.428373 0.592115 0.429307 0.589490 0.430007 0.586690 0.430473 0.583890 0.430473 0.580915 0.430007 0.578290 0.427207 0.576540 0.423707 0.575143 0.420440 0.574093 0.416707 0.574793 0.413673 0.576540 0.412507 0.579340 0.411340 0.581965 0.409940 0.584415 0.408540 0.587040 0.408540 0.590015 0.408773 0.592640 0.409473 0.595440 0.411573 0.597715 0.413440 0.600165 0.416940 0.600865 0.420440 0.600690 0.423240 0.598940
0 0.463370 0.516370 0.463370 0.516370 0.466610 0.513940 0.469580 0.511510 0.472280 0.508877 0.473900 0.506043 0.475250 0.503007 0.473900 0.499970 0.469850 0.499767 0.466070 0.501185 0.462290 0.502400 0.458780 0.504220 0.455543 0.506447 0.453113 0.509080 0.450413 0.511713 0.448793 0.514548 0.449063 0.517585 0.453113 0.518597 0.457163 0.519003
0 0.424497 0.525278 0.425847 0.522240 0.426657 0.519205 0.428007 0.516168 0.427737 0.513130 0.427197 0.510092 0.426927 0.507055 0.423957 0.504422 0.419907 0.503818 0.417207 0.506245 0.415857 0.509283 0.414777 0.512725 0.414507 0.515763 0.414237 0.518800 0.413967 0.521837 0.415587 0.524670 0.416667 0.527707 0.420717 0.528518
0 0.390210 0.508675 0.391290 0.505637 0.392640 0.502603 0.394530 0.499767 0.396960 0.497135 0.400740 0.495920 0.404790 0.495717 0.405600 0.498755 0.407220 0.501792 0.408840 0.504625 0.409377 0.507663 0.408570 0.510700 0.408300 0.513737 0.407760 0.516775 0.406140 0.519610 0.403710 0.522240 0.400200 0.523860 0.396150 0.523657 0.392910 0.521432 0.390750 0.518800 0.390210 0.515763 0.389940 0.512725
0 0.517220 0.576148 0.518157 0.572633 0.518780 0.569120 0.518780 0.565370 0.518157 0.561858 0.517530 0.558342 0.515657 0.555063 0.512533 0.552253 0.507850 0.552720 0.504100 0.555297 0.503477 0.558813 0.502540 0.562325 0.501913 0.565840 0.502227 0.569352 0.504100 0.572633 0.505663 0.576148 0.509097 0.578725 0.513783 0.578958
0 0.446697 0.707075 0.452423 0.702390 0.454503 0.696538 0.455543 0.690682 0.452423 0.685217 0.447733 0.684050 0.439933 0.691462 0.437330 0.697318 0.436290 0.703172 0.441493 0.707855
0 0.539333 0.648918 0.540373 0.645795 0.542977 0.639940 0.543497 0.634085 0.541413 0.628230 0.538293 0.622765 0.531007 0.625497 0.528403 0.631352 0.527883 0.637207 0.529443 0.643062 0.533607 0.648138
0 0.381653 0.642135 0.382017 0.642135 0.384183 0.638340 0.385630 0.634273 0.385267 0.630208 0.383460 0.626143 0.381293 0.622075 0.376593 0.619908 0.372620 0.622890 0.370450 0.626685 0.369727 0.630750 0.369367 0.634815 0.369367 0.639153 0.370090 0.643217 0.375150 0.645115
0 0.363547 0.615625 0.361017 0.610745 0.360657 0.606680 0.358127 0.602885 0.355237 0.599362 0.350900 0.596650 0.345477 0.595568 0.342223 0.599090 0.341140 0.603158 0.342223 0.607222 0.344393 0.611017 0.346563 0.614812 0.349090 0.618607 0.353790 0.620775 0.359210 0.621317 0.362463 0.617792
0 0.359933 0.645982 0.359210 0.641918 0.359210 0.637580 0.359573 0.633515 0.356680 0.629720 0.351260 0.628635 0.347283 0.631617 0.345117 0.635413 0.343310 0.639477 0.341863 0.643543 0.341863 0.647880 0.341863 0.652218 0.344033 0.656012 0.349090 0.657910 0.353067 0.654927 0.356320 0.651405
0 0.454463 0.627285 0.455070 0.625015 0.455473 0.622595 0.455473 0.620175 0.455270 0.617755 0.454060 0.615487 0.452850 0.613370 0.451640 0.611253 0.450430 0.609135 0.448413 0.607320 0.445390 0.606565 0.442363 0.606110 0.439340 0.606263 0.436717 0.607472 0.436313 0.609893 0.436313 0.612313 0.436313 0.614732 0.436517 0.617000 0.436517 0.619420 0.436920 0.621840 0.437727 0.624107 0.439137 0.626225 0.441357 0.627890 0.443573 0.629552 0.446197 0.630763 0.449423 0.630763 0.452043 0.629250
0 0.490157 0.598548 0.492577 0.597035 0.494393 0.595070 0.496003 0.593102 0.496207 0.590835 0.495400 0.588568 0.492780 0.587205 0.489753 0.586148 0.486930 0.585087 0.484107 0.584030 0.481283 0.582970 0.478260 0.582215 0.475233 0.582518 0.472210 0.582970 0.469183 0.583575 0.467570 0.585542 0.467973 0.587810 0.469183 0.589928 0.471000 0.591895 0.473017 0.593707 0.475233 0.595372 0.478057 0.596430 0.481083 0.597187 0.484107 0.597943
0 0.455473 0.607925 0.456683 0.605808 0.457490 0.603540 0.457690 0.601120 0.456883 0.598850 0.455473 0.596732 0.453860 0.594768 0.451843 0.592952 0.449623 0.591138 0.447607 0.589322 0.445390 0.587660 0.442767 0.586450 0.439743 0.585692 0.436717 0.586450 0.434703 0.588265 0.434500 0.590533 0.435103 0.592803 0.436113 0.595070 0.437523 0.597187 0.438937 0.599305 0.440347 0.601422 0.441960 0.603388 0.444180 0.605202 0.446800 0.606565 0.449623 0.607472 0.452650 0.607775
0 0.489107 0.559280 0.490670 0.555768 0.492857 0.552487 0.495667 0.549440 0.497540 0.546162 0.497230 0.542648 0.493167 0.540070 0.488483 0.540772 0.484110 0.542180 0.479737 0.545928 0.476927 0.548972 0.475050 0.552487 0.473177 0.555768 0.472553 0.559280 0.474427 0.562560 0.479113 0.563262 0.483797 0.563028
