0 0.304677 0.589765 0.306087 0.587348 0.307903 0.585380 0.310323 0.583718 0.313147 0.582658 0.316170 0.581902 0.319197 0.581145 0.321817 0.579935 0.324640 0.578878 0.327667 0.579180 0.330287 0.580540 0.331297 0.582810 0.331900 0.585078 0.331297 0.587348 0.329683 0.589463 0.327263 0.591278 0.324640 0.592640 0.321617 0.593850 0.318993 0.595210 0.316170 0.596875 0.313347 0.597932 0.310323 0.598388 0.307297 0.598538 0.304070 0.598388 0.302053 0.596572 0.302660 0.594302 0.303667 0.592035
0 0.369723 0.720293 0.369413 0.720293 0.370350 0.716778 0.369727 0.713263 0.367227 0.710217 0.364103 0.707172 0.360353 0.704595 0.356607 0.702253 0.351610 0.701550 0.346923 0.702253 0.346923 0.706003 0.348797 0.709515 0.349423 0.713030 0.351610 0.716310 0.354733 0.719355 0.359103 0.721227 0.363167 0.723102
0 0.421920 0.683230 0.425043 0.680420 0.428167 0.677607 0.430667 0.674562 0.431913 0.671050 0.431913 0.667300 0.431913 0.663552 0.430353 0.660038 0.425667 0.659335 0.422233 0.662147 0.419420 0.665428 0.417233 0.668705 0.415360 0.672220 0.415673 0.675735 0.416923 0.679247
0 0.452217 0.687447 0.452843 0.683933 0.452843 0.680185 0.451593 0.676670 0.449720 0.673393 0.447533 0.670112 0.444720 0.667068 0.440037 0.666597 0.436913 0.669410 0.436287 0.672922 0.436287 0.676670 0.436913 0.680185 0.438473 0.683933 0.440660 0.687213 0.445033 0.688852 0.449093 0.690962
0 0.473460 0.717668 0.475643 0.714388 0.478143 0.711342 0.479393 0.707827 0.479393 0.704080 0.478457 0.700568 0.477520 0.697052 0.472833 0.696817 0.468147 0.697755 0.465963 0.701035 0.464087 0.704315 0.462527 0.707827 0.461277 0.711577 0.460963 0.715090 0.461277 0.718605 0.463463 0.721885 0.468147 0.722823
0 0.479707 0.624430 0.482203 0.621385 0.485953 0.619043 0.490637 0.617870 0.495323 0.616700 0.500010 0.615528 0.504380 0.616932 0.506880 0.619977 0.505943 0.623493 0.501570 0.625133 0.497197 0.627008 0.493137 0.628880 0.488140 0.629818 0.483453 0.629582 0.478767 0.629350 0.479080 0.625835
0 0.454123 0.614040 0.453720 0.613587 0.454327 0.611317 0.453923 0.609050 0.453317 0.606780 0.451703 0.604815 0.449890 0.602697 0.448277 0.600733 0.445857 0.599220 0.444043 0.597253 0.441823 0.595590 0.438800 0.595437 0.435773 0.595287 0.434767 0.597555 0.435573 0.599825 0.435573 0.602242 0.435370 0.604513 0.437187 0.607082 0.438397 0.609200 0.440413 0.611167 0.442027 0.613133 0.444243 0.614797 0.446863 0.616158 0.449890 0.616613 0.452713 0.615705
0 0.433537 0.617595 0.433537 0.615175 0.433737 0.612908 0.433737 0.610487 0.433737 0.608067 0.433333 0.605648 0.432327 0.603227 0.430913 0.600958 0.428897 0.598992 0.426880 0.597178 0.425267 0.595210 0.421637 0.595210 0.420023 0.596270 0.418613 0.599143 0.417000 0.601110 0.416193 0.603378 0.415183 0.605648 0.414780 0.607915 0.414780 0.610335 0.414580 0.612605 0.414780 0.614872 0.415790 0.617293 0.417403 0.619258 0.419420 0.621073 0.422040 0.622283 0.425067 0.622737 0.428090 0.622435 0.430713 0.621225
0 0.378100 0.619485 0.378300 0.619485 0.380720 0.617822 0.382737 0.615855 0.384753 0.614040 0.386367 0.611923 0.387173 0.609655 0.387377 0.607385 0.387577 0.604965 0.387980 0.602697 0.388183 0.600430 0.387980 0.598160 0.386367 0.596043 0.383543 0.595135 0.380520 0.594985 0.378300 0.596647 0.376283 0.598765 0.374673 0.601035 0.373260 0.603302 0.371850 0.605420 0.370640 0.607538 0.369430 0.609655 0.368623 0.611923 0.369227 0.614193 0.369833 0.616460 0.369430 0.618880 0.370640 0.620997 0.373663 0.621300
0 0.359137 0.655587 0.364133 0.655587 0.369130 0.655117 0.373817 0.654183 0.377253 0.651605 0.378190 0.648090 0.375380 0.645045 0.371317 0.642938 0.366633 0.641765 0.361947 0.641062 0.356950 0.641530 0.351953 0.641765 0.347267 0.642702 0.343830 0.645280 0.344143 0.649027 0.347267 0.651840 0.351327 0.653713
0 0.341333 0.640125 0.343830 0.637080 0.344767 0.633565 0.344143 0.630053 0.342270 0.626773 0.341020 0.623258 0.340393 0.619510 0.335710 0.617403 0.331023 0.616932 0.326963 0.619043 0.326650 0.622555 0.326340 0.626070 0.326340 0.629818 0.326340 0.633565 0.326963 0.637080 0.329463 0.640125 0.333210 0.642467 0.337897 0.642938 0.339147 0.642702
0 0.399117 0.648090 0.401617 0.644810 0.402553 0.641297 0.402867 0.637783 0.402553 0.633565 0.401303 0.630053 0.400053 0.626537 0.395370 0.625367 0.391620 0.627710 0.388810 0.630053 0.387560 0.633565 0.387247 0.637080 0.388187 0.640595 0.390060 0.643875 0.392247 0.647153
0 0.249330 0.505295 0.249330 0.502283 0.249077 0.499460 0.249077 0.496447 0.248073 0.493625 0.246317 0.490800 0.244310 0.488355 0.241550 0.486283 0.238033 0.485155 0.235527 0.487413 0.234270 0.490235 0.232763 0.492872 0.232263 0.495883 0.232010 0.498895 0.232263 0.501717 0.233767 0.504543 0.235273 0.507178 0.237030 0.509813 0.240797 0.510188 0.244560 0.509247
0 0.344773 0.519242 0.344773 0.516043 0.344773 0.513030 0.344273 0.510208 0.342263 0.507760 0.341010 0.504938 0.340007 0.502112 0.338500 0.499478 0.335487 0.497595 0.331473 0.496655 0.328460 0.498725 0.328210 0.501550 0.327960 0.504373 0.327960 0.507385 0.329463 0.510772 0.330970 0.513972 0.332477 0.516607 0.334737 0.519055 0.337243 0.521312 0.341010 0.521503
0 0.409527 0.525077 0.408520 0.522255 0.407017 0.519430 0.405260 0.516795 0.403000 0.514347 0.400240 0.512090 0.396727 0.513220 0.394970 0.515855 0.393213 0.518865 0.391957 0.521690 0.392710 0.524513 0.393213 0.527338 0.393213 0.530347 0.394717 0.532982 0.396223 0.535617 0.399237 0.537500 0.403000 0.538255 0.406763 0.537690 0.408773 0.535055 0.409023 0.532230 0.408520 0.529408
0 0.387440 0.503430 0.384680 0.500795 0.382923 0.498160 0.381667 0.495337 0.380413 0.492515 0.378153 0.490067 0.375143 0.488185 0.371880 0.486490 0.368367 0.485173 0.364350 0.485173 0.362343 0.487620 0.362593 0.490443 0.363597 0.493267 0.365103 0.496090 0.367110 0.498725 0.369620 0.500985 0.372883 0.502868 0.375893 0.504750 0.379157 0.506443 0.382923 0.507195 0.386687 0.506630
0 0.355317 0.483668 0.357323 0.481220 0.359330 0.478208 0.360587 0.475385 0.361840 0.472562 0.362843 0.469550 0.362090 0.466725 0.361340 0.463902 0.360587 0.461080 0.358577 0.458632 0.354813 0.457690 0.352053 0.459762 0.349293 0.462020 0.346530 0.464090 0.345027 0.466915 0.344523 0.469925 0.344020 0.472938 0.343520 0.475762 0.342767 0.478585 0.343770 0.481408 0.346530 0.483478 0.349793 0.484985
0 0.514027 0.481065 0.514027 0.480890 0.516127 0.478615 0.516827 0.475815 0.517293 0.473190 0.517527 0.470565 0.517760 0.467940 0.517293 0.465315 0.515893 0.462690 0.514493 0.460240 0.511460 0.458665 0.507960 0.459015 0.504927 0.460415 0.502827 0.463040 0.500960 0.465315 0.500027 0.467940 0.499327 0.470565 0.498860 0.473365 0.498860 0.476165 0.499093 0.478790 0.500960 0.481240 0.503527 0.483165 0.507027 0.483865 0.510760 0.483865
0 0.358780 0.444458 0.358780 0.444458 0.360297 0.441855 0.360733 0.439415 0.360733 0.436812 0.360733 0.434210 0.360733 0.431608 0.360513 0.429165 0.358563 0.426887 0.355743 0.425425 0.352490 0.424772 0.349237 0.425587 0.346200 0.427215 0.345983 0.429165 0.345113 0.432095 0.344463 0.434535 0.344463 0.437300 0.344463 0.439902 0.345113 0.442342 0.346633 0.444620 0.347933 0.447062 0.350103 0.449012 0.353357 0.449175 0.356393 0.448200
0 0.382857 0.435347 0.382857 0.435185 0.383290 0.432745 0.384157 0.430305 0.384810 0.427702 0.385027 0.425100 0.385027 0.422495 0.383940 0.420055 0.382207 0.417940 0.380037 0.415825 0.377217 0.414363 0.374613 0.412735 0.372227 0.414525 0.370493 0.416640 0.368757 0.418917 0.368107 0.421357 0.367673 0.423797 0.367457 0.426237 0.367673 0.428840 0.368540 0.431280 0.369843 0.433885 0.372010 0.435835 0.375263 0.436488 0.378520 0.436812
0 0.472900 0.431818 0.474520 0.431210 0.476680 0.428578 0.478570 0.425540 0.480460 0.422503 0.482080 0.419670 0.482620 0.416633 0.482350 0.413595 0.478570 0.412178 0.474520 0.412785 0.471280 0.415013 0.468310 0.417442 0.466150 0.420075 0.465070 0.423110 0.464533 0.426147 0.464263 0.429185 0.463993 0.432223 0.467500 0.434045
0 0.495037 0.412785 0.495307 0.411570 0.495307 0.408330 0.493957 0.405090 0.492877 0.402055 0.490447 0.399220 0.487750 0.396790 0.486400 0.393753 0.484510 0.390918 0.480730 0.389703 0.476680 0.389095 0.474520 0.391728 0.474520 0.394967 0.474250 0.398005 0.473440 0.401043 0.473710 0.404077 0.475330 0.406913 0.477490 0.409545 0.479380 0.412380 0.482350 0.414608 0.485050 0.417038 0.488827 0.418455 0.492877 0.417848
0 0.389267 0.372372 0.388997 0.369335 0.389267 0.366095 0.390887 0.363260 0.393047 0.360627 0.397097 0.360223 0.400873 0.361842 0.403843 0.365285 0.406543 0.368120 0.408433 0.371158 0.409513 0.374395 0.410323 0.377433 0.410593 0.380470 0.409783 0.383710 0.408163 0.386748 0.403843 0.387760 0.399793 0.387962 0.396827 0.385735 0.394937 0.382900 0.393317 0.380065 0.392507 0.377027
0 0.321817 0.336133 0.324640 0.335072 0.327667 0.334467 0.330690 0.334015 0.334120 0.334620 0.337343 0.335225 0.340370 0.335980 0.343193 0.336888 0.345813 0.338098 0.348033 0.339913 0.350453 0.341425 0.352267 0.343392 0.354083 0.345358 0.353880 0.347777 0.351663 0.349592 0.348637 0.349895 0.345007 0.349895 0.341377 0.349895 0.338353 0.349290 0.335330 0.348382 0.332707 0.347172 0.330087 0.345660 0.327867 0.343998 0.325850 0.342183 0.324237 0.340215
0 0.413117 0.290307 0.417483 0.288293 0.421180 0.285268 0.424540 0.281992 0.426220 0.278212 0.425547 0.274180 0.424540 0.270400 0.424203 0.266620 0.419500 0.265110 0.414123 0.265360 0.410427 0.268385 0.408077 0.271913 0.407070 0.275693 0.406060 0.279725 0.405053 0.283505 0.406060 0.287285
0 0.423530 0.357337 0.425883 0.353810 0.427227 0.350030 0.428237 0.346250 0.427563 0.342470 0.426220 0.338690 0.425547 0.334910 0.423533 0.331382 0.418827 0.329870 0.414460 0.331885 0.412443 0.335415 0.411773 0.339195 0.410763 0.342973 0.410093 0.346753 0.410427 0.350533 0.412780 0.354060 0.415133 0.357590
0 0.467883 0.334405 0.470570 0.331130 0.472587 0.327603 0.472920 0.323570 0.472920 0.319538 0.472250 0.315760 0.470570 0.311980 0.466873 0.309207 0.461833 0.308955 0.458137 0.311728 0.456123 0.315255 0.455113 0.319035 0.455450 0.322815 0.455787 0.326595 0.456457 0.330375 0.459483 0.333650
0 0.490393 0.337178 0.492410 0.333650 0.494090 0.329870 0.494423 0.326090 0.492743 0.322310 0.491400 0.318530 0.489383 0.315003 0.486697 0.311728 0.481657 0.311223 0.478297 0.314248 0.476280 0.317775 0.475610 0.321555 0.475947 0.325335 0.476953 0.329115 0.477960 0.332895 0.478970 0.336675 0.482667 0.339445
0 0.395980 0.308955 0.399003 0.305680 0.400350 0.301900 0.401020 0.298120 0.401020 0.294088 0.399003 0.290560 0.397323 0.286780 0.392957 0.288795 0.390270 0.292073 0.388253 0.295600 0.387247 0.299380 0.387580 0.303160 0.389260 0.306940 0.392957 0.309710
0 0.424540 0.315507 0.426890 0.311980 0.427563 0.308200 0.427563 0.304168 0.427563 0.300135 0.427227 0.295853 0.425883 0.292073 0.421517 0.290055 0.416477 0.291065 0.412107 0.293332 0.410093 0.296860 0.408413 0.300640 0.407070 0.304673 0.406733 0.308450 0.408750 0.311980 0.411100 0.315507 0.413787 0.318783 0.418827 0.319288
0 0.446043 0.296105 0.447050 0.292325 0.448060 0.288545 0.447387 0.284765 0.446043 0.280985 0.444027 0.277205 0.442683 0.273425 0.438650 0.270905 0.433610 0.271158 0.430587 0.274433 0.430250 0.278465 0.430250 0.282747 0.430250 0.286780 0.430250 0.290812 0.434283 0.293835 0.438317 0.296608 0.443353 0.297868
0 0.345567 0.297100 0.351633 0.293325 0.356000 0.290055 0.357343 0.286275 0.357680 0.282245 0.356333 0.278465 0.356333 0.274433 0.353967 0.269900 0.348933 0.268125 0.343567 0.269140 0.340207 0.272670 0.337857 0.276197 0.337183 0.279978 0.337183 0.284260 0.337857 0.288040 0.339200 0.291820
