0 0.535123 0.320462 0.538620 0.316673 0.539400 0.312300 0.539010 0.307925 0.538620 0.303553 0.537843 0.299177 0.533567 0.295973 0.528123 0.294222 0.523460 0.297137 0.522293 0.301803 0.521903 0.306175 0.521903 0.310840 0.523850 0.315215 0.526570 0.319298
0 0.491690 0.432668 0.492230 0.429630 0.491960 0.426592 0.491420 0.423558 0.490340 0.420520 0.487910 0.417887 0.483860 0.418698 0.481430 0.421330 0.480080 0.424368 0.480080 0.427605 0.480080 0.430845 0.480080 0.434085 0.480620 0.437123 0.483590 0.439350 0.487640 0.439147 0.490340 0.436717
0 0.409890 0.404930 0.412050 0.402298 0.413400 0.399260 0.414480 0.396223 0.416910 0.393590 0.420690 0.392173 0.425010 0.392375 0.428790 0.393590 0.430680 0.396425 0.430947 0.399462 0.430947 0.402702 0.429870 0.405942 0.428250 0.408775 0.426360 0.411610 0.425280 0.414648 0.423390 0.417483 0.420420 0.419710 0.416370 0.420722 0.412050 0.420722 0.410700 0.417685 0.409350 0.414648 0.408540 0.411408
0 0.420717 0.562352 0.426150 0.559845 0.432423 0.558903 0.439113 0.558903 0.445803 0.560157 0.452077 0.561725 0.457093 0.564862 0.460023 0.569253 0.455003 0.572390 0.448313 0.572390 0.441623 0.572390 0.435350 0.571447 0.429080 0.569568 0.423643 0.567057
0 0.514800 0.605320 0.514800 0.600300 0.514800 0.595283 0.512710 0.590580 0.509783 0.586187 0.503510 0.587130 0.499747 0.591205 0.500583 0.595910 0.501837 0.600615 0.502673 0.605320 0.505183 0.610023 0.511457 0.609082
0 0.453750 0.631663 0.457093 0.627585 0.463787 0.625705 0.470477 0.625705 0.476747 0.626645 0.482603 0.628840 0.488040 0.631977 0.490967 0.636367 0.488040 0.640758 0.481767 0.641385 0.475077 0.641385 0.468387 0.640130 0.462113 0.638875 0.457093 0.635740
0 0.433667 0.636375 0.436600 0.630400 0.437860 0.626018 0.438277 0.621313 0.436607 0.616610 0.434097 0.611905 0.429080 0.608768 0.422807 0.609710 0.421550 0.614413 0.421550 0.619433 0.421550 0.624450 0.422807 0.629155 0.427833 0.634800
0 0.427823 0.668355 0.432007 0.663965 0.434513 0.659575 0.435350 0.654558 0.433677 0.649852 0.429497 0.645775 0.424060 0.643267 0.418623 0.645775 0.416533 0.650480 0.414860 0.655185 0.414860 0.660203 0.415697 0.664905 0.420297 0.668355
0 0.395633 0.622875 0.403153 0.617862 0.406497 0.613788 0.409007 0.609395 0.410680 0.604692 0.411097 0.599988 0.407753 0.595910 0.401480 0.595598 0.396880 0.599360 0.393537 0.603437 0.392700 0.608143 0.391443 0.612845 0.391027 0.617550
0 0.340430 0.634173 0.346700 0.634485 0.353393 0.634800 0.359663 0.634173 0.363847 0.630408 0.364683 0.625705 0.358827 0.623508 0.352137 0.623822 0.345867 0.623508 0.340010 0.625390 0.335830 0.629155
0 0.519183 0.383440 0.519573 0.379068 0.518793 0.374692 0.518017 0.370320 0.516850 0.365655 0.512187 0.362740 0.506353 0.361572 0.501690 0.364488 0.498970 0.368570 0.499357 0.372943 0.500133 0.377317 0.500133 0.381983 0.501300 0.386355 0.505190 0.389855 0.511020 0.390730 0.515297 0.387522
0 0.493917 0.367113 0.495470 0.362740 0.497413 0.358365 0.495080 0.353992 0.493527 0.349620 0.491970 0.345245 0.487693 0.341747 0.481863 0.341163 0.476810 0.344080 0.475257 0.348452 0.476033 0.352825 0.477200 0.357200 0.478753 0.361572 0.480697 0.365945 0.484587 0.369445 0.490417 0.370610
0 0.534343 0.353118 0.536677 0.349035 0.539010 0.344955 0.539400 0.340580 0.538233 0.336207 0.535123 0.332418 0.530457 0.329500 0.526180 0.332707 0.523850 0.336790 0.522293 0.341163 0.522293 0.345828 0.522683 0.350202 0.525403 0.354283 0.525793 0.354575 0.530457 0.355158
0 0.366103 0.470753 0.367723 0.467918 0.369073 0.464880 0.370423 0.461845 0.371503 0.458807 0.375553 0.458402 0.379600 0.459415 0.382840 0.461440 0.383920 0.464678 0.384190 0.467715 0.384190 0.471158 0.384190 0.474397 0.384190 0.477840 0.383920 0.480875 0.383380 0.483913 0.380680 0.486545 0.376633 0.486747 0.372853 0.485533 0.369883 0.483103 0.367453 0.480473 0.365833 0.477233 0.365293 0.474195
0 0.507133 0.319298 0.510630 0.315505 0.512573 0.311132 0.514520 0.306760 0.514907 0.302385 0.514130 0.298013 0.511410 0.293930 0.505577 0.292765 0.502080 0.296555 0.499747 0.300638 0.498580 0.305010 0.497803 0.309383 0.497803 0.314048 0.498580 0.318422 0.503633 0.320755
0 0.445320 0.320170 0.448043 0.316090 0.448430 0.311715 0.448043 0.307050 0.444157 0.303260 0.438323 0.302095 0.435213 0.306175 0.435213 0.310840 0.436770 0.315215 0.439100 0.319298
0 0.337083 0.626645 0.331647 0.623508 0.325377 0.622255 0.319520 0.624135 0.322030 0.628840 0.323703 0.633545 0.327883 0.637308 0.333320 0.639818 0.338340 0.636680 0.340010 0.631977
0 0.397733 0.597475 0.392700 0.594028 0.390190 0.589638 0.390190 0.584620 0.390190 0.579602 0.391863 0.574898 0.395207 0.570820 0.401480 0.569880 0.406497 0.573018 0.408170 0.577720 0.408590 0.582425 0.407333 0.587130 0.404833 0.593100
0 0.379737 0.580230 0.381827 0.575525 0.382663 0.570820 0.381410 0.566117 0.377227 0.562352 0.372210 0.559217 0.368027 0.562980 0.365937 0.567685 0.364683 0.572390 0.365520 0.577093 0.368027 0.581485 0.373883 0.583680
0 0.383080 0.555768 0.385173 0.551063 0.386427 0.546360 0.385173 0.541655 0.383080 0.536950 0.380153 0.532560 0.374300 0.530365 0.369283 0.533815 0.367190 0.538518 0.366353 0.543222 0.366773 0.547928 0.368863 0.552630 0.372627 0.556708 0.378900 0.557963
0 0.402443 0.565270 0.402443 0.565270 0.405787 0.561192 0.408297 0.556802 0.408713 0.552098 0.408297 0.547393 0.404113 0.543630 0.397843 0.543003 0.393660 0.547393 0.392407 0.552098 0.391987 0.556802 0.393243 0.561508 0.394917 0.566210
0 0.430750 0.555453 0.434097 0.548240 0.434513 0.543535 0.432423 0.538832 0.429497 0.534443 0.423223 0.535068 0.419043 0.538832 0.415697 0.543222 0.415280 0.547928 0.415697 0.552630 0.417787 0.557335 0.424060 0.557650
0 0.494730 0.542910 0.495983 0.538205 0.498493 0.533815 0.497237 0.529110 0.494730 0.524720 0.492220 0.520327 0.485530 0.519075 0.482183 0.523150 0.482603 0.527855 0.483020 0.532560 0.483440 0.537265 0.484693 0.541967 0.490130 0.544477
0 0.344540 0.561972 0.345600 0.558995 0.345070 0.555820 0.344540 0.552843 0.344277 0.549667 0.343220 0.546690 0.340573 0.544110 0.338457 0.541332 0.336340 0.538753 0.332370 0.538555 0.329987 0.541135 0.328663 0.544310 0.328137 0.547485 0.327870 0.550462 0.328137 0.553835 0.328663 0.556813 0.330253 0.559987 0.332633 0.562567 0.336340 0.563958 0.340307 0.564750
0 0.282633 0.592800 0.290043 0.584755 0.291980 0.579313 0.292947 0.573505 0.291493 0.567700 0.288593 0.562620 0.280850 0.562982 0.276497 0.567700 0.274560 0.573142 0.273110 0.578588 0.273110 0.584393 0.276497 0.589472
0 0.243113 0.594190 0.245047 0.588747 0.247467 0.583303 0.247950 0.577860 0.247950 0.572055 0.242143 0.568425 0.235370 0.570603 0.234887 0.576048 0.234887 0.581852 0.234887 0.587658 0.237307 0.593100
0 0.541967 0.500217 0.541967 0.500015 0.542507 0.496980 0.541697 0.493943 0.540887 0.490702 0.539267 0.487868 0.537107 0.485235 0.533597 0.483413 0.530627 0.485640 0.529547 0.488880 0.527660 0.491715 0.528197 0.494752 0.528737 0.497990 0.529007 0.501027 0.531167 0.503862 0.534947 0.505077 0.538457 0.503458
0 0.447533 0.487605 0.447533 0.484365 0.447263 0.481327 0.446993 0.478087 0.446453 0.475052 0.444833 0.471813 0.442673 0.469180 0.439167 0.467358 0.437277 0.470193 0.435117 0.473027 0.432957 0.475660 0.433227 0.478897 0.434037 0.481935 0.434307 0.485378 0.435117 0.488415 0.438357 0.490440 0.442403 0.491048 0.445913 0.489428
0 0.391330 0.462560 0.391330 0.462358 0.391060 0.459320 0.391060 0.456080 0.392947 0.453245 0.395647 0.450613 0.399157 0.448993 0.402127 0.451220 0.404287 0.454257 0.405907 0.457092 0.406717 0.460130 0.406987 0.463168 0.406717 0.466202 0.406717 0.469442 0.405097 0.472480 0.402397 0.475112 0.398347 0.475517 0.395377 0.473290 0.392677 0.470658 0.391600 0.467418
