0 0.472110 0.490882 0.472110 0.490520 0.474047 0.485077 0.476463 0.479635 0.476950 0.474190 0.475497 0.468747 0.472110 0.463668 0.464853 0.464757 0.462433 0.470200 0.460500 0.475642 0.458563 0.481085 0.460017 0.486528 0.464370 0.491245
0 0.429823 0.495673 0.432243 0.490230 0.429823 0.484788 0.425470 0.480070 0.421600 0.475353 0.411433 0.470625 0.409020 0.476077 0.409503 0.481885 0.411923 0.487327 0.415310 0.492408 0.420633 0.496397
0 0.384533 0.487250 0.379217 0.486528 0.373897 0.482538 0.370023 0.477820 0.367120 0.472378 0.367120 0.466570 0.372433 0.462575 0.378733 0.468385 0.382603 0.473103 0.386957 0.477820 0.386000 0.488350
0 0.514617 0.534888 0.518650 0.532367 0.519657 0.528587 0.519657 0.524558 0.519657 0.520525 0.519320 0.516745 0.515960 0.513720 0.510920 0.512965 0.508570 0.516492 0.505880 0.519768 0.504873 0.523548 0.505547 0.527327 0.506553 0.531107 0.509240 0.534385
0 0.428270 0.515737 0.428607 0.511957 0.428607 0.507925 0.425917 0.504145 0.422557 0.501123 0.419870 0.497845 0.416847 0.494570 0.411807 0.493563 0.408447 0.496585 0.407437 0.500365 0.408447 0.504145 0.410463 0.507672 0.412813 0.511200 0.416173 0.514225 0.420540 0.516240 0.425247 0.517753
0 0.383247 0.515990 0.385263 0.512210 0.385937 0.508430 0.385937 0.504397 0.385937 0.500365 0.385263 0.496585 0.382240 0.493310 0.378543 0.490538 0.374847 0.493310 0.371487 0.496585 0.368463 0.499862 0.367457 0.503642 0.367457 0.507672 0.368127 0.511452 0.369137 0.515232 0.372830 0.518005 0.377870 0.518760
0 0.385933 0.540432 0.389967 0.533375 0.389293 0.534133 0.390303 0.530353 0.389630 0.526572 0.388623 0.522792 0.384927 0.519768 0.379887 0.519518 0.375520 0.521533 0.372497 0.524807 0.370480 0.528338 0.369137 0.532115 0.369473 0.535895 0.370143 0.539675 0.370817 0.543455 0.375857 0.544462 0.380897 0.543455
0 0.425247 0.573947 0.426590 0.570168 0.427260 0.566388 0.426927 0.562607 0.425580 0.558828 0.423567 0.555048 0.421550 0.551520 0.417853 0.548747 0.412813 0.547992 0.409117 0.550763 0.407103 0.554290 0.407773 0.558070 0.409117 0.561850 0.410463 0.565630 0.410797 0.569410 0.414157 0.572688 0.418860 0.574198
0 0.400953 0.568327 0.400953 0.568327 0.403307 0.564800 0.405657 0.561270 0.406330 0.557492 0.406330 0.553460 0.406667 0.549680 0.405320 0.545900 0.403307 0.542120 0.398267 0.541112 0.393897 0.543128 0.392890 0.546907 0.392553 0.550687 0.391883 0.554468 0.391547 0.558247 0.391883 0.562028 0.393897 0.565808
0 0.495130 0.554290 0.496810 0.550513 0.496810 0.546480 0.496810 0.542447 0.495467 0.538415 0.493787 0.534635 0.488747 0.533628 0.484380 0.535645 0.482700 0.539425 0.482027 0.543203 0.481020 0.546982 0.480683 0.550763 0.482027 0.554543 0.484713 0.558070 0.489417 0.559582
0 0.469597 0.557063 0.471610 0.553535 0.472620 0.549755 0.472620 0.545722 0.472283 0.541942 0.469930 0.538415 0.467917 0.534888 0.463883 0.532367 0.458843 0.533628 0.458173 0.537408 0.456827 0.541188 0.456157 0.544967 0.456493 0.548747 0.457837 0.552528 0.459180 0.556307 0.462540 0.559330
0 0.518607 0.600253 0.518607 0.597015 0.518607 0.593168 0.518877 0.589928 0.518607 0.586890 0.517797 0.583852 0.515637 0.581222 0.512127 0.578995 0.508347 0.576970 0.504297 0.576160 0.501597 0.578590 0.500517 0.581628 0.499437 0.584662 0.499167 0.587902 0.499167 0.591143 0.499977 0.594585 0.500787 0.597825 0.503487 0.600253 0.506997 0.602075 0.510777 0.603290 0.514827 0.602480
0 0.493957 0.593187 0.493957 0.593187 0.494767 0.590150 0.495037 0.587112 0.494227 0.584075 0.493147 0.581040 0.491257 0.578205 0.487750 0.576180 0.485050 0.575370 0.481540 0.573547 0.479650 0.576383 0.479650 0.579622 0.479920 0.582862 0.479920 0.586100 0.480460 0.589138 0.481810 0.592175 0.484780 0.594403 0.488560 0.595617
0 0.464073 0.602885 0.466773 0.600455 0.469473 0.598028 0.471363 0.595193 0.472710 0.591750 0.473790 0.588510 0.474330 0.585472 0.474060 0.582232 0.472980 0.579198 0.470283 0.576767 0.465963 0.576160 0.462723 0.578185 0.460023 0.580615 0.457593 0.583245 0.455973 0.586283 0.455163 0.589320 0.454893 0.592357 0.454353 0.595395 0.454083 0.598433 0.455433 0.600650 0.458403 0.602885
0 0.449143 0.591163 0.449413 0.591163 0.452113 0.588732 0.453733 0.585898 0.455083 0.582862 0.455623 0.579825 0.455893 0.576383 0.456163 0.573345 0.455353 0.570307 0.452653 0.567878 0.448603 0.566865 0.444823 0.568485 0.442123 0.570915 0.441313 0.573952 0.440237 0.576990 0.439427 0.580028 0.438887 0.583065 0.438887 0.586303 0.439697 0.589340 0.441853 0.592175 0.445633 0.593592
0 0.423580 0.607340 0.424657 0.604100 0.425197 0.601063 0.425467 0.598028 0.424387 0.594990 0.423310 0.591952 0.421690 0.589117 0.417910 0.587902 0.413590 0.588105 0.411160 0.590737 0.410620 0.593775 0.410080 0.596812 0.410080 0.600050 0.411160 0.603087 0.411970 0.606125 0.414940 0.608352 0.418720 0.609568
0 0.312210 0.347197 0.314153 0.339910 0.311563 0.332625 0.306380 0.326310 0.297313 0.323395 0.292780 0.330195 0.294073 0.337483 0.297960 0.344283 0.304437 0.350598
0 0.403600 0.610175 0.405490 0.607340 0.406840 0.604100 0.407920 0.601063 0.408730 0.598028 0.409270 0.594990 0.409540 0.591952 0.408190 0.588915 0.406030 0.586283 0.401980 0.586688 0.398743 0.588915 0.395773 0.591345 0.393343 0.593977 0.391723 0.596812 0.391453 0.599850 0.391723 0.602885 0.392263 0.605923 0.393343 0.608960 0.395503 0.611592
0 0.382003 0.635282 0.383353 0.632245 0.384433 0.629208 0.385243 0.626170 0.385513 0.623133 0.386053 0.620095 0.385783 0.616857 0.383893 0.614023 0.381733 0.611187 0.378493 0.609163 0.374447 0.610175 0.371477 0.612403 0.369587 0.615440 0.368507 0.618475 0.367427 0.621513 0.366617 0.624550 0.366347 0.627587 0.367157 0.630625 0.368507 0.633663 0.371747 0.635687 0.375793 0.636495
0 0.494680 0.630310 0.494680 0.628390 0.494680 0.626582 0.494680 0.624775 0.494230 0.622740 0.494077 0.620932 0.493777 0.619237 0.493173 0.617317 0.492270 0.615622 0.491367 0.614043 0.490010 0.612572 0.488053 0.611442 0.486093 0.610425 0.484287 0.609298 0.482330 0.610200 0.481577 0.611895 0.480670 0.613478 0.479767 0.615285 0.479013 0.616977 0.478863 0.618900 0.478863 0.620820 0.478863 0.622628 0.479013 0.624548 0.479167 0.626242 0.479767 0.628163 0.480670 0.630085 0.482027 0.631552 0.483833 0.632683 0.485793 0.633813 0.488053 0.634378 0.490463 0.634490 0.492570 0.633585
0 0.475400 0.634715 0.475850 0.633020 0.476153 0.631328 0.476453 0.629520 0.476453 0.627485 0.476453 0.625565 0.476003 0.623870 0.475550 0.622175 0.474797 0.620480 0.473893 0.618788 0.473140 0.617092 0.472537 0.615398 0.470580 0.614043 0.468320 0.614155 0.465910 0.614268 0.463500 0.614380 0.461240 0.614492 0.459130 0.615170 0.457623 0.616865 0.456720 0.618448 0.456270 0.620143 0.455967 0.621950 0.455817 0.623758 0.456270 0.625452 0.457023 0.627260 0.457623 0.628955 0.458077 0.630648 0.458980 0.632342 0.460033 0.634038 0.460787 0.635845 0.462293 0.637200 0.464253 0.638217 0.466360 0.639235 0.468620 0.639800 0.470880 0.639347 0.471333 0.637653 0.473140 0.636410
0 0.383893 0.602075 0.384163 0.599040 0.384163 0.595800 0.384433 0.592763 0.384433 0.589523 0.384433 0.586283 0.382813 0.583448 0.378763 0.582435 0.374717 0.582232 0.371747 0.584662 0.370667 0.587700 0.369317 0.590737 0.368507 0.593977 0.368237 0.597217 0.368237 0.600455 0.369857 0.603290 0.372557 0.605720 0.374987 0.608352 0.379033 0.608758 0.381463 0.606125
0 0.408190 0.643380 0.409000 0.640342 0.409270 0.637305 0.409270 0.634068 0.409270 0.630827 0.409000 0.627790 0.407650 0.624753 0.405490 0.621715 0.401980 0.620095 0.397933 0.619487 0.394693 0.621513 0.393073 0.624347 0.392263 0.627385 0.392263 0.630625 0.391723 0.633663 0.391183 0.636698 0.391453 0.639735 0.393073 0.642773 0.394693 0.645608 0.396853 0.648240 0.400630 0.649860 0.404410 0.648443 0.406030 0.645405
0 0.399537 0.382320 0.401963 0.379688 0.403583 0.376650 0.404663 0.373615 0.405203 0.370375 0.405203 0.366952 0.405203 0.363510 0.404933 0.360473 0.401693 0.358022 0.397647 0.356405 0.393867 0.355210 0.391167 0.357618 0.387927 0.360857 0.386577 0.364705 0.386307 0.367743 0.385767 0.370780 0.386307 0.373837 0.387387 0.376872 0.389547 0.379505 0.391707 0.382137
0 0.358230 0.401777 0.362550 0.400745 0.366330 0.399530 0.370380 0.398538 0.373080 0.396108 0.374700 0.392263 0.371190 0.390622 0.367140 0.389832 0.362820 0.389022 0.358770 0.388598 0.354453 0.389022 0.349863 0.389225 0.345543 0.389832 0.341763 0.391228 0.339063 0.393678 0.336363 0.396108 0.337713 0.399145 0.341763 0.400340 0.345813 0.401353 0.349863 0.401960 0.353913 0.402385
0 0.472047 0.416598 0.472047 0.416395 0.473397 0.413357 0.473937 0.410322 0.473937 0.406880 0.473397 0.403640 0.471507 0.400805 0.470157 0.397767 0.466107 0.396755 0.462597 0.398983 0.460977 0.401817 0.459630 0.405058 0.458820 0.408095 0.458550 0.411133 0.458550 0.414370 0.458550 0.417610 0.461517 0.419837 0.465567 0.420445 0.469617 0.419837
0 0.525877 0.421803 0.525067 0.418765 0.523177 0.415950 0.520477 0.413500 0.517507 0.411293 0.514807 0.408865 0.511030 0.407448 0.506980 0.406415 0.503740 0.405017 0.503740 0.404795 0.499690 0.403985 0.495640 0.404207 0.492400 0.406232 0.491860 0.409247 0.492130 0.412285 0.495640 0.414715 0.499150 0.416558 0.502660 0.418380 0.506440 0.419777 0.510220 0.421013 0.514000 0.422410 0.518047 0.423442 0.522097 0.423625
0 0.447667 0.429985 0.450000 0.427885 0.451867 0.425610 0.453267 0.422985 0.453967 0.420360 0.454433 0.417735 0.454900 0.414935 0.455367 0.412310 0.455133 0.409685 0.453733 0.407235 0.450233 0.407410 0.446737 0.408460 0.444170 0.410385 0.441837 0.412485 0.439970 0.414760 0.438103 0.417035 0.436703 0.419485 0.436003 0.422110 0.435303 0.424910 0.435303 0.427710 0.436003 0.430335 0.438337 0.432435 0.441837 0.432785
0 0.473800 0.445210 0.473567 0.442585 0.472633 0.439785 0.472400 0.436985 0.471467 0.434360 0.470533 0.431735 0.468900 0.429285 0.465867 0.427885 0.462133 0.427710 0.458867 0.428760 0.457700 0.431385 0.457233 0.434360 0.457000 0.436985 0.456067 0.439785 0.455833 0.442410 0.456300 0.445035 0.458400 0.447310 0.460500 0.449585 0.463300 0.451510 0.466333 0.453085 0.469600 0.452035 0.471467 0.449760
0 0.422237 0.450810 0.424103 0.448535 0.426203 0.446085 0.428303 0.443635 0.429003 0.441010 0.429003 0.438210 0.429237 0.435585 0.429237 0.432785 0.425970 0.431560 0.422703 0.432785 0.419437 0.434535 0.417103 0.436635 0.415237 0.439085 0.413837 0.441885 0.412670 0.444685 0.412203 0.447310 0.412203 0.450110 0.413137 0.452735 0.416637 0.453435
0 0.451167 0.473733 0.451867 0.471108 0.453033 0.468307 0.453967 0.465682 0.454200 0.463058 0.453500 0.460257 0.452800 0.457632 0.452100 0.455010 0.450700 0.452560 0.447900 0.450635 0.444403 0.450285 0.441603 0.452035 0.440203 0.454485 0.439270 0.457107 0.439037 0.459732 0.439037 0.462707 0.439270 0.465508 0.439503 0.468133 0.440903 0.470757 0.442770 0.473033 0.445803 0.474432
0 0.405903 0.461658 0.407070 0.459033 0.408703 0.456583 0.409170 0.453960 0.409870 0.451335 0.409637 0.448535 0.408703 0.445910 0.407770 0.443285 0.406370 0.440835 0.403337 0.439435 0.399603 0.439610 0.397737 0.441885 0.395637 0.444160 0.394003 0.446610 0.392837 0.449410 0.392370 0.452210 0.392370 0.455010 0.392370 0.457807 0.394237 0.460083 0.397737 0.461133 0.401003 0.462182
0 0.536190 0.489290 0.536190 0.489115 0.537590 0.486665 0.537357 0.483865 0.536423 0.481240 0.536423 0.477915 0.536423 0.477740 0.533623 0.475990 0.532223 0.473540 0.528723 0.472840 0.526627 0.475115 0.524293 0.477390 0.522660 0.480190 0.522427 0.482990 0.522427 0.485790 0.522193 0.488590 0.522427 0.491390 0.523127 0.494015 0.525460 0.496115 0.528257 0.498040 0.531757 0.497690 0.534090 0.495590 0.535490 0.493140
