0 0.337827 0.429900 0.339560 0.427785 0.341297 0.425507 0.342813 0.422905 0.343683 0.420137 0.343250 0.417535 0.342163 0.414932 0.341080 0.412492 0.340863 0.410052 0.340210 0.407612 0.339343 0.405170 0.337827 0.402892 0.334573 0.402243 0.331100 0.401592 0.328497 0.403382 0.326763 0.405822 0.325897 0.408425 0.325680 0.411027 0.325243 0.413630 0.324810 0.416070 0.324377 0.418513 0.323727 0.421115 0.324377 0.423717 0.328497 0.427623 0.330233 0.429900 0.333053 0.431527
0 0.490933 0.307075 0.494443 0.304645 0.497413 0.302418 0.499843 0.299582 0.501463 0.296747 0.502813 0.293507 0.503623 0.290473 0.501733 0.287435 0.497683 0.287840 0.493363 0.288853 0.489313 0.289663 0.485803 0.291282 0.483107 0.293710 0.480407 0.296747 0.478247 0.299380 0.477167 0.302620 0.477167 0.305860 0.479867 0.308290 0.483917 0.309100
0 0.497413 0.338255 0.498493 0.335217 0.498493 0.331978 0.497683 0.328538 0.497953 0.324892 0.496063 0.322057 0.493363 0.319425 0.489853 0.317805 0.485803 0.318817 0.483647 0.321450 0.482837 0.324487 0.482837 0.327728 0.482567 0.330763 0.481757 0.333800 0.481487 0.336837 0.482837 0.339875 0.484453 0.342710 0.484993 0.345747 0.487153 0.348378 0.490933 0.347163 0.494443 0.345342 0.496603 0.342710
0 0.513610 0.364173 0.515500 0.361337 0.516850 0.358300 0.518200 0.355262 0.518740 0.352225 0.518740 0.348783 0.518740 0.345545 0.517930 0.342305 0.515230 0.339875 0.511180 0.340888 0.508210 0.343115 0.505783 0.345950 0.503353 0.348580 0.502273 0.351820 0.502003 0.354857 0.501733 0.357895 0.500653 0.360932 0.500923 0.364173 0.503353 0.366803 0.507403 0.367410 0.511180 0.366195
0 0.537420 0.375125 0.537690 0.375327 0.539040 0.372290 0.540120 0.369252 0.540120 0.366015 0.539850 0.362978 0.539310 0.359940 0.537960 0.356902 0.537420 0.353865 0.534723 0.351435 0.530673 0.351233 0.527703 0.353460 0.525543 0.356295 0.524733 0.359332 0.523923 0.362775 0.524463 0.365812 0.524463 0.369050 0.524733 0.372087 0.526083 0.375125 0.528783 0.377555 0.532833 0.378568
0 0.544893 0.403700 0.546527 0.401075 0.548160 0.398625 0.548627 0.396000 0.548627 0.393203 0.548160 0.390577 0.547460 0.387952 0.545593 0.385678 0.543493 0.383402 0.541627 0.381128 0.538593 0.379727 0.534860 0.378503 0.531827 0.380252 0.531360 0.382877 0.530427 0.385678 0.529493 0.388302 0.529260 0.391103 0.529260 0.393902 0.530193 0.396700 0.531127 0.399500 0.532993 0.401775 0.535793 0.403525 0.539060 0.404925 0.542560 0.405450
0 0.493727 0.406867 0.493727 0.406867 0.493493 0.404243 0.493727 0.401618 0.495127 0.399168 0.496293 0.396367 0.496760 0.393745 0.497227 0.391120 0.496993 0.388495 0.496293 0.385870 0.494427 0.383595 0.492560 0.381320 0.489760 0.379570 0.486027 0.379570 0.484393 0.382020 0.482527 0.384295 0.480893 0.386745 0.480193 0.389370 0.479960 0.391995 0.479960 0.394795 0.480427 0.397418 0.481593 0.400043 0.483227 0.402493 0.483927 0.405118 0.484860 0.407743 0.487893 0.409492 0.491393 0.409842
0 0.476763 0.415775 0.477230 0.412975 0.476763 0.410350 0.475830 0.407725 0.475130 0.405100 0.473963 0.402475 0.471863 0.400200 0.469063 0.398450 0.466030 0.397050 0.462530 0.396525 0.460197 0.398625 0.459263 0.401250 0.458563 0.403875 0.458797 0.406500 0.460197 0.408950 0.461363 0.411575 0.462530 0.414200 0.463230 0.416825 0.465797 0.418750 0.469063 0.419975 0.472563 0.420500 0.476063 0.419625
0 0.425417 0.372975 0.427527 0.371733 0.429333 0.370490 0.431140 0.369248 0.432950 0.367890 0.434003 0.366310 0.435963 0.363260 0.435963 0.363260 0.437317 0.361790 0.438523 0.360322 0.439127 0.358627 0.439277 0.356932 0.438973 0.355237 0.437770 0.353658 0.435810 0.352640 0.433703 0.351735 0.431293 0.351170 0.428883 0.351285 0.427227 0.352527 0.425417 0.353658 0.423460 0.354673 0.421650 0.355915 0.419993 0.357158 0.418490 0.358515 0.417133 0.359983 0.415777 0.361453 0.414573 0.362920 0.413517 0.364503 0.412313 0.365970 0.411257 0.367553 0.410957 0.369248 0.411257 0.370943 0.411257 0.372750 0.412463 0.374330 0.414873 0.374557 0.417133 0.374783 0.419393 0.374895 0.421803 0.374783
0 0.408607 0.364638 0.408757 0.363960 0.408907 0.362265 0.408757 0.360570 0.408607 0.358762 0.408607 0.356955 0.408457 0.355260 0.408153 0.353453 0.407553 0.351758 0.406347 0.350178 0.404840 0.348820 0.403333 0.347353 0.401677 0.346110 0.400170 0.344755 0.398663 0.343397 0.396557 0.342382 0.394297 0.341817 0.392037 0.341702 0.390230 0.342832 0.390080 0.344640 0.389627 0.346335 0.388723 0.348142 0.388573 0.349725 0.389477 0.352098 0.389777 0.353905 0.390983 0.355712 0.392490 0.357180 0.393543 0.358762 0.394597 0.360345 0.395803 0.361925 0.397007 0.363395 0.398363 0.364863 0.400020 0.366105 0.402280 0.366557 0.404690 0.366557
0 0.288803 0.418513 0.291407 0.416885 0.293357 0.414608 0.295743 0.412818 0.297263 0.410378 0.297480 0.407612 0.297480 0.405008 0.297480 0.402405 0.297480 0.399640 0.297480 0.396875 0.297480 0.394272 0.294660 0.392645 0.291407 0.392483 0.288153 0.392808 0.285550 0.394598 0.284247 0.396875 0.283380 0.399478 0.282513 0.401918 0.281643 0.404358 0.281210 0.407122 0.281210 0.409728 0.281427 0.412168 0.282730 0.414608 0.284030 0.416885
0 0.276223 0.399315 0.279043 0.397850 0.282080 0.396550 0.285117 0.395572 0.287283 0.393620 0.289020 0.391342 0.290757 0.389228 0.291407 0.387275 0.292273 0.384835 0.293577 0.382557 0.293357 0.380117 0.290103 0.379305 0.286633 0.380280 0.283380 0.381257 0.280343 0.382233 0.278390 0.384510 0.276873 0.386788 0.275353 0.389065 0.273837 0.391342 0.272533 0.393620 0.272317 0.396060 0.272967 0.398500
0 0.451237 0.469708 0.453103 0.467257 0.454037 0.464283 0.454503 0.461658 0.454270 0.458858 0.453803 0.456233 0.452870 0.453610 0.451703 0.450985 0.449603 0.448710 0.446573 0.447135 0.443073 0.446610 0.439573 0.446785 0.437707 0.449060 0.437240 0.451685 0.437007 0.454485 0.436540 0.457457 0.436073 0.460257 0.435840 0.463232 0.436540 0.465858 0.439340 0.467783 0.441673 0.470232 0.444240 0.472158 0.447737 0.472683
0 0.433530 0.488240 0.433530 0.487715 0.434230 0.484915 0.434697 0.482290 0.435163 0.479490 0.435163 0.476515 0.434463 0.473890 0.433063 0.471440 0.430963 0.469165 0.427697 0.467940 0.423963 0.467940 0.420930 0.469865 0.420463 0.472665 0.420463 0.475465 0.420697 0.478440 0.420697 0.481415 0.420697 0.484215 0.422097 0.486665 0.424663 0.488590 0.426530 0.490865 0.430030 0.491740
0 0.472237 0.501557 0.474103 0.499108 0.476203 0.496832 0.477603 0.494207 0.478303 0.491582 0.478770 0.488608 0.479003 0.485983 0.479003 0.483183 0.476437 0.481258 0.472937 0.481957 0.469903 0.483533 0.466637 0.484932 0.465003 0.487382 0.463603 0.489833 0.462437 0.492457 0.461270 0.495082 0.459870 0.497533 0.459637 0.500158 0.460570 0.502783 0.463837 0.503833 0.467337 0.504007
0 0.493937 0.513633 0.495103 0.511007 0.496737 0.508557 0.498603 0.506283 0.500237 0.503833 0.500470 0.501208 0.500237 0.498582 0.499770 0.495957 0.498603 0.493333 0.494870 0.493333 0.492070 0.495082 0.489737 0.497533 0.487403 0.499808 0.485537 0.502082 0.483437 0.504358 0.481803 0.509783 0.482737 0.512408 0.485303 0.514508 0.488570 0.515558
0 0.547207 0.554948 0.547533 0.551425 0.547533 0.547650 0.548200 0.543850 0.546867 0.539825 0.546200 0.536550 0.541833 0.534030 0.537127 0.532268 0.533097 0.535040 0.531753 0.538820 0.531080 0.542600 0.530743 0.546378 0.530743 0.550410 0.532767 0.553675 0.535800 0.557225 0.539143 0.558725
0 0.548217 0.599548 0.552920 0.597533 0.557623 0.595768 0.561990 0.593753 0.565350 0.590727 0.567703 0.587200 0.565687 0.583420 0.560647 0.582665 0.558297 0.582665 0.557960 0.582665 0.552920 0.584178 0.548217 0.585690 0.543847 0.587705 0.540823 0.590980 0.538807 0.594508 0.539143 0.598287
0 0.584167 0.605595 0.585847 0.601815 0.586517 0.598037 0.586517 0.594005 0.585510 0.590225 0.584503 0.586445 0.580133 0.584430 0.575093 0.584932 0.573080 0.588460 0.571733 0.592240 0.570727 0.596272 0.570390 0.600052 0.570390 0.604085 0.575430 0.608620 0.580470 0.609375
0 0.495130 0.578380 0.497147 0.574852 0.497483 0.571072 0.497483 0.566790 0.497147 0.563010 0.495803 0.559230 0.494123 0.555450 0.489753 0.553183 0.486060 0.555955 0.484043 0.559482 0.481690 0.563010 0.481353 0.566790 0.482027 0.570570 0.483707 0.574350 0.485050 0.578130 0.489417 0.580650
0 0.472620 0.565277 0.474633 0.561497 0.476650 0.557970 0.477660 0.553937 0.477660 0.549907 0.476987 0.546128 0.474300 0.542600 0.471610 0.539323 0.466570 0.538062 0.462877 0.540835 0.460187 0.544362 0.459180 0.548143 0.459180 0.552678 0.459180 0.556710 0.460187 0.560490 0.463547 0.563765 0.466907 0.566790
0 0.478330 0.590477 0.478330 0.586445 0.477323 0.582665 0.474970 0.579138 0.472620 0.575610 0.469597 0.572333 0.465227 0.570318 0.460523 0.568805 0.455483 0.570065 0.453133 0.573592 0.453803 0.577372 0.455820 0.580900 0.457500 0.584680 0.459180 0.588460 0.463210 0.591232 0.467917 0.593247 0.472620 0.594760
0 0.430287 0.586193 0.430957 0.582412 0.432300 0.578380 0.432973 0.574603 0.432637 0.570570 0.429950 0.567043 0.425247 0.565530 0.420207 0.566538 0.417853 0.570065 0.415837 0.573592 0.415837 0.577625 0.417180 0.581405 0.417517 0.585185 0.418860 0.588965 0.423567 0.590477
0 0.429950 0.560237 0.431293 0.556205 0.432300 0.552427 0.432637 0.548648 0.432300 0.544867 0.429950 0.541340 0.426253 0.538315 0.421213 0.537810 0.416847 0.540080 0.414830 0.543607 0.413487 0.547388 0.412477 0.551168 0.413487 0.554948 0.415503 0.558725 0.419197 0.561750 0.424237 0.563262
0 0.442287 0.531273 0.445527 0.529247 0.449037 0.527222 0.452817 0.526008 0.456053 0.523982 0.458483 0.521350 0.460103 0.518515 0.461183 0.515477 0.458213 0.513050 0.453897 0.513050 0.449577 0.513050 0.445527 0.513860 0.442557 0.516085 0.439047 0.517705 0.435267 0.519325 0.432027 0.521552 0.429600 0.524185 0.427980 0.527020 0.427170 0.530057 0.428250 0.533092 0.432567 0.534105 0.437157 0.534105
0 0.431353 0.620440 0.432703 0.617403 0.433243 0.614163 0.433513 0.611128 0.433243 0.607888 0.432973 0.604850 0.431623 0.601812 0.429193 0.599180 0.425683 0.597155 0.421363 0.596345 0.417857 0.598370 0.415427 0.601003 0.414617 0.604242 0.414077 0.607280 0.413807 0.610317 0.414347 0.613352 0.417047 0.615985 0.419743 0.618415 0.423793 0.620237 0.427303 0.622060 0.431353 0.622465
0 0.405167 0.632992 0.408137 0.630565 0.410297 0.627730 0.412727 0.624287 0.414077 0.620845 0.414887 0.617807 0.414887 0.614163 0.414887 0.610925 0.412457 0.608293 0.408407 0.606875 0.404357 0.607888 0.401927 0.610520 0.399497 0.613150 0.397607 0.616187 0.395987 0.619023 0.394370 0.621857 0.393830 0.624895 0.393290 0.628135 0.395177 0.630968 0.398147 0.633398
0 0.387350 0.647370 0.388160 0.644332 0.388970 0.639878 0.387080 0.637043 0.385460 0.634005 0.382490 0.631575 0.378170 0.630968 0.375470 0.633398 0.373310 0.636232 0.371960 0.639270 0.370343 0.642308 0.370073 0.645345 0.372230 0.651215 0.374390 0.653847 0.377630 0.656075 0.381680 0.656278 0.385460 0.654860 0.387890 0.652227
