0 0.426737 0.530725 0.428897 0.528092 0.430787 0.525055 0.431597 0.522018 0.431597 0.518780 0.431327 0.515742 0.430517 0.512503 0.429437 0.509465 0.426197 0.507238 0.422147 0.506225 0.418097 0.506833 0.414860 0.508857 0.412700 0.511490 0.411080 0.514325 0.410810 0.517362 0.410810 0.520803 0.411080 0.524042 0.412160 0.527080 0.413780 0.529915 0.415940 0.532548 0.419447 0.534168 0.423497 0.533155
0 0.466150 0.532143 0.468580 0.529510 0.470470 0.526675 0.472630 0.523840 0.474250 0.521005 0.475060 0.517970 0.474250 0.514933 0.472090 0.512300 0.468310 0.510680 0.465070 0.512705 0.461833 0.514933 0.459133 0.517768 0.457243 0.520803 0.455623 0.524042 0.454543 0.527080 0.454543 0.530523 0.455623 0.533560 0.458323 0.535990 0.462373 0.535180
0 0.453193 0.551378 0.453193 0.548138 0.452923 0.545100 0.451573 0.542063 0.450223 0.539025 0.448063 0.536192 0.444283 0.534370 0.440507 0.532952 0.436457 0.533357 0.434567 0.536192 0.432407 0.538822 0.432137 0.541860 0.432407 0.544898 0.434297 0.547935 0.435917 0.550770 0.437537 0.553808 0.440507 0.556237 0.444553 0.557045 0.448873 0.556843 0.451843 0.554617
0 0.453200 0.494627 0.452733 0.490953 0.452733 0.488152 0.450633 0.485878 0.449000 0.483428 0.446900 0.481152 0.445267 0.478702 0.442233 0.477127 0.438733 0.476428 0.435233 0.476777 0.432900 0.478878 0.432200 0.481502 0.433133 0.484303 0.434067 0.486928 0.434533 0.489553 0.436400 0.492003 0.438267 0.494277 0.441300 0.496027 0.444333 0.497603 0.447600 0.498652 0.451100 0.498302
0 0.500097 0.507053 0.500330 0.504252 0.500797 0.501628 0.501730 0.499003 0.502430 0.496377 0.502197 0.493752 0.501497 0.491127 0.500797 0.488327 0.498930 0.486052 0.496367 0.484127 0.493100 0.482902 0.489600 0.482202 0.487033 0.484127 0.486100 0.486928 0.485400 0.489553 0.484933 0.492177 0.484700 0.494978 0.484700 0.497952 0.485867 0.500578 0.487267 0.503027 0.489367 0.505302 0.492167 0.507053 0.494967 0.508803
0 0.529263 0.526125 0.533230 0.525775 0.536497 0.524725 0.539763 0.523500 0.540697 0.520878 0.539530 0.518253 0.536730 0.516503 0.534163 0.514578 0.530663 0.512653 0.527397 0.511252 0.523897 0.510203 0.520397 0.509678 0.516897 0.509502 0.513397 0.509853 0.510130 0.511077 0.509197 0.513702 0.509897 0.516327 0.511997 0.518602 0.515030 0.520352 0.518530 0.521402 0.521563 0.522975 0.524830 0.524200
0 0.492700 0.465433 0.494260 0.461685 0.494887 0.458170 0.494887 0.454423 0.494573 0.450908 0.491450 0.447862 0.486763 0.447160 0.482080 0.448332 0.479893 0.451613 0.478957 0.455125 0.477707 0.458640 0.477080 0.462152 0.477080 0.465902 0.479580 0.469183 0.482080 0.472228 0.486763 0.471757
0 0.425230 0.445990 0.423670 0.442475 0.423670 0.438728 0.423980 0.435213 0.422107 0.431932 0.417423 0.431230 0.412737 0.432635 0.410550 0.435915 0.409613 0.439430 0.409613 0.443178 0.409613 0.446925 0.410237 0.450440 0.413673 0.453253 0.415860 0.456530 0.420547 0.457235 0.423357 0.454188 0.424607 0.450675
0 0.506647 0.565955 0.509077 0.563322 0.510697 0.560285 0.511507 0.557247 0.512857 0.554212 0.514203 0.551175 0.515553 0.548138 0.515823 0.545100 0.515283 0.542063 0.513123 0.539430 0.509347 0.540847 0.506107 0.542872 0.502867 0.544898 0.499357 0.546922 0.498007 0.550365 0.497197 0.553403 0.496387 0.556440 0.496117 0.559475 0.495847 0.562513 0.497197 0.565550
0 0.495307 0.570815 0.494767 0.567778 0.493417 0.564740 0.491797 0.561905 0.489637 0.559273 0.486940 0.556843 0.483160 0.555427 0.479110 0.554415 0.475600 0.556237 0.473440 0.558867 0.473440 0.562107 0.474520 0.565145 0.475870 0.568183 0.477490 0.571220 0.480190 0.573852 0.483970 0.575268 0.487480 0.577090 0.491257 0.578305 0.495037 0.576887 0.495577 0.573852
0 0.452810 0.451587 0.452810 0.451587 0.453123 0.448075 0.452810 0.444560 0.452187 0.440812 0.450937 0.437298 0.449063 0.434018 0.445627 0.431440 0.441567 0.429567 0.438130 0.432145 0.435943 0.435422 0.435007 0.438937 0.434693 0.442452 0.434383 0.445965 0.435320 0.449480 0.436257 0.452993 0.438757 0.456040 0.443130 0.457913 0.447813 0.457445
0 0.456623 0.675805 0.456623 0.671822 0.456623 0.668072 0.455060 0.664325 0.453810 0.660813 0.451937 0.657533 0.449437 0.654485 0.445377 0.652612 0.440693 0.651910 0.437570 0.654720 0.436943 0.658235 0.437257 0.661747 0.437570 0.665497 0.437880 0.669010 0.438193 0.672525 0.440067 0.675805 0.442567 0.678850 0.445067 0.682130 0.449750 0.683068 0.453500 0.680725
0 0.398200 0.663625 0.406333 0.659640 0.407893 0.656125 0.409143 0.652612 0.410393 0.649097 0.411330 0.645350 0.407893 0.639962 0.408207 0.639728 0.404460 0.637385 0.400087 0.639260 0.397587 0.642537 0.396027 0.646053 0.394777 0.649567 0.393840 0.653080 0.393527 0.656595 0.393213 0.660107
0 0.371600 0.629630 0.371600 0.629630 0.376283 0.628460 0.380347 0.626117 0.384407 0.624008 0.387840 0.621430 0.390027 0.618152 0.390340 0.614638 0.388467 0.611357 0.383780 0.611122 0.379097 0.611357 0.375037 0.613232 0.371287 0.615575 0.367850 0.618385 0.366290 0.621900 0.364727 0.625648 0.365663 0.629163
0 0.427200 0.624710 0.427200 0.624710 0.430633 0.622135 0.433133 0.619088 0.435320 0.615575 0.437507 0.612295 0.439380 0.608548 0.439693 0.605032 0.439067 0.601518 0.434383 0.600347 0.429697 0.601518 0.425323 0.603158 0.421577 0.605500 0.420013 0.608780 0.418453 0.612295 0.415953 0.615340 0.414080 0.618620 0.413453 0.622135 0.416890 0.624710
0 0.475987 0.611615 0.477237 0.608102 0.478173 0.604587 0.477863 0.601073 0.475363 0.598028 0.472553 0.594747 0.470053 0.591703 0.466930 0.588893 0.462243 0.588422 0.458497 0.591235 0.457560 0.594747 0.458497 0.598263 0.459120 0.601775 0.460057 0.605290 0.462557 0.608570 0.465993 0.611148 0.470053 0.613255
0 0.555013 0.661982 0.559700 0.661515 0.564697 0.660342 0.567197 0.657297 0.565633 0.653783 0.561573 0.651675 0.557200 0.650270 0.552827 0.648395 0.548767 0.646520 0.544083 0.645350 0.539397 0.645585 0.536897 0.648630 0.536587 0.652143 0.539710 0.654955 0.544083 0.656830 0.548143 0.658937
0 0.423100 0.587530 0.425900 0.585780 0.427767 0.583505 0.429633 0.581055 0.431267 0.578430 0.432200 0.575808 0.432667 0.573183 0.432667 0.570383 0.432667 0.567582 0.431500 0.564958 0.428700 0.563033 0.425433 0.561982 0.421933 0.562157 0.419600 0.564433 0.417733 0.566708 0.416100 0.569157 0.414700 0.571607 0.413767 0.574408 0.413533 0.577380 0.413533 0.580355 0.413767 0.583155 0.415167 0.585605 0.417967 0.587355
0 0.439200 0.589105 0.442000 0.587355 0.444800 0.585605 0.447363 0.583505 0.448997 0.581055 0.449930 0.578430 0.450863 0.575808 0.451797 0.573008 0.452030 0.570383 0.451330 0.567758 0.449697 0.565307 0.445967 0.564958 0.442467 0.566007 0.440600 0.568283 0.438500 0.570558 0.436867 0.573008 0.435467 0.575457 0.434067 0.578080 0.433133 0.580705 0.432433 0.583505 0.433133 0.586130 0.435000 0.588405
0 0.475363 0.586130 0.476763 0.583680 0.476997 0.581055 0.476530 0.578430 0.475363 0.575808 0.473963 0.573357 0.472097 0.571082 0.469297 0.569157 0.466497 0.567232 0.463697 0.565482 0.460197 0.565658 0.458330 0.567932 0.457397 0.570558 0.456697 0.573357 0.456463 0.575982 0.457397 0.578605 0.459263 0.581055 0.461830 0.583155 0.463930 0.585430 0.466263 0.587530 0.469297 0.588930 0.472797 0.588755
0 0.497763 0.601005 0.498697 0.598380 0.499397 0.595580 0.499397 0.592255 0.499397 0.589455 0.499397 0.586655 0.498697 0.584030 0.496363 0.581930 0.493330 0.580180 0.489830 0.579480 0.486797 0.580880 0.485163 0.583330 0.483997 0.585955 0.482830 0.588580 0.482363 0.591730 0.482130 0.594530 0.483067 0.597325 0.483533 0.600125 0.484233 0.602925 0.486330 0.604680 0.489597 0.605730 0.493097 0.605380 0.496130 0.603980
0 0.351827 0.444817 0.353077 0.441302 0.354637 0.437790 0.354637 0.434042 0.354950 0.430527 0.354327 0.427012 0.352763 0.423500 0.350890 0.420220 0.346517 0.418815 0.342143 0.420455 0.339020 0.423265 0.337460 0.426780 0.336523 0.430293 0.336523 0.434275 0.336833 0.437790 0.339020 0.441070 0.342143 0.443880 0.346517 0.445755
0 0.404083 0.434720 0.404083 0.434252 0.403773 0.430737 0.401273 0.427457 0.399710 0.423945 0.396587 0.421133 0.392527 0.419260 0.389717 0.422305 0.388153 0.425818 0.387530 0.429333 0.389403 0.432613 0.391277 0.435892 0.392527 0.439405 0.396277 0.441750 0.400960 0.442452
0 0.414933 0.430300 0.419607 0.426077 0.422733 0.423265 0.425230 0.419985 0.427417 0.416705 0.428353 0.413193 0.427433 0.408275 0.421793 0.408272 0.417110 0.409442 0.413673 0.412490 0.412113 0.416002 0.410863 0.419750 0.410237 0.423265 0.410863 0.426780
0 0.420907 0.403965 0.424407 0.400175 0.426740 0.395803 0.427517 0.391427 0.428293 0.387055 0.423630 0.384140 0.417797 0.385305 0.413133 0.388512 0.410023 0.392595 0.406523 0.401050 0.408080 0.405423 0.413910 0.406882
0 0.430663 0.379257 0.430663 0.378837 0.427307 0.370020 0.426187 0.369183 0.422267 0.363303 0.414990 0.359525 0.406593 0.359105 0.405473 0.365402 0.407153 0.371700 0.412190 0.377158 0.419467 0.380518 0.427863 0.381777
0 0.471640 0.397730 0.473320 0.391433 0.471640 0.385135 0.468283 0.379257 0.460447 0.376740 0.454287 0.381358 0.453727 0.388075 0.453727 0.390175 0.454287 0.396892 0.461007 0.401510 0.469403 0.403190
0 0.401667 0.336852 0.404467 0.330555 0.403347 0.323838 0.401667 0.317540 0.397187 0.311663 0.388790 0.309563 0.386553 0.315860 0.385993 0.322158 0.385433 0.328455 0.388230 0.334755 0.396070 0.337693
