0 0.537450 0.276493 0.539393 0.272118 0.540947 0.267745 0.538617 0.263373 0.536670 0.258997 0.533560 0.255208 0.528507 0.252585 0.522677 0.253460 0.521510 0.258125 0.521510 0.262788 0.520733 0.267452 0.521510 0.272118 0.523843 0.276200 0.527730 0.279700
0 0.360593 0.555195 0.362043 0.554015 0.363133 0.552835 0.364223 0.551655 0.365190 0.550385 0.365917 0.548843 0.366280 0.547480 0.366403 0.546027 0.366763 0.544665 0.367007 0.543305 0.367127 0.541942 0.367127 0.540490 0.367127 0.538857 0.367250 0.537405 0.367250 0.535952 0.367127 0.534590 0.366887 0.533227 0.366160 0.531775 0.364950 0.530595 0.363617 0.529597 0.362287 0.528145 0.360470 0.527783 0.358657 0.527690 0.356840 0.528055 0.355147 0.528597 0.353800 0.529600 0.352967 0.530875 0.352133 0.531950 0.351267 0.533400 0.350667 0.534500 0.350063 0.535952 0.349940 0.537312 0.349820 0.538675 0.349457 0.540038 0.349093 0.541487 0.348853 0.542850 0.348853 0.544303 0.349337 0.545665 0.349820 0.546753 0.350063 0.548115 0.350667 0.549477 0.351393 0.550747 0.352363 0.552018 0.353210 0.553290 0.354177 0.554560 0.355147 0.555740 0.356960 0.556195 0.359623 0.555378
0 0.401610 0.540038 0.401490 0.539038 0.402457 0.537768 0.403427 0.536587 0.404153 0.535315 0.404757 0.533955 0.405363 0.532593 0.405847 0.531140 0.406090 0.529687 0.406090 0.528145 0.406090 0.526693 0.406090 0.525240 0.406090 0.523788 0.406090 0.522335 0.404153 0.519250 0.404393 0.519340 0.403063 0.518340 0.401490 0.517525 0.399793 0.516890 0.397980 0.516253 0.396163 0.516073 0.394710 0.516980 0.393380 0.517977 0.392413 0.519158 0.391927 0.520520 0.391563 0.521883 0.391443 0.523242 0.391323 0.524695 0.391323 0.526147 0.391200 0.527510 0.391080 0.528870 0.390717 0.530415 0.390597 0.532048 0.390717 0.533500 0.391323 0.534862 0.392170 0.536225 0.393017 0.537495 0.393743 0.538765 0.394347 0.540128 0.395317 0.541398 0.397133 0.541670
0 0.432473 0.536315 0.431990 0.534952 0.431020 0.533500 0.430173 0.532230 0.429207 0.531050 0.428237 0.529780 0.427390 0.528508 0.426423 0.527327 0.425333 0.526057 0.424123 0.524967 0.422550 0.524060 0.420853 0.523335 0.419040 0.522970 0.417103 0.522425 0.415287 0.522062 0.413470 0.522245 0.411897 0.523153 0.411173 0.524423 0.410323 0.525695 0.410323 0.527147 0.410323 0.528597 0.410323 0.530143 0.410687 0.531503 0.411413 0.532775 0.412383 0.534045 0.413350 0.535408 0.414320 0.536587 0.415407 0.537768 0.416620 0.538948 0.417830 0.540038 0.419160 0.541035 0.420853 0.541852 0.422550 0.542487 0.424363 0.542940 0.426300 0.542940 0.427997 0.542398 0.429690 0.541670 0.431020 0.540580 0.431870 0.539310 0.432353 0.537948
0 0.430160 0.512537 0.430510 0.510578 0.430683 0.508618 0.430683 0.506525 0.430333 0.504565 0.429813 0.502603 0.428593 0.500642 0.427547 0.498812 0.426500 0.496982 0.424583 0.495545 0.421793 0.496067 0.419353 0.497375 0.417263 0.498812 0.416390 0.500772 0.415870 0.502865 0.415693 0.505217 0.415520 0.507310 0.415347 0.509400 0.415347 0.511493 0.415693 0.513585 0.416043 0.515545 0.416567 0.516590 0.418657 0.517898 0.420400 0.519465 0.422840 0.520380 0.425453 0.520513 0.427893 0.519728 0.429463 0.518028 0.430510 0.516068
0 0.473767 0.526215 0.474170 0.523643 0.474370 0.521222 0.474370 0.518653 0.474370 0.516232 0.474370 0.513813 0.473767 0.511543 0.472960 0.509275 0.471750 0.507158 0.469733 0.505343 0.467110 0.503980 0.464287 0.502923 0.461867 0.504435 0.460257 0.506552 0.459247 0.507912 0.458037 0.510182 0.457633 0.512450 0.458240 0.514720 0.459047 0.516987 0.459650 0.519258 0.460257 0.521525 0.461060 0.523795 0.462473 0.525913 0.464287 0.527877 0.467110 0.528785 0.472153 0.527575
0 0.489697 0.520315 0.490707 0.516685 0.490503 0.514417 0.490907 0.512148 0.491110 0.509880 0.490907 0.507308 0.490707 0.505040 0.489293 0.502923 0.488287 0.500655 0.485260 0.500352 0.482640 0.501713 0.481027 0.503678 0.480017 0.506097 0.479010 0.507460 0.479010 0.509880 0.479010 0.512300 0.479010 0.514720 0.479210 0.517290 0.479817 0.519560 0.482237 0.521072 0.485260 0.521827
0 0.516113 0.526062 0.517727 0.523795 0.517930 0.523643 0.517930 0.521222 0.518533 0.518955 0.519140 0.516685 0.519543 0.514265 0.519743 0.511997 0.519340 0.509578 0.518333 0.507308 0.517727 0.505040 0.517123 0.502772 0.515710 0.500655 0.512687 0.500957 0.509863 0.501865 0.507643 0.503528 0.505830 0.505493 0.504620 0.507763 0.503610 0.510332 0.502400 0.512753 0.501997 0.515023 0.501797 0.517290 0.501997 0.519560 0.502200 0.521980 0.502803 0.524247 0.504820 0.526215 0.506837 0.528180 0.509863 0.528635 0.512887 0.528180
0 0.472727 0.434692 0.472727 0.434518 0.473893 0.431892 0.474360 0.429267 0.474593 0.426467 0.474593 0.423668 0.474593 0.420868 0.473427 0.418243 0.471793 0.415793 0.469693 0.413517 0.466193 0.412642 0.462693 0.413693 0.459427 0.415092 0.457093 0.417368 0.455927 0.419992 0.454993 0.422793 0.454760 0.425418 0.454993 0.428042 0.455227 0.430668 0.455927 0.433467 0.457793 0.436092 0.460127 0.438368 0.462460 0.440642 0.465960 0.441342 0.468760 0.439592 0.471093 0.437493
0 0.491277 0.419450 0.492677 0.417000 0.493377 0.414200 0.493843 0.411575 0.494077 0.408600 0.494077 0.405800 0.493610 0.403175 0.491743 0.400725 0.490343 0.397925 0.488710 0.395475 0.485210 0.394777 0.481943 0.395825 0.479843 0.398100 0.477977 0.400375 0.476577 0.403000 0.476343 0.405800 0.476110 0.408425 0.477043 0.411225 0.478210 0.413850 0.479610 0.416475 0.481710 0.418750 0.484277 0.420675 0.487777 0.421375
0 0.354740 0.397197 0.357850 0.393408 0.360570 0.389325 0.361347 0.384952 0.359793 0.380578 0.358237 0.376205 0.354740 0.372415 0.348520 0.372415 0.344630 0.375913 0.343853 0.380288 0.345410 0.384660 0.345797 0.389033 0.347353 0.393408
0 0.429340 0.398975 0.429340 0.398685 0.428560 0.394310 0.425450 0.390520 0.421563 0.387022 0.416510 0.384398 0.410680 0.384690 0.408737 0.389062 0.410290 0.393435 0.411847 0.398100 0.414957 0.401890 0.417287 0.405973 0.423120 0.406555 0.428950 0.405390
0 0.476803 0.385827 0.481860 0.383495 0.487300 0.381745 0.492743 0.379995 0.495853 0.376205 0.494687 0.371832 0.489633 0.369500 0.483413 0.368915 0.477970 0.370665 0.472530 0.372997 0.467473 0.375623 0.463587 0.379120 0.462033 0.383495 0.467087 0.385827
0 0.402517 0.330750 0.403293 0.330168 0.403683 0.325795 0.403683 0.321420 0.401737 0.316755 0.397073 0.313840 0.393573 0.310050 0.388133 0.308010 0.384633 0.311800 0.382690 0.316173 0.383857 0.320548 0.385410 0.324920 0.387743 0.329002 0.392407 0.331918 0.397850 0.333668
0 0.446867 0.489702 0.448003 0.487880 0.448813 0.485935 0.449460 0.483992 0.450270 0.481925 0.450920 0.480103 0.450920 0.478158 0.450920 0.476215 0.450920 0.474270 0.450757 0.472447 0.449783 0.470625 0.448487 0.468923 0.447840 0.467100 0.445247 0.467100 0.442980 0.467830 0.441197 0.469288 0.439577 0.470988 0.438280 0.472690 0.437470 0.474513 0.436497 0.476215 0.435527 0.477915 0.434877 0.479860 0.434717 0.481683 0.434717 0.483870 0.434717 0.485935 0.434717 0.488003 0.435203 0.489825 0.437470 0.490797 0.439577 0.491890 0.442007 0.492497 0.444437 0.492012
0 0.421753 0.478402 0.423860 0.477307 0.423860 0.477307 0.425643 0.475970 0.427100 0.474390 0.428233 0.472690 0.428883 0.470867 0.429693 0.469045 0.429693 0.467100 0.429693 0.465155 0.429693 0.463210 0.429207 0.461388 0.428883 0.459565 0.428073 0.457742 0.427100 0.455920 0.425967 0.454217 0.423697 0.453368 0.421107 0.453490 0.418837 0.454217 0.416730 0.455555 0.415597 0.457377 0.414787 0.459445 0.414300 0.461388 0.413653 0.463332 0.412680 0.465277 0.412193 0.467100 0.412030 0.468923 0.412843 0.470745 0.413977 0.472567 0.414947 0.474270 0.415920 0.476092 0.417380 0.477672 0.419000 0.479130
0 0.359940 0.478488 0.360263 0.477878 0.360587 0.476055 0.359777 0.474112 0.358967 0.472288 0.358157 0.470465 0.357510 0.468642 0.356860 0.466820 0.356050 0.464875 0.354917 0.463175 0.352973 0.461960 0.350703 0.460987 0.348433 0.460137 0.346003 0.459892 0.343573 0.460137 0.340980 0.461473 0.340333 0.463540 0.339847 0.465363 0.339687 0.467307 0.339847 0.469250 0.340333 0.471073 0.341307 0.472897 0.342117 0.474720 0.342927 0.476663 0.343737 0.478730 0.344547 0.480673 0.345520 0.482498 0.346977 0.484077 0.348760 0.485413 0.350703 0.486627 0.352973 0.487357 0.355077 0.488330 0.357670 0.488330 0.359613 0.487115 0.360263 0.485293 0.360750 0.483470 0.360910 0.481645 0.361073 0.479822
0 0.340577 0.433195 0.341710 0.431250 0.343170 0.429670 0.344950 0.428335 0.347707 0.428335 0.350137 0.428455 0.352567 0.429063 0.354837 0.429915 0.356940 0.431250 0.358887 0.432587 0.360183 0.434288 0.361963 0.435990 0.363260 0.437692 0.364070 0.439515 0.364720 0.441580 0.365203 0.443402 0.365690 0.445225 0.365853 0.447170 0.365853 0.449115 0.364233 0.450572 0.361803 0.450937 0.359210 0.450937 0.356780 0.450450 0.354350 0.449842 0.352080 0.448993 0.350137 0.447535 0.348517 0.446077 0.347220 0.444497 0.345760 0.442795 0.344467 0.441215 0.343493 0.439515 0.342520 0.437812 0.341873 0.435990
0 0.516463 0.476652 0.517240 0.472277 0.515683 0.467905 0.513740 0.463533 0.510630 0.459742 0.505967 0.457118 0.500133 0.455950 0.497413 0.460033 0.497413 0.464697 0.497413 0.469363 0.498970 0.473738 0.502080 0.477527 0.507133 0.480442 0.512963 0.481318
0 0.492360 0.458780 0.492360 0.458780 0.494303 0.454405 0.495860 0.449740 0.497803 0.445368 0.498190 0.440995 0.495080 0.437202 0.490417 0.434288 0.484587 0.435745 0.481477 0.439827 0.478367 0.443617 0.477200 0.448283 0.477200 0.452948 0.478753 0.457322 0.483807 0.459945
0 0.409217 0.632130 0.409620 0.629860 0.410023 0.627440 0.410830 0.625173 0.410627 0.622600 0.410427 0.620332 0.409820 0.617912 0.408610 0.615645 0.407603 0.613375 0.405787 0.611258 0.403570 0.609595 0.400343 0.609293 0.397520 0.610503 0.395907 0.612467 0.394090 0.614435 0.392477 0.616400 0.391267 0.618668 0.390663 0.620938 0.390260 0.623205 0.390460 0.625625 0.390663 0.628045 0.391067 0.630315 0.392880 0.632280 0.395703 0.633792 0.398730 0.634700 0.401753 0.635155 0.404780 0.634398
0 0.427767 0.617155 0.429987 0.615492 0.432407 0.613980 0.435027 0.612770 0.438253 0.612165 0.441280 0.612015 0.444707 0.612015 0.447933 0.611862 0.451363 0.611862 0.454590 0.612165 0.457813 0.612923 0.460637 0.613830 0.461647 0.616097 0.462653 0.618365 0.462050 0.620635 0.459630 0.622148 0.456807 0.623205 0.453783 0.623508 0.450353 0.623508 0.447127 0.623508 0.443900 0.623508 0.440877 0.623055 0.437850 0.622298 0.435027 0.621390 0.432407 0.620180 0.429783 0.618970
0 0.423737 0.635155 0.425147 0.633038 0.426760 0.630920 0.428977 0.629255 0.431397 0.627742 0.434423 0.626230 0.437447 0.625020 0.440673 0.624112 0.443700 0.623810 0.446927 0.623962 0.449950 0.624717 0.452370 0.626230 0.454790 0.627742 0.454387 0.630013 0.452370 0.631977 0.449750 0.633340 0.447530 0.635003 0.445313 0.636668 0.442690 0.638028 0.440070 0.639390 0.437043 0.640145 0.434020 0.640903 0.430993 0.641205 0.427767 0.640903 0.424743 0.640600 0.423130 0.638633 0.424340 0.636515
0 0.433797 0.650323 0.434000 0.648055 0.434807 0.645635 0.436420 0.643670 0.438637 0.642005 0.440653 0.640190 0.442470 0.638073 0.444687 0.636107 0.447310 0.634595 0.450133 0.633687 0.453560 0.633837 0.455980 0.635350 0.457997 0.637317 0.458600 0.639737 0.457997 0.642005 0.456987 0.644275 0.455980 0.646695 0.454367 0.648962 0.452753 0.651232 0.451140 0.653197 0.449527 0.655162 0.447510 0.656977 0.444487 0.658643 0.441663 0.659852 0.438637 0.659247 0.436017 0.657735 0.434807 0.655465 0.434603 0.653197
0 0.408220 0.587462 0.409230 0.583682 0.410237 0.579653 0.410573 0.575872 0.409900 0.572093 0.408220 0.568312 0.406540 0.564532 0.401500 0.563273 0.397470 0.565793 0.395453 0.569320 0.393773 0.573352 0.393437 0.577133 0.394780 0.580913 0.395117 0.584690 0.396460 0.588470 0.400830 0.590487
0 0.451563 0.607117 0.452907 0.603337 0.453580 0.599557 0.452907 0.595778 0.450557 0.591747 0.448540 0.588220 0.446187 0.584690 0.442827 0.581668 0.437787 0.582170 0.435437 0.585700 0.435437 0.589730 0.435437 0.593763 0.436780 0.597542 0.439133 0.601070 0.442157 0.604347 0.446187 0.606868
0 0.487513 0.631058 0.488857 0.627278 0.490203 0.623497 0.490203 0.619465 0.489193 0.615685 0.488187 0.611905 0.485497 0.608630 0.480460 0.610143 0.479787 0.613923 0.479787 0.617955 0.479787 0.621985 0.479787 0.626018 0.481803 0.629545
0 0.494233 0.589730 0.497593 0.586707 0.500617 0.583180 0.502970 0.579653 0.503640 0.575620 0.504313 0.571840 0.502297 0.568312 0.497257 0.567808 0.492217 0.570075 0.487850 0.572595 0.484153 0.575367 0.482140 0.579148 0.479100 0.581425 0.479467 0.586700 0.483133 0.590225 0.488533 0.592250
0 0.475703 0.663195 0.475703 0.663195 0.476107 0.660925 0.478123 0.658960 0.481350 0.658505 0.484777 0.659413 0.487600 0.660473 0.490020 0.661985 0.491833 0.663950 0.494053 0.665918 0.496070 0.667883 0.497883 0.670000 0.499297 0.672270 0.499497 0.674690 0.499900 0.677110 0.498893 0.679378 0.495867 0.680135 0.492843 0.680740 0.489817 0.680135 0.486993 0.679075 0.484373 0.677865 0.481953 0.676352 0.480140 0.674235 0.478727 0.672573 0.476710 0.670455 0.475703 0.668185 0.475300 0.665918
0 0.471220 0.555763 0.471220 0.555763 0.474580 0.552487 0.476260 0.548708 0.477267 0.544675 0.475587 0.544170 0.475587 0.540140 0.473233 0.536107 0.469873 0.533083 0.465843 0.530563 0.462483 0.533587 0.459797 0.537115 0.458450 0.540895 0.459123 0.544675 0.460130 0.548455 0.460467 0.552235 0.461810 0.556015 0.465507 0.558787
0 0.495243 0.556972 0.498937 0.553948 0.502297 0.550673 0.503640 0.546388 0.503977 0.542607 0.503307 0.538830 0.502970 0.535050 0.500617 0.531520 0.495913 0.529505 0.491547 0.531772 0.489867 0.535552 0.488857 0.539332 0.487177 0.543112 0.486843 0.546893 0.487850 0.550673 0.489867 0.554200
