0 0.354820 0.662293 0.358867 0.661280 0.362647 0.660065 0.366157 0.658040 0.369127 0.655813 0.370747 0.652977 0.372637 0.650143 0.368857 0.648725 0.364537 0.648117 0.364537 0.648117 0.360487 0.649332 0.356440 0.650952 0.352390 0.651560 0.348610 0.652775 0.345640 0.655003 0.344020 0.657837 0.344290 0.661077 0.347530 0.663303
0 0.506743 0.353205 0.509463 0.349123 0.510243 0.344457 0.510243 0.339502 0.510243 0.334837 0.507483 0.330755 0.502080 0.329005 0.497023 0.331337 0.496247 0.335712 0.495080 0.340085 0.494303 0.344457 0.495080 0.348832 0.495820 0.353205 0.499747 0.356702
0 0.490027 0.411517 0.493877 0.408017 0.494693 0.403645 0.494303 0.399272 0.493527 0.394897 0.491567 0.390225 0.485700 0.387600 0.480310 0.391107 0.479530 0.395483 0.478753 0.399855 0.478753 0.404520 0.480660 0.408892 0.485363 0.411807
0 0.437507 0.400145 0.440617 0.396355 0.445320 0.393440 0.450727 0.391690 0.456597 0.391107 0.462387 0.390817 0.468257 0.391690 0.472147 0.395190 0.471757 0.399562 0.466703 0.401895 0.460833 0.403062 0.455040 0.404813 0.449597 0.406853 0.443767 0.406560 0.438323 0.404813
0 0.405670 0.418223 0.407223 0.413850 0.409947 0.409768 0.413833 0.406270 0.417330 0.402480 0.421997 0.399562 0.427050 0.401895 0.428217 0.406270 0.427400 0.410935 0.424290 0.415015 0.421220 0.418805 0.416943 0.422013 0.411073 0.423470 0.406837 0.420265
0 0.387787 0.450908 0.388563 0.450033 0.390120 0.445660 0.392063 0.441285 0.393230 0.436913 0.392840 0.432538 0.390897 0.427872 0.388177 0.423793 0.382733 0.422043 0.378067 0.424957 0.376123 0.429333 0.374957 0.433705 0.374570 0.438078 0.374180 0.442452 0.374957 0.446825 0.376903 0.451197 0.382733 0.452365
0 0.322477 0.448838 0.321273 0.444173 0.320533 0.440383 0.318200 0.436300 0.314313 0.432800 0.310037 0.429303 0.304207 0.427845 0.298763 0.429885 0.298373 0.434260 0.300707 0.438632 0.303430 0.442715 0.306540 0.446795 0.311163 0.449712 0.316217 0.452045
0 0.433483 0.435305 0.436983 0.433730 0.440017 0.432155 0.443283 0.430580 0.445850 0.428655 0.447013 0.426030 0.448180 0.423405 0.449347 0.420605 0.450280 0.417630 0.450513 0.415005 0.450280 0.412380 0.449813 0.409755 0.446783 0.408355 0.443050 0.408355 0.440483 0.410280 0.438133 0.411150 0.435800 0.414125 0.433000 0.417450 0.431150 0.420080 0.429283 0.422530 0.429283 0.425330 0.429283 0.428655 0.429517 0.431280 0.430917 0.433730
0 0.466847 0.424630 0.468713 0.422180 0.469880 0.419555 0.470813 0.416930 0.472213 0.413430 0.471747 0.410630 0.472213 0.408005 0.472447 0.405380 0.469647 0.403455 0.466147 0.402755 0.462880 0.403980 0.461013 0.406430 0.459613 0.408880 0.457980 0.411330 0.456113 0.413605 0.454713 0.416055 0.453313 0.418680 0.452847 0.421305 0.453313 0.423930 0.454947 0.426380 0.457980 0.427955 0.461480 0.428130 0.464280 0.426905
0 0.485567 0.448488 0.485740 0.448488 0.486787 0.446658 0.488007 0.444827 0.489577 0.443128 0.490797 0.441298 0.492190 0.439467 0.493060 0.437245 0.493583 0.435285 0.493757 0.433063 0.493757 0.430970 0.493757 0.428880 0.493060 0.426920 0.490970 0.425480 0.488877 0.424175 0.485917 0.423650 0.483127 0.423650 0.481210 0.425090 0.479640 0.427050 0.478247 0.429010 0.476853 0.430840 0.475807 0.432670 0.475283 0.434762 0.474587 0.436853 0.474413 0.438945 0.474413 0.441035 0.474237 0.442997 0.474413 0.445087 0.475283 0.447050 0.476157 0.449010 0.478597 0.450055 0.481210 0.450317 0.483823 0.450188
0 0.434047 0.682115 0.434047 0.682115 0.436770 0.678033 0.437547 0.673660 0.435213 0.669577 0.432880 0.665495 0.428607 0.661997 0.424330 0.658790 0.418497 0.657915 0.413057 0.659665 0.414610 0.664038 0.416943 0.668413 0.419277 0.672492 0.421997 0.676575 0.426273 0.680075
0 0.401317 0.691213 0.402480 0.686837 0.404427 0.682172 0.405980 0.677800 0.405590 0.673427 0.405203 0.669053 0.402093 0.665263 0.396650 0.667013 0.393930 0.671095 0.390433 0.675475 0.388867 0.679550 0.390033 0.684500 0.390833 0.689175 0.397427 0.691503
0 0.468167 0.630275 0.472067 0.624445 0.472843 0.620070 0.473623 0.615698 0.472457 0.611325 0.472067 0.606950 0.468957 0.603160 0.463127 0.602868 0.459240 0.606367 0.458073 0.610740 0.458073 0.615698 0.458073 0.620362 0.459240 0.624735 0.461167 0.629700
0 0.404600 0.638543 0.404600 0.638540 0.407300 0.636112 0.408920 0.633075 0.410270 0.630038 0.410810 0.627000 0.410000 0.623760 0.408920 0.620722 0.407570 0.617687 0.404600 0.615460 0.400820 0.614245 0.397040 0.616675 0.395960 0.619712 0.395150 0.622950 0.394340 0.626190 0.394340 0.629430 0.394610 0.632467 0.394880 0.635505 0.396500 0.638338 0.399470 0.640565
0 0.366697 0.627870 0.367237 0.624835 0.367777 0.621798 0.368317 0.618557 0.368047 0.615317 0.366157 0.612280 0.365077 0.609040 0.363187 0.606208 0.359677 0.604587 0.355900 0.603170 0.351850 0.603980 0.350770 0.607017 0.349420 0.610052 0.348610 0.613293 0.348070 0.616533 0.348070 0.619773 0.349690 0.623215 0.350500 0.626250 0.352390 0.629085 0.355360 0.631313 0.359407 0.631717 0.363457 0.631515
0 0.382893 0.603170 0.385053 0.599930 0.386673 0.597095 0.388293 0.594058 0.388833 0.591020 0.388833 0.587782 0.388563 0.584745 0.386673 0.581303 0.382893 0.579278 0.378847 0.578468 0.376687 0.581100 0.374527 0.583732 0.372367 0.586568 0.371557 0.589602 0.371557 0.592842 0.371827 0.595880 0.372367 0.598917 0.373717 0.601955 0.376687 0.604182
0 0.408270 0.592437 0.410430 0.589805 0.411510 0.586770 0.411510 0.583530 0.410160 0.580492 0.408000 0.577455 0.406383 0.574620 0.404223 0.571785 0.400443 0.570370 0.396393 0.569357 0.393693 0.571785 0.392343 0.574823 0.391533 0.577860 0.391803 0.581100 0.393153 0.584138 0.394773 0.586973 0.396933 0.589805 0.399633 0.592235 0.403413 0.593653
0 0.464453 0.483408 0.464453 0.483660 0.469160 0.481895 0.471173 0.478368 0.472517 0.474587 0.473190 0.470807 0.473863 0.467027 0.474197 0.463247 0.472517 0.459467 0.468150 0.457200 0.463110 0.458460 0.460087 0.461735 0.457733 0.465262 0.455720 0.468793 0.454710 0.472573 0.453703 0.476350 0.453703 0.480382 0.457400 0.483155
0 0.491367 0.502003 0.493720 0.498223 0.494390 0.494192 0.494390 0.490160 0.494053 0.486127 0.492040 0.482600 0.488680 0.479577 0.483303 0.479827 0.479270 0.482348 0.477590 0.486127 0.476920 0.489908 0.477257 0.493940 0.477590 0.497720 0.479607 0.501500 0.481960 0.505027 0.487000 0.506035 0.491030 0.503515
0 0.493383 0.529722 0.495063 0.525942 0.496070 0.522162 0.496070 0.518130 0.495733 0.514350 0.493720 0.510822 0.489350 0.508555 0.484310 0.508050 0.479270 0.508807 0.477590 0.512587 0.477590 0.516620 0.478263 0.520398 0.478937 0.524177 0.481960 0.527455 0.485657 0.530225 0.490697 0.531485
0 0.470873 0.511830 0.472887 0.508302 0.473560 0.504522 0.473560 0.500493 0.471543 0.496962 0.468857 0.493688 0.466167 0.490413 0.462473 0.487640 0.457433 0.487893 0.454410 0.491168 0.454743 0.495200 0.455753 0.498980 0.457097 0.502760 0.458103 0.506540 0.460457 0.510068 0.465497 0.511327
0 0.468520 0.543832 0.469193 0.540055 0.469527 0.536275 0.468857 0.532242 0.467513 0.528210 0.463480 0.525438 0.459113 0.527455 0.456760 0.530982 0.454743 0.534510 0.454410 0.538290 0.454073 0.542070 0.455080 0.545850 0.458103 0.549125 0.462807 0.550890 0.467177 0.548872
0 0.450377 0.518888 0.451383 0.515107 0.452057 0.511075 0.452393 0.507295 0.451050 0.503515 0.447690 0.500493 0.443657 0.497973 0.439627 0.500493 0.437610 0.504020 0.435930 0.507800 0.435257 0.511580 0.435257 0.515610 0.435930 0.519390 0.440297 0.521408 0.445000 0.522918
0 0.423497 0.483105 0.426187 0.479827 0.427530 0.476048 0.428203 0.472270 0.428203 0.468238 0.426857 0.464457 0.424843 0.460930 0.419803 0.459670 0.416107 0.462442 0.414090 0.465970 0.412073 0.469750 0.411403 0.476552 0.410730 0.480332 0.413420 0.483860 0.416443 0.487135
0 0.408380 0.516870 0.408043 0.513090 0.405690 0.509563 0.403003 0.506288 0.400317 0.503012 0.395610 0.501500 0.390570 0.500995 0.387213 0.504020 0.387213 0.508050 0.388557 0.512082 0.390237 0.515863 0.392587 0.519390 0.395947 0.522415 0.400317 0.524430 0.405353 0.525188 0.408713 0.521910
0 0.359627 0.528765 0.359963 0.528765 0.362317 0.525237 0.364330 0.521710 0.365003 0.517930 0.363997 0.514150 0.363323 0.510370 0.361980 0.506590 0.356940 0.505330 0.351900 0.506337 0.348877 0.509613 0.346523 0.513143 0.345517 0.516920 0.345180 0.520700 0.346523 0.524480 0.347867 0.528260 0.351227 0.531537
0 0.428490 0.574703 0.430650 0.571665 0.431730 0.568425 0.431730 0.565185 0.431190 0.562148 0.430650 0.559112 0.430380 0.555872 0.428493 0.553038 0.424713 0.551013 0.420663 0.550810 0.418503 0.554050 0.416343 0.556885 0.415263 0.559922 0.414993 0.562957 0.414723 0.565995 0.414723 0.569235 0.414723 0.572475 0.414723 0.575715 0.417423 0.578145 0.421203 0.579560 0.425253 0.579357
0 0.392317 0.563362 0.396367 0.563565 0.400417 0.564172 0.404733 0.564577 0.409053 0.564172 0.413103 0.562957 0.416073 0.560528 0.413913 0.557898 0.410943 0.555670 0.407973 0.553442 0.404463 0.551620 0.400417 0.550810 0.396367 0.550405 0.391777 0.550405 0.387727 0.550810 0.383677 0.551013 0.379630 0.550607 0.376660 0.552835 0.376390 0.555872 0.377740 0.558910 0.381247 0.560730 0.385297 0.561540
0 0.410000 0.547025 0.410000 0.546822 0.410810 0.543785 0.408920 0.540950 0.406760 0.538318 0.405140 0.535482 0.402440 0.533053 0.398930 0.531432 0.396230 0.529005 0.392183 0.527992 0.388133 0.528398 0.387323 0.531432 0.387323 0.534672 0.387863 0.537710 0.389213 0.540747 0.391373 0.543582 0.394610 0.546215 0.397850 0.548440 0.401360 0.550060 0.405410 0.550667 0.408650 0.548643
