0 0.574660 0.352822 0.575287 0.349073 0.576537 0.345325 0.577473 0.341810 0.578097 0.338062 0.577783 0.334547 0.575910 0.331270 0.572787 0.328457 0.568103 0.327520 0.564667 0.330098 0.564977 0.333613 0.564977 0.337595 0.564977 0.341577 0.564977 0.345325 0.566540 0.348840 0.569040 0.351885
0 0.511567 0.338298 0.513753 0.335017 0.515000 0.331502 0.515000 0.327520 0.512503 0.324240 0.510003 0.320727 0.507503 0.317682 0.504380 0.314870 0.499383 0.314870 0.495947 0.317447 0.495010 0.320960 0.495010 0.324710 0.496260 0.328223 0.498447 0.331738 0.501570 0.334783 0.504380 0.337828 0.508443 0.340170
0 0.488763 0.309248 0.489077 0.305733 0.490013 0.302220 0.490637 0.298705 0.490637 0.294957 0.489077 0.291442 0.486890 0.288165 0.484390 0.285118 0.480330 0.283010 0.475643 0.284180 0.473147 0.287228 0.473147 0.290975 0.473457 0.295425 0.473770 0.299408 0.475333 0.302923 0.477520 0.306202 0.480330 0.309248 0.485017 0.310420
0 0.462807 0.317823 0.463120 0.317587 0.465617 0.314308 0.467803 0.310090 0.469680 0.306812 0.471240 0.303297 0.471867 0.299783 0.470617 0.296270 0.469680 0.292520 0.467180 0.289475 0.461870 0.289710 0.458433 0.292288 0.455623 0.295800 0.453750 0.299783 0.451873 0.303533 0.450627 0.307045 0.450627 0.310795 0.451250 0.314308 0.454060 0.317353 0.458433 0.318993
0 0.442503 0.327895 0.442503 0.327895 0.445003 0.324850 0.445317 0.321335 0.445317 0.317587 0.445003 0.314072 0.442503 0.311027 0.438757 0.308450 0.434383 0.307045 0.430010 0.310090 0.429073 0.313605 0.429697 0.317353 0.430947 0.320868 0.433447 0.324147 0.435943 0.327192 0.439067 0.330002
0 0.512627 0.363995 0.512627 0.363995 0.513793 0.361195 0.513793 0.357520 0.514027 0.354895 0.514027 0.352095 0.513093 0.349470 0.511227 0.346495 0.508893 0.344395 0.505393 0.345795 0.502360 0.347195 0.500493 0.349470 0.499560 0.352270 0.498627 0.354895 0.497693 0.357695 0.497693 0.360495 0.498393 0.363295 0.497460 0.365920 0.497227 0.368545 0.499793 0.370645 0.502593 0.372570 0.506093 0.373095 0.509593 0.372045 0.511693 0.369770
0 0.470813 0.352322 0.470580 0.349522 0.469180 0.346897 0.468013 0.344272 0.466613 0.341298 0.464513 0.338848 0.462413 0.336572 0.459380 0.335000 0.456113 0.333950 0.452613 0.332725 0.449347 0.331675 0.446550 0.333425 0.445850 0.336047 0.445850 0.338848 0.445617 0.341473 0.446783 0.344098 0.449347 0.346197 0.451213 0.348647 0.453080 0.350923 0.455647 0.352848 0.458913 0.354598 0.462180 0.355998 0.465680 0.356698 0.468947 0.355648
0 0.470347 0.382598 0.471047 0.379623 0.471747 0.376823 0.471747 0.374022 0.471513 0.371223 0.471047 0.368422 0.470113 0.365797 0.468947 0.363173 0.467080 0.360897 0.463580 0.360372 0.460547 0.361947 0.458447 0.364397 0.456813 0.367022 0.454947 0.369647 0.455413 0.372623 0.454713 0.375422 0.454947 0.378048 0.455880 0.380673 0.457047 0.383298 0.459613 0.385223 0.462880 0.386272 0.466380 0.386098
0 0.451680 0.381373 0.452613 0.378572 0.453780 0.375947 0.454480 0.373323 0.453547 0.370698 0.451680 0.368248 0.450513 0.365623 0.449113 0.363173 0.447013 0.360897 0.444450 0.358973 0.441183 0.357048 0.437917 0.355648 0.434417 0.355297 0.431617 0.357222 0.430217 0.359848 0.430683 0.362473 0.431617 0.365447 0.432550 0.368072 0.433950 0.370522 0.435350 0.372973 0.436983 0.375422 0.439083 0.377697 0.442117 0.379272 0.445383 0.380497
0 0.428117 0.385748 0.429517 0.383298 0.429983 0.380497 0.430450 0.377697 0.433717 0.376473 0.436750 0.378048 0.440017 0.379798 0.442817 0.381548 0.444683 0.383997 0.446317 0.386622 0.447480 0.389248 0.448647 0.391873 0.449813 0.394498 0.450513 0.397120 0.450280 0.399745 0.448880 0.402370 0.447247 0.404820 0.443750 0.405695 0.440250 0.404995 0.437217 0.403595 0.434417 0.401845 0.432317 0.399570 0.431850 0.396945 0.430917 0.394322 0.428817 0.392047 0.428583 0.389423
0 0.404550 0.416370 0.404317 0.413570 0.404550 0.410945 0.405017 0.408320 0.404550 0.405695 0.403383 0.403070 0.401750 0.400620 0.398483 0.399395 0.395217 0.400445 0.392650 0.402370 0.390317 0.404820 0.388917 0.407270 0.388683 0.407270 0.388217 0.409895 0.388683 0.412520 0.389150 0.415320 0.389850 0.417945 0.390317 0.420745 0.391250 0.423370 0.393117 0.425820 0.396617 0.426520 0.399417 0.424770 0.401283 0.422495 0.403150 0.420220
0 0.483187 0.414067 0.485473 0.412495 0.487570 0.410780 0.490047 0.408780 0.491763 0.406780 0.492523 0.404635 0.493097 0.402493 0.492333 0.400490 0.492333 0.398205 0.492333 0.395632 0.492143 0.393060 0.491000 0.390915 0.488333 0.389630 0.485473 0.389058 0.482807 0.389772 0.480330 0.391060 0.478807 0.392918 0.477470 0.394918 0.476327 0.396918 0.475183 0.398920 0.473660 0.400920 0.472897 0.403062 0.473280 0.405207 0.473660 0.407350 0.474040 0.409637 0.474803 0.411780 0.475947 0.413783 0.478423 0.415067
0 0.494050 0.425788 0.492907 0.423642 0.491380 0.421642 0.491380 0.419355 0.490237 0.417070 0.487950 0.415640 0.485093 0.416067 0.483187 0.417783 0.481663 0.420212 0.479950 0.422070 0.478997 0.424215 0.478233 0.426358 0.478807 0.428503 0.478807 0.430788 0.478807 0.433075 0.479377 0.435505 0.480140 0.437790 0.481283 0.439935 0.482807 0.441793 0.485473 0.442793 0.488523 0.442793 0.490810 0.441220 0.491953 0.439220 0.492907 0.437078 0.493477 0.434932 0.493477 0.432645 0.493097 0.430503 0.493287 0.428360
0 0.446030 0.435217 0.446603 0.433075 0.446793 0.430932 0.447363 0.428788 0.447363 0.426500 0.447363 0.424215 0.447557 0.422070 0.447173 0.419928 0.446793 0.417783 0.445840 0.415640 0.443363 0.414210 0.440503 0.413925 0.437647 0.414498 0.435933 0.416355 0.434407 0.418355 0.433073 0.420498 0.432120 0.422642 0.431550 0.424785 0.431167 0.426930 0.431167 0.429217 0.431167 0.431503 0.431167 0.433790 0.432503 0.435790 0.434790 0.437362 0.437457 0.438505 0.440503 0.438793 0.443363 0.437935 0.444887 0.436075
0 0.472557 0.459885 0.472173 0.459170 0.471983 0.456885 0.471793 0.454740 0.471413 0.452598 0.470650 0.450452 0.469127 0.448595 0.467790 0.446452 0.465887 0.444738 0.463220 0.443592 0.460360 0.443308 0.457693 0.444450 0.456167 0.446738 0.455217 0.449167 0.455023 0.451740 0.455023 0.454455 0.455217 0.456598 0.455787 0.458885 0.456740 0.461027 0.457883 0.463315 0.459217 0.465315 0.460360 0.467460 0.462267 0.469317 0.464933 0.470317 0.467790 0.470747 0.469887 0.469175 0.471413 0.467317 0.472363 0.465030 0.472363 0.462743
0 0.391343 0.463945 0.394393 0.463373 0.397440 0.462800 0.400490 0.462230 0.403540 0.462085 0.406397 0.461658 0.408113 0.460370 0.410207 0.458655 0.412303 0.457085 0.413827 0.455225 0.412113 0.453368 0.409253 0.452225 0.406397 0.451798 0.403347 0.451652 0.400300 0.451510 0.397440 0.451652 0.394583 0.452225 0.391723 0.452655 0.388867 0.453368 0.386200 0.454225 0.384103 0.455940 0.382197 0.457655 0.380483 0.459512 0.380673 0.461658 0.382960 0.463087 0.385817 0.463515 0.388867 0.463515
0 0.340323 0.477555 0.343290 0.475125 0.347070 0.472900 0.350850 0.471483 0.354900 0.470268 0.358680 0.469052 0.363270 0.469052 0.367857 0.469052 0.371907 0.470065 0.375687 0.471483 0.377577 0.474315 0.377577 0.477555 0.375147 0.480390 0.371637 0.482618 0.367587 0.483225 0.363540 0.484035 0.359490 0.484440 0.355170 0.484642 0.351120 0.484440 0.347070 0.483630 0.343290 0.482212 0.341133 0.479580
0 0.288760 0.453462 0.290110 0.450425 0.290920 0.447387 0.291460 0.444350 0.292000 0.441312 0.290650 0.438275 0.288760 0.435443 0.285790 0.433215 0.282280 0.431595 0.278500 0.432810 0.276880 0.435847 0.274720 0.438883 0.273370 0.441920 0.273100 0.444958 0.273100 0.448197 0.273370 0.451235 0.275260 0.454070 0.279040 0.455485 0.283090 0.456295 0.287140 0.455890
0 0.430490 0.500232 0.432380 0.497397 0.436160 0.496183 0.440477 0.496183 0.445067 0.496790 0.449117 0.497600 0.453167 0.498410 0.457217 0.499422 0.460727 0.503068 0.464503 0.504283 0.464233 0.507320 0.461537 0.509950 0.457217 0.510557 0.452897 0.510557 0.448307 0.510557 0.443987 0.509950 0.440207 0.508535 0.436700 0.506713 0.433190 0.504687 0.431300 0.501853
0 0.320073 0.508535 0.321693 0.505700 0.323043 0.502460 0.323853 0.499220 0.323853 0.495777 0.323853 0.492538 0.323853 0.489300 0.321153 0.486870 0.317913 0.484845 0.313867 0.484035 0.309277 0.484642 0.308197 0.487680 0.306847 0.490920 0.306037 0.493955 0.304687 0.496993 0.304417 0.500030 0.304417 0.503270 0.305227 0.506308 0.307387 0.509345 0.309817 0.511975 0.313867 0.512785 0.317643 0.511570
0 0.294967 0.532020 0.296857 0.529185 0.297127 0.526150 0.296047 0.522910 0.293887 0.520075 0.291730 0.517443 0.289570 0.514607 0.286060 0.512785 0.281740 0.512987 0.279040 0.515417 0.276340 0.518050 0.275530 0.521087 0.275530 0.524327 0.275800 0.527768 0.277420 0.530805 0.279850 0.533438 0.282010 0.536273 0.284440 0.538905 0.288490 0.539513 0.292000 0.537690
0 0.401730 0.528020 0.400570 0.528455 0.405217 0.527582 0.409863 0.526057 0.413637 0.524097 0.417413 0.521920 0.420607 0.519525 0.417413 0.516912 0.413637 0.515170 0.410153 0.512992 0.405797 0.512773 0.401440 0.513210 0.397957 0.515387 0.394180 0.517347 0.390407 0.519090 0.387213 0.521485 0.390697 0.523663 0.393020 0.526495 0.398537 0.528020
0 0.461987 0.543590 0.464020 0.539888 0.465180 0.536405 0.465180 0.532702 0.464600 0.529218 0.464310 0.525732 0.463440 0.522465 0.460537 0.519852 0.456180 0.518327 0.452403 0.520070 0.451533 0.523338 0.449790 0.526385 0.448630 0.529653 0.447757 0.532920 0.447757 0.536405 0.448920 0.539670 0.450663 0.542720 0.453857 0.545115 0.458213 0.546205
0 0.486203 0.554000 0.486430 0.552732 0.486653 0.551467 0.486653 0.550033 0.486653 0.548430 0.486990 0.547162 0.487553 0.545898 0.488117 0.544633 0.488793 0.543365 0.489243 0.542015 0.489803 0.540750 0.491380 0.539990 0.493067 0.539652 0.494757 0.539482 0.496557 0.539737 0.498020 0.540497 0.499593 0.541087 0.501280 0.541678 0.502520 0.542605 0.502970 0.543872 0.503307 0.545390 0.503757 0.546740 0.504093 0.548008 0.504433 0.549357 0.504770 0.550622 0.504770 0.551972 0.504770 0.553322 0.504657 0.554675 0.504543 0.555940 0.504433 0.557205 0.504320 0.558472 0.503870 0.559905 0.503307 0.561172 0.502857 0.562438 0.501957 0.563535 0.500830 0.564547 0.499593 0.565645 0.498130 0.566405 0.496443 0.566742 0.494417 0.566573 0.492843 0.565898 0.491943 0.564717 0.490817 0.563702 0.489467 0.562775 0.488230 0.561763 0.487780 0.560412 0.487330 0.559148 0.486880 0.557798 0.486767 0.556530 0.486653 0.555265
0 0.295470 0.559457 0.297127 0.558100 0.299087 0.557083 0.301193 0.556405 0.303453 0.555955 0.305713 0.555615 0.308577 0.555615 0.310987 0.555615 0.313697 0.555955 0.315957 0.556180 0.318367 0.556405 0.320627 0.556633 0.322887 0.557083 0.325297 0.557763 0.327553 0.558327 0.329663 0.559230 0.331320 0.560472 0.332827 0.561828 0.333730 0.563410 0.334633 0.564992 0.334937 0.566688 0.333280 0.567930 0.331020 0.568383 0.328910 0.569060 0.326803 0.569738 0.324543 0.570190 0.322283 0.570303 0.320023 0.570075 0.318217 0.570190 0.315957 0.569850 0.313697 0.569172 0.311437 0.568607 0.309177 0.568155 0.307070 0.567477 0.304810 0.566688 0.302550 0.566122 0.300290 0.565445 0.298333 0.564315 0.296977 0.562845 0.296073 0.561265
0 0.411187 0.533655 0.411307 0.532295 0.411307 0.530842 0.411307 0.529297 0.411427 0.527937 0.412397 0.526665 0.413727 0.525578 0.415300 0.524850 0.417117 0.524578 0.418930 0.524670 0.420747 0.525395 0.422440 0.526758 0.423773 0.527845 0.424377 0.529390 0.424377 0.529390 0.425467 0.530660 0.426073 0.532023 0.426800 0.533383 0.427523 0.534745 0.427767 0.536197 0.428250 0.537560 0.428613 0.538920 0.428733 0.540282 0.428733 0.541735 0.428733 0.543188 0.428613 0.544550 0.428373 0.545910 0.427403 0.547090 0.426437 0.548270 0.425227 0.549360 0.423410 0.549723 0.421717 0.549177 0.420020 0.548543 0.418327 0.547907 0.416753 0.547090 0.415543 0.545910 0.414573 0.544730 0.413970 0.543368 0.413363 0.541735 0.412760 0.540372 0.412397 0.538920 0.412033 0.537467 0.411790 0.536107
0 0.447097 0.642038 0.449363 0.640990 0.451107 0.639423 0.452500 0.637722 0.453547 0.635893 0.454417 0.633800 0.455117 0.631840 0.455290 0.629880 0.455463 0.627920 0.455463 0.625827 0.455463 0.623735 0.455463 0.621645 0.455463 0.619553 0.454593 0.617592 0.452153 0.616548 0.449537 0.615893 0.446750 0.616023 0.444657 0.617330 0.443090 0.619030 0.441693 0.620860 0.440650 0.622820 0.439777 0.624912 0.439080 0.626872 0.438557 0.628835 0.438557 0.630925 0.438557 0.633018 0.439253 0.634977 0.440300 0.636938 0.441347 0.638900 0.442567 0.640730 0.444657 0.642038
0 0.409973 0.611580 0.410150 0.609617 0.410150 0.607527 0.409800 0.605435 0.408930 0.603345 0.407883 0.601515 0.407360 0.599163 0.406313 0.597332 0.404747 0.595633 0.402830 0.594195 0.400563 0.593018 0.397950 0.592365 0.395160 0.592232 0.393590 0.593932 0.392197 0.595633 0.390977 0.597463 0.390630 0.599685 0.390977 0.601645 0.391673 0.603605 0.392720 0.605435 0.393940 0.607398 0.394810 0.609357 0.395857 0.611187 0.396903 0.613017 0.398123 0.614847 0.400040 0.616415 0.402307 0.617463 0.405093 0.617592 0.407360 0.616548 0.408753 0.614847
0 0.366927 0.646220 0.366577 0.644258 0.366403 0.642297 0.366053 0.640338 0.365357 0.638375 0.364833 0.636415 0.363787 0.634585 0.362567 0.632755 0.360827 0.631188 0.359083 0.629617 0.356467 0.629095 0.353853 0.629225 0.351587 0.630533 0.350193 0.632232 0.349670 0.634193 0.349147 0.636155 0.348623 0.638245 0.348277 0.640207 0.348277 0.642297 0.348800 0.644258 0.349147 0.646220 0.350020 0.648180 0.351063 0.650273 0.351937 0.652362 0.352983 0.654192 0.354723 0.655763 0.356990 0.656807 0.359603 0.657200 0.362220 0.656153 0.364137 0.654585 0.366053 0.653147 0.367100 0.651317 0.366927 0.649357
