0 0.530770 0.270832 0.530770 0.270832 0.533533 0.268197 0.535290 0.265562 0.537047 0.262928 0.537800 0.260105 0.538553 0.257092 0.538553 0.253893 0.537800 0.251070 0.536543 0.248058 0.535290 0.245235 0.533280 0.242787 0.529767 0.241092 0.526507 0.240152 0.526507 0.240152 0.522740 0.240905 0.520230 0.243540 0.518223 0.246175 0.516717 0.249188 0.516717 0.252197 0.517470 0.255210 0.518223 0.258035 0.518977 0.260858 0.519980 0.263680 0.521487 0.266315 0.523743 0.268763 0.527007 0.270270
0 0.443430 0.284950 0.443433 0.284950 0.445440 0.282505 0.446947 0.279867 0.447197 0.277045 0.447447 0.274223 0.447197 0.271397 0.445940 0.268388 0.444687 0.265562 0.443180 0.262928 0.441673 0.260293 0.438663 0.258410 0.434900 0.259163 0.432137 0.261045 0.429377 0.263305 0.427870 0.266128 0.427870 0.269140 0.427370 0.271962 0.427117 0.274975 0.427370 0.277798 0.428373 0.280622 0.429377 0.283445 0.431383 0.286080 0.434900 0.287587 0.438913 0.287962
0 0.375940 0.272437 0.377023 0.269998 0.378107 0.267558 0.378323 0.265115 0.378107 0.262512 0.378107 0.259910 0.378107 0.257308 0.377673 0.254868 0.376590 0.252428 0.374853 0.250312 0.372683 0.248360 0.370083 0.246732 0.366610 0.246732 0.364660 0.248847 0.363140 0.251125 0.362057 0.253565 0.360970 0.256167 0.360537 0.258607 0.360320 0.261050 0.360753 0.263490 0.361190 0.265930 0.362057 0.268370 0.362923 0.270973 0.364227 0.273250 0.366827 0.275040 0.370083 0.275853 0.373337 0.275690
0 0.335160 0.304647 0.334507 0.301070 0.333640 0.298630 0.332557 0.296190 0.331470 0.293747 0.329953 0.291470 0.328650 0.289193 0.326267 0.287243 0.323447 0.285615 0.320627 0.284150 0.317590 0.283175 0.316070 0.285452 0.315203 0.287892 0.314553 0.290495 0.314770 0.293098 0.315637 0.295538 0.316503 0.297978 0.317590 0.300420 0.318673 0.302860 0.319757 0.305300 0.321277 0.307578 0.323447 0.309692 0.325613 0.311645 0.328867 0.312132 0.332123 0.311482 0.334723 0.309855
0 0.321537 0.377342 0.322747 0.376252 0.324320 0.375435 0.325893 0.374617 0.327467 0.373710 0.329040 0.372803 0.330613 0.371985 0.332187 0.371170 0.333760 0.370443 0.335577 0.369988 0.337513 0.369535 0.339450 0.369262 0.341263 0.368990 0.343323 0.369080 0.345260 0.369262 0.347193 0.369535 0.349130 0.369808 0.351067 0.370353 0.352640 0.371078 0.353730 0.372258 0.354093 0.373620 0.353730 0.375072 0.352400 0.376070 0.351553 0.377342 0.351310 0.378702 0.350827 0.380065 0.349373 0.381063 0.347800 0.381790 0.346227 0.382607 0.344653 0.383422 0.342837 0.384060 0.340900 0.384512 0.339207 0.385057 0.337270 0.385510 0.335453 0.385692 0.333517 0.385965 0.331583 0.386055 0.329403 0.386055 0.327467 0.386055 0.325650 0.385783 0.323957 0.385147 0.322263 0.384512 0.320690 0.383788 0.320690 0.382970 0.320690 0.382970 0.320690 0.381518 0.320567 0.380155 0.320810 0.378795
0 0.336303 0.403395 0.336303 0.401850 0.336423 0.400307 0.336667 0.398945 0.337390 0.397585 0.338117 0.396223 0.338843 0.394952 0.339450 0.393590 0.340177 0.392320 0.341143 0.391140 0.343080 0.390140 0.344653 0.390412 0.346590 0.390412 0.348527 0.390957 0.349857 0.391955 0.350827 0.393137 0.351430 0.394498 0.352157 0.395860 0.352763 0.397220 0.353490 0.398583 0.353610 0.399945 0.353367 0.401025 0.353600 0.402675 0.353500 0.404125 0.353733 0.405750 0.353730 0.407208 0.353730 0.408660 0.353490 0.410020 0.353003 0.411382 0.352520 0.412835 0.351917 0.414288 0.350947 0.415467 0.349980 0.416648 0.349010 0.417917 0.347680 0.418917 0.345983 0.419460 0.344047 0.419733 0.342110 0.419733 0.340537 0.418825 0.339450 0.417555 0.338360 0.416375 0.337513 0.415105 0.336787 0.413743 0.336423 0.412380 0.336303 0.411020 0.336303 0.409567 0.336303 0.408115 0.336180 0.406663 0.336180 0.405118
0 0.532897 0.373220 0.532463 0.370780 0.532247 0.368340 0.531597 0.365900 0.530727 0.363460 0.529860 0.361020 0.528777 0.358577 0.526607 0.356462 0.523787 0.355000 0.520750 0.355975 0.520750 0.358577 0.519883 0.361020 0.518580 0.363460 0.518580 0.366063 0.519230 0.368503 0.519883 0.370943 0.520317 0.373383 0.521183 0.375823 0.523787 0.377613 0.527040 0.378263 0.530293 0.378100 0.532030 0.375985
0 0.368227 0.719928 0.369130 0.718232 0.369430 0.716538 0.368980 0.714842 0.367923 0.713148 0.367923 0.712697 0.367923 0.712245 0.366870 0.710662 0.366420 0.708967 0.365213 0.707388 0.364010 0.705917 0.362503 0.704562 0.360543 0.703433 0.358587 0.702528 0.356627 0.701625 0.354670 0.700720 0.352560 0.700043 0.350300 0.699590 0.348493 0.700720 0.347890 0.702415 0.347440 0.704110 0.347287 0.705917 0.347440 0.707612 0.348793 0.709195 0.350150 0.710890 0.351507 0.712470 0.352860 0.713940 0.354367 0.715295 0.356023 0.716650 0.357983 0.717668 0.359940 0.718685 0.361447 0.720040 0.363407 0.720943 0.365667 0.721170
0 0.376417 0.660753 0.377827 0.658635 0.379440 0.656668 0.380850 0.654400 0.381657 0.652130 0.381860 0.649863 0.381860 0.647443 0.381860 0.645023 0.380850 0.642753 0.379843 0.640485 0.379440 0.638215 0.378633 0.635947 0.377020 0.633830 0.374400 0.632470 0.371373 0.632015 0.368350 0.632620 0.365930 0.634285 0.364720 0.636402 0.364317 0.638670 0.363913 0.641090 0.363510 0.643357 0.363307 0.645628 0.363307 0.648047 0.363307 0.650467 0.363913 0.652735 0.364920 0.655005 0.365930 0.657273 0.367947 0.659087 0.370567 0.660297 0.373390 0.661205
0 0.428240 0.630503 0.430257 0.628687 0.431870 0.626570 0.432477 0.624302 0.432677 0.622032 0.432477 0.619612 0.432073 0.617345 0.431063 0.615075 0.429653 0.612957 0.428643 0.610690 0.427233 0.608572 0.425620 0.606607 0.422797 0.605398 0.419973 0.604337 0.417150 0.605245 0.414530 0.609480 0.414730 0.611747 0.413723 0.614017 0.413520 0.616285 0.414327 0.618555 0.415737 0.620822 0.416543 0.623092 0.417150 0.625360 0.418360 0.627477 0.419770 0.629595 0.422393 0.631107 0.425417 0.631563
0 0.465347 0.629595 0.468773 0.627933 0.471397 0.626570 0.471597 0.624302 0.472000 0.622032 0.472403 0.619765 0.472607 0.617495 0.472607 0.614925 0.472607 0.612505 0.471800 0.610235 0.470993 0.607967 0.469380 0.606002 0.467363 0.604035 0.464943 0.602523 0.461917 0.603128 0.460707 0.605398 0.459497 0.607665 0.458087 0.609783 0.457077 0.612050 0.456673 0.614320 0.456877 0.616740 0.457480 0.619008 0.457683 0.621278 0.458087 0.623545 0.458690 0.625815 0.459900 0.627933 0.462523 0.629293
0 0.495250 0.621293 0.495250 0.621293 0.497267 0.619478 0.497873 0.617208 0.498477 0.614940 0.497873 0.612520 0.496663 0.610403 0.495050 0.608437 0.493237 0.606470 0.491623 0.604505 0.490010 0.602388 0.487993 0.600572 0.484967 0.600117 0.482143 0.601178 0.480330 0.603143 0.480127 0.605413 0.480733 0.607832 0.481540 0.610253 0.482950 0.612370 0.484160 0.614485 0.485370 0.616755 0.487590 0.618570 0.490413 0.619780 0.493033 0.620990
0 0.497157 0.594800 0.496373 0.593335 0.495983 0.591870 0.496113 0.590405 0.495463 0.588258 0.494683 0.586793 0.494423 0.585328 0.493510 0.583960 0.491947 0.582985 0.490387 0.582008 0.489343 0.580640 0.488563 0.579275 0.487783 0.578980 0.487783 0.578883 0.485700 0.579763 0.484137 0.580835 0.483227 0.582202 0.482833 0.583668 0.482833 0.585230 0.483097 0.586695 0.483097 0.588258 0.483227 0.589722 0.483357 0.591187 0.483747 0.592650 0.484527 0.594018 0.485310 0.595385 0.485960 0.596850 0.487260 0.598120 0.488823 0.599095 0.490647 0.599680 0.492730 0.599975 0.494683 0.599680 0.496503 0.599095 0.497287 0.597727
0 0.451827 0.582475 0.451950 0.581112 0.452190 0.579570 0.452433 0.578207 0.452433 0.576755 0.452433 0.575303 0.452313 0.573943 0.452313 0.572490 0.452190 0.571128 0.452190 0.569675 0.451343 0.568405 0.450377 0.567225 0.449530 0.565862 0.448923 0.564500 0.448197 0.563048 0.447833 0.561688 0.447230 0.560325 0.445413 0.559872 0.443477 0.559872 0.441540 0.559872 0.439847 0.560508 0.438513 0.561688 0.437427 0.562867 0.436337 0.564138 0.435490 0.565410 0.435127 0.566860 0.435003 0.568312 0.434763 0.569857 0.434400 0.571217 0.434400 0.572670 0.434520 0.574122 0.434763 0.575485 0.434763 0.577028 0.434763 0.578662 0.434763 0.580115 0.434640 0.581568 0.435003 0.582928 0.435730 0.584200 0.436700 0.585380 0.437303 0.586740 0.438393 0.587920 0.440087 0.588827 0.441783 0.589372 0.443597 0.589645 0.445413 0.589372 0.447230 0.588920 0.448803 0.588193 0.449770 0.586923 0.450497 0.585653
0 0.507160 0.559432 0.507580 0.557858 0.507720 0.556283 0.508000 0.554705 0.509120 0.553340 0.510520 0.552080 0.512340 0.551240 0.514160 0.552080 0.515280 0.553445 0.516400 0.554915 0.517523 0.556388 0.519063 0.558068 0.519343 0.559643 0.520183 0.561217 0.520183 0.562898 0.520183 0.564577 0.520043 0.566155 0.520043 0.567940 0.520043 0.569620 0.518923 0.570985 0.517383 0.572140 0.515560 0.572980 0.513460 0.572665 0.511500 0.571930 0.510380 0.570460 0.509540 0.568990 0.508980 0.567310 0.508560 0.565735 0.508280 0.564052 0.507860 0.562477 0.507580 0.560903
0 0.436020 0.554390 0.438400 0.554390 0.440500 0.554180 0.442320 0.553235 0.444143 0.552185 0.445543 0.550820 0.446943 0.549560 0.448483 0.548300 0.449883 0.547040 0.451283 0.545778 0.452263 0.544203 0.452963 0.542628 0.453523 0.540948 0.453803 0.539372 0.453943 0.537798 0.454363 0.536220 0.454363 0.534540 0.453523 0.532965 0.451703 0.532020 0.450023 0.530970 0.447923 0.530445 0.445823 0.530970 0.444283 0.532125 0.442883 0.533490 0.441340 0.534855 0.439940 0.536115 0.438820 0.537482 0.437700 0.538847 0.436580 0.540212 0.435740 0.541682 0.435320 0.543258 0.434620 0.544832 0.434060 0.546515 0.433920 0.548195 0.434060 0.549770 0.434760 0.551345 0.435040 0.552920
0 0.362013 0.554222 0.364833 0.552595 0.367870 0.551457 0.371557 0.550808 0.374810 0.550155 0.378063 0.549830 0.381537 0.549992 0.384790 0.550155 0.388043 0.550643 0.391513 0.551620 0.394550 0.552920 0.397370 0.554222 0.399540 0.556175 0.400190 0.558615 0.399323 0.561055 0.396720 0.562682 0.393683 0.563658 0.390430 0.564310 0.387177 0.564635 0.383703 0.564635 0.380233 0.564310 0.376980 0.563820 0.373727 0.563008 0.370473 0.561705 0.367653 0.560242 0.365267 0.558453 0.362880 0.556663
0 0.355420 0.586075 0.354770 0.586078 0.357587 0.584775 0.359757 0.582823 0.361710 0.580707 0.363227 0.578430 0.363663 0.575990 0.365400 0.573700 0.365833 0.571100 0.366900 0.568175 0.366267 0.565575 0.364733 0.563150 0.361933 0.561175 0.358233 0.560525 0.354767 0.561825 0.352383 0.564115 0.350213 0.566065 0.349347 0.568508 0.348693 0.570947 0.347610 0.573712 0.346960 0.576153 0.347393 0.578592 0.348043 0.581033 0.349130 0.583472 0.350863 0.585587
0 0.273297 0.590500 0.275683 0.588712 0.276767 0.586273 0.278287 0.583830 0.280020 0.581717 0.281757 0.579275 0.283707 0.577160 0.286310 0.575372 0.288913 0.573745 0.291733 0.572442 0.295203 0.572605 0.298457 0.573420 0.299977 0.576022 0.298893 0.578462 0.298240 0.580902 0.298023 0.583342 0.298023 0.585945 0.295420 0.587735 0.292600 0.589200 0.290217 0.591153 0.288047 0.593268 0.285660 0.595220 0.283273 0.597172 0.280020 0.597823 0.276983 0.596520 0.275030 0.594405 0.274163 0.591965
0 0.373673 0.521155 0.376697 0.520095 0.378310 0.518130 0.379117 0.515710 0.380127 0.513440 0.380933 0.511173 0.381133 0.508902 0.381133 0.506483 0.381133 0.504062 0.380730 0.501493 0.380327 0.499225 0.379117 0.497108 0.376697 0.495595 0.374077 0.494385 0.371253 0.493478 0.368430 0.494385 0.366613 0.496350 0.366613 0.498770 0.366613 0.501190 0.366010 0.503610 0.365403 0.505877 0.365403 0.508298 0.366210 0.510567 0.368630 0.512080 0.369437 0.514347 0.370647 0.516465 0.371857 0.518582
0 0.444050 0.517977 0.445663 0.515860 0.447077 0.513742 0.448690 0.511777 0.449497 0.509508 0.449697 0.507240 0.449497 0.504970 0.449293 0.502702 0.449093 0.500435 0.448690 0.498165 0.446873 0.496200 0.444253 0.494990 0.441027 0.494535 0.438403 0.495745 0.435983 0.497258 0.434573 0.499375 0.433967 0.501645 0.433967 0.504215 0.433967 0.506635 0.433967 0.509055 0.434773 0.511323 0.435580 0.513593 0.436590 0.515860 0.438203 0.517827 0.441227 0.518582
0 0.455547 0.502552 0.458370 0.501040 0.461393 0.500738 0.464217 0.501645 0.467040 0.503005 0.469057 0.504820 0.471273 0.506635 0.473493 0.508298 0.475307 0.510265 0.476920 0.512230 0.478130 0.514347 0.478937 0.516617 0.478937 0.519038 0.478333 0.521305 0.475510 0.522365 0.472483 0.521910 0.469460 0.521155 0.466837 0.519792 0.464820 0.517977 0.462603 0.516315 0.461393 0.514197 0.459780 0.512080 0.458167 0.510112 0.456553 0.508147 0.455143 0.506030 0.454740 0.503760
0 0.419320 0.467712 0.421883 0.465612 0.423750 0.463337 0.425150 0.460888 0.426550 0.458437 0.426783 0.455813 0.426317 0.453188 0.425617 0.450562 0.424917 0.447763 0.424217 0.445137 0.421883 0.442862 0.418850 0.441287 0.415353 0.441462 0.413020 0.443738 0.411387 0.446188 0.410453 0.448813 0.409987 0.451437 0.409520 0.454062 0.409287 0.456688 0.409287 0.459663 0.409753 0.462288 0.412087 0.464562 0.415120 0.466313 0.418150 0.467712
0 0.471583 0.494312 0.471583 0.491337 0.471583 0.488538 0.471117 0.485913 0.470650 0.483288 0.469717 0.480663 0.468550 0.478038 0.465517 0.476637 0.463650 0.474187 0.461783 0.471913 0.458283 0.472788 0.455483 0.474538 0.454317 0.477163 0.453850 0.479788 0.453850 0.482938 0.453850 0.485913 0.454550 0.488538 0.455950 0.490988 0.457350 0.493435 0.458517 0.496060 0.461317 0.497810 0.464583 0.498860 0.468083 0.499385 0.470883 0.497635
0 0.511013 0.499910 0.511247 0.497285 0.511247 0.494485 0.510547 0.491863 0.510080 0.489237 0.509380 0.486613 0.507513 0.484337 0.504713 0.482588 0.501680 0.481187 0.499113 0.483462 0.497247 0.485737 0.495383 0.488187 0.494450 0.491163 0.494450 0.493960 0.494217 0.496585 0.493983 0.499210 0.493983 0.502010 0.494450 0.504635 0.495850 0.507085 0.498647 0.508835 0.501913 0.510060 0.505413 0.509885 0.507747 0.507785 0.508680 0.505160 0.509847 0.502535
0 0.495613 0.474712 0.497713 0.472438 0.498880 0.469813 0.499580 0.467187 0.499580 0.464388 0.497947 0.461938 0.496550 0.459487 0.495150 0.457038 0.493750 0.454587 0.491883 0.452313 0.489317 0.450387 0.485817 0.449688 0.482317 0.450038 0.480917 0.452487 0.480450 0.455113 0.480450 0.458087 0.481150 0.460712 0.482317 0.463337 0.483250 0.465963 0.484183 0.468587 0.486050 0.471037 0.489317 0.472438 0.492583 0.473663
0 0.515110 0.401527 0.515760 0.399087 0.515110 0.396647 0.514027 0.394207 0.513373 0.391765 0.512940 0.389325 0.512073 0.386885 0.510773 0.384607 0.509253 0.382330 0.507083 0.380377 0.504917 0.378425 0.502097 0.377125 0.499277 0.378587 0.497757 0.381030 0.497107 0.383632 0.496890 0.386072 0.497540 0.388675 0.498190 0.391115 0.498840 0.393555 0.499927 0.395995 0.500793 0.398435 0.502313 0.400715 0.504480 0.402665 0.507733 0.403480 0.510990 0.403967 0.514243 0.403642
