0 0.436107 0.534570 0.436107 0.532150 0.436510 0.529880 0.437113 0.527915 0.438323 0.525798 0.439937 0.523830 0.441147 0.521715 0.442963 0.519747 0.445987 0.520505 0.448810 0.521715 0.450423 0.523830 0.451430 0.526100 0.452037 0.528670 0.452440 0.530940 0.452843 0.533207 0.452237 0.535477 0.451633 0.537745 0.450827 0.540015 0.449617 0.542283 0.448407 0.544400 0.445787 0.545763 0.442760 0.546517 0.439533 0.546517 0.438323 0.544400 0.437317 0.542133 0.436710 0.539862 0.436510 0.537595
0 0.433887 0.516270 0.435097 0.514000 0.436510 0.511883 0.437113 0.509615 0.438323 0.507345 0.440140 0.505228 0.442157 0.503413 0.444577 0.501750 0.447400 0.500842 0.450020 0.502053 0.452037 0.503868 0.452640 0.506288 0.451833 0.508555 0.450623 0.510672 0.449417 0.512790 0.448003 0.514908 0.445987 0.516875 0.443970 0.518690 0.441550 0.520203 0.438527 0.520957 0.435500 0.520352 0.433483 0.518537
0 0.508903 0.518190 0.509740 0.517170 0.510473 0.516070 0.511310 0.514972 0.512147 0.513953 0.513193 0.513010 0.514133 0.511912 0.513923 0.510423 0.514553 0.509323 0.514970 0.508147 0.515390 0.506892 0.515597 0.505715 0.515807 0.504537 0.515807 0.503283 0.515807 0.502027 0.515597 0.500850 0.515493 0.499595 0.515073 0.498418 0.514657 0.497243 0.513610 0.496300 0.512250 0.495673 0.510680 0.495515 0.508590 0.496065 0.506080 0.497635 0.505033 0.498652 0.504090 0.499830 0.503567 0.501007 0.503253 0.502340 0.502730 0.503598 0.502313 0.504772 0.501790 0.506108 0.501580 0.507285 0.501477 0.508460 0.501370 0.509795 0.501477 0.510970 0.501790 0.512462 0.502207 0.513953 0.502837 0.515050 0.503987 0.515992 0.505347 0.516698 0.506810 0.517170
0 0.531080 0.503753 0.532333 0.502890 0.533380 0.501950 0.534217 0.500692 0.535053 0.499595 0.535890 0.498418 0.536833 0.497320 0.537460 0.496223 0.538087 0.494967 0.538403 0.493790 0.538507 0.492613 0.538507 0.491358 0.538507 0.490102 0.538297 0.488767 0.538087 0.487435 0.537880 0.486258 0.537773 0.485003 0.537567 0.483825 0.537043 0.482650 0.536207 0.481630 0.535577 0.480530 0.534950 0.479432 0.534323 0.478335 0.533693 0.477235 0.532333 0.476530 0.530977 0.475822 0.529407 0.475353 0.527420 0.475275 0.527420 0.475275 0.526163 0.476137 0.525013 0.477077 0.524177 0.478255 0.523653 0.479432 0.523340 0.480610 0.522920 0.481865 0.522397 0.483040 0.521873 0.484375 0.521560 0.485552 0.521247 0.486728 0.521037 0.487905 0.521143 0.489160 0.521143 0.490495 0.521457 0.491827 0.521560 0.493082 0.521667 0.494260 0.521980 0.495437 0.522503 0.496615 0.522920 0.497790 0.523443 0.499045 0.524280 0.500065 0.525117 0.501085 0.526267 0.501950 0.527627 0.502655 0.528673 0.503598
0 0.443253 0.502112 0.444293 0.500745 0.445467 0.499475 0.446507 0.498205 0.447157 0.496642 0.447810 0.495180 0.448330 0.493715 0.448460 0.492152 0.448460 0.490492 0.448460 0.488833 0.448460 0.487173 0.448330 0.485707 0.448200 0.484243 0.447940 0.482777 0.446637 0.481510 0.444943 0.480533 0.443123 0.479947 0.440910 0.479947 0.439347 0.481118 0.438043 0.482387 0.437003 0.483755 0.435570 0.485318 0.434790 0.486685 0.433750 0.488345 0.433357 0.489808 0.433620 0.491273 0.433880 0.492737 0.433880 0.494397 0.433880 0.495960 0.433620 0.497425 0.433620 0.499085 0.433750 0.500550 0.434530 0.501918 0.436483 0.502600 0.438437 0.502990 0.440387 0.503088
0 0.470657 0.483247 0.470657 0.483247 0.471440 0.481880 0.471570 0.480415 0.471700 0.478950 0.471700 0.477387 0.471307 0.475925 0.470787 0.474363 0.470657 0.472897 0.470397 0.471335 0.470137 0.469870 0.469877 0.468405 0.468703 0.467038 0.467533 0.465575 0.466360 0.464207 0.465320 0.462938 0.464277 0.461668 0.462587 0.460790 0.460633 0.460595 0.458680 0.460888 0.456987 0.461668 0.455557 0.462938 0.454773 0.464305 0.454123 0.465672 0.453473 0.467137 0.453343 0.468600 0.453213 0.470065 0.453213 0.471725 0.453343 0.473190 0.453603 0.474655 0.453993 0.476120 0.454903 0.477488 0.455687 0.478950 0.456337 0.480415 0.457117 0.481783 0.458290 0.483052 0.459850 0.484125 0.461543 0.484908 0.463237 0.485785 0.465190 0.486177 0.467273 0.486177 0.469227 0.485882
0 0.379603 0.526922 0.381480 0.525235 0.382790 0.523267 0.383917 0.521300 0.384853 0.519190 0.384853 0.516660 0.385040 0.514410 0.384853 0.512160 0.384477 0.510050 0.384103 0.507942 0.383167 0.505833 0.382230 0.503723 0.381290 0.501615 0.378667 0.500490 0.376043 0.499645 0.373230 0.499928 0.371167 0.501615 0.369480 0.503443 0.368357 0.505410 0.367417 0.507942 0.367417 0.510190 0.367230 0.512300 0.367043 0.514830 0.367043 0.517220 0.367607 0.519330 0.368730 0.521300 0.370230 0.523267 0.372293 0.524815 0.373793 0.526783 0.376230 0.528048 0.379230 0.527768
0 0.385893 0.479502 0.386163 0.476465 0.389943 0.474845 0.393723 0.476262 0.398043 0.477275 0.401823 0.478693 0.405603 0.479908 0.409110 0.481730 0.412350 0.483752 0.415050 0.486183 0.416940 0.489017 0.417210 0.492055 0.413700 0.493878 0.409650 0.494485 0.405603 0.494283 0.401823 0.492865 0.398313 0.491042 0.395343 0.488613 0.391833 0.486790 0.389133 0.484158
0 0.401823 0.474238 0.404523 0.471807 0.408300 0.470592 0.412350 0.469985 0.416400 0.469580 0.420720 0.469783 0.424770 0.469985 0.429090 0.470795 0.432597 0.472415 0.435567 0.474642 0.435297 0.477680 0.430977 0.478895 0.427200 0.480110 0.423150 0.480515 0.418830 0.480717 0.413970 0.480515 0.409920 0.479705 0.405873 0.478693 0.403173 0.476262
0 0.389943 0.474238 0.389403 0.471200 0.387513 0.468365 0.386973 0.465328 0.387243 0.462292 0.387783 0.459255 0.389673 0.456420 0.391833 0.453585 0.394533 0.451155 0.398313 0.449940 0.402363 0.450345 0.405063 0.452775 0.407490 0.455408 0.406950 0.458445 0.406410 0.462090 0.405333 0.465125 0.403713 0.468567 0.402093 0.471403 0.399123 0.473832 0.395073 0.474845
0 0.419253 0.438325 0.419253 0.438325 0.420430 0.437783 0.421243 0.436832 0.421877 0.435815 0.422600 0.434730 0.423143 0.433645 0.423683 0.432627 0.424047 0.431613 0.424407 0.430390 0.424497 0.429375 0.424497 0.428290 0.424497 0.427205 0.424497 0.425915 0.424497 0.424627 0.424497 0.423543 0.424317 0.422525 0.424047 0.421507 0.423593 0.420423 0.423143 0.419405 0.422960 0.418390 0.422780 0.417372 0.422510 0.416288 0.422057 0.415135 0.421153 0.414253 0.420067 0.413507 0.418893 0.412965 0.417537 0.412693 0.416090 0.412760 0.414733 0.413168 0.413560 0.413845 0.412653 0.414728 0.411840 0.415678 0.411297 0.416625 0.410937 0.417710 0.410847 0.418795 0.410757 0.419812 0.410667 0.420830 0.410303 0.421915 0.410033 0.423000 0.409850 0.424085 0.409760 0.425170 0.409760 0.426255 0.409760 0.427408 0.409760 0.428492 0.409760 0.429645 0.409850 0.430663 0.410123 0.431680 0.410483 0.432765 0.411480 0.433645 0.412383 0.434595 0.413107 0.435478 0.414010 0.436290 0.415367 0.436698 0.416450 0.437443 0.417627 0.437985 0.418893 0.438595
0 0.537257 0.614718 0.538303 0.612888 0.539523 0.611058 0.540220 0.609095 0.540570 0.607005 0.540570 0.604913 0.540570 0.602823 0.540570 0.600600 0.540047 0.598638 0.539350 0.596677 0.538303 0.594718 0.537083 0.592888 0.535513 0.591187 0.533073 0.590010 0.530460 0.589880 0.528020 0.590925 0.526450 0.592755 0.525407 0.594718 0.523663 0.596418 0.522270 0.598247 0.521570 0.600208 0.521747 0.602167 0.522617 0.604260 0.523140 0.606350 0.523663 0.608313 0.522967 0.610272 0.524187 0.612102 0.524883 0.614193 0.527150 0.615633 0.529413 0.616677 0.532030 0.616807 0.534470 0.615893
0 0.390733 0.649395 0.392477 0.647828 0.393347 0.645867 0.393870 0.643905 0.394567 0.641945 0.397180 0.641423 0.399273 0.642730 0.401540 0.643905 0.403283 0.645475 0.404850 0.647173 0.405897 0.649135 0.406593 0.651095 0.407640 0.652925 0.408683 0.654885 0.409207 0.657107 0.410080 0.659068 0.411123 0.661030 0.411473 0.662990 0.411473 0.665212 0.410777 0.667173 0.408860 0.668610 0.406243 0.669265 0.403630 0.668742 0.401363 0.667435 0.399620 0.665865 0.398053 0.664168 0.396833 0.662338 0.395613 0.660508 0.394043 0.658807 0.393347 0.656847 0.392477 0.654885 0.391780 0.652925
0 0.557997 0.607265 0.559393 0.605568 0.560263 0.603605 0.560960 0.601645 0.561310 0.599685 0.561657 0.597722 0.562180 0.595763 0.562353 0.593803 0.562353 0.591710 0.562180 0.589750 0.560960 0.587920 0.559043 0.586350 0.557300 0.584653 0.555033 0.583605 0.552420 0.583867 0.550153 0.585175 0.548237 0.586612 0.546843 0.588313 0.545623 0.590403 0.545100 0.592495 0.544927 0.594585 0.544753 0.596677 0.544753 0.598770 0.544753 0.600992 0.545100 0.602953 0.546147 0.604913 0.547367 0.606872 0.548587 0.608703 0.550330 0.610403 0.553117 0.610533 0.555557 0.609750
0 0.363227 0.404527 0.363790 0.403260 0.363790 0.401910 0.364240 0.400475 0.364690 0.399210 0.365030 0.397860 0.365480 0.396510 0.366040 0.395242 0.366603 0.393892 0.367390 0.392712 0.368517 0.391615 0.369417 0.390517 0.370430 0.389420 0.371443 0.388323 0.372903 0.387565 0.374593 0.387310 0.376280 0.387565 0.377743 0.388240 0.379093 0.389167 0.380107 0.390350 0.381120 0.391445 0.382133 0.392543 0.382920 0.393810 0.383370 0.395160 0.383593 0.396425 0.383707 0.397690 0.383707 0.399040 0.383707 0.400392 0.383707 0.401743 0.383483 0.403092 0.382807 0.404527 0.382020 0.405793 0.381120 0.406890 0.380443 0.408070 0.379770 0.409253 0.379320 0.410517 0.378757 0.411785 0.378080 0.412965 0.377180 0.414148 0.376057 0.415160 0.374480 0.415665 0.372680 0.415665 0.370993 0.415413 0.369303 0.415075 0.367840 0.414233 0.366380 0.413387 0.365480 0.412038 0.364803 0.410772 0.364353 0.409505 0.364130 0.408155 0.363790 0.406890
0 0.340027 0.392545 0.340027 0.390738 0.340177 0.389043 0.340780 0.387350 0.340930 0.385655 0.341083 0.383960 0.341837 0.382265 0.343340 0.380682 0.344847 0.379327 0.346203 0.377860 0.347860 0.376617 0.350120 0.377520 0.351777 0.378763 0.353433 0.380233 0.354790 0.381700 0.355993 0.383170 0.357050 0.384750 0.357650 0.386445 0.357650 0.388253 0.357803 0.390173 0.357803 0.391980 0.357650 0.393902 0.357200 0.395710 0.356447 0.397405 0.356900 0.399100 0.356133 0.400900 0.354933 0.402600 0.353283 0.404295 0.351627 0.405537 0.349517 0.406330 0.347257 0.406442 0.345000 0.405878 0.343643 0.404408 0.342740 0.402828 0.342137 0.401133 0.341233 0.400115 0.340177 0.398533 0.340330 0.396840 0.340780 0.395145 0.340630 0.393450
0 0.378137 0.382717 0.380247 0.381812 0.381903 0.380570 0.382507 0.378875 0.382357 0.376053 0.382357 0.375937 0.381753 0.374130 0.381300 0.372435 0.380850 0.370743 0.379947 0.369160 0.378890 0.367578 0.377383 0.366223 0.376030 0.364755 0.374523 0.363285 0.372413 0.362267 0.370457 0.361365 0.368347 0.360687 0.366087 0.360575 0.364130 0.361590 0.362773 0.363060 0.362473 0.364868 0.362473 0.366675 0.362473 0.368482 0.362623 0.370290 0.363527 0.371872 0.365033 0.373228 0.366087 0.374808 0.367593 0.376277 0.369703 0.377067 0.371810 0.377745 0.373770 0.378650 0.375577 0.379892 0.376030 0.381587 0.376630 0.383283
0 0.509493 0.403870 0.511760 0.402825 0.514200 0.401650 0.516640 0.400735 0.519427 0.400342 0.522043 0.400473 0.524830 0.400473 0.527620 0.400735 0.530233 0.401257 0.533023 0.401910 0.535810 0.402565 0.538250 0.403348 0.540517 0.404655 0.542607 0.406092 0.543480 0.408055 0.543130 0.410015 0.542087 0.411845 0.540167 0.413413 0.537553 0.414067 0.534940 0.414327 0.532150 0.414327 0.529537 0.414197 0.526747 0.413805 0.524133 0.413413 0.521693 0.412630 0.519253 0.411845 0.516813 0.411060 0.514723 0.409623 0.512980 0.407923 0.511063 0.406485
0 0.529710 0.400735 0.531627 0.399295 0.533720 0.397990 0.535113 0.396160 0.536160 0.394327 0.536333 0.392367 0.536507 0.390277 0.536683 0.388315 0.536683 0.386092 0.536683 0.384003 0.535810 0.382043 0.535113 0.380080 0.533893 0.378250 0.531977 0.376812 0.529710 0.375767 0.527097 0.375638 0.524657 0.376553 0.522913 0.378120 0.521520 0.379950 0.520997 0.381910 0.520473 0.383873 0.520123 0.385832 0.520123 0.387923 0.520123 0.390015 0.520123 0.392107 0.520300 0.394068 0.521170 0.396027 0.522563 0.397728 0.524830 0.398905 0.527097 0.400080
0 0.514207 0.376570 0.514657 0.374877 0.514810 0.373183 0.514960 0.371488 0.515110 0.369680 0.515260 0.367985 0.515863 0.366290 0.516617 0.364595 0.518273 0.363353 0.519630 0.361320 0.519930 0.361207 0.521587 0.359737 0.523547 0.358495 0.525353 0.357365 0.527310 0.356348 0.529420 0.355558 0.531680 0.355332 0.533940 0.355558 0.535747 0.356687 0.536200 0.358382 0.536800 0.360190 0.536950 0.361885 0.535597 0.363353 0.534540 0.364935 0.533637 0.366517 0.532733 0.368210 0.531377 0.369680 0.529873 0.371035 0.528517 0.372505 0.526557 0.373520 0.524600 0.374538 0.523233 0.376350 0.521300 0.377350 0.518867 0.378375 0.514667 0.378725
0 0.400793 0.327313 0.403053 0.326863 0.405010 0.325845 0.406217 0.324377 0.407120 0.322682 0.407723 0.320988 0.407873 0.319180 0.407873 0.317260 0.407723 0.315337 0.407420 0.313642 0.406970 0.311950 0.406367 0.310142 0.405763 0.308335 0.405010 0.306640 0.404107 0.305057 0.402600 0.303590 0.401533 0.301775 0.399433 0.300425 0.397633 0.299075 0.395673 0.298730 0.394167 0.297375 0.391907 0.297940 0.390700 0.299408 0.389947 0.301102 0.389947 0.302910 0.388440 0.304267 0.387537 0.305848 0.386933 0.307542 0.387087 0.309237 0.387537 0.311045 0.388140 0.312740 0.388593 0.314435 0.388893 0.316130 0.389193 0.317825 0.390250 0.319405 0.391757 0.320875 0.392960 0.322342 0.394317 0.323813 0.395220 0.325392 0.396423 0.326863 0.398383 0.327765
0 0.434353 0.328025 0.434353 0.328025 0.436313 0.327122 0.438120 0.325993 0.439627 0.324522 0.440833 0.323055 0.442037 0.321473 0.443090 0.319777 0.444297 0.318310 0.445050 0.316615 0.445350 0.314920 0.445653 0.313113 0.445803 0.311418 0.445803 0.309610 0.445653 0.307690 0.445500 0.305995 0.445050 0.304300 0.444147 0.302720 0.442940 0.301250 0.440833 0.300348 0.438573 0.300007 0.436313 0.300572 0.434507 0.301702 0.432697 0.302833 0.431343 0.304300 0.430437 0.305995 0.429987 0.307690 0.429533 0.309385 0.429233 0.311080 0.428480 0.312775 0.428180 0.314467 0.428180 0.316275 0.427877 0.317970 0.428027 0.319665 0.428630 0.321473 0.430137 0.322827 0.431343 0.324298 0.432247 0.325880 0.433903 0.327122
0 0.459403 0.310422 0.461320 0.308853 0.463587 0.307808 0.466200 0.307155 0.469163 0.306630 0.472127 0.306630 0.475090 0.306630 0.477877 0.306630 0.480667 0.306762 0.483453 0.307022 0.486070 0.307545 0.488857 0.308200 0.491473 0.308853 0.493913 0.309767 0.496003 0.311075 0.497747 0.312645 0.498270 0.314605 0.498617 0.316565 0.497223 0.318265 0.494610 0.318527 0.491993 0.318918 0.489380 0.319050 0.486940 0.319832 0.484327 0.320225 0.481710 0.320358 0.478750 0.320358 0.476133 0.320095 0.473347 0.319832 0.470730 0.319572 0.468117 0.319050 0.465850 0.318003 0.463410 0.317087 0.461493 0.315650 0.460273 0.313820 0.459577 0.311860
0 0.499663 0.290945 0.500013 0.288985 0.500013 0.286892 0.500187 0.284932 0.500710 0.282973 0.502103 0.281272 0.504020 0.279835 0.506460 0.278920 0.509073 0.279180 0.510817 0.280750 0.512037 0.282710 0.512910 0.284803 0.513607 0.286892 0.513953 0.288853 0.514303 0.290945 0.514303 0.293168 0.514130 0.295127 0.513433 0.297090 0.511690 0.298788 0.510817 0.300750 0.510643 0.302710 0.508900 0.304410 0.506460 0.303363 0.504020 0.302580 0.502627 0.300880 0.501580 0.299050 0.501233 0.297090 0.500360 0.295127 0.500360 0.293038
0 0.516220 0.262450 0.516393 0.260488 0.516917 0.258398 0.517440 0.256435 0.518660 0.254605 0.520230 0.252908 0.521100 0.250945 0.522497 0.249248 0.524063 0.247548 0.526677 0.247285 0.528943 0.248333 0.531210 0.249378 0.533823 0.253300 0.534870 0.255130 0.535567 0.257220 0.535740 0.259313 0.536263 0.261272 0.536613 0.263233 0.536613 0.265325 0.535917 0.267547 0.535740 0.269508 0.535217 0.271467 0.534870 0.273430 0.533823 0.275260 0.532603 0.277090 0.530337 0.278265 0.527723 0.278788 0.525110 0.279180 0.523017 0.277873 0.521277 0.276305 0.520230 0.274475 0.519010 0.272645 0.518137 0.270685 0.517267 0.268592 0.516743 0.266500
0 0.532953 0.581803 0.533300 0.581673 0.534870 0.579973 0.536263 0.578143 0.537657 0.576313 0.539227 0.574483 0.539750 0.572130 0.539750 0.570037 0.539750 0.567945 0.539227 0.565725 0.538180 0.563895 0.537137 0.562065 0.536787 0.559972 0.536437 0.558013 0.534520 0.556442 0.531907 0.556050 0.529293 0.556442 0.527723 0.558142 0.526330 0.559972 0.525283 0.561802 0.523890 0.563503 0.523193 0.565462 0.522670 0.567685 0.522320 0.569908 0.522147 0.571867 0.522147 0.574090 0.522147 0.576183 0.522147 0.578273 0.522670 0.580365 0.523890 0.582325 0.526157 0.583503 0.528770 0.583763 0.531383 0.583893
0 0.476873 0.530185 0.477550 0.529003 0.478450 0.527822 0.478673 0.526555 0.478900 0.525290 0.479123 0.524025 0.479913 0.522842 0.481600 0.522758 0.483287 0.523010 0.484977 0.523432 0.486550 0.523940 0.488013 0.524783 0.489253 0.525795 0.490603 0.526725 0.491953 0.527567 0.493077 0.528665 0.493867 0.529847 0.494767 0.531112 0.495667 0.532210 0.496567 0.533390 0.497017 0.534658 0.497577 0.535922 0.498140 0.537190 0.498367 0.538455 0.498703 0.539805 0.498817 0.541155 0.498817 0.542505 0.498817 0.543940 0.498480 0.545205 0.498253 0.546472 0.497577 0.547737 0.496340 0.548665 0.494877 0.549425 0.493303 0.550015 0.491613 0.549763 0.490153 0.549087 0.488913 0.548075 0.487790 0.547063 0.486663 0.546050 0.485763 0.544952 0.484640 0.543855 0.483627 0.542758 0.482950 0.541577 0.482163 0.540395 0.481600 0.539130 0.480813 0.537948 0.479913 0.536850 0.478787 0.535670 0.478223 0.534320 0.477887 0.533053 0.477663 0.531787
0 0.424710 0.583925 0.425460 0.581815 0.426773 0.579705 0.427710 0.577597 0.428460 0.575487 0.429583 0.573380 0.429960 0.571270 0.430147 0.569160 0.429583 0.567052 0.428833 0.564943 0.427523 0.562975 0.426397 0.561005 0.423960 0.559880 0.421147 0.560585 0.418337 0.561288 0.416273 0.562832 0.414773 0.564663 0.413087 0.566490 0.411587 0.568597 0.411023 0.570708 0.411023 0.572958 0.411023 0.575207 0.411023 0.577457 0.410650 0.579565 0.410650 0.581815 0.411773 0.583782 0.413837 0.585470 0.416273 0.586737 0.419087 0.587298 0.421710 0.586315
0 0.444393 0.576472 0.446643 0.575065 0.449080 0.573660 0.451520 0.572395 0.453207 0.570568 0.453767 0.568318 0.454707 0.566207 0.455080 0.564100 0.455267 0.561990 0.455080 0.559880 0.454893 0.557773 0.454517 0.555663 0.453767 0.553553 0.451893 0.551725 0.449270 0.550742 0.446083 0.550320 0.443270 0.550180 0.440833 0.551445 0.439147 0.553273 0.438020 0.555240 0.437083 0.557490 0.436333 0.559600 0.436147 0.561708 0.435957 0.563817 0.435957 0.566067 0.435957 0.568457 0.436147 0.570568 0.436897 0.572675 0.438583 0.574503 0.440647 0.576190
0 0.334537 0.552570 0.335847 0.550600 0.336973 0.548633 0.338847 0.546945 0.340347 0.544978 0.341283 0.542867 0.341660 0.540758 0.340910 0.538510 0.339783 0.536540 0.338473 0.534573 0.337160 0.532602 0.336033 0.530495 0.333973 0.528948 0.331537 0.527683 0.328537 0.527400 0.325723 0.528245 0.323287 0.529650 0.321973 0.531620 0.320850 0.533727 0.320100 0.535837 0.320663 0.537948 0.321223 0.540055 0.321223 0.542305 0.321413 0.544415 0.322537 0.546383 0.324410 0.548070 0.325537 0.550038 0.327037 0.551867 0.329850 0.552710 0.332473 0.553553
0 0.534313 0.533057 0.537137 0.532150 0.539557 0.530638 0.539960 0.528218 0.540363 0.525948 0.540967 0.523680 0.540967 0.521260 0.540767 0.518992 0.540363 0.516722 0.539960 0.514455 0.539353 0.512185 0.537740 0.510068 0.536127 0.508103 0.534110 0.506288 0.530883 0.506437 0.529270 0.508405 0.527657 0.510522 0.526043 0.512487 0.524833 0.514605 0.524230 0.516875 0.524430 0.519143 0.525237 0.521413 0.525640 0.523830 0.526043 0.526100 0.526650 0.528367 0.527860 0.530638 0.530077 0.532300
0 0.467220 0.535840 0.467020 0.535840 0.469843 0.534630 0.472463 0.533268 0.473877 0.530395 0.474077 0.528128 0.474480 0.525857 0.474683 0.523590 0.474683 0.521170 0.474480 0.518900 0.473473 0.516633 0.471860 0.514665 0.470247 0.512700 0.467220 0.511942 0.464397 0.513003 0.462583 0.514968 0.460567 0.517237 0.458953 0.519355 0.457947 0.521622 0.457340 0.523893 0.457947 0.526462 0.457733 0.528125 0.457333 0.530100 0.458567 0.532825 0.460567 0.535075 0.464000 0.536450
