0 0.532807 0.439660 0.535373 0.437735 0.537240 0.435285 0.538407 0.432488 0.538873 0.429863 0.538873 0.427063 0.538873 0.424262 0.538640 0.421637 0.538407 0.419013 0.536540 0.416563 0.534207 0.414462 0.531640 0.412538 0.528373 0.411488 0.525340 0.413062 0.524407 0.415687 0.523007 0.418137 0.522307 0.420938 0.522073 0.423737 0.523007 0.426363 0.524173 0.429163 0.524407 0.431788 0.524640 0.434410 0.525807 0.437035 0.527907 0.439310 0.531173 0.440710
0 0.557773 0.452435 0.558940 0.449810 0.558940 0.446835 0.558940 0.443860 0.558707 0.441235 0.557540 0.438610 0.556607 0.435985 0.555207 0.433360 0.552873 0.431087 0.551940 0.428288 0.549140 0.426538 0.545640 0.427762 0.545407 0.429863 0.544707 0.432488 0.543307 0.434935 0.541673 0.437385 0.543073 0.440010 0.544007 0.442635 0.544707 0.445260 0.545173 0.447885 0.546340 0.450860 0.548907 0.452785 0.551940 0.454360 0.555440 0.454710
0 0.311297 0.372147 0.313033 0.370033 0.314333 0.367755 0.314770 0.365315 0.314770 0.362710 0.314553 0.360270 0.313467 0.357668 0.312383 0.355228 0.311517 0.352788 0.309563 0.350672 0.307610 0.348558 0.305007 0.346930 0.301753 0.346280 0.298500 0.346118 0.295463 0.347908 0.294163 0.350185 0.293947 0.352788 0.294597 0.355228 0.295680 0.357668 0.296330 0.360108 0.296763 0.362548 0.298067 0.364825 0.299367 0.367102 0.301320 0.369217 0.304140 0.370683 0.306960 0.371985 0.309780 0.373285
0 0.456977 0.382040 0.459800 0.381132 0.462423 0.379772 0.464843 0.378108 0.466457 0.376142 0.467867 0.373875 0.469077 0.371758 0.469883 0.369337 0.470287 0.367067 0.470487 0.364800 0.470287 0.362380 0.469480 0.360110 0.468470 0.357842 0.466053 0.356178 0.463430 0.354818 0.460407 0.354212 0.457783 0.355423 0.455767 0.357540 0.454357 0.359658 0.452743 0.361925 0.451937 0.364195 0.451937 0.366615 0.452540 0.368883 0.452540 0.371303 0.453147 0.373572 0.453750 0.375840 0.454357 0.378108 0.454557 0.380377
0 0.526773 0.357120 0.528187 0.355002 0.530807 0.353490 0.532823 0.351372 0.533833 0.349103 0.534437 0.346835 0.534640 0.344565 0.534840 0.342298 0.534640 0.340027 0.534033 0.337760 0.533630 0.335490 0.532220 0.333373 0.530000 0.331408 0.526573 0.331255 0.524557 0.330952 0.521937 0.332163 0.519920 0.334130 0.518507 0.336397 0.517700 0.338668 0.517297 0.341087 0.517297 0.343658 0.517097 0.346077 0.517297 0.348498 0.518507 0.350615 0.520927 0.352280 0.523347 0.353942 0.524757 0.356060
0 0.429957 0.367522 0.430157 0.365102 0.429150 0.362833 0.429150 0.360413 0.428947 0.358145 0.429150 0.355875 0.430157 0.353608 0.431167 0.351337 0.432377 0.349220 0.433987 0.347255 0.436003 0.345440 0.438827 0.344230 0.441853 0.343625 0.445080 0.344230 0.447500 0.345895 0.449113 0.348163 0.449313 0.350430 0.448910 0.352850 0.448307 0.355120 0.447097 0.357690 0.445887 0.359808 0.444877 0.362077 0.443667 0.364345 0.442457 0.366462 0.440240 0.368127 0.437417 0.369035 0.433787 0.369337
0 0.542503 0.314317 0.541293 0.312200 0.540287 0.309930 0.540287 0.307510 0.540287 0.305090 0.540287 0.302520 0.541093 0.300250 0.542303 0.297983 0.543513 0.295865 0.546537 0.295712 0.549360 0.296772 0.551580 0.298435 0.552990 0.300705 0.554403 0.303125 0.555410 0.305393 0.556620 0.307510 0.557630 0.309780 0.558033 0.312200 0.558233 0.314620 0.558233 0.317190 0.558033 0.319460 0.556620 0.321577 0.554000 0.322937 0.550973 0.322788 0.547950 0.322030 0.545730 0.320368 0.544520 0.318250 0.543713 0.315830
0 0.421583 0.484088 0.423647 0.482400 0.425523 0.480712 0.427023 0.478743 0.428147 0.476635 0.428520 0.474525 0.428897 0.472415 0.428897 0.470168 0.428710 0.468058 0.428520 0.465948 0.428147 0.463840 0.427583 0.461730 0.427397 0.459762 0.427397 0.459762 0.425147 0.458215 0.422710 0.456950 0.419897 0.457090 0.417087 0.457935 0.415210 0.459620 0.414273 0.461730 0.413150 0.463697 0.412210 0.465807 0.412210 0.468058 0.412023 0.470730 0.412023 0.472977 0.412023 0.475228 0.413337 0.477197 0.414460 0.479165 0.415773 0.481135 0.418587 0.483665
0 0.417403 0.653957 0.420670 0.652907 0.423703 0.651508 0.426503 0.649758 0.428137 0.647290 0.429537 0.644683 0.430237 0.642058 0.431170 0.639432 0.432337 0.636807 0.432803 0.634182 0.432103 0.631383 0.430470 0.628915 0.427437 0.627515 0.423703 0.627358 0.420903 0.629283 0.419270 0.631732 0.416937 0.634182 0.415073 0.636458 0.413207 0.638732 0.412973 0.641357 0.412973 0.644332 0.412973 0.647132 0.412973 0.649933 0.414607 0.652540
0 0.372607 0.645015 0.375640 0.643282 0.379607 0.643282 0.383107 0.644332 0.386607 0.645715 0.389873 0.646783 0.392907 0.648182 0.395940 0.649933 0.398040 0.652207 0.399673 0.654658 0.401307 0.657090 0.401307 0.659907 0.398973 0.661658 0.395473 0.662708 0.391973 0.662357 0.388940 0.660940 0.385440 0.659558 0.382640 0.657807 0.380073 0.655883 0.377740 0.653608 0.375640 0.651332 0.373540 0.649057
0 0.296077 0.628582 0.299343 0.627515 0.302843 0.626482 0.306343 0.625240 0.310077 0.624732 0.313577 0.624557 0.317543 0.625082 0.321043 0.625783 0.324310 0.626833 0.326877 0.628758 0.328510 0.631190 0.329910 0.633833 0.326877 0.635232 0.324077 0.636107 0.320577 0.637158 0.316843 0.637683 0.313343 0.636983 0.309143 0.636458 0.305643 0.635915 0.302143 0.635408 0.298643 0.634533 0.296077 0.632607 0.296310 0.629983
0 0.361850 0.623840 0.363017 0.621215 0.362083 0.618590 0.361617 0.615965 0.361850 0.613167 0.361850 0.610367 0.360683 0.607742 0.358583 0.605293 0.356717 0.602668 0.355783 0.600043 0.352283 0.599692 0.349250 0.601442 0.346917 0.604242 0.346217 0.606868 0.346217 0.609668 0.346450 0.612293 0.346450 0.615090 0.346917 0.618065 0.347383 0.620690 0.348550 0.623315 0.351583 0.624890 0.355083 0.625765 0.358817 0.625765
0 0.441997 0.620060 0.441763 0.619885 0.445730 0.619360 0.449230 0.619010 0.452030 0.616735 0.452263 0.617085 0.450397 0.614635 0.449463 0.612013 0.449230 0.609388 0.446430 0.607638 0.442697 0.607812 0.442230 0.610437 0.441997 0.613062 0.441530 0.615685 0.441297 0.618310
0 0.383783 0.592867 0.386583 0.590943 0.388683 0.588492 0.389383 0.585867 0.389383 0.583067 0.389150 0.580268 0.388683 0.577468 0.387517 0.574842 0.386117 0.572217 0.383783 0.570117 0.380517 0.568717 0.377483 0.570643 0.375850 0.573093 0.375383 0.577817 0.374450 0.580793 0.374217 0.583418 0.375617 0.585867 0.377250 0.588318 0.378883 0.590768 0.380517 0.593217
0 0.406417 0.597067 0.408517 0.594793 0.409683 0.591992 0.411083 0.589193 0.411317 0.586568 0.411317 0.583592 0.410383 0.580793 0.408517 0.578518 0.407117 0.575893 0.405483 0.573442 0.401983 0.572742 0.398250 0.572742 0.395917 0.574842 0.394750 0.577468 0.393817 0.580093 0.392417 0.582717 0.391950 0.585342 0.391483 0.587967 0.391483 0.590768 0.392650 0.593392 0.394283 0.595842 0.396850 0.597943 0.400117 0.598992 0.403617 0.599167
0 0.450747 0.572217 0.450280 0.569592 0.450513 0.566967 0.451447 0.564342 0.449580 0.561893 0.448180 0.559092 0.446547 0.556643 0.444213 0.554543 0.441880 0.552445 0.438613 0.550870 0.435113 0.550170 0.432547 0.552095 0.431613 0.554893 0.431380 0.557693 0.432547 0.560667 0.433480 0.563292 0.434647 0.566092 0.437680 0.568367 0.440947 0.569592 0.443980 0.571168 0.447247 0.572217
0 0.504457 0.536415 0.507957 0.536065 0.511457 0.535190 0.514490 0.533440 0.516357 0.530990 0.517990 0.528540 0.518923 0.525740 0.519857 0.523115 0.520323 0.520490 0.519857 0.517865 0.518690 0.515240 0.516123 0.513315 0.513323 0.511565 0.510523 0.513315 0.507723 0.515065 0.504690 0.516640 0.502823 0.518915 0.501423 0.521365 0.500490 0.523990 0.499790 0.526615 0.499790 0.529415 0.500723 0.532040 0.501890 0.534665
0 0.507723 0.553388 0.510290 0.551465 0.512157 0.549190 0.514723 0.547265 0.517757 0.545690 0.519390 0.543240 0.520557 0.540615 0.521967 0.535900 0.519390 0.535890 0.515657 0.536240 0.512157 0.537115 0.508890 0.538340 0.506090 0.540440 0.503757 0.543065 0.501890 0.545340 0.500957 0.547965 0.500957 0.550940 0.503757 0.552690 0.507490 0.553562
0 0.455460 0.541490 0.458260 0.539565 0.459660 0.537115 0.462927 0.536065 0.465960 0.534490 0.468527 0.536415 0.470393 0.538690 0.472260 0.541140 0.474127 0.543590 0.474360 0.546215 0.473660 0.548840 0.472727 0.551465 0.469227 0.551815 0.465727 0.550940 0.462927 0.549190 0.460827 0.546915 0.458960 0.544640 0.456627 0.542540
0 0.454527 0.514190 0.457793 0.513140 0.460593 0.511390 0.462460 0.509115 0.464793 0.507015 0.466193 0.504390 0.467827 0.501940 0.468993 0.499315 0.470160 0.496690 0.469693 0.494065 0.467593 0.491793 0.464327 0.490743 0.461527 0.490918 0.458960 0.493017 0.456860 0.495290 0.454993 0.497565 0.452893 0.499840 0.451493 0.502290 0.451260 0.504915 0.450560 0.507715 0.451027 0.510340
0 0.382663 0.518565 0.384763 0.516290 0.385230 0.513665 0.385463 0.510690 0.385463 0.507890 0.384763 0.505090 0.383830 0.502465 0.382897 0.499840 0.381963 0.497215 0.381030 0.494590 0.377530 0.492842 0.374263 0.491617 0.370763 0.491443 0.368197 0.493890 0.367263 0.496515 0.367497 0.499315 0.367963 0.501940 0.368197 0.504565 0.368197 0.507365 0.368663 0.509990 0.369597 0.512615 0.371463 0.515240 0.373330 0.517515 0.376363 0.519090 0.379630 0.520140
0 0.333550 0.507267 0.335640 0.505830 0.336687 0.503870 0.338080 0.502170 0.339300 0.500340 0.339997 0.498380 0.339997 0.496288 0.339997 0.494195 0.339127 0.492235 0.337557 0.490535 0.335117 0.489490 0.332853 0.490535 0.331283 0.492235 0.329900 0.493400 0.328333 0.495250 0.327633 0.497600 0.327623 0.499817 0.327450 0.501777 0.328147 0.503870 0.329017 0.505830 0.330760 0.507397
0 0.300433 0.491450 0.301480 0.489620 0.302003 0.487660 0.302527 0.485700 0.303570 0.483737 0.305837 0.482692 0.308450 0.483348 0.311240 0.483870 0.313507 0.485177 0.314900 0.486875 0.315770 0.488967 0.316817 0.490797 0.317863 0.492758 0.318910 0.494980 0.319257 0.496940 0.319430 0.499163 0.319430 0.501255 0.319607 0.503215 0.319607 0.505308 0.318210 0.507138 0.316120 0.508445 0.313680 0.509228 0.311067 0.509360 0.308800 0.508312 0.306883 0.506875 0.306187 0.504915 0.305663 0.502955 0.304967 0.500992 0.304617 0.499033 0.304270 0.497072 0.303050 0.495110 0.301653 0.493413
0 0.484407 0.312638 0.484407 0.312638 0.486623 0.310975 0.488440 0.308858 0.490053 0.306587 0.490860 0.304168 0.491667 0.301598 0.492070 0.299177 0.492070 0.296455 0.492070 0.293882 0.492070 0.291462 0.491463 0.289195 0.489850 0.287077 0.487430 0.285415 0.484607 0.284507 0.481783 0.285415 0.479567 0.287230 0.477953 0.289195 0.476540 0.291312 0.475330 0.294035 0.474527 0.296303 0.473720 0.298723 0.473720 0.301445 0.473920 0.304017 0.474123 0.306285 0.475330 0.308555 0.477750 0.310067 0.479970 0.311883 0.482390 0.313395
0 0.395713 0.482680 0.398337 0.481415 0.400027 0.479587 0.401900 0.477760 0.403023 0.475790 0.403213 0.473683 0.402837 0.471573 0.403400 0.467918 0.403213 0.467775 0.402273 0.465668 0.401900 0.463558 0.400963 0.461307 0.399463 0.459480 0.397213 0.457792 0.394400 0.456950 0.391590 0.457090 0.388963 0.458215 0.388027 0.460325 0.388027 0.462575 0.388213 0.464682 0.388027 0.466792 0.387840 0.468900 0.387653 0.471010 0.388590 0.473120 0.390090 0.475087 0.391590 0.476915 0.392900 0.478885 0.393277 0.480992
0 0.485903 0.510103 0.485903 0.510208 0.483663 0.509788 0.483243 0.508212 0.483383 0.506637 0.483383 0.504957 0.483243 0.503382 0.483383 0.501805 0.483523 0.500230 0.483943 0.498655 0.484643 0.497080 0.484783 0.495505 0.485343 0.493928 0.486043 0.492353 0.486883 0.490777 0.488283 0.489517 0.490383 0.489202 0.492627 0.489202 0.494307 0.490358 0.494447 0.491932 0.493607 0.493402 0.493747 0.495085 0.494167 0.496660 0.494027 0.498235 0.493047 0.499705 0.492207 0.501385 0.492067 0.502960 0.490663 0.504328 0.489123 0.505587 0.488003 0.506953 0.486603 0.508212 0.486043 0.509788
0 0.486463 0.509955 0.486603 0.508380 0.487303 0.506805 0.488563 0.505440 0.490243 0.504390 0.491927 0.503340 0.493747 0.502500 0.495707 0.501765 0.497807 0.501238 0.500047 0.501132 0.502707 0.501343 0.504810 0.501132 0.507190 0.501343 0.509710 0.501765 0.511810 0.502080 0.513770 0.502710 0.515310 0.503865 0.516153 0.505335 0.516433 0.506910 0.516013 0.508485 0.515310 0.510060 0.513910 0.511323 0.512090 0.512163 0.509990 0.512582 0.507750 0.512792 0.505650 0.513003 0.503547 0.513317 0.501447 0.513528 0.499207 0.513633 0.497107 0.513842 0.495007 0.513633 0.493047 0.513003 0.490943 0.512267 0.488983 0.511637
0 0.519373 0.495252 0.519233 0.493677 0.518953 0.492100 0.518533 0.490525 0.518113 0.488950 0.517553 0.487375 0.517133 0.485800 0.516433 0.484225 0.515030 0.482962 0.514190 0.481492 0.512930 0.480127 0.511530 0.478868 0.509570 0.478133 0.507750 0.477293 0.505650 0.477187 0.503970 0.478238 0.503127 0.479708 0.502287 0.481387 0.501727 0.483067 0.501447 0.484645 0.501307 0.486220 0.501307 0.487900 0.501447 0.489580 0.502567 0.490945 0.503407 0.492418 0.504250 0.493887 0.505090 0.495462 0.506210 0.496827 0.507190 0.498298 0.508590 0.499557 0.510410 0.500502 0.512510 0.501027 0.514610 0.501238 0.516573 0.500607 0.518113 0.499452 0.519233 0.498087
0 0.534497 0.496932 0.535617 0.495147 0.536457 0.493677 0.537577 0.492310 0.538417 0.490840 0.538697 0.489265 0.538557 0.487585 0.537857 0.485905 0.537717 0.484330 0.537717 0.482438 0.537297 0.480758 0.536737 0.479183 0.535897 0.477712 0.535057 0.476243 0.533797 0.474878 0.531837 0.473825 0.529597 0.473510 0.527493 0.473615 0.525393 0.474140 0.523433 0.474878 0.522173 0.476243 0.520913 0.477608 0.520493 0.479288 0.520633 0.480863 0.520913 0.482648 0.521333 0.484435 0.521753 0.486010 0.522033 0.487585 0.522593 0.489265 0.523433 0.490840 0.524273 0.492310 0.525253 0.493783 0.526933 0.494937 0.528337 0.496303 0.530157 0.497353 0.532397 0.497353
0 0.542480 0.483595 0.543180 0.481913 0.543460 0.480127 0.543600 0.478552 0.543880 0.476977 0.544440 0.475193 0.545560 0.473720 0.546540 0.472250 0.547520 0.470780 0.548920 0.469520 0.550740 0.468575 0.552563 0.467735 0.554523 0.466895 0.556483 0.466265 0.558583 0.465950 0.559423 0.467525 0.559423 0.469205 0.560263 0.470990 0.560823 0.472565 0.561103 0.474140 0.560963 0.475928 0.560403 0.477608 0.559283 0.479183 0.558443 0.480758 0.557463 0.482332 0.556343 0.483805 0.555363 0.485275 0.554243 0.486745 0.552563 0.487795 0.550460 0.488215 0.548220 0.488425 0.546120 0.488215 0.544300 0.487375 0.543180 0.486010
0 0.507607 0.465560 0.510407 0.463810 0.512273 0.461535 0.512973 0.458735 0.512973 0.455935 0.512507 0.453310 0.511573 0.450685 0.510407 0.448060 0.508540 0.445785 0.506733 0.442975 0.503233 0.441875 0.498567 0.442775 0.496867 0.445750 0.497340 0.449110 0.496873 0.451735 0.497107 0.454360 0.498273 0.456985 0.499207 0.459785 0.500607 0.462410 0.503407 0.464160
0 0.486610 0.463985 0.489643 0.462235 0.491510 0.459610 0.493377 0.456810 0.494543 0.454185 0.494777 0.451560 0.494777 0.448410 0.494543 0.445785 0.493610 0.443160 0.493143 0.440535 0.491277 0.438260 0.488477 0.436510 0.484977 0.436160 0.482410 0.438085 0.480310 0.440360 0.478443 0.442810 0.477277 0.445435 0.476810 0.448060 0.476577 0.450860 0.476577 0.453835 0.477043 0.456460 0.477510 0.459085 0.477977 0.461710 0.480310 0.463810 0.483810 0.464510
0 0.470510 0.442810 0.472377 0.440535 0.473777 0.438085 0.474477 0.435460 0.474477 0.432663 0.474243 0.430038 0.473310 0.427413 0.472143 0.424788 0.470977 0.421637 0.469577 0.418837 0.466543 0.416387 0.463043 0.416038 0.460010 0.417438 0.458143 0.419712 0.456510 0.422162 0.456043 0.424788 0.456043 0.427587 0.457677 0.430038 0.458377 0.432837 0.457210 0.435460 0.458610 0.437910 0.460010 0.440360 0.461643 0.442810 0.464210 0.444735 0.467710 0.445085
0 0.399390 0.434988 0.402750 0.431712 0.405100 0.428183 0.407790 0.424655 0.407453 0.420875 0.407453 0.416845 0.406447 0.413065 0.404430 0.409285 0.399053 0.409535 0.394687 0.411552 0.391327 0.414575 0.389647 0.418355 0.389647 0.422387 0.389310 0.426168 0.388973 0.430200 0.388973 0.434233 0.393007 0.437255
0 0.422440 0.420397 0.422440 0.420145 0.425127 0.416618 0.427143 0.413090 0.429157 0.409058 0.430167 0.405277 0.429830 0.401498 0.428150 0.397717 0.426133 0.394190 0.421430 0.392425 0.416390 0.393937 0.413367 0.397215 0.410680 0.400490 0.409333 0.404523 0.409333 0.408552 0.409670 0.412332 0.411350 0.416112 0.414040 0.419390 0.419080 0.420650
0 0.493843 0.428462 0.494543 0.425837 0.494777 0.423038 0.495477 0.420413 0.496410 0.417788 0.496643 0.415163 0.495233 0.412525 0.494067 0.409550 0.493133 0.407100 0.492200 0.404125 0.488933 0.402050 0.484967 0.402025 0.481943 0.404313 0.479843 0.406587 0.479610 0.409388 0.479843 0.412363 0.480067 0.415500 0.481700 0.418650 0.482400 0.420925 0.484033 0.424075 0.486133 0.426350 0.488467 0.428800 0.491500 0.429325
0 0.511107 0.432312 0.512973 0.430038 0.514373 0.427413 0.515773 0.424788 0.516940 0.422162 0.514607 0.417087 0.515073 0.416387 0.514840 0.413587 0.513907 0.410962 0.512040 0.408513 0.509007 0.406762 0.505507 0.407637 0.503173 0.409913 0.501773 0.412538 0.500607 0.415163 0.499673 0.417788 0.499440 0.420413 0.499673 0.423212 0.500373 0.425837 0.502240 0.428288 0.504573 0.430387 0.506907 0.432488
