0 0.279620 0.489692 0.282130 0.487432 0.285393 0.485363 0.288153 0.483293 0.290663 0.485928 0.293927 0.487810 0.295933 0.490445 0.296937 0.493267 0.297187 0.496280 0.297187 0.499480 0.296937 0.502302 0.295933 0.505127 0.295180 0.507950 0.293673 0.510585 0.291163 0.513033 0.287400 0.513597 0.284137 0.511902 0.281877 0.509455 0.280623 0.506633 0.279870 0.503810 0.278867 0.500985 0.278617 0.497973 0.278113 0.495150 0.278617 0.492327
0 0.378930 0.534315 0.381963 0.532740 0.384297 0.530465 0.386163 0.528015 0.386863 0.525390 0.387330 0.522765 0.386863 0.520140 0.385930 0.517515 0.385697 0.514890 0.385230 0.512265 0.384063 0.509640 0.381963 0.507365 0.377997 0.507190 0.374730 0.508415 0.373330 0.510865 0.371463 0.513315 0.370063 0.515940 0.369597 0.518915 0.369363 0.521715 0.369597 0.524340 0.370063 0.527140 0.371230 0.529765 0.373097 0.532040 0.375663 0.534140
0 0.560367 0.547227 0.561577 0.545110 0.562383 0.542843 0.563393 0.540573 0.563797 0.538305 0.562990 0.536038 0.561173 0.533920 0.559560 0.531952 0.557947 0.529835 0.556537 0.527717 0.555527 0.525450 0.553107 0.523937 0.550083 0.523180 0.547057 0.523635 0.544840 0.524995 0.544840 0.524995 0.543830 0.527265 0.543830 0.529835 0.544437 0.532105 0.545243 0.534675 0.546250 0.536945 0.546857 0.539212 0.548067 0.541480 0.550487 0.542992 0.552503 0.544808 0.555327 0.546018 0.558350 0.546622
0 0.529513 0.546018 0.531127 0.544053 0.532337 0.541783 0.533547 0.539365 0.534757 0.537247 0.535563 0.534977 0.535967 0.532710 0.535160 0.530290 0.534150 0.528020 0.532337 0.526055 0.529917 0.524390 0.526893 0.524995 0.524270 0.526357 0.522657 0.528625 0.521247 0.530895 0.520237 0.533315 0.520237 0.535735 0.520843 0.538003 0.522053 0.540273 0.522657 0.542540 0.522657 0.545110 0.524877 0.546775 0.527900 0.547227
0 0.562583 0.569460 0.563997 0.567192 0.565407 0.565075 0.565207 0.562808 0.564600 0.560538 0.563797 0.558270 0.562787 0.555697 0.561780 0.553430 0.560570 0.551160 0.558753 0.549195 0.556133 0.547227 0.553913 0.545565 0.550890 0.545413 0.547863 0.544960 0.544840 0.544658 0.542823 0.546622 0.542620 0.548893 0.543227 0.551160 0.543427 0.553430 0.544437 0.555850 0.544637 0.558573 0.544840 0.560993 0.545647 0.563412 0.546857 0.565680 0.548873 0.567495 0.551090 0.569157 0.553713 0.570520 0.556537 0.571427 0.559560 0.571125
0 0.558287 0.596193 0.561553 0.595143 0.563653 0.592867 0.565287 0.590418 0.566220 0.587793 0.566453 0.584992 0.566453 0.582193 0.565520 0.579568 0.564353 0.576943 0.562487 0.574492 0.559687 0.572742 0.556187 0.572917 0.554087 0.575192 0.551287 0.576943 0.549887 0.579393 0.548720 0.582018 0.548253 0.584643 0.548487 0.587268 0.548953 0.589893 0.549420 0.592518 0.551520 0.594793 0.554553 0.596367
0 0.522120 0.590418 0.525153 0.588842 0.529120 0.588492 0.532853 0.588842 0.535887 0.590418 0.538220 0.592518 0.541253 0.594093 0.543820 0.596193 0.546153 0.598643 0.548487 0.600742 0.550353 0.603193 0.551987 0.605643 0.550587 0.608268 0.547087 0.608793 0.543353 0.608617 0.539853 0.607742 0.536820 0.606343 0.533787 0.604768 0.530753 0.603018 0.527720 0.601442 0.524453 0.600043 0.522820 0.597592 0.522120 0.594967
0 0.512553 0.587793 0.513253 0.585168 0.514420 0.582542 0.515120 0.579917 0.515587 0.577292 0.515353 0.574667 0.513953 0.572217 0.512553 0.569592 0.511620 0.566967 0.510687 0.564342 0.507653 0.562943 0.504153 0.563117 0.501587 0.565043 0.500187 0.567492 0.499253 0.570117 0.499253 0.572917 0.499953 0.575717 0.500887 0.578342 0.502287 0.580793 0.503687 0.583242 0.505787 0.585518 0.508820 0.586917
0 0.494123 0.592867 0.494123 0.589893 0.494823 0.587268 0.496457 0.584643 0.497853 0.582193 0.498087 0.579568 0.496690 0.577117 0.495290 0.574667 0.493890 0.572043 0.492023 0.569592 0.490157 0.567318 0.487357 0.565568 0.483857 0.566617 0.481757 0.568893 0.480357 0.571342 0.479190 0.573967 0.479423 0.576592 0.480590 0.579217 0.481523 0.581842 0.481757 0.584467 0.481990 0.587093 0.484090 0.589367 0.486423 0.591467 0.489457 0.592867
0 0.471723 0.565568 0.472423 0.562943 0.473357 0.560318 0.474990 0.557867 0.476857 0.555592 0.477790 0.552970 0.478490 0.550345 0.478490 0.547545 0.477557 0.544745 0.476157 0.542295 0.474523 0.539845 0.471957 0.537745 0.468457 0.537220 0.465890 0.539145 0.463790 0.541595 0.462623 0.544220 0.462157 0.547020 0.462157 0.550170 0.461923 0.553145 0.461923 0.556117 0.464490 0.560142 0.464490 0.562943 0.466823 0.565043
0 0.422257 0.569418 0.425523 0.568192 0.428557 0.566442 0.430190 0.563817 0.430890 0.561192 0.431590 0.558567 0.432057 0.555943 0.432757 0.553320 0.432523 0.550695 0.431123 0.548070 0.428557 0.546145 0.425057 0.545270 0.421790 0.546320 0.419923 0.548770 0.418523 0.551220 0.417357 0.554018 0.417123 0.556817 0.417123 0.559617 0.417590 0.562242 0.417357 0.564867 0.418057 0.567492
0 0.414930 0.585938 0.414933 0.585938 0.414467 0.583313 0.414233 0.580688 0.415633 0.578063 0.417263 0.575612 0.420297 0.574037 0.423097 0.572288 0.425663 0.570362 0.428930 0.571763 0.430330 0.574213 0.431263 0.576838 0.431730 0.579462 0.431963 0.582087 0.431730 0.584888 0.430797 0.587688 0.429863 0.590487 0.428230 0.592938 0.425197 0.594337 0.421697 0.594862 0.417963 0.594862 0.415167 0.592938 0.414700 0.590138 0.414467 0.587512
0 0.343640 0.594832 0.343857 0.592228 0.344073 0.589625 0.345377 0.587348 0.347543 0.585070 0.349930 0.582793 0.352100 0.580840 0.354920 0.579213 0.358173 0.578562 0.361427 0.578237 0.364680 0.579050 0.365983 0.581327 0.365767 0.583767 0.364897 0.586372 0.363813 0.588812 0.362510 0.591415 0.361427 0.594018 0.360343 0.596457 0.358607 0.598572 0.355787 0.600362 0.352750 0.601665 0.349497 0.602152 0.346243 0.601175 0.344073 0.599222 0.343423 0.596782
0 0.458603 0.629320 0.458820 0.629158 0.460123 0.626880 0.460990 0.624440 0.461423 0.621837 0.461423 0.619073 0.460773 0.616467 0.459473 0.614190 0.457520 0.611750 0.455783 0.609635 0.452747 0.608008 0.449710 0.607032 0.446240 0.606707 0.442987 0.607683 0.441687 0.610122 0.441033 0.612565 0.441250 0.615005 0.441687 0.617770 0.442120 0.620210 0.442770 0.622650 0.444290 0.624927 0.445590 0.627205 0.447977 0.629158 0.450580 0.630785 0.453400 0.632085 0.456870 0.631435
0 0.530147 0.645055 0.531367 0.643225 0.532933 0.641528 0.534677 0.639565 0.536247 0.637867 0.537467 0.636038 0.538163 0.634075 0.538687 0.631722 0.538860 0.629763 0.537813 0.627148 0.537990 0.625710 0.537990 0.625710 0.537467 0.623750 0.537117 0.621788 0.536247 0.619827 0.534330 0.618390 0.531713 0.617867 0.529100 0.618390 0.527357 0.620090 0.525963 0.621920 0.524743 0.623750 0.524047 0.625710 0.523350 0.627670 0.522477 0.629633 0.522130 0.631593 0.521953 0.633552 0.521953 0.635645 0.522130 0.637605 0.522653 0.639565 0.524047 0.641395 0.523873 0.641395 0.525267 0.643225 0.527357 0.644663
0 0.503307 0.656560 0.504350 0.654730 0.505223 0.652768 0.505920 0.650678 0.506790 0.648585 0.508187 0.646755 0.510800 0.646102 0.513590 0.646102 0.516030 0.647018 0.517423 0.648715 0.518470 0.650678 0.518993 0.652638 0.519167 0.654597 0.519340 0.656690 0.519513 0.658780 0.518993 0.660742 0.518293 0.662702 0.517250 0.666233 0.515507 0.667800 0.513590 0.669237 0.511497 0.670545 0.509057 0.671330 0.506270 0.671330 0.504527 0.668845 0.503480 0.666755 0.502783 0.664795 0.502610 0.662832 0.502783 0.660872 0.502957 0.658913
0 0.493547 0.679303 0.495290 0.677605 0.496333 0.675775 0.497207 0.673813 0.497207 0.671592 0.498427 0.670415 0.498427 0.670415 0.498600 0.668455 0.499123 0.666492 0.499470 0.664533 0.499647 0.662573 0.499647 0.660350 0.499647 0.658128 0.499647 0.656035 0.499123 0.654075 0.497730 0.652245 0.496160 0.650545 0.493720 0.649630 0.490930 0.649630 0.488667 0.650678 0.486750 0.652115 0.485353 0.653815 0.484310 0.655645 0.483960 0.657735 0.483787 0.659695 0.483787 0.661787 0.483787 0.664010 0.483610 0.666100 0.483610 0.668192 0.483787 0.670153 0.484483 0.672115 0.485007 0.674075 0.486050 0.676035 0.487970 0.677472 0.490233 0.678780 0.492327 0.680087
0 0.456423 0.658128 0.460430 0.657605 0.463220 0.657212 0.465833 0.656820 0.468447 0.656297 0.470887 0.655253 0.473153 0.654205 0.475933 0.653300 0.478900 0.651975 0.481167 0.650550 0.481693 0.648848 0.482567 0.646885 0.481520 0.644925 0.479777 0.643225 0.477337 0.642180 0.474723 0.641918 0.471933 0.641528 0.469320 0.641135 0.466357 0.641135 0.463567 0.641265 0.460780 0.641657 0.458167 0.642443 0.455550 0.643487 0.453287 0.644533 0.451020 0.645710 0.448753 0.646885 0.445790 0.650285 0.445790 0.652375 0.447183 0.654075 0.448927 0.655775 0.450847 0.657212
0 0.365890 0.680867 0.365890 0.678447 0.365890 0.675725 0.365687 0.673455 0.365283 0.671188 0.364477 0.668768 0.363470 0.666347 0.362260 0.664077 0.360647 0.661963 0.359233 0.659845 0.357620 0.657878 0.355000 0.656668 0.351973 0.655913 0.348950 0.656062 0.346127 0.656970 0.345320 0.659240 0.345117 0.661508 0.344917 0.663775 0.344917 0.666347 0.345520 0.668615 0.346730 0.670885 0.347537 0.673305 0.348950 0.675423 0.350763 0.677540 0.352780 0.679505 0.354797 0.681320 0.357620 0.682380 0.360847 0.682832 0.363873 0.682078
0 0.453790 0.309365 0.453790 0.309365 0.458110 0.308353 0.462160 0.306733 0.464860 0.304303 0.465670 0.301265 0.467017 0.298228 0.468097 0.295192 0.469177 0.292155 0.468907 0.289118 0.467287 0.286080 0.465670 0.283245 0.461620 0.282232 0.458110 0.283853 0.454870 0.285878 0.452980 0.288712 0.451360 0.292155 0.450280 0.295192 0.450280 0.298430 0.450280 0.301872 0.450820 0.304910
0 0.531810 0.315033 0.532350 0.314830 0.533970 0.311997 0.535320 0.308960 0.536130 0.305720 0.536130 0.302277 0.536130 0.299038 0.535860 0.295797 0.534780 0.292762 0.533430 0.289725 0.529650 0.288510 0.525870 0.289725 0.523980 0.292560 0.522090 0.295797 0.520470 0.298632 0.519660 0.301670 0.519660 0.305113 0.519660 0.308353 0.520470 0.311390 0.523170 0.313817 0.526950 0.315437
0 0.495203 0.383860 0.496363 0.380375 0.497237 0.377108 0.497527 0.373840 0.496653 0.370358 0.494913 0.367308 0.493750 0.364040 0.492590 0.360775 0.490847 0.357725 0.486780 0.355983 0.482427 0.355548 0.479523 0.358160 0.479523 0.361645 0.480103 0.364913 0.481553 0.368397 0.482717 0.371663 0.483877 0.374930 0.485040 0.378197 0.487943 0.381027 0.491717 0.382770
0 0.443513 0.399975 0.444677 0.396710 0.445837 0.393225 0.446997 0.389740 0.447580 0.386255 0.448160 0.382988 0.447870 0.379723 0.446127 0.376673 0.442933 0.374060 0.438577 0.375365 0.435383 0.377763 0.432190 0.380158 0.430447 0.383425 0.429283 0.386690 0.428703 0.390175 0.428123 0.393660 0.428413 0.396927 0.430447 0.399975 0.433930 0.402155 0.438287 0.402373
0 0.510593 0.423715 0.513787 0.418488 0.513497 0.419795 0.514367 0.416527 0.514367 0.413043 0.514367 0.409340 0.513787 0.406075 0.511463 0.403025 0.509723 0.399757 0.506527 0.397363 0.502173 0.398015 0.498977 0.400630 0.498687 0.403897 0.498397 0.407163 0.498397 0.410647 0.499267 0.413915 0.500720 0.417400 0.502463 0.420447 0.505947 0.422845
0 0.407303 0.399345 0.407303 0.399128 0.407303 0.395643 0.405560 0.392375 0.403817 0.389325 0.402077 0.386060 0.399753 0.383227 0.396557 0.380832 0.392493 0.378873 0.387847 0.377783 0.383490 0.376695 0.381457 0.379960 0.380877 0.383227 0.381457 0.386495 0.383490 0.389763 0.385523 0.392810 0.387847 0.395643 0.390460 0.398473 0.394233 0.400433 0.398300 0.401740 0.402657 0.402830 0.407013 0.401957
0 0.364527 0.388650 0.364527 0.384947 0.363657 0.381465 0.361913 0.378415 0.360173 0.375365 0.357560 0.372535 0.354947 0.369702 0.351460 0.367525 0.347103 0.366438 0.343040 0.367743 0.342750 0.371010 0.342460 0.373840 0.340717 0.376890 0.342750 0.379940 0.344783 0.382988 0.346523 0.386255 0.348847 0.389087 0.351750 0.391918 0.355817 0.393660 0.360173 0.393442
0 0.288403 0.449033 0.289660 0.446210 0.291417 0.443387 0.292920 0.440750 0.293927 0.437928 0.293927 0.434163 0.293927 0.433975 0.293673 0.431150 0.292420 0.428327 0.289407 0.426258 0.286897 0.423998 0.283133 0.424750 0.280373 0.426822 0.278363 0.429270 0.276860 0.431905 0.276107 0.434728 0.276107 0.437928 0.276107 0.440940 0.276607 0.443950 0.277863 0.446775 0.280623 0.449033 0.284387 0.449598
0 0.431963 0.500610 0.433217 0.497785 0.434473 0.494962 0.435477 0.492138 0.435477 0.489127 0.434473 0.486303 0.433467 0.483480 0.432717 0.480467 0.431710 0.477645 0.429703 0.475197 0.426190 0.473880 0.422427 0.473127 0.419163 0.474633 0.418160 0.477457 0.418160 0.480467 0.418160 0.483855 0.418410 0.486868 0.418910 0.489692 0.420417 0.492327 0.422927 0.494773 0.425187 0.497220 0.427193 0.499668
0 0.556270 0.459062 0.560337 0.457320 0.564693 0.456233 0.569047 0.456012 0.573693 0.456233 0.578340 0.456885 0.582987 0.457975 0.587343 0.459062 0.591407 0.460370 0.594893 0.462548 0.595473 0.465815 0.593150 0.468863 0.588793 0.469735 0.584150 0.470605 0.579793 0.470822 0.575437 0.470605 0.570790 0.469952 0.566433 0.469080 0.563240 0.466467 0.559757 0.464290
0 0.512713 0.474090 0.515037 0.471260 0.516780 0.468210 0.516487 0.464942 0.515327 0.461675 0.513873 0.458410 0.512133 0.455143 0.509810 0.452310 0.505453 0.451223 0.501677 0.452965 0.500517 0.456233 0.500517 0.459715 0.500807 0.462983 0.501970 0.466250 0.503130 0.469517 0.504293 0.472783 0.507487 0.475397
0 0.257367 0.558987 0.257833 0.556187 0.258067 0.553562 0.258767 0.550940 0.259700 0.548315 0.260633 0.545690 0.262500 0.543240 0.264833 0.541140 0.267867 0.539390 0.271133 0.537990 0.274633 0.539040 0.276267 0.541490 0.277200 0.544290 0.276967 0.547265 0.276500 0.549890 0.275333 0.552515 0.273467 0.554963 0.271833 0.557588 0.270200 0.560213 0.268333 0.562487 0.265300 0.564063 0.261567 0.564237 0.258067 0.563362
0 0.352563 0.566337 0.355830 0.565112 0.357697 0.562837 0.358630 0.560038 0.358630 0.557237 0.358397 0.554612 0.358163 0.551990 0.357463 0.549365 0.356297 0.546740 0.354430 0.542365 0.351863 0.540440 0.348830 0.538690 0.345330 0.537990 0.342063 0.539390 0.340897 0.542015 0.339963 0.544640 0.339497 0.547265 0.339497 0.550240 0.339963 0.552865 0.340430 0.555837 0.342063 0.558288 0.344397 0.560562 0.346263 0.562837 0.348597 0.564937
