0 0.446743 0.512525 0.449757 0.510642 0.451763 0.507818 0.452267 0.504995 0.452767 0.502170 0.453020 0.499347 0.452267 0.496525 0.451010 0.493700 0.449757 0.490878 0.448000 0.488243 0.445490 0.485795 0.441727 0.485230 0.438463 0.486735 0.436203 0.489183 0.434697 0.492195 0.434197 0.495017 0.434950 0.497842 0.435703 0.500665 0.436203 0.503490 0.436707 0.506313 0.437710 0.509135 0.440220 0.511395 0.443483 0.512900
0 0.293877 0.446910 0.298233 0.446475 0.300557 0.443642 0.299103 0.440377 0.296780 0.437110 0.293877 0.433625 0.291553 0.430793 0.288940 0.427962 0.285747 0.425348 0.281970 0.423608 0.278197 0.421865 0.273840 0.422300 0.273550 0.425567 0.273550 0.429050 0.273840 0.432535 0.275000 0.435802 0.277323 0.438853 0.281100 0.440595 0.284293 0.442990 0.287197 0.445820
0 0.367893 0.497897 0.368360 0.494748 0.369060 0.491950 0.370227 0.489325 0.373493 0.487750 0.376527 0.489150 0.379560 0.491075 0.382593 0.492650 0.383993 0.495098 0.384227 0.498248 0.384927 0.500873 0.385627 0.503672 0.385627 0.506472 0.384927 0.509097 0.382827 0.511373 0.379327 0.511898 0.375827 0.511197 0.373493 0.508923 0.371860 0.506298 0.369993 0.504022 0.368827 0.501223
0 0.345260 0.520822 0.346193 0.518197 0.347127 0.515572 0.348293 0.512948 0.349227 0.510323 0.352960 0.510323 0.356460 0.511373 0.359960 0.511898 0.363460 0.512247 0.365327 0.514522 0.365793 0.517323 0.365093 0.520473 0.363927 0.523273 0.362760 0.526072 0.361593 0.528698 0.359027 0.530798 0.355760 0.531847 0.352260 0.532548 0.348993 0.531147 0.346893 0.528872 0.345960 0.526072 0.345727 0.523447
0 0.531850 0.603720 0.534463 0.600888 0.536787 0.597840 0.538237 0.594572 0.537657 0.591305 0.536207 0.588037 0.535333 0.584773 0.532140 0.582375 0.527493 0.582157 0.524880 0.584990 0.524300 0.588255 0.524300 0.591740 0.524880 0.595008 0.525170 0.598275 0.526913 0.601542
0 0.326863 0.255690 0.327737 0.252422 0.328317 0.249155 0.328607 0.245890 0.329187 0.242622 0.329480 0.239355 0.328027 0.236088 0.326573 0.232822 0.324250 0.229990 0.320187 0.228683 0.316993 0.231080 0.315830 0.234345 0.314377 0.237613 0.313797 0.241097 0.313797 0.244583 0.314087 0.248285 0.315540 0.251553 0.317573 0.254600 0.320767 0.256997
0 0.492357 0.576277 0.494100 0.573228 0.496713 0.570398 0.498163 0.567130 0.497583 0.563427 0.497003 0.559943 0.495550 0.556460 0.493810 0.553192 0.491197 0.550360 0.486840 0.549273 0.482773 0.550577 0.482193 0.553845 0.481903 0.557112 0.481903 0.560815 0.481903 0.564300 0.482193 0.567565 0.483063 0.570832 0.485097 0.573883
0 0.399170 0.327560 0.402367 0.325165 0.404400 0.322115 0.405270 0.318850 0.405270 0.315147 0.405270 0.311445 0.404980 0.308177 0.403817 0.304910 0.401783 0.301642 0.398300 0.299465 0.394527 0.297723 0.390170 0.298160 0.388137 0.301425 0.387557 0.304692 0.387847 0.307960 0.388137 0.311445 0.387847 0.314710 0.388137 0.317978 0.390170 0.321027 0.392493 0.323858 0.395107 0.326690
0 0.379427 0.332570 0.381167 0.329520 0.380297 0.325165 0.380297 0.325165 0.379133 0.321898 0.376230 0.319068 0.374490 0.316018 0.373037 0.312750 0.370713 0.309702 0.367230 0.307525 0.362873 0.306870 0.359387 0.309048 0.359387 0.312533 0.360550 0.315800 0.362293 0.319285 0.363453 0.322553 0.363743 0.325817 0.365197 0.329085 0.368970 0.330827 0.372747 0.332788
0 0.310313 0.357397 0.312927 0.353695 0.314377 0.350428 0.314960 0.347163 0.315830 0.343895 0.316700 0.340627 0.316700 0.337143 0.315830 0.333877 0.313507 0.331045 0.309150 0.330392 0.305087 0.332135 0.302183 0.334965 0.299860 0.338015 0.298117 0.341062 0.296953 0.344330 0.296953 0.347815 0.296953 0.351300 0.296663 0.354567 0.296373 0.357832 0.299277 0.360447 0.303923 0.360230
0 0.510130 0.322277 0.510130 0.322277 0.510693 0.320167 0.511630 0.318057 0.513130 0.316090 0.514253 0.314123 0.514253 0.311733 0.514253 0.309482 0.514067 0.307372 0.512940 0.305262 0.511630 0.303295 0.510880 0.301185 0.509753 0.299217 0.508067 0.297390 0.505630 0.296265 0.502817 0.296405 0.500380 0.297530 0.498507 0.299217 0.497193 0.301185 0.497193 0.303435 0.497193 0.305685 0.497380 0.307935 0.497757 0.310045 0.498507 0.312435 0.499630 0.314402 0.500757 0.316373 0.502257 0.318200 0.503943 0.320027 0.506003 0.321575
0 0.448507 0.590217 0.453153 0.586950 0.454897 0.583900 0.454317 0.580632 0.453737 0.577150 0.453153 0.573665 0.451703 0.570398 0.448800 0.567565 0.445023 0.565605 0.440957 0.567348 0.439217 0.571050 0.438343 0.574318 0.438343 0.577802 0.440087 0.580852 0.441540 0.584117 0.442120 0.587385 0.442700 0.590653
0 0.504317 0.340415 0.504317 0.340415 0.504880 0.338165 0.505443 0.335915 0.506003 0.333807 0.506380 0.331697 0.506753 0.329587 0.508817 0.327900 0.511630 0.327338 0.514440 0.327620 0.516880 0.329025 0.518567 0.330995 0.519503 0.333103 0.520627 0.335495 0.521377 0.337603 0.521567 0.339853 0.521190 0.342103 0.520067 0.344070 0.519127 0.346180 0.518003 0.348570 0.516880 0.350680 0.515753 0.352648 0.514440 0.354618 0.512190 0.356022 0.509753 0.354758 0.508253 0.352788 0.506567 0.350820 0.505253 0.348710 0.504880 0.346603 0.504880 0.344353 0.504880 0.341963
0 0.441720 0.351255 0.442470 0.349147 0.443220 0.347037 0.443783 0.344927 0.444343 0.342820 0.444720 0.340710 0.444907 0.338603 0.444907 0.336352 0.443970 0.334242 0.442470 0.332275 0.441157 0.330305 0.438907 0.328900 0.436283 0.327915 0.434220 0.328338 0.432160 0.329882 0.430660 0.331712 0.429533 0.333680 0.428410 0.335647 0.427660 0.337757 0.427283 0.339867 0.427097 0.342118 0.427097 0.344365 0.427097 0.346615 0.427467 0.348725 0.427833 0.350825 0.429333 0.352800 0.431033 0.354350 0.433847 0.354770 0.436657 0.355332 0.439283 0.354208
0 0.431277 0.369788 0.432213 0.367677 0.433903 0.365850 0.435213 0.363600 0.436527 0.361632 0.438400 0.359805 0.440650 0.358397 0.443277 0.357133 0.445900 0.356290 0.448900 0.355868 0.451900 0.355868 0.454150 0.357275 0.454900 0.359805 0.455087 0.361915 0.454900 0.364022 0.454337 0.366273 0.453213 0.368240 0.452087 0.370350 0.450963 0.372317 0.449463 0.374428 0.447400 0.375975 0.444587 0.376817 0.442333 0.378075 0.439167 0.380325 0.436167 0.379625 0.432963 0.379068 0.430527 0.377802 0.429590 0.375553 0.429590 0.373302 0.430340 0.371195
0 0.515070 0.401085 0.515070 0.401085 0.516150 0.398047 0.518040 0.395010 0.519660 0.392175 0.520200 0.389137 0.519930 0.386100 0.519660 0.383065 0.518040 0.379825 0.516690 0.376787 0.515610 0.373750 0.512913 0.371117 0.508593 0.371117 0.505623 0.373345 0.504813 0.376383 0.504273 0.379623 0.503733 0.382862 0.503463 0.385900 0.503463 0.389137 0.503733 0.392377 0.504813 0.395415 0.506973 0.398250 0.509943 0.400478
0 0.343417 0.731258 0.343417 0.731258 0.344580 0.727990 0.344580 0.724505 0.344287 0.721240 0.343417 0.717973 0.341967 0.714270 0.339350 0.711003 0.335287 0.709260 0.331220 0.707955 0.327157 0.709477 0.327157 0.712962 0.326573 0.716230 0.326283 0.719497 0.326573 0.722765 0.327737 0.726030 0.329480 0.729080 0.331510 0.732130 0.335287 0.734090 0.339933 0.734090
0 0.341383 0.652635 0.341383 0.652635 0.340223 0.649367 0.340803 0.646102 0.340513 0.642617 0.339350 0.639350 0.337320 0.636300 0.334123 0.633470 0.330930 0.631075 0.327157 0.629332 0.323090 0.630638 0.321637 0.633905 0.321637 0.637390 0.323670 0.640657 0.324833 0.643923 0.326283 0.647190 0.328027 0.650240 0.331800 0.651982 0.335577 0.653725
0 0.402313 0.696780 0.405000 0.693505 0.408023 0.689977 0.410040 0.686447 0.412393 0.682920 0.412393 0.678890 0.412057 0.675110 0.410377 0.671330 0.409370 0.666543 0.404330 0.666793 0.400633 0.669565 0.398280 0.673092 0.396267 0.676872 0.395593 0.680652 0.395257 0.684432 0.395257 0.688465 0.396267 0.692245
0 0.438600 0.705348 0.442297 0.702575 0.446327 0.699300 0.450023 0.696277 0.453047 0.692747 0.454727 0.688967 0.456070 0.685190 0.457413 0.681410 0.458760 0.677378 0.459430 0.673345 0.457413 0.669817 0.453720 0.672840 0.449687 0.675865 0.444647 0.679645 0.441960 0.682920 0.439943 0.686447 0.437927 0.690227 0.436920 0.694007 0.436247 0.697788 0.435577 0.701568
0 0.448680 0.660492 0.452040 0.657218 0.454390 0.653690 0.455063 0.649910 0.455063 0.645878 0.454390 0.642097 0.452710 0.638317 0.450693 0.634790 0.445320 0.633783 0.442630 0.637058 0.440950 0.640837 0.439270 0.644617 0.438937 0.648650 0.438937 0.652683 0.438937 0.656715 0.440950 0.660242 0.445320 0.662510
0 0.277627 0.605610 0.277963 0.605357 0.279980 0.601577 0.282667 0.598302 0.286027 0.595028 0.289387 0.592003 0.293757 0.589230 0.298797 0.587970 0.302153 0.590995 0.301483 0.595028 0.298460 0.598302 0.296100 0.602075 0.290733 0.605100 0.286700 0.606617 0.282667 0.609137
0 0.376783 0.612867 0.381137 0.613520 0.385493 0.611995 0.387237 0.608947 0.388980 0.605898 0.389270 0.602630 0.389270 0.599145 0.389270 0.595660 0.389270 0.592178 0.387817 0.588910 0.383170 0.587602 0.378817 0.588037 0.376783 0.591087 0.375910 0.594355 0.375040 0.597620 0.374170 0.600888 0.373587 0.604155 0.375040 0.607640 0.376783 0.610688
0 0.400303 0.626370 0.402917 0.623103 0.404660 0.619617 0.406403 0.616133 0.407563 0.612867 0.407853 0.609165 0.407853 0.605680 0.407853 0.601977 0.403790 0.600670 0.399143 0.601105 0.396240 0.602630 0.393043 0.605025 0.390140 0.607640 0.388397 0.610688 0.387527 0.614173 0.386073 0.617440 0.385493 0.620925 0.386367 0.624193 0.389850 0.626587 0.394207 0.627023
0 0.491777 0.622450 0.493810 0.619182 0.494970 0.615915 0.495260 0.612430 0.494680 0.609165 0.493520 0.605898 0.492067 0.602630 0.490323 0.599583 0.486840 0.597403 0.482773 0.599145 0.480160 0.601977 0.478127 0.605245 0.477547 0.608510 0.477257 0.611778 0.477257 0.615480 0.477547 0.618747 0.480160 0.621578 0.484517 0.622885 0.489163 0.622885
0 0.493473 0.460610 0.493473 0.460610 0.494823 0.457575 0.495903 0.454335 0.496713 0.451095 0.496983 0.447855 0.496713 0.444615 0.495903 0.441375 0.494283 0.438543 0.492123 0.435910 0.489967 0.433277 0.486457 0.434897 0.483487 0.437327 0.481597 0.440163 0.479437 0.442793 0.478087 0.445830 0.477817 0.448868 0.478087 0.451905 0.479167 0.454942 0.480517 0.457980 0.482677 0.461015 0.485377 0.463647 0.489427 0.462837
0 0.470637 0.436497 0.470907 0.433258 0.470907 0.430017 0.473337 0.427385 0.473337 0.423942 0.473067 0.420702 0.471987 0.417465 0.469827 0.414630 0.467127 0.411998 0.463077 0.410985 0.458487 0.411998 0.456327 0.414832 0.455247 0.418680 0.454707 0.421715 0.455247 0.424752 0.457137 0.427587 0.458487 0.430625 0.460107 0.433460 0.463077 0.435688 0.466857 0.436902
0 0.445150 0.415460 0.445150 0.415460 0.447310 0.412625 0.448930 0.409587 0.450550 0.406753 0.450820 0.403515 0.450010 0.400072 0.448930 0.396832 0.447310 0.393795 0.445420 0.390960 0.441373 0.389948 0.437053 0.389948 0.433813 0.391973 0.433543 0.395415 0.433543 0.398858 0.433813 0.401895 0.434353 0.405133 0.435433 0.408170 0.437053 0.411208 0.438943 0.414043
0 0.465777 0.404910 0.467937 0.401875 0.469287 0.398837 0.470097 0.395800 0.470097 0.392560 0.470097 0.389320 0.469287 0.386283 0.467127 0.383450 0.465777 0.380413 0.462807 0.378185 0.458757 0.378995 0.456327 0.381628 0.454167 0.384663 0.453087 0.387902 0.453087 0.391547 0.453357 0.394585 0.454167 0.397622 0.455787 0.400660 0.457677 0.403493
0 0.456867 0.465450 0.457137 0.462413 0.457947 0.459375 0.458757 0.456340 0.459297 0.453302 0.459297 0.449860 0.460647 0.446823 0.463347 0.444392 0.467397 0.443988 0.470907 0.446012 0.473337 0.448645 0.473607 0.451885 0.472797 0.455327 0.471717 0.458767 0.471177 0.462210 0.471177 0.465450 0.470637 0.468488 0.468477 0.471120 0.464427 0.472133 0.460377 0.471930 0.457137 0.469905
0 0.420963 0.453505 0.423393 0.450873 0.425013 0.448038 0.425553 0.445000 0.425833 0.441350 0.424200 0.438125 0.423667 0.434675 0.421500 0.431625 0.417733 0.429200 0.413943 0.429410 0.410163 0.431030 0.409353 0.434067 0.409083 0.437105 0.409353 0.440140 0.409893 0.443178 0.410973 0.446215 0.412323 0.449252 0.414483 0.451885 0.416373 0.454720
0 0.553110 0.467913 0.553110 0.467913 0.556120 0.466030 0.559133 0.463583 0.560637 0.460760 0.561140 0.457937 0.561643 0.455113 0.561643 0.451913 0.561390 0.449090 0.561140 0.446265 0.560137 0.443443 0.557627 0.441185 0.554113 0.439868 0.550347 0.438738 0.546333 0.439677 0.544073 0.442125 0.543070 0.444947 0.542067 0.447772 0.541563 0.450785 0.541813 0.453795 0.541813 0.456807 0.542317 0.459630 0.544073 0.462455 0.546333 0.464900 0.549093 0.467160
0 0.517770 0.511582 0.518273 0.508760 0.517520 0.505935 0.516013 0.503112 0.514760 0.500290 0.512250 0.497842 0.509237 0.495582 0.506980 0.493135 0.503717 0.491443 0.499953 0.491065 0.496187 0.491255 0.492923 0.493135 0.490917 0.495582 0.492423 0.498217 0.494430 0.500665 0.496437 0.503300 0.498447 0.505748 0.500957 0.508007 0.503717 0.510077 0.507480 0.511208 0.511247 0.512148 0.515010 0.512713
0 0.464563 0.506313 0.467073 0.504053 0.469833 0.501982 0.471590 0.498973 0.471590 0.495773 0.471590 0.492760 0.471590 0.489560 0.470840 0.486735 0.469833 0.483913 0.467827 0.481465 0.464813 0.479582 0.461050 0.479017 0.457537 0.480712 0.456783 0.483535 0.456783 0.486548 0.456783 0.489560 0.456783 0.492572 0.456783 0.495582 0.457287 0.498408 0.458290 0.501230 0.460800 0.503490
