0 0.384140 0.518750 0.384140 0.518750 0.385753 0.516783 0.385953 0.514515 0.386357 0.512095 0.386963 0.509675 0.387367 0.507255 0.387367 0.504685 0.386963 0.502265 0.385147 0.499240 0.383533 0.497273 0.382123 0.495155 0.379500 0.493493 0.375670 0.492585 0.372643 0.492283 0.369820 0.493190 0.368207 0.495155 0.367803 0.497425 0.367200 0.499692 0.366997 0.501962 0.366797 0.504230 0.366997 0.506498 0.367603 0.508768 0.369013 0.511035 0.371030 0.513003 0.372643 0.514968 0.374863 0.516783 0.377483 0.517992 0.380307 0.518900
0 0.356110 0.516753 0.357520 0.514635 0.359333 0.512670 0.360747 0.510552 0.362560 0.508585 0.363367 0.506317 0.363367 0.503897 0.363367 0.501478 0.362157 0.499210 0.361150 0.496940 0.359133 0.495125 0.355907 0.495428 0.353287 0.496940 0.351673 0.498908 0.350260 0.501175 0.349050 0.503293 0.348043 0.505560 0.347437 0.507830 0.348243 0.510250 0.349453 0.512518 0.351067 0.514635 0.353690 0.515845
0 0.365990 0.528883 0.365990 0.528883 0.366797 0.526615 0.366797 0.524195 0.366190 0.521925 0.367200 0.519657 0.370223 0.520263 0.373250 0.521170 0.376273 0.521775 0.378493 0.523590 0.380913 0.525253 0.382527 0.527220 0.383737 0.529338 0.384947 0.531758 0.386157 0.533872 0.387367 0.536143 0.387970 0.538410 0.386760 0.540680 0.385147 0.542645 0.382930 0.544310 0.379703 0.544158 0.376880 0.543100 0.374863 0.541133 0.372847 0.539168 0.371233 0.537200 0.370023 0.535083 0.368610 0.532965 0.367400 0.530698
0 0.468333 0.533793 0.473373 0.532280 0.478413 0.531778 0.483453 0.532280 0.488157 0.533793 0.493197 0.535053 0.498573 0.536565 0.502607 0.539085 0.504957 0.542612 0.503277 0.546393 0.498573 0.547905 0.493533 0.547400 0.488493 0.547148 0.483453 0.546393 0.478750 0.544880 0.474047 0.542865 0.469677 0.540345 0.468000 0.536565
0 0.488493 0.581923 0.491517 0.578647 0.494207 0.575370 0.495887 0.571592 0.496557 0.567813 0.496220 0.563780 0.494540 0.560000 0.491180 0.556975 0.485807 0.557227 0.482447 0.560253 0.481103 0.564033 0.480430 0.567813 0.479757 0.571592 0.479757 0.575875 0.482447 0.579150
0 0.456373 0.658780 0.457047 0.657772 0.460740 0.655000 0.465110 0.652732 0.469140 0.649960 0.471493 0.646180 0.472837 0.643408 0.474853 0.639880 0.476197 0.636100 0.472837 0.633077 0.467797 0.633580 0.464100 0.636605 0.459733 0.638620 0.455700 0.641140 0.453013 0.644920 0.450997 0.648447 0.448980 0.651977 0.448647 0.655758 0.450660 0.659285
0 0.391057 0.634840 0.393747 0.631565 0.393747 0.627533 0.392067 0.623753 0.387697 0.621485 0.382993 0.619722 0.378960 0.617202 0.374593 0.615185 0.369553 0.614935 0.365857 0.617705 0.366193 0.621485 0.369553 0.624510 0.373250 0.627533 0.375937 0.630810 0.380307 0.632825 0.385347 0.634337
0 0.355443 0.661552 0.358803 0.658275 0.361490 0.655000 0.363170 0.651220 0.363843 0.647440 0.364513 0.643660 0.365187 0.639880 0.360817 0.637865 0.355780 0.638118 0.352420 0.641140 0.349393 0.644417 0.347713 0.648197 0.347380 0.651977 0.346707 0.654747 0.346033 0.658528 0.350067 0.661300
0 0.289253 0.636352 0.292613 0.633330 0.293620 0.629550 0.294963 0.625770 0.295300 0.621990 0.295300 0.617957 0.293620 0.614178 0.290260 0.611155 0.285220 0.610145 0.281190 0.612665 0.279510 0.616445 0.278837 0.620478 0.278500 0.624258 0.278500 0.628290 0.280517 0.631818 0.282870 0.635345
0 0.345027 0.670372 0.348387 0.667347 0.350403 0.663820 0.355443 0.662308 0.359140 0.665080 0.363843 0.667852 0.365187 0.671633 0.365187 0.675663 0.365187 0.679695 0.365187 0.683727 0.363170 0.687508 0.358467 0.689020 0.353427 0.689775 0.349393 0.687003 0.346370 0.683727 0.345700 0.679948 0.345363 0.676168 0.344690 0.672388
0 0.381167 0.582290 0.381167 0.582288 0.383490 0.579457 0.385233 0.575972 0.385813 0.572705 0.385813 0.569222 0.385233 0.565955 0.383500 0.562900 0.380867 0.559650 0.377393 0.557460 0.373037 0.558768 0.369843 0.561380 0.368390 0.564648 0.368390 0.568133 0.368680 0.571618 0.369260 0.574885 0.369843 0.578150 0.371583 0.581200
0 0.378233 0.555717 0.378523 0.552453 0.377073 0.549185 0.373880 0.546570 0.369523 0.544175 0.365747 0.542215 0.361683 0.540473 0.357037 0.539385 0.352680 0.538730 0.348907 0.540473 0.346000 0.543087 0.347163 0.546353 0.350357 0.548750 0.353550 0.551145 0.357327 0.553540 0.361100 0.555283 0.364587 0.557460 0.369523 0.558985 0.373880 0.559420 0.377363 0.557025
0 0.363743 0.580765 0.363743 0.580765 0.365197 0.577497 0.365777 0.574013 0.364033 0.570962 0.362583 0.567697 0.360550 0.564648 0.358227 0.561817 0.355033 0.559202 0.347767 0.557250 0.346610 0.559858 0.344870 0.562905 0.345450 0.566172 0.346320 0.569440 0.346900 0.572705 0.348643 0.575972 0.351547 0.578588 0.355033 0.582500 0.359970 0.581635
0 0.507863 0.284700 0.510767 0.282085 0.513380 0.279255 0.514833 0.275987 0.515123 0.272285 0.514833 0.268800 0.513670 0.265098 0.512220 0.261832 0.509897 0.259000 0.506410 0.255950 0.501183 0.256170 0.497990 0.258565 0.497120 0.262050 0.496830 0.265753 0.496540 0.269017 0.496540 0.273375 0.497410 0.276640 0.500313 0.279255 0.502347 0.282305
0 0.534000 0.311053 0.535160 0.307785 0.536613 0.304300 0.537193 0.300815 0.536903 0.297550 0.535740 0.294283 0.533417 0.291450 0.531093 0.288402 0.527900 0.285788 0.523543 0.286878 0.520350 0.289708 0.519190 0.292975 0.519190 0.296460 0.519480 0.299728 0.520060 0.302995 0.521513 0.306260 0.522673 0.309527 0.525867 0.312360 0.530513 0.312795
0 0.486957 0.346988 0.488987 0.343938 0.490440 0.340672 0.491893 0.337405 0.492473 0.334137 0.492183 0.330870 0.491893 0.327605 0.491020 0.324338 0.486667 0.324555 0.483180 0.326950 0.480857 0.329783 0.478823 0.333050 0.477373 0.336533 0.476210 0.339800 0.476500 0.343067 0.477953 0.346335 0.480277 0.349165 0.484067 0.349375
0 0.441363 0.340672 0.442527 0.337405 0.443397 0.334137 0.443397 0.330652 0.442817 0.327167 0.441947 0.323902 0.438750 0.321725 0.436720 0.318675 0.434397 0.315842 0.430040 0.314755 0.427137 0.317585 0.424813 0.320418 0.424233 0.323685 0.425103 0.326950 0.425973 0.330435 0.427427 0.333703 0.430040 0.336533 0.433233 0.338930 0.437010 0.340672
0 0.365283 0.296460 0.369350 0.294935 0.372833 0.292758 0.375157 0.289928 0.376607 0.286660 0.377770 0.283392 0.378060 0.279908 0.377190 0.276640 0.373703 0.274462 0.369350 0.275335 0.365863 0.277512 0.362960 0.280342 0.360637 0.283392 0.359187 0.286660 0.359187 0.290145 0.359767 0.293410 0.361217 0.296677
0 0.382417 0.340890 0.384740 0.337840 0.388803 0.336098 0.392870 0.334572 0.396937 0.332830 0.401290 0.332178 0.405647 0.332830 0.410003 0.333703 0.409713 0.337187 0.406810 0.340017 0.403323 0.342195 0.399550 0.343938 0.394903 0.345027 0.389967 0.345027 0.385610 0.344810
0 0.548227 0.369638 0.552293 0.368330 0.555487 0.365935 0.558100 0.362887 0.559263 0.359620 0.559843 0.356353 0.560133 0.353085 0.559843 0.349820 0.557810 0.346552 0.555777 0.343502 0.551420 0.343285 0.549100 0.346118 0.546777 0.349165 0.544743 0.352215 0.543290 0.355483 0.543000 0.358747 0.542420 0.362233 0.542420 0.365717 0.542420 0.369202
0 0.533417 0.365935 0.533417 0.362450 0.534290 0.359185 0.533707 0.355917 0.532257 0.352650 0.529933 0.349820 0.528190 0.346770 0.525577 0.343938 0.521803 0.341978 0.517447 0.342415 0.513670 0.344592 0.512800 0.347860 0.513960 0.351125 0.515123 0.354392 0.515703 0.357660 0.517447 0.360925 0.520930 0.363322 0.524417 0.365717 0.528480 0.367243
0 0.481303 0.358173 0.484817 0.356855 0.488330 0.355350 0.492347 0.354220 0.496113 0.354033 0.500380 0.354220 0.504143 0.354598 0.508160 0.355538 0.511673 0.357045 0.513930 0.359490 0.514933 0.362315 0.512427 0.364572 0.508910 0.365702 0.505147 0.366080 0.501383 0.366267 0.497367 0.366455 0.493100 0.366455 0.489083 0.366080 0.485570 0.364572 0.482560 0.362690 0.479547 0.360808
0 0.497870 0.394315 0.500630 0.391867 0.504643 0.390738 0.508410 0.391302 0.511923 0.392997 0.513680 0.395820 0.516693 0.398077 0.517947 0.400902 0.518700 0.403725 0.518950 0.406550 0.518450 0.409373 0.516943 0.412385 0.515687 0.415208 0.511923 0.415772 0.508410 0.414268 0.505650 0.412195 0.502387 0.410125 0.499373 0.407867 0.499123 0.403915 0.499123 0.403915 0.498873 0.401090 0.497870 0.398267
0 0.462733 0.409185 0.465993 0.405795 0.465493 0.404855 0.465743 0.401842 0.466247 0.399020 0.466497 0.396197 0.466497 0.393185 0.466747 0.390360 0.466497 0.387538 0.465493 0.384715 0.463483 0.382267 0.459720 0.380950 0.456710 0.382832 0.454450 0.385280 0.452693 0.387915 0.451437 0.390738 0.450433 0.393560 0.450183 0.396385 0.449933 0.399207 0.449933 0.402408 0.450683 0.405232 0.451690 0.408055 0.453447 0.410690 0.457210 0.411255
0 0.418837 0.424620 0.418837 0.424620 0.420843 0.422173 0.423603 0.420103 0.425110 0.417277 0.425863 0.414455 0.426113 0.411633 0.425863 0.408620 0.425360 0.405795 0.425110 0.402973 0.423603 0.400150 0.420090 0.398832 0.416327 0.398455 0.412310 0.399397 0.409550 0.401842 0.408043 0.405232 0.408043 0.408620 0.408043 0.411820 0.408043 0.415020 0.408797 0.418033 0.410053 0.420855 0.412560 0.423113 0.415573 0.424995
0 0.393463 0.419913 0.397477 0.417842 0.399487 0.415395 0.400740 0.412573 0.402247 0.409560 0.403000 0.406550 0.403753 0.403538 0.405007 0.400715 0.404757 0.397890 0.403500 0.395068 0.400990 0.392620 0.397477 0.391302 0.393713 0.392055 0.390953 0.394125 0.388443 0.396385 0.386183 0.398832 0.384930 0.401842 0.385180 0.404668 0.384930 0.407867 0.384930 0.410878 0.385683 0.413702 0.386687 0.416525 0.387690 0.419350
0 0.463070 0.451580 0.465393 0.448750 0.468590 0.446355 0.470913 0.443305 0.471783 0.440038 0.471493 0.436335 0.470620 0.433070 0.469170 0.429585 0.467427 0.426535 0.463653 0.424793 0.459297 0.424575 0.455813 0.426970 0.454360 0.430237 0.453490 0.433505 0.452907 0.436770 0.452617 0.440038 0.452327 0.443305 0.452617 0.446572 0.454070 0.449838 0.457263 0.452235
0 0.489440 0.474668 0.489440 0.474668 0.491180 0.471400 0.493503 0.468567 0.495827 0.465520 0.497280 0.462253 0.496697 0.458985 0.495247 0.455720 0.493503 0.452452 0.491180 0.449620 0.486823 0.449838 0.483340 0.452235 0.481597 0.455283 0.480147 0.458550 0.478983 0.462035 0.478113 0.465520 0.478113 0.469223 0.479273 0.472488 0.483050 0.474230 0.487117 0.475538
0 0.451397 0.497098 0.451397 0.497098 0.451690 0.493833 0.450237 0.490565 0.448203 0.487515 0.445300 0.484902 0.441817 0.482725 0.438330 0.480330 0.434557 0.478370 0.430490 0.477063 0.426133 0.476627 0.422070 0.477932 0.421780 0.481200 0.422650 0.484467 0.424973 0.487297 0.428167 0.489913 0.430490 0.492960 0.433393 0.495575 0.437460 0.497098 0.442107 0.498405 0.446753 0.498405
0 0.449423 0.520620 0.450583 0.517352 0.451167 0.514088 0.450877 0.510603 0.450293 0.507335 0.449423 0.504068 0.446810 0.501238 0.443033 0.499495 0.438970 0.501020 0.437227 0.504068 0.434323 0.506683 0.433163 0.509947 0.433163 0.513650 0.433743 0.516918 0.435483 0.519968 0.436937 0.523232 0.441293 0.524105 0.445940 0.522798
0 0.428747 0.526282 0.428747 0.526065 0.431360 0.522580 0.430780 0.521710 0.429910 0.518443 0.429037 0.515175 0.426423 0.512345 0.424393 0.509295 0.421487 0.506683 0.417133 0.505375 0.412487 0.505593 0.411323 0.508860 0.410743 0.512125 0.410163 0.515393 0.412487 0.518225 0.414230 0.521273 0.415390 0.524540 0.419167 0.526935 0.423520 0.528025
0 0.306657 0.452652 0.311023 0.450385 0.315057 0.447865 0.319760 0.446100 0.324463 0.444335 0.329503 0.443075 0.335217 0.443075 0.340257 0.444335 0.341600 0.448115 0.337567 0.450635 0.333200 0.452652 0.328833 0.454920 0.324130 0.456682 0.319090 0.457693 0.314050 0.457942 0.309010 0.456682
