0 0.455460 0.529822 0.455460 0.529822 0.457193 0.527545 0.457193 0.524942 0.457193 0.522338 0.458063 0.519898 0.456760 0.517458 0.454593 0.515342 0.453073 0.513065 0.451773 0.510788 0.449387 0.508835 0.446133 0.508185 0.443530 0.509813 0.441577 0.511927 0.440277 0.514205 0.440493 0.516645 0.441577 0.519085 0.442443 0.521687 0.443313 0.524128 0.445047 0.526405 0.447000 0.528520 0.449387 0.530310 0.451990 0.531937
0 0.431580 0.263377 0.433610 0.260327 0.435353 0.257280 0.434773 0.253578 0.435063 0.250310 0.435063 0.246825 0.433320 0.243560 0.430127 0.240945 0.427803 0.237895 0.425770 0.234847 0.421417 0.234412 0.419383 0.237460 0.417350 0.240510 0.416187 0.243778 0.415897 0.247042 0.415897 0.250528 0.416187 0.254012 0.417640 0.257280 0.419383 0.260327 0.422577 0.263377 0.426353 0.265120
0 0.621493 0.320658 0.625267 0.318915 0.627880 0.316082 0.627590 0.312815 0.627300 0.309332 0.625847 0.306065 0.624107 0.303015 0.622363 0.299967 0.618007 0.299312 0.615393 0.302145 0.614813 0.305413 0.613943 0.308677 0.613943 0.312163 0.614813 0.315430 0.616847 0.318480
0 0.264557 0.421198 0.264757 0.421198 0.266773 0.419382 0.267783 0.417115 0.270607 0.415905 0.272220 0.413938 0.272823 0.411670 0.272823 0.409250 0.272823 0.406830 0.272823 0.404410 0.272823 0.401990 0.272823 0.399570 0.272017 0.397303 0.269193 0.396395 0.265967 0.396092 0.262943 0.396545 0.261330 0.398512 0.259513 0.400478 0.257700 0.402595 0.257093 0.404863 0.256490 0.407133 0.256490 0.409702 0.256490 0.412123 0.256490 0.414543 0.257297 0.416812 0.258507 0.418930 0.259513 0.421198
0 0.393457 0.395728 0.395673 0.393912 0.397287 0.391795 0.398497 0.389678 0.399907 0.387562 0.400917 0.385293 0.401923 0.382873 0.402933 0.380605 0.403740 0.378335 0.404343 0.376067 0.404547 0.373798 0.404343 0.371377 0.402933 0.369260 0.401117 0.367295 0.398293 0.366235 0.394867 0.366235 0.392043 0.367445 0.390430 0.369413 0.388817 0.371530 0.387607 0.373647 0.386600 0.375915 0.385390 0.378033 0.384380 0.380302 0.383573 0.382570 0.382767 0.384990 0.382363 0.387410 0.382767 0.389678 0.384380 0.391645 0.386397 0.393610 0.389220 0.394670
0 0.402530 0.414332 0.405353 0.412970 0.407570 0.411307 0.408983 0.409190 0.409587 0.406920 0.410193 0.404652 0.410597 0.402080 0.410797 0.399813 0.411200 0.397543 0.411200 0.395122 0.409990 0.392855 0.408377 0.390887 0.405353 0.390132 0.402327 0.390435 0.400110 0.392098 0.397690 0.393610 0.395673 0.395425 0.394463 0.398147 0.394263 0.400418 0.394263 0.402837 0.394060 0.405105 0.394060 0.407525 0.393457 0.409795 0.394867 0.411913 0.397487 0.413272
0 0.385793 0.430515 0.385590 0.428095 0.385590 0.425675 0.386397 0.423255 0.386800 0.420835 0.386800 0.418415 0.385187 0.414483 0.384783 0.412215 0.383170 0.410098 0.380750 0.407828 0.378130 0.406315 0.375103 0.406165 0.373893 0.408433 0.371877 0.410400 0.370263 0.412365 0.369660 0.414635 0.370063 0.417052 0.370870 0.419473 0.370467 0.421743 0.369860 0.424010 0.370467 0.426280 0.371273 0.428548 0.372080 0.430818 0.373490 0.432935 0.376113 0.434145 0.378937 0.435053 0.381960 0.434295
0 0.402530 0.443975 0.403940 0.441858 0.406360 0.440345 0.408377 0.438228 0.409387 0.435658 0.409587 0.433237 0.409990 0.430967 0.409790 0.428700 0.409990 0.426430 0.409990 0.424010 0.409790 0.421743 0.408177 0.419625 0.405353 0.418415 0.402327 0.418112 0.399707 0.419322 0.397890 0.421288 0.397087 0.423558 0.394867 0.425522 0.394867 0.425522 0.393860 0.427943 0.393457 0.430363 0.393253 0.432632 0.393253 0.435053 0.393253 0.437473 0.394060 0.439740 0.395473 0.441858 0.397287 0.443823
0 0.369860 0.457132 0.372483 0.455620 0.374903 0.454107 0.377727 0.452595 0.381153 0.452143 0.384380 0.451990 0.387607 0.451688 0.390833 0.451688 0.394060 0.451688 0.396883 0.452595 0.398497 0.454562 0.398293 0.456830 0.396077 0.458495 0.393457 0.460008 0.390633 0.461065 0.387607 0.461670 0.384583 0.461973 0.381357 0.461973 0.378130 0.461822 0.375103 0.461367 0.372280 0.460310 0.370063 0.458645
0 0.446870 0.377272 0.449367 0.373993 0.451867 0.370713 0.453117 0.367200 0.453117 0.363450 0.452180 0.359938 0.449680 0.356893 0.447180 0.353378 0.442497 0.351270 0.437810 0.352205 0.435937 0.355955 0.435623 0.359467 0.435000 0.363217 0.435310 0.367200 0.435937 0.370713 0.438123 0.373993 0.440933 0.377038 0.445307 0.378678
0 0.488100 0.405620 0.493410 0.405150 0.497783 0.403745 0.501843 0.401637 0.504967 0.398590 0.507153 0.394842 0.508717 0.391327 0.509963 0.387815 0.506530 0.385003 0.501843 0.385473 0.497470 0.386877 0.492783 0.388283 0.488100 0.389923 0.484977 0.392735 0.483727 0.396247 0.482477 0.399762 0.483727 0.403275
0 0.527770 0.402807 0.532453 0.400465 0.535890 0.397655 0.539013 0.394842 0.541200 0.391562 0.542137 0.388050 0.543073 0.384300 0.539950 0.381490 0.535267 0.382192 0.531517 0.384770 0.527457 0.386643 0.524020 0.389455 0.521520 0.392500 0.519337 0.395780 0.518397 0.399292 0.520897 0.402340
0 0.532453 0.426702 0.537140 0.423893 0.538700 0.421080 0.540887 0.417098 0.542137 0.413585 0.542137 0.409835 0.541823 0.406322 0.539327 0.403275 0.534640 0.403043 0.529957 0.403745 0.526520 0.406322 0.525893 0.409835 0.525583 0.413350 0.525270 0.416863 0.524957 0.420378 0.526207 0.423893
0 0.506530 0.432325 0.508403 0.428812 0.509027 0.425297 0.509963 0.421783 0.511527 0.418270 0.514337 0.415225 0.518710 0.417567 0.521200 0.420600 0.522767 0.424600 0.523083 0.428108 0.521533 0.432800 0.516533 0.433250 0.511527 0.433730
0 0.420437 0.437683 0.420640 0.437683 0.421447 0.435415 0.422657 0.433298 0.425277 0.431935 0.428300 0.431027 0.431123 0.430120 0.433747 0.428760 0.436570 0.427700 0.439393 0.426642 0.442417 0.426187 0.445443 0.426038 0.448870 0.426187 0.451693 0.427095 0.454317 0.428305 0.454920 0.430575 0.453307 0.432540 0.450687 0.433902 0.448267 0.435415 0.446047 0.437078 0.443627 0.438590 0.441007 0.439800 0.438183 0.440860 0.434957 0.441615 0.431930 0.441767 0.428703 0.441312 0.425480 0.440860 0.422253 0.440707 0.420237 0.438892
0 0.518787 0.460535 0.519593 0.458115 0.521207 0.455998 0.522010 0.453580 0.522413 0.451310 0.521207 0.449192 0.519190 0.447377 0.517373 0.445413 0.515963 0.443295 0.514350 0.441178 0.512533 0.438908 0.509710 0.437245 0.506283 0.436640 0.503257 0.437395 0.501240 0.439210 0.500433 0.441480 0.500837 0.443748 0.501240 0.446018 0.501847 0.448437 0.502450 0.450858 0.503460 0.453277 0.505677 0.455092 0.508097 0.456603 0.510317 0.458267 0.513140 0.459325 0.515963 0.460535
0 0.484503 0.470065 0.486720 0.468400 0.489343 0.467040 0.492167 0.465375 0.494587 0.463863 0.497207 0.462350 0.500233 0.461442 0.503257 0.460688 0.506283 0.460990 0.509307 0.461745 0.512130 0.462805 0.513340 0.464923 0.511123 0.466738 0.509307 0.468702 0.507693 0.470820 0.505273 0.472332 0.502653 0.473695 0.500030 0.474905 0.497207 0.475813 0.494183 0.476265 0.491157 0.476567 0.488333 0.477627 0.485310 0.477930 0.482690 0.476720 0.482083 0.474450 0.482287 0.472030
0 0.449617 0.471425 0.451430 0.469460 0.453247 0.467342 0.455667 0.465830 0.458893 0.464467 0.461717 0.463560 0.464337 0.462200 0.467363 0.461140 0.470387 0.460535 0.473413 0.460083 0.476840 0.460083 0.479867 0.460535 0.482487 0.461897 0.484303 0.463863 0.483093 0.465980 0.480673 0.467493 0.478453 0.469158 0.476840 0.471122 0.474623 0.472938 0.471597 0.473998 0.468573 0.474753 0.465347 0.475510 0.462120 0.476265 0.459093 0.476870 0.455867 0.477475 0.452843 0.477777 0.450020 0.476567 0.448610 0.474450 0.449213 0.472183
0 0.371643 0.502003 0.372077 0.499563 0.372947 0.496960 0.374030 0.494520 0.375330 0.492080 0.377500 0.489965 0.380753 0.488988 0.384223 0.488988 0.386827 0.490777 0.388130 0.493055 0.389213 0.495658 0.389863 0.498098 0.390300 0.500537 0.390517 0.502980 0.390080 0.505745 0.388780 0.508185 0.386827 0.510300 0.384660 0.512415 0.382273 0.514205 0.379020 0.514367 0.376200 0.513065 0.374247 0.510950 0.372947 0.508672 0.372293 0.506232
0 0.408737 0.509813 0.411123 0.508022 0.412640 0.505745 0.413507 0.503305 0.414377 0.500537 0.414810 0.498098 0.414810 0.495495 0.414377 0.493055 0.412640 0.490940 0.411123 0.488662 0.408953 0.486710 0.405917 0.485573 0.403097 0.486872 0.400277 0.488175 0.397890 0.489965 0.398757 0.492405 0.398323 0.492567 0.397240 0.495007 0.397023 0.498587 0.396590 0.501190 0.397890 0.503630 0.398540 0.506070 0.399843 0.508348 0.402663 0.509650 0.405917 0.510625
0 0.489733 0.541210 0.489733 0.541210 0.491900 0.539095 0.493853 0.536980 0.494720 0.534540 0.494937 0.532100 0.495153 0.529497 0.495590 0.527057 0.495807 0.524615 0.495807 0.522012 0.495370 0.519572 0.494287 0.517132 0.491033 0.516320 0.487780 0.516645 0.484960 0.518273 0.483223 0.520385 0.481490 0.522828 0.480840 0.525267 0.480620 0.527707 0.480403 0.530147 0.480620 0.532587 0.481490 0.535027 0.483657 0.536980 0.484310 0.539420 0.487130 0.541048
0 0.624717 0.540378 0.624917 0.540378 0.627137 0.538563 0.627540 0.536293 0.628143 0.534025 0.628143 0.531303 0.627943 0.528430 0.627740 0.526160 0.627540 0.523893 0.626733 0.521622 0.625523 0.519505 0.623303 0.517690 0.620883 0.516177 0.617860 0.515725 0.615843 0.517540 0.613827 0.519355 0.612010 0.521473 0.611203 0.523740 0.611407 0.526010 0.612617 0.528128 0.612617 0.530548 0.613827 0.532815 0.614430 0.535083 0.615843 0.537200 0.617860 0.539015 0.620280 0.540528
0 0.497793 0.560993 0.498600 0.558723 0.499407 0.556455 0.498197 0.554337 0.497993 0.552068 0.498600 0.549800 0.498197 0.547530 0.498600 0.545263 0.497993 0.542992 0.495170 0.542085 0.492550 0.540725 0.489323 0.540725 0.486500 0.541633 0.484887 0.543597 0.485693 0.546170 0.486097 0.548438 0.487103 0.550857 0.487910 0.553128 0.489523 0.555245 0.490733 0.557362 0.492550 0.559327 0.494163 0.561295 0.496987 0.562202
0 0.567597 0.616918 0.567597 0.616918 0.569340 0.613867 0.571080 0.610820 0.571953 0.607553 0.571953 0.604067 0.571370 0.600800 0.569920 0.597535 0.567887 0.594485 0.564110 0.592307 0.559757 0.592525 0.556560 0.594920 0.556270 0.598187 0.555110 0.601673 0.553947 0.605158 0.553657 0.608422 0.555400 0.611472 0.558013 0.614305 0.560917 0.617135
0 0.515473 0.605810 0.519247 0.603633 0.521280 0.600365 0.521570 0.597097 0.520990 0.593832 0.520990 0.590347 0.520407 0.587080 0.518957 0.583812 0.515763 0.581418 0.511407 0.582288 0.509083 0.585337 0.506760 0.588388 0.505017 0.591435 0.504727 0.594703 0.505890 0.597970 0.507340 0.601237 0.508213 0.604503 0.511407 0.607117
0 0.497467 0.587080 0.498340 0.583812 0.499790 0.580547 0.500080 0.577280 0.499790 0.574013 0.498050 0.570962 0.496307 0.567915 0.493983 0.565082 0.490207 0.563122 0.485853 0.563340 0.484110 0.566390 0.483240 0.569658 0.482947 0.572923 0.483820 0.576408 0.484980 0.579675 0.487303 0.582508 0.490207 0.585120 0.494273 0.586862 0.498630 0.587732
0 0.472783 0.591000 0.475690 0.588388 0.478010 0.585555 0.479463 0.582288 0.479753 0.579022 0.479463 0.575755 0.478883 0.572487 0.476270 0.569658 0.473367 0.567043 0.469300 0.565738 0.464943 0.566607 0.462040 0.569440 0.460590 0.572705 0.460007 0.575972 0.460007 0.579457 0.460590 0.582725 0.462040 0.585990 0.463203 0.589258 0.465233 0.592307 0.469300 0.593832
0 0.471043 0.560292 0.473947 0.557460 0.475690 0.554412 0.476560 0.551145 0.477140 0.547878 0.477140 0.544393 0.476850 0.541128 0.473367 0.538948 0.469010 0.538513 0.465523 0.540907 0.463783 0.543957 0.462040 0.547008 0.461750 0.550273 0.462620 0.553540 0.463203 0.557025 0.462040 0.560292
0 0.449567 0.582300 0.451587 0.577063 0.452747 0.573795 0.453330 0.570528 0.453330 0.566825 0.452747 0.563558 0.450133 0.559202 0.445780 0.558115 0.442003 0.559858 0.441713 0.563122 0.439970 0.565082 0.438230 0.568133 0.438230 0.571618 0.439100 0.574885 0.441133 0.577932 0.443457 0.580982
0 0.394653 0.566855 0.394653 0.562823 0.393980 0.559042 0.393643 0.555262 0.394987 0.551482 0.397677 0.548207 0.400027 0.544680 0.403387 0.541655 0.408427 0.542160 0.411450 0.545435 0.412460 0.549215 0.412460 0.553247 0.411450 0.557028 0.410107 0.560805 0.407757 0.564585 0.404733 0.567862 0.400027 0.570383
0 0.363070 0.588778 0.366767 0.585753 0.372140 0.583990 0.376843 0.582477 0.381883 0.580965 0.386923 0.579705 0.391963 0.579453 0.396667 0.581217 0.399357 0.584745 0.396667 0.588273 0.392637 0.590793 0.388270 0.593313 0.383900 0.595580 0.378860 0.596085 0.373487 0.595832 0.368447 0.595330 0.364077 0.592810
0 0.419750 0.603343 0.419750 0.603343 0.423110 0.600317 0.425797 0.596790 0.427143 0.593010 0.426807 0.589230 0.425463 0.585200 0.424120 0.581420 0.421767 0.577890 0.416727 0.577135 0.411687 0.578143 0.410343 0.581923 0.410343 0.585955 0.410343 0.589987 0.410680 0.593768 0.412023 0.597548 0.414040 0.601075
0 0.445620 0.616195 0.445620 0.616195 0.447637 0.612665 0.448310 0.608885 0.448310 0.604855 0.448310 0.600570 0.446630 0.596790 0.443940 0.593263 0.439237 0.591750 0.435207 0.594270 0.434870 0.598050 0.433863 0.602335 0.432853 0.606115 0.433863 0.609895 0.434533 0.613675 0.436550 0.617202 0.441253 0.618965
0 0.432953 0.638923 0.433290 0.634640 0.433963 0.630607 0.433290 0.626575 0.431273 0.623047 0.429260 0.619268 0.424557 0.617755 0.420187 0.619773 0.416827 0.622795 0.416157 0.626575 0.416490 0.630355 0.416490 0.634387 0.416490 0.638420 0.417837 0.642200 0.422540 0.643962 0.427580 0.643710
0 0.504893 0.647687 0.505543 0.645247 0.506197 0.642807 0.507280 0.640367 0.508363 0.637927 0.509233 0.635487 0.510967 0.633208 0.514220 0.632720 0.517693 0.633045 0.519643 0.635160 0.520513 0.637765 0.520513 0.640367 0.520730 0.642807 0.520947 0.645247 0.521163 0.647687 0.520730 0.650128 0.519643 0.652567 0.517910 0.654845 0.515740 0.656798 0.513137 0.658425 0.509883 0.658750 0.508147 0.656635 0.505543 0.655008 0.504460 0.652567 0.504460 0.649803
