0 0.447773 0.686057 0.451387 0.682535 0.453917 0.678740 0.455363 0.674673 0.454640 0.670607 0.453193 0.666543 0.449580 0.663290 0.444160 0.663832 0.440183 0.667085 0.438377 0.671150 0.437293 0.675215 0.436930 0.679283 0.437293 0.683347 0.441267 0.686330
0 0.489490 0.273527 0.489490 0.273527 0.492990 0.269738 0.495320 0.265655 0.495710 0.260697 0.495320 0.256325 0.492990 0.252242 0.489100 0.248745 0.483270 0.247577 0.480160 0.251368 0.478217 0.255742 0.477827 0.260115 0.477827 0.265072 0.477827 0.269738 0.480550 0.273817 0.486380 0.274693
0 0.462433 0.295715 0.465933 0.291925 0.468653 0.287842 0.469820 0.283470 0.470210 0.279095 0.469820 0.274723 0.467100 0.270640 0.461657 0.268600 0.456603 0.270933 0.454660 0.275305 0.452713 0.279678 0.452327 0.284052 0.453103 0.288425 0.455437 0.292507
0 0.430557 0.279678 0.436777 0.279678 0.442607 0.280262 0.448440 0.279388 0.452327 0.275888 0.450383 0.271515 0.445717 0.268600 0.440273 0.266850 0.434443 0.266267 0.428613 0.266850 0.423170 0.268600 0.417727 0.270348 0.420060 0.274723 0.425503 0.276473
0 0.497420 0.317582 0.502087 0.314665 0.506363 0.311168 0.509473 0.307085 0.512583 0.303295 0.514137 0.298923 0.514527 0.294548 0.509473 0.291925 0.503640 0.293382 0.498587 0.295715 0.495477 0.299505 0.491590 0.303295 0.489647 0.307668 0.488480 0.312043 0.490423 0.316415
0 0.552233 0.334783 0.555343 0.330993 0.557287 0.326620 0.558843 0.322248 0.559230 0.317873 0.556510 0.313790 0.554177 0.309418 0.549123 0.307085 0.544070 0.309418 0.540960 0.313207 0.539793 0.317582 0.539793 0.322248 0.540960 0.326620 0.543293 0.330703 0.546793 0.334493
0 0.307710 0.307377 0.311987 0.302127 0.313153 0.297755 0.312377 0.293382 0.310433 0.289007 0.309657 0.284635 0.306547 0.280552 0.301103 0.278805 0.295660 0.281137 0.294493 0.285510 0.294493 0.290175 0.294883 0.294548 0.295273 0.298923 0.297217 0.303295 0.300327 0.307085
0 0.352030 0.331867 0.354750 0.327785 0.355917 0.323413 0.356693 0.319040 0.357083 0.314375 0.356693 0.310000 0.353583 0.305920 0.347753 0.305045 0.342700 0.307668 0.340757 0.312043 0.340367 0.316415 0.339200 0.320788 0.340757 0.325163 0.341920 0.329535 0.345810 0.333035
0 0.532603 0.395555 0.534347 0.392505 0.536670 0.389457 0.537830 0.386190 0.536960 0.382922 0.535800 0.379655 0.534927 0.376390 0.533477 0.373123 0.530573 0.370510 0.526217 0.371598 0.522730 0.374213 0.520407 0.377260 0.519247 0.380527 0.518957 0.383795 0.519247 0.387060 0.519827 0.390327 0.521280 0.393595 0.524473 0.395990 0.528830 0.396645
0 0.535800 0.436935 0.537250 0.433668 0.536960 0.430402 0.535510 0.427135 0.534347 0.423868 0.533187 0.420600 0.530863 0.417552 0.526507 0.417115 0.522440 0.418640 0.522150 0.421908 0.522150 0.425610 0.521570 0.429095 0.521280 0.432363 0.522440 0.435628 0.525053 0.438460 0.527960 0.441072 0.532313 0.441727
0 0.492530 0.400565 0.493113 0.397298 0.493113 0.393813 0.493113 0.390110 0.492530 0.386842 0.491660 0.383577 0.489917 0.380527 0.487303 0.377695 0.483820 0.375518 0.479463 0.375735 0.478303 0.379003 0.477720 0.382270 0.476270 0.385538 0.474233 0.390100 0.478593 0.398822 0.480627 0.401870 0.484690 0.403395 0.489047 0.403178
0 0.482367 0.367243 0.484110 0.363975 0.484110 0.360490 0.481787 0.357660 0.478010 0.355917 0.475107 0.353303 0.472203 0.350690 0.469300 0.348077 0.465233 0.346552 0.461170 0.344810 0.456813 0.344158 0.452457 0.343720 0.451007 0.346988 0.452747 0.350255 0.453910 0.353522 0.454780 0.356788 0.458557 0.358965 0.462330 0.360925 0.466107 0.362887 0.469880 0.364627 0.473947 0.366152 0.478010 0.367460
0 0.473067 0.381175 0.472783 0.376173 0.472203 0.372905 0.470460 0.369855 0.468720 0.366808 0.466397 0.363758 0.463203 0.361363 0.459137 0.360055 0.455070 0.361363 0.454200 0.364627 0.454200 0.368113 0.453330 0.371380 0.454780 0.374647 0.455933 0.377475 0.458557 0.380745 0.459137 0.384012 0.463203 0.385973 0.467557 0.386625 0.471623 0.385320
0 0.449843 0.372905 0.451297 0.369638 0.451007 0.366152 0.448683 0.363322 0.446940 0.360272 0.444907 0.357225 0.442583 0.354392 0.438810 0.352432 0.435033 0.350690 0.430680 0.351342 0.428647 0.354392 0.430387 0.357442 0.431550 0.360707 0.432130 0.363975 0.433873 0.367243 0.437357 0.369638 0.440833 0.371825 0.445767 0.375075
0 0.416740 0.371598 0.419063 0.368550 0.420223 0.365283 0.421387 0.362015 0.421967 0.358530 0.422257 0.355262 0.422257 0.351780 0.422257 0.348077 0.419063 0.345245 0.415287 0.343285 0.410933 0.342633 0.407157 0.344592 0.405997 0.347860 0.405413 0.351125 0.405123 0.354610 0.404833 0.357878 0.404543 0.361145 0.405997 0.364410 0.408027 0.367460 0.410060 0.370510 0.413257 0.373123
0 0.412093 0.410582 0.415870 0.408622 0.419353 0.406228 0.423130 0.404485 0.427193 0.403178 0.431260 0.401870 0.435907 0.401652 0.440260 0.402525 0.442003 0.405573 0.440260 0.408622 0.437647 0.411452 0.433873 0.413633 0.429227 0.414720 0.424870 0.415810 0.420513 0.416897 0.416160 0.417115 0.410933 0.414067 0.412963 0.416680
0 0.366647 0.403230 0.369887 0.401205 0.372317 0.398370 0.374477 0.395740 0.375013 0.390880 0.375013 0.390880 0.375283 0.387842 0.375553 0.384805 0.375283 0.381767 0.373937 0.378733 0.371777 0.375897 0.367727 0.374683 0.363947 0.375897 0.361247 0.378327 0.359087 0.380958 0.357467 0.383995 0.357197 0.387033 0.357197 0.390272 0.357197 0.393512 0.357197 0.396753 0.358547 0.399788 0.360977 0.402420
0 0.353417 0.422060 0.356387 0.419832 0.359087 0.417200 0.360707 0.413962 0.361517 0.410925 0.361517 0.407685 0.360437 0.404647 0.359087 0.401610 0.357737 0.398572 0.355307 0.395942 0.351257 0.395335 0.347210 0.396145 0.343970 0.398572 0.343430 0.401610 0.343160 0.404647 0.342620 0.407685 0.342620 0.410925 0.343430 0.413962 0.344780 0.416998 0.345860 0.420035
0 0.385543 0.439877 0.388513 0.436840 0.390943 0.434207 0.392293 0.430970 0.393103 0.427932 0.392833 0.424490 0.391753 0.421453 0.390403 0.418415 0.388243 0.415580 0.385003 0.413558 0.381493 0.411938 0.377713 0.413152 0.374747 0.415580 0.373127 0.418415 0.372317 0.421453 0.372317 0.424692 0.372317 0.427932 0.373937 0.430970 0.375553 0.434005 0.376363 0.437043 0.378523 0.439675 0.382573 0.440080
0 0.437647 0.441902 0.441427 0.440688 0.444397 0.438460 0.446557 0.435827 0.448713 0.433195 0.450063 0.430160 0.450063 0.426920 0.449793 0.423680 0.448173 0.420845 0.444127 0.419630 0.440347 0.421048 0.438727 0.423882 0.436567 0.426515 0.434407 0.429350 0.433327 0.432387 0.434137 0.435422 0.434407 0.438460 0.434407 0.441700
0 0.470850 0.427123 0.473820 0.424692 0.475440 0.421857 0.476520 0.418820 0.476790 0.415783 0.476250 0.412747 0.475170 0.409710 0.473280 0.406875 0.470583 0.404040 0.467883 0.401610 0.464103 0.402825 0.462753 0.405863 0.461403 0.408900 0.461133 0.411938 0.462213 0.415175 0.462483 0.418415 0.463023 0.421857 0.464103 0.424895 0.466803 0.427325
0 0.485430 0.455873 0.488130 0.453442 0.491100 0.451215 0.492990 0.448383 0.493260 0.445345 0.492990 0.442105 0.492450 0.439067 0.491900 0.435625 0.488933 0.432800 0.484067 0.433400 0.482200 0.436650 0.480567 0.439475 0.478950 0.443320 0.478140 0.446358 0.478410 0.449395 0.480030 0.452228
0 0.478383 0.478002 0.481083 0.475573 0.485133 0.473753 0.489453 0.472942 0.493500 0.472335 0.497820 0.471930 0.502410 0.471728 0.506460 0.471930 0.510240 0.473145 0.512940 0.475573 0.512400 0.478610 0.509160 0.480837 0.505650 0.482457 0.501600 0.483470 0.497550 0.484280 0.493230 0.484483 0.488913 0.484280 0.484863 0.483673 0.480543 0.483065 0.476763 0.481850
0 0.461647 0.492988 0.463807 0.490152 0.465967 0.487520 0.466507 0.484483 0.466237 0.481243 0.465697 0.478205 0.464077 0.474965 0.463267 0.471930 0.461377 0.469095 0.457327 0.468082 0.453007 0.468892 0.450037 0.471120 0.448687 0.474360 0.447877 0.477395 0.448417 0.480432 0.449497 0.483470 0.451117 0.486305 0.451927 0.489342 0.455167 0.491773
0 0.405223 0.515663 0.407383 0.513030 0.407653 0.509995 0.408463 0.506957 0.409003 0.503920 0.409003 0.500680 0.408193 0.497642 0.405223 0.495415 0.402523 0.492783 0.399000 0.493400 0.395767 0.495225 0.393333 0.497650 0.392267 0.500275 0.392267 0.503515 0.392807 0.506552 0.393077 0.509590 0.393347 0.512625 0.394967 0.515460 0.398473 0.517485 0.402523 0.517890
0 0.354723 0.470275 0.356120 0.468575 0.357340 0.466745 0.358383 0.464915 0.359257 0.462825 0.359603 0.460863 0.359430 0.458902 0.359430 0.456680 0.359083 0.454720 0.358733 0.452760 0.357863 0.450798 0.356120 0.448967 0.354550 0.447270 0.353157 0.445570 0.350193 0.444655 0.347753 0.445440 0.346360 0.447137 0.345663 0.449100 0.344963 0.451190 0.344267 0.453150 0.343570 0.455113 0.342873 0.457072 0.343047 0.459165 0.343223 0.461125 0.343743 0.463217 0.344267 0.465178 0.344790 0.467137 0.345487 0.469098 0.347403 0.470668 0.350020 0.471452 0.352633 0.471712
0 0.340433 0.493150 0.341653 0.491320 0.342177 0.489360 0.341827 0.487400 0.341303 0.485308 0.340957 0.483348 0.340083 0.481385 0.339563 0.479425 0.339040 0.477465 0.337993 0.475635 0.336600 0.473805 0.333983 0.472757 0.331370 0.472105 0.328757 0.471842 0.326490 0.472890 0.325793 0.474850 0.324747 0.476680 0.323700 0.478640 0.323003 0.480733 0.323180 0.482692 0.324573 0.484393 0.326140 0.486092 0.326663 0.488053 0.327537 0.490145 0.328233 0.492105 0.329280 0.493935 0.331543 0.495243 0.334160 0.495895 0.336947 0.495895
0 0.356943 0.516732 0.357253 0.516732 0.359440 0.513452 0.360690 0.509938 0.360690 0.506190 0.360377 0.502675 0.358503 0.498928 0.356003 0.495883 0.351943 0.494007 0.347570 0.495413 0.345697 0.498692 0.345383 0.502208 0.345383 0.505955 0.346320 0.509470 0.347883 0.513217 0.349757 0.516497 0.354443 0.517668
0 0.381773 0.541190 0.384273 0.538143 0.386460 0.534630 0.387083 0.531115 0.385833 0.527602 0.385523 0.524087 0.384897 0.520340 0.383023 0.517060 0.379277 0.514717 0.374590 0.514482 0.371467 0.517293 0.371153 0.520807 0.370217 0.524323 0.370217 0.528070 0.370217 0.531817 0.371153 0.535567 0.373653 0.538612
0 0.423943 0.550560 0.426753 0.547515 0.427377 0.544000 0.426753 0.540485 0.426440 0.536972 0.425503 0.533458 0.422380 0.530413 0.418007 0.528773 0.414570 0.531350 0.413633 0.534862 0.413633 0.538845 0.413947 0.542360 0.415820 0.545640 0.418320 0.548685
0 0.449867 0.553370 0.453303 0.550795 0.452990 0.547280 0.451430 0.543532 0.450180 0.540018 0.448617 0.536503 0.446430 0.533225 0.442060 0.531585 0.437373 0.532755 0.436437 0.536503 0.435500 0.540018 0.435187 0.543532 0.437687 0.546577 0.440183 0.549622 0.443307 0.552667
0 0.403640 0.566020 0.405827 0.562742 0.407073 0.559227 0.408323 0.555712 0.408637 0.552200 0.407700 0.548685 0.404577 0.545875 0.399267 0.547045 0.395207 0.549388 0.392393 0.552432 0.390833 0.555948 0.390833 0.559695 0.390833 0.563445 0.392080 0.567192 0.394893 0.570237 0.399577 0.571175 0.402077 0.568130
0 0.399867 0.591450 0.403300 0.588225 0.406137 0.584527 0.409887 0.581717 0.412383 0.578202 0.413323 0.574690 0.413633 0.571175 0.413947 0.567660 0.409267 0.564150 0.404577 0.566020 0.400203 0.567427 0.398017 0.570708 0.396767 0.574220 0.394893 0.577967 0.392707 0.581247 0.391770 0.584763 0.392080 0.588278 0.393957 0.591555
0 0.383803 0.707470 0.388140 0.704760 0.391033 0.700965 0.392840 0.696630 0.392840 0.692292 0.392117 0.687955 0.389227 0.684432 0.383803 0.683075 0.378383 0.684702 0.375493 0.688225 0.372963 0.692020 0.372963 0.696357 0.372963 0.700695 0.374047 0.704760 0.378020 0.707742
