0 0.394953 0.374132 0.397980 0.370855 0.399993 0.367327 0.401340 0.363548 0.401673 0.359767 0.402010 0.355988 0.401003 0.352208 0.396633 0.349940 0.392267 0.352208 0.388570 0.354980 0.385883 0.358255 0.384877 0.362035 0.384877 0.366067 0.385883 0.369848 0.387900 0.373628
0 0.510533 0.370100 0.514230 0.367327 0.514567 0.363548 0.516583 0.359767 0.516917 0.355988 0.515573 0.352208 0.514567 0.348428 0.513557 0.344647 0.509527 0.342127 0.504487 0.341625 0.500453 0.344145 0.497767 0.345908 0.497767 0.349940 0.498103 0.353973 0.499110 0.357752 0.500120 0.361533 0.502470 0.365060 0.505830 0.368082
0 0.510940 0.278358 0.512160 0.276397 0.513380 0.274305 0.513727 0.272212 0.513727 0.269993 0.513553 0.267900 0.513207 0.265940 0.512867 0.263850 0.512333 0.261875 0.512167 0.259675 0.511300 0.257700 0.509370 0.255742 0.507627 0.254175 0.505710 0.252738 0.504317 0.251037 0.501527 0.250775 0.500307 0.252605 0.498913 0.254568 0.497170 0.256135 0.495777 0.257835 0.495603 0.259925 0.495603 0.262017 0.495777 0.264240 0.496473 0.266200 0.497347 0.268163 0.497520 0.270122 0.497693 0.272083 0.498217 0.274305 0.498740 0.276397 0.499787 0.278358 0.501703 0.280058 0.504143 0.281232 0.507107 0.281755 0.509547 0.280580
0 0.490373 0.359767 0.491383 0.355988 0.492057 0.352208 0.492057 0.348178 0.491720 0.344397 0.490710 0.340618 0.488360 0.337090 0.485337 0.333813 0.480967 0.331798 0.476600 0.334065 0.474920 0.337845 0.474920 0.341878 0.474920 0.345908 0.475257 0.349940 0.476600 0.353973 0.478280 0.357752 0.482310 0.360272 0.487350 0.361533
0 0.478617 0.375140 0.481977 0.371862 0.484327 0.368335 0.488360 0.367833 0.493400 0.374635 0.494070 0.377913 0.494070 0.381943 0.493063 0.385723 0.491383 0.389502 0.489703 0.393283 0.484663 0.394290 0.479960 0.392780 0.478280 0.389000 0.477607 0.385220 0.477270 0.381440
0 0.580083 0.392527 0.582773 0.389250 0.583780 0.385470 0.584117 0.381690 0.583443 0.377913 0.582437 0.374132 0.580420 0.370603 0.577397 0.367327 0.572357 0.366825 0.569667 0.370100 0.567987 0.373880 0.566643 0.377660 0.567653 0.381440 0.567987 0.385220 0.570677 0.388495 0.573700 0.391770
0 0.553540 0.422513 0.556563 0.419237 0.558580 0.415710 0.559253 0.411930 0.558917 0.408150 0.558580 0.404118 0.557237 0.400337 0.553877 0.397315 0.549510 0.395298 0.545140 0.397315 0.544470 0.401095 0.542790 0.403615 0.542117 0.407395 0.543127 0.411175 0.543797 0.414955 0.545140 0.418735 0.547830 0.422010
0 0.582367 0.483510 0.582367 0.483510 0.584183 0.481393 0.585393 0.478973 0.587007 0.476855 0.588013 0.474587 0.587813 0.470353 0.588013 0.469142 0.587813 0.466570 0.587610 0.464303 0.585797 0.462185 0.584787 0.459915 0.583377 0.457798 0.580753 0.456437 0.577730 0.457043 0.575310 0.458705 0.573697 0.460822 0.572687 0.463092 0.572487 0.465360 0.572283 0.467933 0.572283 0.470655 0.571880 0.472923 0.571680 0.475342 0.571680 0.477762 0.572687 0.480183 0.573897 0.482450 0.576117 0.484265 0.579140 0.484870
0 0.467777 0.633370 0.467777 0.633370 0.470537 0.631110 0.471793 0.628287 0.472797 0.625463 0.473800 0.622640 0.475053 0.619628 0.475307 0.616805 0.475307 0.613792 0.474303 0.610970 0.472797 0.608335 0.469783 0.606075 0.466270 0.604945 0.462757 0.606075 0.460247 0.608523 0.458240 0.611158 0.457990 0.613982 0.457487 0.616992 0.457237 0.620005 0.457237 0.623018 0.458240 0.626028 0.460497 0.628663 0.461503 0.631487 0.463007 0.634122
0 0.454650 0.604645 0.459670 0.604080 0.463433 0.603328 0.467200 0.602575 0.470963 0.601633 0.474227 0.600128 0.477233 0.597500 0.479733 0.595225 0.479747 0.592033 0.480753 0.589210 0.477237 0.588080 0.473473 0.587328 0.469457 0.586950 0.465693 0.587515 0.461930 0.587893 0.457913 0.589023 0.455403 0.591280 0.452140 0.593163 0.448377 0.593915 0.445867 0.596175 0.444610 0.598997 0.445617 0.602010 0.448877 0.603705 0.452643 0.604645
0 0.445190 0.572192 0.445190 0.572192 0.447197 0.569558 0.450710 0.568430 0.454473 0.567487 0.457990 0.566357 0.461753 0.566170 0.465770 0.565982 0.470037 0.565982 0.473800 0.567112 0.477063 0.568805 0.475053 0.571253 0.472043 0.573135 0.469533 0.575582 0.466270 0.577275 0.462507 0.577840 0.458740 0.578217 0.454977 0.578405 0.450960 0.578405 0.446947 0.577840 0.444687 0.575393
0 0.431060 0.570010 0.433067 0.572457 0.436580 0.573962 0.440093 0.575093 0.444110 0.574153 0.445617 0.571515 0.446870 0.568693 0.447873 0.565870 0.449130 0.563045 0.449630 0.560035 0.449883 0.557210 0.448877 0.554388 0.447373 0.551753 0.445363 0.549305 0.441600 0.548362 0.437833 0.549305 0.436330 0.551375 0.436330 0.551375 0.433820 0.553635 0.431810 0.556080 0.431200 0.558700 0.430467 0.561525 0.429803 0.564175 0.430307 0.566997
0 0.430027 0.560597 0.429560 0.557972 0.429327 0.555347 0.426993 0.553250 0.424427 0.551150 0.420927 0.550450 0.417427 0.549925 0.414397 0.551500 0.413230 0.554122 0.412063 0.556747 0.411830 0.559372 0.411830 0.562172 0.412063 0.564798 0.413230 0.567423 0.413463 0.570222 0.415797 0.572497 0.418127 0.574597 0.420693 0.576697 0.424193 0.577222 0.427693 0.575997 0.429793 0.573722 0.431427 0.571273 0.431660 0.568648 0.431427 0.565847 0.431193 0.563222
0 0.356997 0.581947 0.357930 0.579322 0.359097 0.576697 0.360030 0.574072 0.360263 0.571273 0.360497 0.568648 0.360730 0.566022 0.360497 0.563397 0.359563 0.560773 0.358630 0.558148 0.357463 0.555523 0.353963 0.554648 0.350463 0.554472 0.347197 0.555523 0.345563 0.557972 0.343930 0.560423 0.342997 0.563048 0.342997 0.565847 0.343463 0.568472 0.344163 0.571097 0.345563 0.573722 0.346263 0.576348 0.347663 0.578797 0.349997 0.580898 0.353030 0.582472
0 0.342763 0.563747 0.343230 0.561122 0.342997 0.558497 0.342530 0.555872 0.341597 0.553075 0.339730 0.550800 0.337397 0.548525 0.334833 0.546250 0.332267 0.544325 0.329233 0.542925 0.325967 0.541875 0.322467 0.542050 0.319433 0.543800 0.318500 0.546425 0.318500 0.549400 0.319667 0.552025 0.321067 0.554648 0.323400 0.557273 0.325267 0.559547 0.328300 0.560948 0.331567 0.562348 0.334833 0.563747 0.338097 0.564972 0.341597 0.565322
0 0.319667 0.536975 0.319667 0.534175 0.319900 0.531550 0.320833 0.528925 0.321767 0.526300 0.323167 0.523675 0.325500 0.521400 0.327367 0.519125 0.329700 0.517025 0.333200 0.516325 0.336697 0.516850 0.339497 0.518600 0.340197 0.521225 0.339263 0.523850 0.338097 0.526475 0.336930 0.529100 0.336000 0.531725 0.334833 0.534525 0.333900 0.535925 0.331100 0.537850 0.327600 0.538900 0.324333 0.540125 0.320833 0.539600 0.320367 0.539775
0 0.440233 0.507672 0.444297 0.506367 0.447200 0.503753 0.449523 0.500705 0.450977 0.497437 0.451267 0.494170 0.451557 0.490902 0.451557 0.487420 0.448653 0.484588 0.444297 0.483935 0.441103 0.486548 0.439070 0.489598 0.437037 0.492645 0.434713 0.495695 0.433843 0.498962 0.433843 0.502447 0.435297 0.505713 0.438200 0.508327
0 0.402483 0.507455 0.403063 0.504190 0.403353 0.500705 0.405097 0.497655 0.406257 0.494387 0.406837 0.491123 0.405387 0.487638 0.403643 0.484588 0.402190 0.481320 0.399870 0.478272 0.396093 0.480233 0.393190 0.482845 0.391447 0.485895 0.389997 0.489380 0.389703 0.492645 0.389703 0.496130 0.389997 0.499397 0.390577 0.503100 0.392317 0.506367 0.396383 0.507672
0 0.422227 0.474788 0.425713 0.472392 0.427457 0.469342 0.428907 0.466075 0.430070 0.462807 0.430360 0.459543 0.430070 0.456275 0.429777 0.453008 0.425713 0.451047 0.421357 0.452137 0.418163 0.454750 0.416420 0.458235 0.414387 0.461285 0.412647 0.464332 0.412063 0.467600 0.412063 0.471520 0.412357 0.474788 0.416420 0.476313 0.420777 0.475875
0 0.445750 0.451703 0.447200 0.448217 0.448363 0.444733 0.448943 0.441465 0.449233 0.438198 0.449233 0.434713 0.448653 0.431447 0.445170 0.429270 0.440233 0.428615 0.436167 0.432535 0.436167 0.432535 0.435007 0.435802 0.434133 0.439070 0.434133 0.442555 0.433553 0.446257 0.433553 0.449742 0.435297 0.452790 0.439943 0.453663
0 0.350793 0.508763 0.351083 0.508763 0.353117 0.505713 0.354857 0.502665 0.357473 0.499832 0.358923 0.496567 0.359213 0.493300 0.358343 0.490033 0.356890 0.486765 0.352537 0.485895 0.349340 0.488507 0.346437 0.491123 0.344113 0.493952 0.342953 0.497220 0.341790 0.500487 0.341210 0.503970 0.341500 0.509625 0.347900 0.511800
0 0.335113 0.503100 0.338597 0.500923 0.341500 0.498308 0.342370 0.495042 0.342370 0.491557 0.342080 0.488072 0.340630 0.484805 0.337727 0.481975 0.334530 0.479577 0.327270 0.478708 0.324367 0.481320 0.322627 0.484370 0.322917 0.487638 0.323497 0.490902 0.325240 0.493952 0.325533 0.496575 0.328133 0.499825 0.330177 0.503100
0 0.339467 0.476313 0.340050 0.473045 0.340340 0.469777 0.339177 0.466510 0.337143 0.463245 0.334820 0.460413 0.332500 0.457583 0.330177 0.454750 0.327270 0.452137 0.323497 0.450395 0.319140 0.451920 0.320593 0.455185 0.319720 0.458452 0.318560 0.461720 0.319430 0.464987 0.320883 0.468253 0.322627 0.471738 0.325240 0.474570 0.328433 0.476965 0.332207 0.478925 0.336853 0.478925
0 0.435030 0.618638 0.435030 0.618638 0.439403 0.616997 0.440027 0.613482 0.438467 0.609970 0.435030 0.607393 0.431283 0.605050 0.427847 0.602472 0.423473 0.601067 0.418787 0.600832 0.414417 0.602472 0.414727 0.605987 0.417227 0.609032 0.420037 0.612077 0.422850 0.615122 0.426910 0.617465 0.431283 0.619105
0 0.397237 0.615053 0.401610 0.615053 0.404107 0.612008 0.404420 0.608260 0.404733 0.604745 0.404733 0.600997 0.404107 0.597482 0.400360 0.595140 0.396610 0.592797 0.392863 0.595375 0.390677 0.598888 0.390050 0.602403 0.390677 0.605917 0.390990 0.609430 0.391613 0.612945
0 0.373497 0.614350 0.378493 0.614350 0.382867 0.612710 0.385990 0.609900 0.388177 0.606620 0.389427 0.603105 0.390050 0.599592 0.390677 0.596078 0.390990 0.592562 0.389740 0.589050 0.385990 0.586707 0.381307 0.587645 0.377557 0.590220 0.373810 0.592562 0.371933 0.595842 0.370687 0.599357 0.370060 0.602870 0.370373 0.606385 0.370997 0.609900
0 0.380103 0.394442 0.380103 0.394442 0.381783 0.390663 0.382793 0.386883 0.382793 0.382850 0.382120 0.379070 0.380103 0.375543 0.377753 0.372015 0.373720 0.369495 0.369690 0.372015 0.367000 0.375290 0.364983 0.378817 0.365320 0.382598 0.365657 0.386377 0.366330 0.390158 0.367337 0.393937 0.371367 0.396457 0.376407 0.396710
0 0.449537 0.726587 0.451150 0.724620 0.451957 0.722352 0.452560 0.719630 0.453167 0.717060 0.453367 0.714790 0.453570 0.712523 0.453367 0.710102 0.452560 0.707832 0.451150 0.705715 0.449537 0.703295 0.446713 0.702085 0.443687 0.702690 0.441267 0.704202 0.439857 0.706320 0.438647 0.709043 0.437840 0.711313 0.436830 0.713580 0.437033 0.715850 0.438040 0.718270 0.439050 0.720690 0.439857 0.723110 0.441067 0.725225 0.442680 0.727343 0.445703 0.727947
0 0.430043 0.667465 0.430393 0.665503 0.430567 0.663413 0.430393 0.661452 0.429870 0.659490 0.428823 0.657268 0.428127 0.655308 0.427603 0.653347 0.427257 0.651385 0.426037 0.649555 0.424293 0.647987 0.422377 0.646550 0.420110 0.645505 0.417497 0.645242 0.415057 0.646158 0.414010 0.648250 0.413487 0.650210 0.413313 0.652170 0.413313 0.654263 0.413487 0.656353 0.414533 0.658315 0.415403 0.660405 0.416450 0.662235 0.418017 0.663935 0.419760 0.665503 0.421677 0.666942 0.424117 0.667725 0.426907 0.668117
0 0.389087 0.640015 0.388913 0.638053 0.388737 0.636092 0.388200 0.633750 0.387700 0.631650 0.387517 0.629950 0.385950 0.628250 0.384730 0.626290 0.383683 0.624328 0.382290 0.622630 0.380023 0.621060 0.377933 0.619753 0.376537 0.618055 0.373923 0.618315 0.371657 0.619622 0.370263 0.621582 0.370090 0.623675 0.369740 0.625897 0.369567 0.627857 0.369567 0.629950 0.370090 0.632040 0.370787 0.634000 0.371833 0.635830 0.373053 0.637660 0.374097 0.639622 0.375143 0.641452 0.375840 0.643413 0.377583 0.645112 0.380023 0.645895 0.382813 0.645895 0.385253 0.644980 0.386993 0.643413
