0 0.477063 0.291163 0.477063 0.291163 0.477563 0.288340 0.478820 0.285328 0.480827 0.282880 0.482837 0.280245 0.485847 0.278363 0.489360 0.277232 0.493127 0.277987 0.495887 0.280245 0.496137 0.283067 0.496387 0.285892 0.496137 0.288715 0.495133 0.291540 0.494130 0.294363 0.492623 0.297185 0.490113 0.299445 0.488107 0.301515 0.488107 0.301515 0.484340 0.302267 0.480577 0.301515 0.478570 0.299067 0.477313 0.296245 0.475807 0.293610
0 0.480240 0.474550 0.481687 0.474550 0.483043 0.474348 0.484220 0.473738 0.485213 0.472990 0.486387 0.472313 0.487473 0.471635 0.488740 0.470890 0.489913 0.470348 0.491360 0.470007 0.492627 0.469600 0.493893 0.469195 0.494887 0.469195 0.495250 0.470210 0.495430 0.471228 0.495430 0.472313 0.495430 0.473397 0.495520 0.474483 0.495520 0.475567 0.495340 0.476585 0.494617 0.477535 0.493983 0.478483 0.493260 0.479365 0.492263 0.480178 0.491090 0.480720 0.489823 0.481127 0.488377 0.481332 0.487020 0.481262 0.485757 0.480857 0.484580 0.480315 0.483313 0.479705 0.482230 0.478957 0.481507 0.477940 0.481053 0.476925 0.480693 0.475908
0 0.515840 0.239360 0.518347 0.237102 0.520357 0.234655 0.522613 0.232208 0.524623 0.229762 0.526630 0.226937 0.529643 0.225055 0.533407 0.224490 0.536920 0.222985 0.540433 0.224115 0.541690 0.226937 0.541187 0.229762 0.540433 0.232585 0.538930 0.235220 0.536920 0.237667 0.534663 0.240303 0.532153 0.242750 0.528890 0.244443 0.525377 0.246137 0.521610 0.246702 0.517847 0.246325 0.515337 0.244067
0 0.405443 0.464785 0.407533 0.463348 0.408580 0.461517 0.408230 0.459555 0.407883 0.457595 0.407187 0.455635 0.405790 0.453543 0.404570 0.451582 0.403177 0.449883 0.401433 0.448315 0.399690 0.446485 0.397600 0.444655 0.395510 0.443217 0.393940 0.444132 0.393243 0.443740 0.390453 0.443740 0.387317 0.443740 0.384527 0.443870 0.383483 0.445830 0.384007 0.447793 0.385050 0.449622 0.386097 0.451452 0.386793 0.453412 0.387840 0.455373 0.389757 0.457072 0.391150 0.458772 0.393243 0.460080 0.395510 0.461255 0.397950 0.462040 0.400213 0.463085 0.402653 0.463870
0 0.431533 0.621740 0.432400 0.619300 0.433487 0.616860 0.434137 0.614255 0.435003 0.611328 0.435220 0.608888 0.435220 0.606285 0.434353 0.603845 0.433053 0.601403 0.431317 0.599290 0.428713 0.597662 0.426110 0.595872 0.422857 0.596523 0.420470 0.598475 0.418737 0.600590 0.417433 0.602868 0.416567 0.605633 0.415917 0.608075 0.415700 0.610515 0.415917 0.612955 0.416350 0.615395 0.417433 0.617835 0.418953 0.620112 0.421557 0.621903 0.424593 0.622878 0.427847 0.623530
0 0.392490 0.595872 0.393573 0.593433 0.394440 0.590992 0.394223 0.588225 0.393573 0.585785 0.392490 0.583345 0.390753 0.581230 0.389020 0.578952 0.386633 0.576675 0.384247 0.574722 0.381643 0.573097 0.378390 0.572607 0.375570 0.573910 0.373833 0.576025 0.372317 0.578465 0.371883 0.580905 0.372533 0.583508 0.373833 0.585785 0.375137 0.588063 0.376220 0.590503 0.377307 0.592945 0.379040 0.595385 0.381427 0.597175 0.384680 0.597825 0.387933 0.598313 0.391187 0.597662
0 0.390320 0.611328 0.390320 0.608725 0.389237 0.606285 0.387500 0.604008 0.387067 0.601568 0.385547 0.599290 0.383380 0.597175 0.380777 0.595385 0.377523 0.594898 0.374270 0.594407 0.371013 0.594732 0.368193 0.596197 0.367110 0.599290 0.367110 0.601893 0.368193 0.604332 0.369713 0.606610 0.371450 0.608888 0.373183 0.611003 0.375787 0.612793 0.378390 0.614418 0.381427 0.615720 0.384680 0.616370 0.388150 0.616045 0.389670 0.613768
0 0.322510 0.612345 0.322510 0.612345 0.324543 0.609295 0.325703 0.605810 0.325993 0.602542 0.323670 0.599712 0.321927 0.596662 0.321927 0.592960 0.318443 0.590782 0.313797 0.590782 0.309733 0.592307 0.307700 0.595575 0.306537 0.598840 0.306247 0.602107 0.305377 0.605592 0.304797 0.608860 0.305377 0.612125 0.308570 0.614523 0.312927 0.615827 0.317283 0.617135 0.321637 0.616482
0 0.472447 0.711180 0.475013 0.709255 0.477113 0.706980 0.478047 0.704355 0.478047 0.701380 0.477813 0.698580 0.477813 0.695605 0.477347 0.692980 0.475947 0.690355 0.474780 0.687730 0.471747 0.686155 0.467780 0.686330 0.464747 0.688080 0.463347 0.690530 0.462647 0.693155 0.461713 0.695780 0.460547 0.698405 0.460313 0.701030 0.460313 0.704005 0.460547 0.706805 0.462413 0.709430 0.465680 0.710830 0.468713 0.712405
0 0.405717 0.680380 0.407583 0.678105 0.409683 0.675830 0.410383 0.673207 0.411317 0.670582 0.411550 0.667957 0.411550 0.665158 0.410850 0.662533 0.408283 0.660608 0.405250 0.658857 0.401750 0.658332 0.399417 0.660432 0.398950 0.663057 0.398483 0.665682 0.397083 0.668308 0.395900 0.669875 0.395667 0.672500 0.396367 0.676175 0.398250 0.679330 0.400817 0.681255
0 0.391483 0.683705 0.391483 0.680905 0.391717 0.678280 0.391483 0.675655 0.390783 0.673033 0.388917 0.670582 0.387517 0.668133 0.385883 0.665682 0.383083 0.663933 0.380517 0.662008 0.378883 0.659558 0.376783 0.661832 0.375383 0.664282 0.374917 0.666907 0.374917 0.669708 0.375150 0.672332 0.376083 0.674955 0.377017 0.677755 0.377717 0.680380 0.378883 0.683005 0.380983 0.685280 0.384017 0.686855 0.387517 0.687380 0.390783 0.686155
0 0.421347 0.703830 0.426247 0.704705 0.429280 0.706455 0.432313 0.707855 0.434413 0.710130 0.436513 0.712405 0.437913 0.715205 0.438847 0.718005 0.440013 0.720630 0.438847 0.723255 0.435580 0.724305 0.432080 0.724655 0.428813 0.723430 0.427867 0.721150 0.424600 0.719050 0.422047 0.717305 0.421113 0.714680 0.419713 0.712230 0.419013 0.709605 0.418313 0.706980 0.418780 0.704355
0 0.536293 0.625345 0.537453 0.621862 0.538617 0.618378 0.538907 0.615110 0.538907 0.611625 0.537163 0.608357 0.534550 0.605527 0.532227 0.602695 0.527870 0.603568 0.525257 0.606398 0.524387 0.609665 0.523807 0.612932 0.523227 0.616200 0.522933 0.619465 0.522933 0.622950 0.523517 0.626217 0.527290 0.628395 0.531357 0.629702 0.535420 0.628178
0 0.481410 0.556087 0.481120 0.552822 0.480247 0.549337 0.478797 0.546070 0.476763 0.542802 0.473860 0.540190 0.470663 0.537578 0.466310 0.536270 0.461953 0.536705 0.459333 0.538450 0.457600 0.541050 0.457597 0.544327 0.459920 0.547160 0.463113 0.549555 0.466020 0.552168 0.469503 0.554345 0.473570 0.555870
0 0.492153 0.588105 0.495057 0.585273 0.498253 0.580045 0.498833 0.576778 0.498543 0.573295 0.497670 0.570028 0.496220 0.566760 0.495057 0.563492 0.491283 0.565453 0.486927 0.568067 0.484313 0.570898 0.484023 0.574165 0.484023 0.577650 0.484023 0.581135 0.484023 0.584620 0.485767 0.587668
0 0.470083 0.580700 0.473570 0.578303 0.474440 0.575037 0.474730 0.571553 0.474440 0.568067 0.474150 0.564800 0.473280 0.561532 0.471827 0.558268 0.469503 0.555217 0.465147 0.554783 0.460793 0.555435 0.459920 0.558702 0.459050 0.561970 0.458470 0.565235 0.459630 0.568503 0.460500 0.571770 0.461663 0.575037 0.463113 0.578303 0.465437 0.581352
0 0.443020 0.563995 0.443600 0.563995 0.444763 0.560727 0.446213 0.557025 0.447087 0.553758 0.447087 0.550055 0.445053 0.547008 0.442440 0.544175 0.438953 0.541780 0.434600 0.541128 0.431987 0.543957 0.429663 0.546790 0.427920 0.550273 0.427050 0.553540 0.427050 0.557025 0.428210 0.560292 0.430243 0.563340 0.434307 0.565520 0.438663 0.566172
0 0.494103 0.542992 0.496193 0.541685 0.497413 0.539855 0.497763 0.537895 0.497937 0.535935 0.497763 0.533972 0.496893 0.531883 0.496020 0.529920 0.495497 0.527960 0.494800 0.525867 0.494103 0.523908 0.492883 0.522077 0.491140 0.520510 0.489223 0.519072 0.486957 0.517895 0.484343 0.517110 0.481730 0.516850 0.478940 0.516850 0.478417 0.518810 0.479290 0.520903 0.479290 0.523122 0.478593 0.525085 0.477893 0.527045 0.478070 0.529005 0.478593 0.530967 0.479813 0.532798 0.480857 0.534628 0.482253 0.536458 0.483473 0.538288 0.484867 0.539985 0.486610 0.541685 0.489223 0.542730
0 0.471447 0.518680 0.472490 0.516850 0.473363 0.514888 0.473537 0.512927 0.473013 0.510968 0.472143 0.509005 0.471270 0.506915 0.470573 0.504955 0.469530 0.502992 0.468310 0.501163 0.466913 0.499465 0.465520 0.497503 0.464127 0.495673 0.462033 0.494365 0.459593 0.493582 0.456980 0.493320 0.454367 0.493450 0.451750 0.494105 0.451403 0.496065 0.451230 0.498025 0.451053 0.500247 0.450880 0.502470 0.451927 0.505085 0.452970 0.506915 0.454017 0.509005 0.455063 0.510837 0.456630 0.512535 0.458550 0.513972 0.460467 0.515543 0.462383 0.516980 0.464823 0.517895 0.467263 0.518680
0 0.444083 0.530705 0.446173 0.529398 0.448267 0.528090 0.450010 0.526523 0.451053 0.524300 0.451927 0.522340 0.452797 0.520378 0.453147 0.518417 0.453493 0.516458 0.453843 0.514365 0.453843 0.512143 0.452797 0.510053 0.451403 0.508352 0.449487 0.506785 0.447047 0.505607 0.444430 0.505215 0.441817 0.506130 0.440073 0.507830 0.439027 0.510053 0.438157 0.512013 0.437287 0.513972 0.436763 0.515935 0.436763 0.518158 0.436763 0.520247 0.436587 0.522340 0.436763 0.524300 0.437807 0.526130 0.439203 0.527830 0.441120 0.529268
0 0.420903 0.527175 0.423867 0.525608 0.425957 0.524038 0.427527 0.522340 0.429093 0.520640 0.430140 0.518548 0.430837 0.516587 0.431533 0.514628 0.432407 0.512535 0.432753 0.510575 0.432753 0.508483 0.432753 0.506393 0.431883 0.504430 0.430487 0.502470 0.428570 0.501032 0.426307 0.499855 0.423690 0.500247 0.421947 0.501818 0.420553 0.503515 0.418637 0.504955 0.417590 0.506785 0.416547 0.508745 0.415500 0.510705 0.415150 0.512668 0.414977 0.514888 0.414803 0.516850 0.414107 0.518810 0.414107 0.520903 0.414627 0.523255 0.415847 0.525085
0 0.392667 0.517503 0.392143 0.515543 0.391623 0.513582 0.391447 0.511490 0.392320 0.509530 0.393363 0.507308 0.394237 0.505345 0.396153 0.503777 0.398943 0.504040 0.401557 0.504822 0.403997 0.505738 0.406263 0.507045 0.407133 0.509267 0.407657 0.511490 0.408703 0.513582 0.409573 0.515543 0.410270 0.517503 0.410443 0.519462 0.410443 0.521818 0.409573 0.523908 0.408353 0.525737 0.407483 0.527698 0.407307 0.529660 0.405740 0.531357 0.403123 0.531750 0.400860 0.530705 0.398767 0.529398 0.397023 0.527830 0.395630 0.526130 0.394410 0.524300 0.393540 0.522207 0.393363 0.520247
0 0.567870 0.535643 0.567870 0.535452 0.569377 0.532630 0.570883 0.529807 0.572390 0.527173 0.575150 0.524913 0.578913 0.524347 0.581423 0.526795 0.583430 0.529242 0.584937 0.531878 0.585690 0.534700 0.585440 0.537525 0.584937 0.540347 0.584937 0.543547 0.584937 0.546560 0.581927 0.548442 0.578160 0.549382 0.574647 0.550513 0.570883 0.550135 0.568373 0.547687 0.568373 0.544678 0.568623 0.541852 0.567370 0.539030
0 0.496693 0.482655 0.500210 0.481337 0.503973 0.480585 0.507733 0.481150 0.511250 0.482655 0.515017 0.483408 0.518280 0.484913 0.521533 0.487175 0.523800 0.489250 0.525307 0.492255 0.528067 0.494325 0.530827 0.496395 0.531580 0.499220 0.527817 0.500160 0.523800 0.500160 0.520037 0.499408 0.516020 0.498467 0.512507 0.497337 0.508740 0.496585 0.505480 0.495078 0.502467 0.493007 0.500460 0.490560 0.498450 0.488113 0.496947 0.485478
0 0.392197 0.475765 0.393590 0.474065 0.394810 0.472235 0.395510 0.470145 0.396903 0.468445 0.398820 0.466878 0.400563 0.465307 0.402830 0.464262 0.404397 0.465963 0.406313 0.467400 0.408230 0.468967 0.409450 0.470798 0.409973 0.472757 0.410323 0.474720 0.410670 0.476680 0.410847 0.478772 0.410847 0.480863 0.410670 0.482822 0.410323 0.484785 0.409277 0.486615 0.407883 0.488445 0.406490 0.490275 0.404223 0.491320 0.401610 0.491712 0.398993 0.491190 0.397077 0.489752 0.394810 0.488445 0.393767 0.486615 0.393417 0.484655 0.392720 0.482692 0.392547 0.480733 0.392547 0.478510
0 0.494223 0.649232 0.495090 0.646792 0.495957 0.644352 0.495740 0.641750 0.495740 0.638985 0.494873 0.636545 0.494223 0.634103 0.492920 0.631825 0.491620 0.629548 0.490317 0.627270 0.487063 0.628085 0.484243 0.631337 0.483160 0.633777 0.482293 0.636217 0.481640 0.638657 0.481640 0.641263 0.482073 0.644190 0.482727 0.646630 0.484243 0.648908 0.486413 0.650860 0.489017 0.652487 0.492270 0.652813
0 0.498313 0.437470 0.499437 0.435503 0.500373 0.433392 0.503000 0.432550 0.505623 0.433815 0.508060 0.435080 0.510123 0.436628 0.511433 0.438595 0.513123 0.440422 0.514247 0.442392 0.515560 0.444360 0.515747 0.446470 0.515560 0.448577 0.513497 0.450125 0.510687 0.450405 0.507873 0.450265 0.505623 0.448860 0.503937 0.447030 0.502437 0.445203 0.500937 0.443375 0.499623 0.441408 0.499437 0.439018
0 0.494187 0.399788 0.496623 0.398523 0.498873 0.397118 0.501873 0.396132 0.504873 0.395570 0.507687 0.395147 0.510497 0.394867 0.513310 0.394725 0.516123 0.395850 0.518747 0.396975 0.521370 0.397820 0.523997 0.398663 0.526807 0.399788 0.529243 0.400913 0.530370 0.402882 0.530370 0.405130 0.529807 0.407240 0.527747 0.408788 0.525120 0.409630 0.522120 0.410332 0.518933 0.410755 0.516123 0.411038 0.513310 0.410895 0.510310 0.410193 0.507497 0.409490 0.504500 0.408927 0.501500 0.408365 0.499063 0.407240 0.497187 0.405552 0.495687 0.403585 0.494937 0.401475
0 0.395333 0.419258 0.397433 0.416983 0.399533 0.414533 0.401167 0.412082 0.401633 0.409108 0.401167 0.406133 0.400700 0.403332 0.400467 0.400707 0.400233 0.398083 0.398833 0.395632 0.395567 0.394408 0.392067 0.393707 0.389267 0.395457 0.386700 0.397382 0.386000 0.400182 0.386700 0.402807 0.386467 0.405433 0.386233 0.408058 0.386467 0.410683 0.387167 0.413307 0.389500 0.415408 0.391367 0.417683
0 0.357533 0.422408 0.360567 0.420832 0.363600 0.419082 0.366633 0.417507 0.369900 0.416282 0.373400 0.415233 0.377133 0.414708 0.380633 0.415582 0.382500 0.417857 0.383900 0.420308 0.383433 0.422932 0.381100 0.425207 0.378300 0.427132 0.376200 0.429408 0.373633 0.431333 0.370367 0.433080 0.367100 0.434655 0.363600 0.435180 0.359867 0.435530 0.356367 0.435005 0.353333 0.433605 0.353567 0.430982 0.354267 0.428358 0.354500 0.425557
0 0.250673 0.432645 0.250907 0.432295 0.252773 0.429845 0.254407 0.427220 0.255573 0.424595 0.256037 0.421970 0.256270 0.419345 0.256270 0.416545 0.256037 0.413920 0.255107 0.411295 0.254173 0.408670 0.253007 0.406045 0.250907 0.403595 0.247407 0.402720 0.243907 0.402545 0.240407 0.403595 0.239007 0.406045 0.237840 0.408670 0.237840 0.411470 0.237840 0.414445 0.237840 0.417245 0.237840 0.420045 0.237840 0.422845 0.238307 0.425470 0.239707 0.428095 0.241573 0.430545 0.242973 0.432993 0.247173 0.434217
0 0.428260 0.335840 0.428260 0.335742 0.428650 0.334180 0.429170 0.332228 0.429300 0.330665 0.429300 0.329103 0.428520 0.327540 0.428000 0.326077 0.427217 0.324515 0.426307 0.323050 0.425527 0.321682 0.424743 0.320315 0.423963 0.318947 0.423183 0.317485 0.422400 0.316117 0.421360 0.314848 0.420317 0.313578 0.419017 0.312310 0.417063 0.311723 0.415110 0.311235 0.413157 0.310845 0.411203 0.310553 0.409513 0.311430 0.408340 0.312798 0.407560 0.314263 0.407167 0.315922 0.407167 0.317485 0.407167 0.319242 0.407167 0.320902 0.407560 0.322365 0.408340 0.323830 0.409120 0.325392 0.410163 0.326760 0.411463 0.327933 0.412767 0.329103 0.413677 0.330470 0.414720 0.331740 0.416150 0.332815 0.418363 0.334277 0.419797 0.335352 0.421490 0.336133 0.423183 0.337012 0.425263 0.337207 0.426567 0.335938
0 0.443567 0.318600 0.444060 0.315030 0.444560 0.312207 0.444060 0.309383 0.443057 0.306560 0.442303 0.303737 0.439793 0.300725 0.436530 0.299030 0.433517 0.296960 0.429753 0.297525 0.428500 0.300348 0.427493 0.303173 0.427243 0.305995 0.427243 0.309007 0.427243 0.312020 0.427747 0.314842 0.428500 0.317665 0.430003 0.320300 0.432263 0.322748 0.435023 0.325008 0.439040 0.324817 0.442567 0.323675
