0 0.439333 0.492500 0.436000 0.494750 0.433667 0.498000 0.432000 0.502000 0.432000 0.507500 0.434333 0.514250 0.439000 0.519000 0.443333 0.519000 0.446000 0.517750 0.449000 0.513500 0.449333 0.507000 0.448667 0.502250 0.447333 0.498500 0.444000 0.493250
0 0.486667 0.480000 0.484333 0.481500 0.482000 0.485250 0.481333 0.495250 0.482333 0.498500 0.485000 0.502500 0.486667 0.503500 0.490000 0.503750 0.492333 0.502250 0.494667 0.498750 0.495333 0.488750 0.494667 0.485500 0.492333 0.481750 0.490333 0.480000
0 0.462000 0.471250 0.459000 0.473250 0.456000 0.477500 0.456000 0.486500 0.457667 0.491250 0.460333 0.494750 0.463000 0.496500 0.466667 0.496750 0.469000 0.495250 0.471333 0.491250 0.471667 0.484750 0.470333 0.478750 0.467333 0.472750 0.464000 0.471250
0 0.442333 0.462000 0.439333 0.463500 0.435000 0.470250 0.434333 0.474250 0.434333 0.478500 0.435667 0.483000 0.439333 0.487250 0.442333 0.487750 0.445333 0.487000 0.449667 0.483500 0.451000 0.481000 0.452000 0.476500 0.452000 0.471000 0.451000 0.466750 0.448667 0.463500 0.447000 0.462250
0 0.408000 0.440250 0.404667 0.442000 0.403667 0.444000 0.403667 0.448250 0.408000 0.458250 0.415667 0.464500 0.419000 0.465500 0.423333 0.465500 0.426667 0.463000 0.427000 0.455250 0.422667 0.447500 0.419667 0.443750 0.415667 0.441250 0.412000 0.440000
0 0.481000 0.439250 0.478667 0.439750 0.476333 0.442250 0.474333 0.447750 0.473667 0.454750 0.474667 0.459250 0.476667 0.463500 0.481000 0.467000 0.483667 0.467500 0.486667 0.466750 0.490667 0.463250 0.492333 0.457750 0.492333 0.451000 0.491333 0.446000 0.487000 0.440750 0.483667 0.439250
0 0.467667 0.438250 0.465667 0.438250 0.462333 0.440250 0.459667 0.447750 0.460333 0.453250 0.461333 0.454750 0.463667 0.455750 0.467333 0.455500 0.468667 0.454500 0.470667 0.450750 0.471667 0.444000 0.470667 0.439750
0 0.435667 0.397000 0.431000 0.400500 0.429667 0.407500 0.430333 0.411750 0.431667 0.415500 0.434667 0.420250 0.437667 0.422000 0.442000 0.422500 0.444000 0.422000 0.446000 0.420500 0.448000 0.417500 0.448667 0.408500 0.447000 0.404000 0.444000 0.399000 0.439667 0.397000
0 0.472333 0.411500 0.469667 0.411250 0.462333 0.414250 0.455000 0.421000 0.453667 0.423500 0.453000 0.431500 0.455333 0.433750 0.459667 0.434000 0.466333 0.430750 0.471667 0.424500 0.474333 0.420500 0.475000 0.418250 0.474667 0.413500
0 0.470333 0.381000 0.467000 0.380750 0.462333 0.382250 0.459333 0.385000 0.457333 0.388500 0.456333 0.391750 0.456333 0.400000 0.458667 0.404250 0.462000 0.406000 0.467000 0.405500 0.471333 0.401750 0.474333 0.397500 0.475333 0.393750 0.475000 0.385500 0.474000 0.383500
0 0.488667 0.406500 0.485667 0.406500 0.482000 0.408500 0.479333 0.412750 0.478333 0.416000 0.478333 0.422500 0.480667 0.428250 0.482667 0.429750 0.486667 0.430250 0.490667 0.428000 0.494000 0.420000 0.494000 0.412250 0.491333 0.407500
0 0.525667 0.394500 0.523000 0.396250 0.521667 0.399250 0.521667 0.402000 0.523333 0.408000 0.525333 0.412250 0.529667 0.415750 0.532667 0.417000 0.534000 0.417000 0.536667 0.415750 0.539000 0.412000 0.539333 0.406250 0.538000 0.401500 0.537000 0.399750 0.530000 0.394250
0 0.364667 0.357250 0.363333 0.358250 0.361667 0.361750 0.362000 0.365500 0.364667 0.371750 0.368000 0.376500 0.370000 0.378250 0.376333 0.381500 0.380000 0.381000 0.381333 0.380250 0.382667 0.377750 0.382667 0.372000 0.381667 0.368500 0.378667 0.365750 0.375333 0.361250 0.372667 0.359250 0.366667 0.357250
0 0.443000 0.352750 0.439667 0.352750 0.437333 0.354250 0.432000 0.360750 0.431000 0.363000 0.430333 0.367000 0.430667 0.373750 0.432000 0.375500 0.435667 0.378000 0.439667 0.378000 0.442333 0.376750 0.444000 0.375250 0.445333 0.372250 0.446333 0.365500 0.446000 0.359750 0.444333 0.354000
0 0.505333 0.326000 0.501333 0.328000 0.500000 0.330500 0.499667 0.337250 0.500333 0.342250 0.501667 0.346500 0.504333 0.350250 0.507333 0.352000 0.510667 0.352750 0.513000 0.352000 0.515333 0.349750 0.518000 0.342500 0.518000 0.338250 0.514667 0.330000 0.513333 0.328500 0.509333 0.326500
0 0.463000 0.324250 0.460333 0.325750 0.458000 0.329250 0.457333 0.333000 0.458000 0.339750 0.462667 0.348750 0.466333 0.351000 0.470667 0.351750 0.474000 0.349750 0.475333 0.347250 0.475333 0.336000 0.472000 0.329750 0.466333 0.324500
0 0.435333 0.304750 0.432000 0.306750 0.430000 0.310750 0.429333 0.314000 0.429667 0.322250 0.431000 0.326500 0.434333 0.330500 0.438000 0.332750 0.440667 0.333000 0.444000 0.332000 0.445667 0.329000 0.447000 0.323000 0.446333 0.315000 0.443000 0.307750 0.440000 0.305750
0 0.481333 0.275500 0.478000 0.277500 0.477333 0.279000 0.477000 0.286250 0.477667 0.290000 0.479000 0.293250 0.483667 0.299000 0.485667 0.300250 0.488000 0.300250 0.490667 0.299500 0.493000 0.294500 0.493333 0.288750 0.492333 0.283500 0.490667 0.280250 0.487333 0.277250 0.483333 0.275500
0 0.306000 0.230000 0.305000 0.231750 0.305333 0.236750 0.309000 0.240750 0.314667 0.244500 0.321333 0.247500 0.324000 0.248000 0.330333 0.248000 0.334000 0.246500 0.335000 0.245000 0.334667 0.242250 0.330667 0.236500 0.326000 0.233250 0.311667 0.228500 0.308333 0.228750
0 0.417333 0.505750 0.415333 0.506500 0.412667 0.510250 0.411667 0.513500 0.412000 0.518000 0.413667 0.522750 0.416333 0.525500 0.420333 0.526000 0.424333 0.521750 0.425000 0.516750 0.423333 0.510000 0.421667 0.507250 0.420000 0.505750
0 0.408333 0.489250 0.405333 0.489500 0.400000 0.491000 0.392000 0.497500 0.390000 0.504000 0.390333 0.508250 0.392000 0.510750 0.396667 0.510750 0.404333 0.507500 0.411667 0.499000 0.412667 0.493500
0 0.405000 0.463250 0.401000 0.465000 0.398667 0.467000 0.392333 0.477750 0.393000 0.484750 0.394667 0.487250 0.397000 0.488750 0.401000 0.489000 0.405333 0.487500 0.409667 0.484000 0.412667 0.478500 0.413333 0.475000 0.413000 0.468750 0.408667 0.464750
0 0.465667 0.524750 0.462333 0.526250 0.460667 0.529000 0.460333 0.533750 0.461000 0.538500 0.463333 0.544250 0.468667 0.549000 0.471333 0.550250 0.475000 0.549250 0.477333 0.544250 0.478000 0.540500 0.476667 0.533750 0.475333 0.530250 0.472000 0.526500 0.469000 0.525000
0 0.230000 0.481500 0.229667 0.483000 0.231667 0.487500 0.235333 0.489750 0.239667 0.491000 0.251333 0.491250 0.261333 0.489000 0.264333 0.487000 0.264333 0.484500 0.263000 0.481750 0.256333 0.478750 0.249000 0.477250 0.243667 0.477000 0.235667 0.477750 0.233000 0.478500
0 0.491333 0.660250 0.489667 0.660250 0.487000 0.661500 0.483667 0.665250 0.481333 0.674250 0.481667 0.679000 0.482667 0.682000 0.485000 0.685750 0.488667 0.687250 0.491333 0.687000 0.494333 0.685000 0.498000 0.678500 0.498000 0.665250 0.495667 0.661750
0 0.494000 0.571500 0.490667 0.572250 0.486333 0.575500 0.484333 0.579500 0.483000 0.588750 0.484333 0.592250 0.486667 0.593500 0.490333 0.593750 0.494333 0.591500 0.498000 0.585000 0.498667 0.581250 0.498000 0.575750 0.496333 0.572750
0 0.415000 0.531500 0.412667 0.533000 0.411000 0.537250 0.411000 0.540750 0.412000 0.544500 0.415333 0.550250 0.419667 0.552750 0.424333 0.553750 0.426667 0.552250 0.428000 0.549750 0.427000 0.541500 0.424000 0.536500 0.420667 0.532750 0.417333 0.531500
0 0.404000 0.554500 0.400333 0.554500 0.396667 0.556000 0.393000 0.559500 0.391667 0.562000 0.391000 0.564750 0.391000 0.573250 0.392333 0.576250 0.396333 0.578250 0.400667 0.578000 0.403667 0.576250 0.407000 0.568500 0.407667 0.559500 0.406333 0.556000
0 0.362333 0.608750 0.358333 0.609000 0.354667 0.610500 0.352667 0.612000 0.347667 0.619250 0.346667 0.625500 0.347667 0.631000 0.349000 0.633000 0.353333 0.635250 0.357667 0.634500 0.361667 0.631500 0.365667 0.627000 0.367333 0.623500 0.368000 0.620000 0.367333 0.613750 0.365667 0.610250
