0 0.508000 0.227750 0.505000 0.229000 0.501333 0.234000 0.500667 0.246750 0.502667 0.252250 0.506000 0.254250 0.509667 0.254500 0.514333 0.252250 0.516333 0.248250 0.517000 0.237000 0.515000 0.231500 0.513333 0.229250 0.510667 0.227750
0 0.505333 0.271750 0.501333 0.274250 0.499667 0.278250 0.499667 0.286250 0.500333 0.291250 0.501667 0.294250 0.504000 0.295500 0.506667 0.295750 0.510000 0.293500 0.512000 0.291250 0.513333 0.287500 0.513333 0.280750 0.511333 0.275250 0.506667 0.272000
0 0.462667 0.255250 0.457000 0.259000 0.455667 0.261250 0.454333 0.266250 0.454333 0.273000 0.455667 0.276500 0.459333 0.280250 0.462000 0.281000 0.465333 0.281000 0.468333 0.280000 0.470333 0.276250 0.471667 0.271000 0.471333 0.266750 0.467333 0.256750 0.466000 0.255750
0 0.462333 0.297250 0.458667 0.298000 0.455333 0.301500 0.453333 0.306250 0.453000 0.310750 0.454000 0.318500 0.455333 0.320750 0.458667 0.323500 0.463333 0.324500 0.466333 0.323250 0.467667 0.321250 0.470667 0.311250 0.470667 0.306750 0.467333 0.299250 0.466000 0.298250
0 0.482333 0.345000 0.478333 0.347500 0.477333 0.349000 0.476333 0.352750 0.476333 0.361000 0.478000 0.366000 0.482333 0.369750 0.486667 0.370500 0.490000 0.368750 0.492333 0.365250 0.493667 0.361250 0.493667 0.354500 0.490333 0.347000 0.487000 0.345000
0 0.540333 0.358750 0.536333 0.358500 0.533333 0.359500 0.531000 0.361500 0.525000 0.369750 0.524000 0.372750 0.523667 0.377500 0.525000 0.380500 0.527000 0.381500 0.530667 0.381750 0.537667 0.378250 0.541667 0.372250 0.543333 0.368500 0.544000 0.364250 0.543333 0.361500
0 0.549667 0.396750 0.548333 0.397000 0.544333 0.399750 0.541667 0.407500 0.542000 0.412750 0.543667 0.416500 0.545000 0.417750 0.548000 0.418250 0.549333 0.418000 0.551667 0.416250 0.554000 0.413250 0.555667 0.406500 0.554667 0.399000 0.552333 0.397000
0 0.619667 0.390000 0.615667 0.388250 0.612667 0.388000 0.608333 0.388500 0.603667 0.390000 0.599000 0.392750 0.597000 0.395750 0.596667 0.398000 0.597667 0.401000 0.602333 0.402750 0.608667 0.402750 0.614333 0.401250 0.620000 0.397000 0.620667 0.391750
0 0.406333 0.357750 0.405333 0.360000 0.406333 0.365500 0.407667 0.367250 0.415333 0.373500 0.427000 0.377250 0.432667 0.377250 0.436667 0.375750 0.438000 0.373750 0.437333 0.369000 0.435333 0.366000 0.428667 0.361250 0.423667 0.360000 0.419000 0.357750 0.413000 0.356500 0.408333 0.356500
0 0.369333 0.333250 0.364667 0.337000 0.363333 0.341500 0.363667 0.347000 0.367333 0.354250 0.369333 0.356750 0.372333 0.358750 0.377667 0.359000 0.381333 0.357250 0.383000 0.354000 0.383333 0.348000 0.382667 0.342750 0.380667 0.337750 0.373667 0.332750
0 0.417000 0.380500 0.412667 0.382750 0.410667 0.385250 0.409333 0.389500 0.409333 0.396500 0.410667 0.400750 0.413000 0.403750 0.416000 0.405500 0.419667 0.405750 0.423333 0.404250 0.427333 0.400250 0.428667 0.396750 0.429000 0.390750 0.428000 0.385250 0.427000 0.383750 0.420667 0.380500
0 0.459333 0.380250 0.455333 0.381250 0.452333 0.384250 0.449667 0.391750 0.450333 0.400250 0.451333 0.402250 0.455667 0.406250 0.458667 0.406000 0.461333 0.403500 0.464667 0.398000 0.466000 0.392250 0.465000 0.384750 0.463333 0.382500
0 0.467333 0.403750 0.462667 0.405000 0.457667 0.408500 0.454333 0.414250 0.454000 0.424500 0.455333 0.426750 0.458000 0.428250 0.460000 0.428250 0.462333 0.427250 0.466667 0.424000 0.468667 0.420250 0.471333 0.410750 0.471333 0.407000 0.470333 0.405250
0 0.482000 0.433250 0.478000 0.436750 0.477000 0.439250 0.477000 0.444750 0.477667 0.448750 0.479000 0.451500 0.483000 0.455750 0.487000 0.457000 0.490000 0.456500 0.492000 0.454250 0.494000 0.447750 0.494000 0.443500 0.493333 0.439500 0.490333 0.434500 0.486667 0.432750
0 0.529667 0.426250 0.525333 0.431000 0.525000 0.435250 0.527333 0.443000 0.532333 0.452500 0.536333 0.455000 0.540667 0.454750 0.544667 0.452500 0.545667 0.450500 0.546000 0.445750 0.544667 0.438250 0.542000 0.432250 0.537667 0.427750 0.534000 0.426250
0 0.509667 0.449500 0.506000 0.449750 0.503667 0.451500 0.501333 0.455250 0.499000 0.462500 0.498333 0.471250 0.499333 0.474250 0.501000 0.476000 0.504667 0.477000 0.506000 0.477000 0.510000 0.475000 0.513333 0.470500 0.515000 0.465750 0.515333 0.459000 0.514333 0.454000 0.512333 0.451000
0 0.485667 0.468500 0.483000 0.470250 0.481333 0.473750 0.481333 0.482000 0.485000 0.490500 0.486333 0.491500 0.490667 0.491750 0.493000 0.490250 0.495667 0.486250 0.495667 0.477250 0.495000 0.475250 0.491333 0.470000 0.489667 0.469000
0 0.411333 0.435250 0.409667 0.438000 0.410000 0.443500 0.415333 0.451500 0.419667 0.454500 0.423000 0.456000 0.427333 0.455750 0.428333 0.455250 0.429667 0.452500 0.429667 0.447500 0.427333 0.442750 0.424667 0.439750 0.419333 0.436250 0.416000 0.435250
0 0.391000 0.417500 0.388000 0.418750 0.386000 0.423250 0.386000 0.432750 0.388000 0.438000 0.392000 0.443000 0.395000 0.444000 0.397000 0.444000 0.400333 0.442000 0.402667 0.438750 0.403333 0.431250 0.401333 0.423250 0.397667 0.419250 0.395000 0.417750
0 0.351000 0.428000 0.349000 0.428000 0.344667 0.430750 0.341000 0.440000 0.341000 0.444750 0.342000 0.448250 0.345000 0.452000 0.348000 0.452500 0.351000 0.452000 0.353000 0.450500 0.356000 0.446750 0.357333 0.443250 0.357667 0.435000 0.357000 0.432250 0.354333 0.429000
0 0.419333 0.465750 0.416333 0.467000 0.414000 0.470250 0.412667 0.474750 0.412333 0.479250 0.413333 0.483250 0.416333 0.487250 0.419000 0.488750 0.423333 0.489250 0.425667 0.488250 0.428667 0.485250 0.430333 0.479500 0.430333 0.474250 0.429333 0.470000 0.428000 0.468250 0.424333 0.466000
0 0.419000 0.492000 0.415667 0.493500 0.413667 0.497750 0.415000 0.508000 0.417333 0.512250 0.419667 0.514250 0.423000 0.515000 0.427333 0.514500 0.428667 0.513500 0.430667 0.509500 0.431000 0.501250 0.430333 0.497500 0.427333 0.493500 0.424000 0.492250
0 0.439667 0.496500 0.438000 0.498000 0.437333 0.500750 0.438000 0.509500 0.439333 0.513000 0.443000 0.516000 0.451667 0.518250 0.455333 0.514250 0.455000 0.509250 0.452333 0.502250 0.448333 0.498500 0.443333 0.496250
0 0.462000 0.512250 0.461667 0.514250 0.462333 0.515250 0.469000 0.520000 0.473000 0.521750 0.482000 0.523500 0.487333 0.523750 0.494000 0.522750 0.496333 0.521000 0.497000 0.517750 0.495333 0.515000 0.490333 0.512000 0.483000 0.509000 0.479333 0.508500 0.468000 0.509000 0.464333 0.510250
0 0.432000 0.517250 0.430667 0.519750 0.430667 0.522750 0.432000 0.526000 0.434333 0.529000 0.446000 0.537750 0.447333 0.538250 0.451000 0.538250 0.452333 0.537750 0.454667 0.534000 0.454667 0.532000 0.451667 0.524000 0.442333 0.517500 0.436333 0.516500
0 0.396667 0.497500 0.393000 0.499500 0.392000 0.501750 0.392333 0.506250 0.396000 0.513250 0.399333 0.518250 0.401333 0.519750 0.406667 0.522500 0.411667 0.522500 0.413333 0.521250 0.415000 0.517500 0.414000 0.509250 0.411667 0.503500 0.410333 0.501750 0.404667 0.497750 0.401000 0.496750
0 0.375000 0.501250 0.372000 0.500250 0.365333 0.500250 0.352667 0.501500 0.348000 0.504500 0.345000 0.507500 0.344333 0.510500 0.345667 0.513500 0.347667 0.514500 0.352000 0.515250 0.359667 0.515250 0.365667 0.514250 0.373667 0.509500 0.375667 0.506250 0.375667 0.502250
0 0.465333 0.547000 0.463333 0.547500 0.461667 0.548750 0.458333 0.555500 0.458333 0.563000 0.462000 0.570500 0.466000 0.572750 0.468000 0.573000 0.471000 0.572250 0.475000 0.568500 0.476333 0.563000 0.476333 0.556000 0.475333 0.553250 0.472333 0.549250 0.468667 0.547250
0 0.536667 0.561750 0.533000 0.561500 0.529000 0.563000 0.524667 0.567500 0.523333 0.571750 0.523333 0.579750 0.525000 0.584500 0.528333 0.586000 0.529667 0.586000 0.534000 0.583250 0.537667 0.579250 0.538667 0.577000 0.540000 0.568750 0.538667 0.563750
0 0.541667 0.585750 0.536333 0.585000 0.528667 0.589000 0.525667 0.592000 0.524000 0.595500 0.524000 0.600250 0.525000 0.601750 0.530000 0.602500 0.534000 0.601250 0.537667 0.599000 0.543000 0.591250 0.543000 0.587250
0 0.515667 0.607000 0.513333 0.607000 0.509000 0.610250 0.505333 0.618250 0.505667 0.623000 0.506333 0.624000 0.508667 0.625000 0.511333 0.625000 0.514000 0.624250 0.515667 0.623000 0.518000 0.619000 0.519000 0.615750 0.519000 0.610500 0.517333 0.607500
0 0.455333 0.637250 0.450667 0.636750 0.446667 0.638250 0.442667 0.641750 0.439000 0.646500 0.436667 0.650750 0.436000 0.653500 0.436333 0.658500 0.438667 0.660750 0.440667 0.660750 0.444000 0.659750 0.452333 0.654250 0.457000 0.647500 0.458000 0.644250 0.457333 0.639500
0 0.288333 0.584000 0.288000 0.587500 0.289333 0.588500 0.295000 0.590250 0.300333 0.591000 0.308667 0.590750 0.318000 0.588750 0.319333 0.588000 0.321000 0.584750 0.321000 0.583500 0.319000 0.580250 0.310667 0.578500 0.295333 0.579000 0.290667 0.581250
0 0.292000 0.563750 0.288667 0.563750 0.286000 0.564500 0.282667 0.567750 0.278000 0.580500 0.278333 0.585000 0.279333 0.586500 0.281000 0.587250 0.285000 0.587250 0.293333 0.579250 0.295333 0.574000 0.296000 0.567750 0.294667 0.565000
0 0.249667 0.691500 0.249667 0.693750 0.251333 0.695500 0.259667 0.698250 0.265333 0.698750 0.271333 0.698750 0.276333 0.698000 0.279000 0.697000 0.284333 0.693500 0.284333 0.689750 0.279667 0.686500 0.269667 0.685000 0.262667 0.685250 0.254000 0.687250 0.250667 0.689000
