0 0.392000 0.345500 0.388333 0.348500 0.385667 0.353500 0.385667 0.365750 0.387333 0.370250 0.389667 0.372750 0.391667 0.373750 0.397000 0.373750 0.401667 0.370000 0.403333 0.365750 0.404000 0.361000 0.403667 0.353250 0.401333 0.349000 0.397000 0.345750
0 0.505000 0.383250 0.501667 0.384000 0.499667 0.387250 0.499333 0.393500 0.500333 0.399750 0.502333 0.403500 0.504333 0.405250 0.507000 0.406500 0.510667 0.407000 0.513333 0.406250 0.515000 0.403750 0.515667 0.400250 0.515000 0.392500 0.513333 0.388000 0.511000 0.385250 0.508333 0.383750
0 0.468667 0.407500 0.467333 0.407000 0.461667 0.407500 0.455000 0.414500 0.454000 0.417000 0.454000 0.424500 0.455333 0.426000 0.459667 0.426000 0.467000 0.421250 0.470333 0.413250 0.470000 0.408750
0 0.441000 0.423250 0.438000 0.424500 0.433667 0.430750 0.433000 0.439000 0.434000 0.443000 0.436667 0.447750 0.439667 0.449750 0.444333 0.450250 0.447667 0.449250 0.450667 0.446250 0.452000 0.441000 0.452000 0.433500 0.451000 0.430000 0.447667 0.425750 0.444000 0.423250
0 0.418333 0.420750 0.415333 0.421250 0.411333 0.424250 0.409000 0.430500 0.409000 0.435750 0.410667 0.443250 0.413667 0.447250 0.416333 0.449250 0.420667 0.449750 0.424667 0.447250 0.428333 0.441500 0.429000 0.439250 0.429000 0.431750 0.428333 0.429250 0.425000 0.423500 0.420667 0.421000
0 0.331333 0.411000 0.330667 0.413500 0.331667 0.416750 0.337000 0.421750 0.344667 0.426000 0.354667 0.428500 0.361333 0.428000 0.363667 0.426500 0.365000 0.424250 0.363667 0.419250 0.356333 0.413500 0.350000 0.410500 0.343000 0.408500 0.334667 0.409000
0 0.393000 0.454750 0.389333 0.452750 0.377667 0.453250 0.369333 0.454750 0.362333 0.459250 0.361000 0.461750 0.361000 0.463750 0.364000 0.466500 0.366333 0.467250 0.373667 0.467500 0.381000 0.466250 0.388333 0.463750 0.393000 0.458250
0 0.401333 0.461750 0.397333 0.462000 0.394667 0.463250 0.392000 0.465500 0.389000 0.471250 0.389000 0.481250 0.391000 0.485750 0.393000 0.487250 0.397333 0.487250 0.401667 0.485000 0.404000 0.483250 0.405667 0.479750 0.406667 0.475000 0.406333 0.467000 0.404333 0.462750
0 0.450667 0.458750 0.446667 0.458500 0.443000 0.460500 0.440000 0.462750 0.437000 0.468250 0.435000 0.470000 0.434000 0.473250 0.434000 0.477250 0.434667 0.479500 0.436000 0.480500 0.439000 0.481000 0.442000 0.480000 0.451000 0.473250 0.453333 0.467500 0.453333 0.462250 0.452000 0.459750
0 0.355333 0.466250 0.352667 0.466250 0.348667 0.468500 0.347000 0.470750 0.344667 0.478000 0.344667 0.486000 0.346333 0.490000 0.350000 0.493500 0.353000 0.494500 0.357000 0.493500 0.360000 0.490750 0.362333 0.487000 0.363000 0.483500 0.363000 0.476250 0.362000 0.470000 0.357667 0.466750
0 0.329667 0.462250 0.325667 0.465250 0.323333 0.470750 0.323667 0.478250 0.326333 0.482750 0.329000 0.484500 0.334667 0.486500 0.338333 0.485250 0.340667 0.483000 0.342000 0.477500 0.341667 0.471750 0.340000 0.467250 0.336000 0.463250 0.334000 0.462250
0 0.335333 0.491750 0.330667 0.492000 0.327667 0.493750 0.325333 0.496750 0.323000 0.502500 0.323333 0.509000 0.325000 0.512750 0.326667 0.514250 0.330333 0.515250 0.334000 0.514750 0.336333 0.513500 0.339000 0.510500 0.341333 0.506000 0.341333 0.497250 0.340333 0.494500 0.338333 0.492500
0 0.534000 0.478750 0.529667 0.479000 0.524667 0.483000 0.522667 0.487000 0.521333 0.494750 0.522667 0.498500 0.525667 0.500250 0.529333 0.500250 0.531000 0.499500 0.534333 0.496500 0.537667 0.491500 0.538667 0.487000 0.538000 0.482500 0.536667 0.480250
0 0.442667 0.620500 0.438667 0.622250 0.436000 0.626000 0.435000 0.631750 0.436667 0.638250 0.439667 0.642750 0.444000 0.643750 0.447333 0.643000 0.451333 0.641000 0.453000 0.636750 0.453000 0.631250 0.452333 0.627000 0.450667 0.624000 0.447333 0.621500
0 0.489333 0.613500 0.487000 0.614250 0.481667 0.618750 0.480333 0.623500 0.480333 0.628000 0.481000 0.631500 0.483667 0.636250 0.486000 0.638250 0.490333 0.638750 0.495000 0.635750 0.496667 0.633000 0.497667 0.629750 0.497667 0.622250 0.497000 0.619250 0.495333 0.616750 0.491000 0.613750
0 0.507667 0.555000 0.505333 0.555500 0.504000 0.556500 0.501333 0.561000 0.500667 0.566500 0.501000 0.573000 0.505000 0.579500 0.509000 0.581500 0.510667 0.581500 0.514333 0.579750 0.517333 0.575500 0.518667 0.569500 0.518333 0.564250 0.514333 0.556250 0.511000 0.555000
0 0.523000 0.540000 0.522000 0.538250 0.517333 0.535250 0.514000 0.534000 0.509000 0.533500 0.502333 0.534250 0.499000 0.535250 0.494667 0.538250 0.493667 0.539750 0.493667 0.541750 0.497667 0.544750 0.502333 0.546250 0.514000 0.546500 0.519667 0.544750 0.522667 0.542250
0 0.442667 0.512000 0.439333 0.512750 0.436333 0.516750 0.435333 0.520500 0.435333 0.525250 0.436333 0.529000 0.438667 0.532750 0.442333 0.535500 0.447000 0.537000 0.451333 0.534500 0.452333 0.532750 0.453667 0.527750 0.453333 0.521250 0.452333 0.517000 0.451000 0.515000 0.447333 0.512750
0 0.381333 0.515500 0.380000 0.515250 0.376333 0.516250 0.372667 0.519250 0.369333 0.524500 0.369667 0.526750 0.372000 0.528250 0.373667 0.528250 0.377333 0.526250 0.381667 0.522500 0.383000 0.517500
0 0.359333 0.547000 0.356667 0.547000 0.353000 0.549250 0.350333 0.558000 0.350333 0.563250 0.352000 0.567750 0.353000 0.569000 0.356667 0.570250 0.359333 0.569750 0.363000 0.567250 0.365333 0.564500 0.366333 0.561000 0.366333 0.554000 0.365000 0.550250 0.362333 0.547750
0 0.376000 0.575250 0.376333 0.577500 0.380333 0.581250 0.385000 0.583250 0.393333 0.584500 0.399333 0.584500 0.404667 0.583750 0.408000 0.582000 0.409667 0.578750 0.409667 0.575750 0.408333 0.574000 0.405333 0.571750 0.398667 0.570250 0.384667 0.570250 0.378667 0.572000
0 0.442000 0.576750 0.440333 0.575000 0.435333 0.573750 0.419333 0.575750 0.415333 0.577750 0.412333 0.580250 0.410667 0.583500 0.411333 0.585750 0.412667 0.587500 0.416000 0.588500 0.425000 0.589000 0.435333 0.586250 0.440333 0.583000 0.442667 0.580500
0 0.373333 0.588500 0.371333 0.590750 0.372000 0.595750 0.376333 0.601000 0.384333 0.606000 0.390667 0.608000 0.394667 0.608000 0.397000 0.607250 0.398000 0.605000 0.397333 0.600750 0.394333 0.595750 0.390000 0.592500 0.389000 0.591000 0.381000 0.587750 0.376333 0.587750
0 0.373667 0.579250 0.369667 0.576000 0.361000 0.576250 0.348333 0.579250 0.345333 0.581250 0.343667 0.584250 0.343000 0.588250 0.345333 0.590500 0.349667 0.592000 0.358333 0.591500 0.365333 0.588750 0.372000 0.584500 0.374000 0.580750
0 0.315000 0.590000 0.310667 0.590000 0.306667 0.592250 0.304333 0.595750 0.303333 0.602250 0.303667 0.608500 0.306000 0.613500 0.310000 0.616250 0.314000 0.615500 0.318333 0.612750 0.320000 0.610000 0.321667 0.604250 0.321667 0.599250 0.320333 0.594000 0.319000 0.591750 0.317667 0.590750
0 0.301333 0.599000 0.300333 0.597500 0.298000 0.596250 0.292333 0.595750 0.283000 0.596000 0.274667 0.597750 0.268333 0.600500 0.266000 0.602750 0.266000 0.604750 0.267000 0.607000 0.268333 0.608000 0.272667 0.609250 0.281000 0.609750 0.290333 0.609000 0.295667 0.607750 0.300000 0.605250 0.301333 0.603000
0 0.337667 0.632250 0.333667 0.633750 0.332000 0.635000 0.329333 0.638250 0.328667 0.641000 0.328667 0.647500 0.330333 0.653000 0.332667 0.655500 0.337333 0.656500 0.341667 0.655750 0.344333 0.654000 0.346000 0.651250 0.346667 0.648250 0.346667 0.639500 0.345333 0.635500 0.342333 0.632750
0 0.352667 0.632750 0.349333 0.633750 0.348000 0.635250 0.347333 0.637500 0.347667 0.646750 0.349000 0.651000 0.351333 0.654500 0.353667 0.655750 0.357333 0.656250 0.361000 0.654250 0.362667 0.651250 0.363333 0.647000 0.363000 0.642250 0.358667 0.634000 0.357000 0.633000
0 0.289667 0.652000 0.286667 0.653500 0.284667 0.657500 0.284667 0.662750 0.285667 0.665500 0.289667 0.671000 0.296333 0.675750 0.298000 0.676500 0.302333 0.676500 0.305000 0.674750 0.308000 0.670500 0.308000 0.665250 0.304000 0.657750 0.299333 0.654250 0.294000 0.652000
0 0.282333 0.668500 0.280333 0.670250 0.279333 0.675000 0.280333 0.678250 0.282667 0.681500 0.286333 0.685250 0.290667 0.687750 0.294667 0.689250 0.299000 0.689000 0.301000 0.686250 0.300667 0.682750 0.299667 0.680250 0.294667 0.674000 0.291333 0.671750 0.287667 0.670500 0.285333 0.668500
