0 0.439667 0.458750 0.435667 0.462250 0.434000 0.467500 0.434000 0.473500 0.435667 0.478500 0.438333 0.483000 0.440667 0.484250 0.444333 0.485000 0.448333 0.484000 0.451000 0.481250 0.452333 0.476750 0.452333 0.470000 0.451667 0.466500 0.449000 0.461750 0.443667 0.458500
0 0.393333 0.507750 0.391333 0.509000 0.390667 0.511250 0.391000 0.517500 0.392333 0.521500 0.399667 0.528500 0.403667 0.530250 0.407000 0.529750 0.408333 0.529000 0.409667 0.526250 0.409000 0.517750 0.406333 0.515000 0.404000 0.510750 0.401667 0.509000 0.396667 0.507500
0 0.366333 0.537000 0.364667 0.535000 0.361333 0.533750 0.358333 0.533250 0.352333 0.533500 0.344667 0.535750 0.338333 0.538750 0.337000 0.540250 0.337000 0.542000 0.339333 0.544500 0.342000 0.545500 0.350333 0.545250 0.357333 0.544000 0.365000 0.541000
0 0.378000 0.550750 0.376333 0.551250 0.375000 0.552500 0.373333 0.557000 0.375333 0.565750 0.377333 0.569500 0.381000 0.571750 0.383667 0.572750 0.385667 0.572750 0.388000 0.571500 0.389333 0.568000 0.389333 0.563750 0.387667 0.557500 0.385667 0.554250 0.381333 0.550750
0 0.356667 0.571750 0.353000 0.571750 0.350667 0.572750 0.346667 0.576250 0.344667 0.579750 0.343667 0.585500 0.343667 0.592500 0.345667 0.596500 0.348667 0.597750 0.351333 0.597500 0.357000 0.594750 0.359333 0.591750 0.360667 0.588000 0.362000 0.579250 0.359333 0.573250
0 0.428667 0.584500 0.424667 0.585000 0.421667 0.587000 0.419333 0.590500 0.417667 0.595250 0.417333 0.603000 0.419333 0.607750 0.423000 0.609500 0.427000 0.609250 0.429667 0.607750 0.432333 0.604750 0.434667 0.600250 0.435000 0.591000 0.434333 0.588250 0.432333 0.585750
0 0.349667 0.626250 0.348333 0.627250 0.347000 0.630250 0.347000 0.632250 0.349000 0.638500 0.351667 0.642500 0.356667 0.647000 0.360333 0.649000 0.365333 0.649250 0.367333 0.647000 0.367667 0.640500 0.366000 0.634250 0.357667 0.626500 0.353333 0.625750
0 0.410000 0.641250 0.409667 0.643250 0.411333 0.647000 0.415667 0.649500 0.421000 0.651500 0.424333 0.652250 0.433333 0.652500 0.438000 0.651250 0.440000 0.649500 0.440667 0.646000 0.439000 0.643250 0.435667 0.640500 0.428333 0.638250 0.416333 0.637750 0.412000 0.639000
0 0.346000 0.443250 0.343667 0.445500 0.342667 0.448500 0.342667 0.451500 0.345000 0.458500 0.352000 0.464500 0.354333 0.465500 0.357667 0.466000 0.361000 0.464000 0.362000 0.462250 0.362000 0.454250 0.357333 0.447250 0.354333 0.445000 0.349333 0.442750
0 0.491000 0.491500 0.487333 0.492000 0.484333 0.493750 0.481667 0.496500 0.478667 0.501250 0.478000 0.510500 0.479333 0.513250 0.482667 0.515750 0.487000 0.516000 0.490000 0.515000 0.492000 0.512750 0.495333 0.506500 0.496333 0.502000 0.496000 0.497500 0.494333 0.493750
0 0.392333 0.448750 0.388333 0.452500 0.387000 0.454750 0.386333 0.460250 0.387333 0.466750 0.390333 0.472250 0.392333 0.474500 0.397000 0.475500 0.400333 0.474500 0.404333 0.471000 0.405333 0.467750 0.405333 0.459750 0.404000 0.454000 0.401000 0.450500 0.396667 0.448250
0 0.392667 0.422500 0.391667 0.423250 0.391000 0.425500 0.391000 0.433250 0.392667 0.439250 0.395000 0.442250 0.398667 0.445000 0.404333 0.446000 0.406667 0.443500 0.407667 0.439750 0.406667 0.432250 0.404667 0.426750 0.402667 0.424250 0.400000 0.422750 0.397667 0.422250
0 0.444333 0.436750 0.440667 0.437250 0.438667 0.438500 0.436333 0.446750 0.437000 0.452000 0.439667 0.455250 0.443333 0.455500 0.447333 0.451750 0.449000 0.448250 0.449667 0.444750 0.448667 0.439250 0.447333 0.437750
0 0.510333 0.441000 0.508333 0.441000 0.505333 0.442000 0.502000 0.445250 0.500667 0.447750 0.500667 0.460250 0.502000 0.463500 0.505667 0.466500 0.509333 0.466250 0.513333 0.463750 0.515667 0.458750 0.515000 0.445500 0.513667 0.442750
0 0.513333 0.416250 0.509333 0.416250 0.500667 0.423500 0.498000 0.432250 0.499667 0.436000 0.501333 0.436750 0.506333 0.436250 0.514000 0.428500 0.515000 0.424750 0.515000 0.419000
0 0.492000 0.431000 0.489667 0.430750 0.486000 0.432500 0.481000 0.438500 0.478667 0.442500 0.478000 0.448250 0.479667 0.450750 0.481667 0.451750 0.484000 0.451750 0.487333 0.450750 0.490333 0.448250 0.495000 0.440750 0.495667 0.435250 0.494000 0.432250
0 0.462000 0.422500 0.459333 0.423250 0.457667 0.424500 0.454667 0.428250 0.453333 0.432750 0.454000 0.442750 0.455667 0.446000 0.460000 0.450000 0.462333 0.451000 0.466333 0.450500 0.468667 0.448000 0.471000 0.440000 0.471333 0.433500 0.471000 0.431500 0.467667 0.424750 0.465667 0.423250
0 0.415333 0.381500 0.411667 0.382500 0.409000 0.385250 0.408000 0.388500 0.408333 0.397000 0.409667 0.401000 0.412000 0.404750 0.416000 0.407750 0.420667 0.408500 0.424000 0.407000 0.427000 0.404000 0.427667 0.401000 0.427667 0.393250 0.426000 0.388750 0.422667 0.383750 0.419333 0.381750
0 0.449333 0.395000 0.446667 0.395000 0.442000 0.398750 0.440333 0.401500 0.438667 0.406750 0.438333 0.412250 0.439000 0.416500 0.441000 0.420500 0.444000 0.422500 0.448000 0.422250 0.451667 0.420500 0.453333 0.417750 0.455667 0.410250 0.454667 0.400000 0.452667 0.396500
0 0.466667 0.395250 0.463333 0.395250 0.462333 0.395750 0.459000 0.401750 0.458667 0.405500 0.460333 0.412250 0.462333 0.414250 0.464667 0.414250 0.467333 0.413000 0.469333 0.405250 0.469000 0.399750
0 0.505000 0.371250 0.501333 0.372500 0.498000 0.376750 0.497333 0.379500 0.497667 0.385500 0.498333 0.388250 0.502333 0.396000 0.506333 0.399250 0.510333 0.399750 0.514333 0.397500 0.515333 0.395750 0.516333 0.391250 0.516000 0.381750 0.513333 0.375000 0.509333 0.372500
0 0.438667 0.361500 0.435333 0.363750 0.432000 0.368250 0.431000 0.372000 0.431000 0.377750 0.432000 0.381250 0.434667 0.386000 0.438000 0.389000 0.441000 0.389500 0.443000 0.389250 0.446000 0.385750 0.448333 0.380750 0.448667 0.375000 0.447667 0.368500 0.444333 0.363000 0.442667 0.361750
0 0.412000 0.336500 0.409667 0.337750 0.408333 0.340750 0.408667 0.346000 0.410333 0.350250 0.415667 0.357000 0.417667 0.358500 0.423333 0.361250 0.427333 0.361000 0.429667 0.357750 0.429667 0.352000 0.427667 0.346000 0.423333 0.341250 0.419333 0.338000 0.416333 0.337000
0 0.459667 0.337250 0.455333 0.335000 0.451667 0.334500 0.447333 0.335000 0.440667 0.336750 0.438000 0.338000 0.434333 0.341250 0.434667 0.346000 0.437000 0.348750 0.439333 0.350250 0.444000 0.351000 0.451667 0.350750 0.458667 0.347000 0.460000 0.345500 0.461333 0.341250
0 0.434667 0.286000 0.431000 0.287500 0.428667 0.290750 0.427667 0.294000 0.428000 0.299500 0.431000 0.308250 0.434667 0.311250 0.439000 0.311500 0.441667 0.310250 0.443667 0.307250 0.444333 0.297250 0.442667 0.291500 0.437000 0.286500
0 0.455333 0.308250 0.453333 0.310500 0.453000 0.316000 0.454000 0.322000 0.456000 0.325750 0.459333 0.329250 0.462333 0.331250 0.465333 0.331250 0.467333 0.330000 0.468667 0.325000 0.468667 0.319500 0.467667 0.314250 0.466667 0.312250 0.463333 0.309000 0.459667 0.307750
0 0.467333 0.281000 0.463333 0.281500 0.460667 0.283250 0.455333 0.291750 0.455333 0.299000 0.457667 0.303250 0.459667 0.304500 0.464667 0.304750 0.467000 0.304000 0.471333 0.294500 0.471333 0.286000 0.470333 0.283250
0 0.489667 0.303500 0.486667 0.304500 0.485333 0.305750 0.484000 0.310250 0.483667 0.317000 0.484333 0.322750 0.485667 0.326000 0.489667 0.329250 0.491333 0.329500 0.494667 0.328500 0.497667 0.325500 0.499000 0.322000 0.499333 0.317250 0.498667 0.311500 0.496667 0.307000 0.494333 0.305000
0 0.565333 0.300250 0.560000 0.299000 0.555667 0.299250 0.547667 0.305000 0.542667 0.310000 0.541000 0.312750 0.541000 0.315000 0.544333 0.316250 0.548667 0.315750 0.551333 0.315000 0.556000 0.312250 0.560000 0.310750 0.566333 0.303750 0.566333 0.301750
0 0.502333 0.268500 0.500000 0.271250 0.498000 0.275250 0.497667 0.280500 0.500000 0.288000 0.502000 0.291750 0.505000 0.294000 0.507000 0.294250 0.511333 0.292750 0.513667 0.290250 0.514333 0.288000 0.514333 0.277500 0.513333 0.274250 0.506000 0.268000
0 0.494000 0.238750 0.489667 0.238500 0.486333 0.239750 0.477667 0.246500 0.474333 0.251750 0.473667 0.254750 0.474000 0.259750 0.474667 0.261000 0.478000 0.262750 0.482333 0.262750 0.486667 0.261250 0.491000 0.258500 0.496333 0.253250 0.498667 0.249250 0.499333 0.244250 0.498000 0.240750
0 0.567667 0.226250 0.563667 0.228250 0.562333 0.231500 0.562000 0.238500 0.562667 0.243750 0.564667 0.248250 0.568333 0.251000 0.571667 0.252500 0.574667 0.252500 0.577333 0.251500 0.580000 0.248250 0.580667 0.245500 0.580000 0.236500 0.576000 0.229000 0.571667 0.226500
