0 0.377333 0.540000 0.374667 0.541750 0.372667 0.545000 0.372333 0.553500 0.375667 0.562250 0.380000 0.565500 0.382000 0.565500 0.385667 0.563750 0.387667 0.561000 0.388333 0.558250 0.388000 0.549500 0.386000 0.544250 0.383333 0.541250 0.381000 0.540000
0 0.335333 0.444750 0.332000 0.445000 0.327667 0.447250 0.325333 0.450250 0.323667 0.455250 0.323667 0.461250 0.324667 0.465500 0.326667 0.468000 0.329333 0.468750 0.334000 0.468500 0.336667 0.466750 0.339000 0.463500 0.340667 0.459500 0.341000 0.451500 0.340000 0.447750 0.338000 0.445500
0 0.267333 0.450500 0.263000 0.450500 0.258667 0.453250 0.257333 0.454750 0.254333 0.462000 0.254667 0.468000 0.255667 0.470000 0.259000 0.471750 0.264333 0.471250 0.268667 0.467500 0.270667 0.463250 0.271333 0.459500 0.271000 0.455000 0.268333 0.451000
0 0.399667 0.521750 0.396667 0.522500 0.394667 0.524750 0.394667 0.532250 0.395667 0.535000 0.399667 0.540750 0.403333 0.542500 0.405000 0.542500 0.409000 0.538000 0.409333 0.532750 0.407000 0.528750 0.405667 0.524250 0.403667 0.522750
0 0.427667 0.535500 0.423333 0.536500 0.419333 0.540250 0.415667 0.546000 0.415000 0.552750 0.416333 0.555250 0.419333 0.557500 0.423667 0.557000 0.428667 0.554000 0.430667 0.550000 0.431667 0.546250 0.431667 0.540250 0.430000 0.537250
0 0.488667 0.538500 0.486333 0.539250 0.484333 0.540750 0.483000 0.543000 0.481333 0.548250 0.481667 0.553250 0.485667 0.561250 0.490333 0.563000 0.493667 0.563000 0.496000 0.562250 0.498667 0.559250 0.499333 0.556000 0.499333 0.547750 0.498333 0.544500 0.496000 0.541250 0.493000 0.539250 0.491000 0.538500
0 0.442333 0.561750 0.439667 0.563000 0.438333 0.565000 0.436667 0.571750 0.437000 0.576500 0.440000 0.584500 0.443000 0.586750 0.447000 0.587250 0.451000 0.586000 0.453000 0.583500 0.454000 0.577250 0.453667 0.571750 0.452667 0.568000 0.450667 0.564250 0.447000 0.562250
0 0.470667 0.576250 0.465667 0.576250 0.463000 0.577250 0.460000 0.580250 0.456667 0.587750 0.457333 0.594500 0.459333 0.597250 0.461333 0.597750 0.466667 0.597250 0.471667 0.591750 0.474333 0.585000 0.474667 0.580250 0.474000 0.578750
0 0.519333 0.580000 0.517000 0.580000 0.513667 0.582000 0.509000 0.588250 0.508000 0.592000 0.507667 0.597250 0.508667 0.601750 0.510000 0.604000 0.513333 0.606000 0.518000 0.604750 0.521667 0.602000 0.523667 0.598500 0.525333 0.592750 0.525667 0.588000 0.524333 0.584000 0.522000 0.580750
0 0.525000 0.608750 0.522000 0.610000 0.520667 0.611500 0.520000 0.614000 0.520333 0.619750 0.524000 0.627500 0.525667 0.629500 0.528667 0.631500 0.533333 0.632500 0.536667 0.631500 0.538000 0.629750 0.538667 0.627750 0.538000 0.618750 0.532000 0.611000 0.529000 0.609250
0 0.474000 0.601000 0.471000 0.600750 0.467333 0.602500 0.464000 0.605500 0.462333 0.608000 0.462000 0.615500 0.462667 0.618750 0.463667 0.620500 0.466667 0.623000 0.470333 0.623000 0.474667 0.620500 0.476667 0.616250 0.477333 0.607000 0.476000 0.602750
0 0.443000 0.595750 0.439667 0.597750 0.438333 0.602250 0.438667 0.608750 0.439667 0.611750 0.442667 0.615500 0.445667 0.616750 0.448000 0.616750 0.449667 0.615750 0.451667 0.612500 0.452000 0.604000 0.448667 0.597750 0.446667 0.596250
0 0.410667 0.572500 0.409667 0.575000 0.410000 0.577250 0.412333 0.580250 0.415667 0.582750 0.422000 0.585500 0.425667 0.586250 0.431000 0.586000 0.433000 0.584750 0.433667 0.582500 0.433333 0.578000 0.432000 0.575500 0.428333 0.572750 0.421333 0.571500 0.413000 0.571500
0 0.373333 0.570000 0.371333 0.572000 0.370333 0.575500 0.370667 0.581000 0.372333 0.585750 0.376333 0.592750 0.381000 0.594500 0.385333 0.594250 0.387333 0.592500 0.388333 0.588500 0.387667 0.581000 0.386333 0.576500 0.381000 0.571250 0.377000 0.570000
0 0.419333 0.506250 0.415667 0.508000 0.414333 0.509500 0.413000 0.513250 0.412667 0.520000 0.413667 0.525750 0.415333 0.528750 0.418333 0.530750 0.421000 0.531250 0.425667 0.530000 0.428333 0.527500 0.430000 0.522250 0.430000 0.515750 0.428667 0.510750 0.427333 0.508750 0.423667 0.506750
0 0.338333 0.547500 0.334000 0.547500 0.332333 0.548250 0.329333 0.550750 0.326000 0.556750 0.325333 0.561500 0.326667 0.568000 0.328667 0.570750 0.331667 0.572000 0.334667 0.572000 0.338000 0.570500 0.340333 0.568750 0.342667 0.564250 0.343333 0.560500 0.342667 0.552750 0.340667 0.549250
0 0.290333 0.595500 0.286333 0.596500 0.282667 0.599250 0.281000 0.603250 0.280667 0.609000 0.281667 0.615250 0.283667 0.618500 0.287000 0.621000 0.292000 0.621500 0.296000 0.619750 0.299667 0.615500 0.300667 0.612250 0.300667 0.606500 0.299667 0.602500 0.296333 0.597500 0.294000 0.596000
0 0.407000 0.613250 0.404000 0.613250 0.399667 0.615750 0.397000 0.618500 0.393000 0.626500 0.393000 0.632000 0.394000 0.635000 0.397000 0.638250 0.400000 0.638500 0.404333 0.636500 0.409667 0.627250 0.411000 0.618750 0.409000 0.614000
0 0.464000 0.629500 0.460667 0.630000 0.456667 0.632750 0.454333 0.637250 0.454333 0.647500 0.456000 0.651000 0.459333 0.654000 0.462333 0.654000 0.464333 0.653000 0.467333 0.650000 0.469000 0.645750 0.469000 0.634500 0.467333 0.631000
0 0.442000 0.694500 0.438667 0.696250 0.437667 0.698750 0.437333 0.701750 0.438667 0.710500 0.442667 0.716500 0.445000 0.718250 0.447667 0.719500 0.451667 0.720000 0.454667 0.717750 0.455667 0.716000 0.456000 0.709750 0.455000 0.705000 0.451000 0.697250 0.447000 0.694750
0 0.463667 0.693250 0.462333 0.694000 0.460667 0.697250 0.462000 0.704000 0.469333 0.713500 0.474667 0.715750 0.477000 0.713500 0.477667 0.710750 0.477667 0.706250 0.476667 0.703250 0.473333 0.697750 0.467000 0.693000
0 0.467333 0.673750 0.466000 0.674250 0.464333 0.677000 0.464333 0.682000 0.466000 0.688000 0.470000 0.694000 0.473667 0.696250 0.475333 0.696500 0.478000 0.695750 0.479667 0.693750 0.480000 0.687500 0.479000 0.682750 0.474333 0.676000 0.471333 0.674000
0 0.486333 0.662250 0.481667 0.666000 0.481000 0.672000 0.481667 0.674750 0.486333 0.684250 0.489000 0.686250 0.491333 0.686500 0.494667 0.685500 0.497333 0.682000 0.498000 0.678250 0.497667 0.672750 0.494667 0.666000 0.490333 0.662750
0 0.255667 0.350000 0.255333 0.353500 0.259000 0.358000 0.267333 0.362000 0.275667 0.363500 0.285333 0.363750 0.290000 0.362750 0.292000 0.361250 0.292667 0.357750 0.290667 0.354000 0.278667 0.348250 0.272000 0.346500 0.263333 0.346500 0.257000 0.348750
0 0.377667 0.386250 0.372667 0.387000 0.368333 0.390250 0.366667 0.393250 0.365000 0.399500 0.365000 0.405750 0.367000 0.411250 0.368333 0.412750 0.370000 0.413250 0.374000 0.413250 0.377000 0.411750 0.380333 0.408750 0.382333 0.404750 0.383667 0.397000 0.383333 0.392000 0.381000 0.387500
0 0.443000 0.366250 0.439000 0.365500 0.435000 0.366500 0.430667 0.369250 0.428667 0.372500 0.426667 0.377500 0.426667 0.384500 0.427667 0.386250 0.431333 0.388500 0.436333 0.388250 0.444000 0.378250 0.445000 0.374250 0.445000 0.369500 0.444000 0.367000
0 0.416000 0.408000 0.413667 0.409500 0.410667 0.414000 0.410000 0.416500 0.410333 0.423250 0.412000 0.428000 0.414667 0.432000 0.416667 0.433250 0.420667 0.434000 0.424333 0.433000 0.428000 0.429250 0.429000 0.425750 0.428667 0.419500 0.427333 0.415500 0.421000 0.408500 0.419667 0.408000
0 0.424333 0.443250 0.420000 0.443500 0.415000 0.446500 0.412333 0.450750 0.410333 0.456500 0.410333 0.462250 0.412667 0.465750 0.417000 0.466250 0.420333 0.465250 0.426000 0.459500 0.427667 0.456750 0.429000 0.452250 0.428667 0.446500 0.427333 0.444500
0 0.393000 0.437250 0.391000 0.439000 0.390333 0.441750 0.390333 0.447000 0.391667 0.451750 0.396000 0.456500 0.400000 0.459500 0.404667 0.459750 0.406000 0.458750 0.407333 0.455750 0.407333 0.450000 0.404667 0.441750 0.402667 0.439250 0.400667 0.438000 0.397333 0.437000
0 0.372333 0.456000 0.369000 0.458500 0.369000 0.463750 0.370000 0.466500 0.375667 0.475250 0.384000 0.480000 0.388333 0.479750 0.390000 0.477750 0.390667 0.471000 0.389333 0.467000 0.386667 0.462500 0.380333 0.457750 0.376333 0.456250
0 0.404000 0.473250 0.400000 0.473500 0.395333 0.477250 0.392000 0.483500 0.391333 0.486750 0.391667 0.495000 0.393000 0.497250 0.397000 0.499250 0.401333 0.499000 0.404000 0.497750 0.409000 0.487250 0.408000 0.478750 0.405000 0.473750
0 0.443667 0.474000 0.440000 0.477250 0.439000 0.479000 0.438333 0.481750 0.438667 0.491000 0.442333 0.497750 0.446667 0.500000 0.449333 0.500000 0.451667 0.499500 0.453667 0.497750 0.455667 0.492000 0.455667 0.485750 0.451667 0.477500 0.447667 0.474250
0 0.530000 0.456500 0.528667 0.456750 0.524667 0.460250 0.521667 0.467000 0.522333 0.474750 0.525000 0.477000 0.530000 0.476000 0.533000 0.471500 0.535000 0.466500 0.535000 0.462250 0.533000 0.457750
0 0.533333 0.504000 0.528667 0.505250 0.524667 0.508750 0.523000 0.513000 0.522667 0.519000 0.523667 0.524250 0.525333 0.526500 0.528333 0.527250 0.531333 0.526750 0.534000 0.525000 0.537000 0.522000 0.538667 0.518000 0.538667 0.509250 0.536667 0.506250
