0 0.349667 0.605750 0.347333 0.607750 0.346333 0.610750 0.346333 0.615750 0.348333 0.622750 0.353000 0.628500 0.357667 0.630250 0.362000 0.630000 0.365667 0.628000 0.366667 0.625500 0.367000 0.619000 0.365667 0.614500 0.363333 0.611000 0.358000 0.606750 0.354333 0.605500
0 0.376667 0.587500 0.373667 0.588500 0.371667 0.591000 0.371333 0.596250 0.372000 0.599250 0.376333 0.607000 0.380000 0.608750 0.384667 0.608500 0.387000 0.606750 0.388333 0.604250 0.388667 0.599250 0.388000 0.595500 0.385333 0.590750 0.381667 0.588000
0 0.373667 0.559250 0.372000 0.560250 0.369333 0.564000 0.370333 0.573000 0.376000 0.582750 0.377333 0.583750 0.385000 0.585000 0.388000 0.582500 0.389333 0.579500 0.389667 0.573250 0.388667 0.568750 0.386333 0.564000 0.381000 0.560250 0.377667 0.559250
0 0.368667 0.550750 0.364333 0.550000 0.361333 0.551500 0.358667 0.554000 0.354000 0.555750 0.352000 0.557250 0.346000 0.563500 0.344667 0.567500 0.345000 0.570000 0.346000 0.570750 0.350333 0.570750 0.357333 0.569000 0.365000 0.564750 0.370000 0.557000 0.370000 0.552250
0 0.362000 0.531500 0.357333 0.531000 0.353000 0.532000 0.351333 0.533250 0.347667 0.539250 0.346667 0.541750 0.346667 0.547750 0.348000 0.551750 0.350000 0.554000 0.354000 0.554250 0.357000 0.553250 0.360333 0.550750 0.363667 0.546750 0.365333 0.541250 0.365333 0.536500 0.364667 0.533750
0 0.345000 0.486750 0.342000 0.488000 0.340667 0.490500 0.341333 0.497500 0.345000 0.505250 0.349000 0.509750 0.353667 0.513500 0.356333 0.514500 0.360667 0.514000 0.361667 0.513500 0.363667 0.509750 0.362667 0.501250 0.360000 0.498000 0.357667 0.493500 0.349667 0.487500
0 0.423667 0.553750 0.419667 0.554250 0.415333 0.556750 0.413000 0.564000 0.413000 0.570500 0.414667 0.576000 0.416667 0.577750 0.420333 0.578750 0.425000 0.577750 0.428000 0.575750 0.430000 0.572500 0.431333 0.568000 0.431333 0.560500 0.430000 0.557000 0.428333 0.554750
0 0.444000 0.552250 0.441000 0.553000 0.437667 0.555750 0.435333 0.562250 0.435333 0.569000 0.436333 0.572500 0.438333 0.575750 0.439667 0.576750 0.442667 0.577500 0.444667 0.577000 0.448333 0.573750 0.450667 0.570000 0.451333 0.567500 0.451333 0.561250 0.450333 0.557250 0.448000 0.554250
0 0.488333 0.564500 0.485333 0.564750 0.482000 0.567000 0.478667 0.571000 0.477667 0.575500 0.478000 0.579000 0.479667 0.583750 0.482333 0.587000 0.486667 0.589250 0.490333 0.588750 0.494667 0.585250 0.496333 0.581250 0.496000 0.571500 0.494000 0.568250 0.491000 0.565250
0 0.512667 0.548750 0.510000 0.549500 0.508667 0.550500 0.505333 0.555000 0.504333 0.558750 0.504333 0.566500 0.505000 0.569750 0.508667 0.576250 0.510333 0.577250 0.514333 0.577750 0.517667 0.575750 0.521000 0.569000 0.522000 0.564750 0.522000 0.558500 0.521333 0.556000 0.518333 0.551500 0.514333 0.548750
0 0.393333 0.409000 0.390667 0.410500 0.388000 0.414500 0.388000 0.423500 0.389667 0.428000 0.392000 0.431250 0.395667 0.433250 0.400667 0.433500 0.404333 0.431500 0.406000 0.427750 0.406000 0.415750 0.404333 0.412500 0.401667 0.410500 0.397333 0.409000
0 0.437667 0.422250 0.434667 0.423250 0.432000 0.427250 0.431000 0.430250 0.431000 0.435500 0.434333 0.443750 0.437333 0.448000 0.440000 0.450000 0.444000 0.450750 0.448000 0.449000 0.451000 0.445750 0.452000 0.440250 0.451667 0.436000 0.450333 0.431250 0.444333 0.423500 0.440667 0.422250
0 0.417333 0.443500 0.414000 0.445000 0.412000 0.448000 0.411667 0.452500 0.413333 0.459250 0.415000 0.463000 0.418333 0.467000 0.420000 0.468250 0.424333 0.469500 0.428000 0.468500 0.429333 0.466500 0.430000 0.463750 0.430000 0.455750 0.429333 0.452750 0.426333 0.447000 0.421667 0.444000
0 0.463333 0.452500 0.459333 0.455000 0.456000 0.462500 0.456333 0.467000 0.458333 0.471500 0.463000 0.475000 0.467333 0.475250 0.470667 0.474000 0.473333 0.471250 0.474667 0.467500 0.475000 0.462000 0.471667 0.455000 0.467000 0.452500
0 0.482000 0.484000 0.480000 0.485500 0.478333 0.488500 0.477667 0.494750 0.481667 0.504250 0.485667 0.509250 0.487333 0.509500 0.490000 0.509000 0.493000 0.505250 0.493667 0.502750 0.493000 0.493500 0.492000 0.489750 0.490000 0.486000 0.486333 0.484000
0 0.508667 0.486500 0.506333 0.487000 0.505000 0.488000 0.501333 0.492500 0.500333 0.499500 0.501000 0.506250 0.502667 0.509250 0.506000 0.512250 0.510000 0.513250 0.513333 0.511750 0.514667 0.510000 0.516333 0.502500 0.516333 0.494500 0.514333 0.489500 0.510667 0.486750
0 0.462333 0.515750 0.459000 0.517750 0.455667 0.522500 0.454667 0.524750 0.454667 0.530750 0.455333 0.534000 0.457333 0.538000 0.462000 0.541750 0.463667 0.542000 0.465667 0.541750 0.467333 0.540750 0.469333 0.537250 0.471667 0.529500 0.471667 0.525500 0.470333 0.521000 0.468000 0.517500 0.465667 0.516250
0 0.442000 0.493000 0.439667 0.493750 0.437667 0.497000 0.437000 0.501000 0.437667 0.509250 0.439000 0.513250 0.442667 0.517000 0.445333 0.518250 0.448000 0.518500 0.451333 0.517250 0.453333 0.513750 0.453333 0.507250 0.451333 0.498750 0.448000 0.494750 0.444333 0.493000
0 0.467000 0.317250 0.462000 0.322250 0.461000 0.326500 0.461000 0.331000 0.462333 0.337500 0.464667 0.341250 0.467333 0.343000 0.471000 0.343500 0.474667 0.342500 0.476000 0.340500 0.477000 0.334750 0.476667 0.327250 0.475000 0.321500 0.470667 0.317500
0 0.506000 0.326000 0.502333 0.326750 0.499333 0.329500 0.497333 0.334000 0.496667 0.337750 0.496667 0.341750 0.498000 0.346500 0.500333 0.350000 0.502667 0.351000 0.506667 0.350750 0.510667 0.347000 0.512667 0.342750 0.513667 0.338000 0.512333 0.330000 0.509333 0.327250
0 0.529333 0.326750 0.525667 0.327500 0.523333 0.329250 0.519667 0.337000 0.520333 0.346000 0.525000 0.350000 0.529000 0.349750 0.530000 0.349000 0.533667 0.341750 0.534333 0.339000 0.533667 0.330750 0.532667 0.329250
0 0.572333 0.327500 0.568000 0.328750 0.564667 0.332500 0.562667 0.337250 0.562333 0.342500 0.563333 0.350000 0.565000 0.353000 0.569000 0.356750 0.573000 0.358000 0.576333 0.357500 0.578333 0.356000 0.581000 0.352250 0.582667 0.348000 0.583333 0.340750 0.582667 0.337000 0.579333 0.330750 0.577000 0.328500
0 0.521000 0.398000 0.518333 0.400000 0.517333 0.402750 0.517667 0.408000 0.519333 0.411750 0.524333 0.418250 0.529000 0.421750 0.534333 0.421500 0.535667 0.420500 0.537333 0.417250 0.537333 0.414000 0.536000 0.408500 0.530333 0.400500 0.528667 0.399250 0.525333 0.398000
0 0.547333 0.411750 0.545333 0.412250 0.542667 0.415250 0.543000 0.420250 0.548000 0.428250 0.552000 0.430750 0.553667 0.431000 0.556333 0.430250 0.558000 0.428750 0.559000 0.425500 0.558667 0.421250 0.557333 0.418000 0.555000 0.415000 0.550000 0.412000
0 0.542667 0.424500 0.540667 0.423250 0.532333 0.422750 0.518000 0.430250 0.516333 0.432000 0.515000 0.435000 0.515000 0.440000 0.516000 0.441250 0.518000 0.442250 0.521667 0.442000 0.529000 0.440000 0.532000 0.438250 0.537333 0.436500 0.541667 0.432500 0.543667 0.429000 0.544000 0.426750
0 0.420667 0.380000 0.417333 0.380500 0.414667 0.382000 0.411333 0.385750 0.410000 0.389500 0.409667 0.398750 0.410667 0.403750 0.411667 0.405500 0.415333 0.407500 0.420000 0.407500 0.424667 0.404250 0.426667 0.400500 0.428000 0.395750 0.428000 0.389000 0.426667 0.384750 0.424667 0.382250
0 0.376667 0.370000 0.372667 0.370500 0.366333 0.375000 0.364333 0.377250 0.361667 0.384250 0.362333 0.392750 0.364333 0.396750 0.367667 0.398500 0.370000 0.398500 0.373667 0.396500 0.377667 0.389250 0.381000 0.381250 0.381667 0.377250 0.380667 0.373250 0.378000 0.370500
0 0.513333 0.653750 0.510000 0.655750 0.508333 0.658250 0.507000 0.665000 0.507000 0.674250 0.508667 0.678250 0.510000 0.679250 0.514333 0.680000 0.517667 0.678750 0.521000 0.675000 0.522667 0.670000 0.523000 0.663750 0.521000 0.657750 0.517000 0.654750
0 0.372333 0.641250 0.371000 0.644000 0.371000 0.647750 0.372333 0.651750 0.375000 0.655500 0.384000 0.663250 0.389333 0.664250 0.393333 0.663000 0.395000 0.659500 0.395000 0.657000 0.392667 0.650750 0.388667 0.645500 0.383667 0.642000 0.377667 0.641000
