0 0.518333 0.306000 0.517000 0.307000 0.516333 0.309250 0.516667 0.315500 0.518000 0.319000 0.523667 0.326500 0.530333 0.329750 0.537000 0.329500 0.538667 0.327750 0.539333 0.324500 0.538333 0.319500 0.535000 0.314000 0.531667 0.311250 0.529667 0.308500 0.527000 0.306750 0.523000 0.305500
0 0.247000 0.583500 0.244667 0.584250 0.241667 0.587500 0.240000 0.592250 0.239333 0.597250 0.240000 0.603750 0.241667 0.608750 0.243667 0.611250 0.248333 0.611750 0.253333 0.608250 0.255667 0.604250 0.257000 0.599000 0.257000 0.593750 0.253667 0.587250 0.249000 0.583500
0 0.295000 0.626750 0.290333 0.627250 0.288667 0.628500 0.284333 0.635000 0.284000 0.644750 0.285000 0.650750 0.287000 0.654500 0.290333 0.656250 0.295000 0.656000 0.297000 0.654750 0.300000 0.649500 0.302000 0.641750 0.301667 0.634000 0.299333 0.629500
0 0.315000 0.587500 0.311000 0.588250 0.307333 0.591500 0.305333 0.595250 0.306000 0.605500 0.307667 0.608250 0.310667 0.610500 0.314667 0.610500 0.317000 0.609500 0.319333 0.607500 0.321000 0.603000 0.321667 0.599250 0.321000 0.593500 0.318333 0.589250
0 0.348667 0.610000 0.345667 0.611500 0.344667 0.614000 0.344333 0.620750 0.345000 0.624000 0.347667 0.628500 0.351667 0.632250 0.353333 0.633000 0.357667 0.633000 0.360333 0.631250 0.362000 0.628250 0.361000 0.619000 0.359000 0.614500 0.356667 0.611750 0.353333 0.610250
0 0.379667 0.586250 0.376333 0.587250 0.375333 0.588250 0.372333 0.594000 0.371667 0.597000 0.372000 0.604250 0.373333 0.608000 0.377333 0.612500 0.380000 0.613500 0.384667 0.613500 0.388667 0.611500 0.390000 0.608750 0.390000 0.595500 0.388667 0.591500 0.386333 0.588250 0.383667 0.586750
0 0.407667 0.622250 0.404667 0.625500 0.404333 0.627500 0.406667 0.631500 0.416333 0.639500 0.424000 0.642750 0.428000 0.643000 0.432667 0.642250 0.435333 0.639250 0.434667 0.634750 0.432667 0.632000 0.428000 0.627750 0.416667 0.622750
0 0.449667 0.633750 0.449667 0.636250 0.451333 0.639250 0.455667 0.641750 0.461000 0.642750 0.469667 0.642750 0.474333 0.641750 0.479333 0.639500 0.480667 0.636000 0.480667 0.634750 0.479333 0.633000 0.471333 0.628750 0.468667 0.628250 0.462667 0.628000 0.455000 0.629500 0.450667 0.632250
0 0.443000 0.647250 0.439667 0.649250 0.438667 0.651500 0.438333 0.659250 0.439000 0.663250 0.443000 0.669250 0.445333 0.671000 0.451000 0.672250 0.454333 0.671000 0.455667 0.670000 0.456667 0.668000 0.457667 0.663000 0.457333 0.657250 0.454667 0.651250 0.451667 0.648250 0.448333 0.647250
0 0.422000 0.536500 0.419667 0.537250 0.416333 0.540250 0.415000 0.545000 0.415333 0.553000 0.418000 0.558000 0.420333 0.560250 0.424667 0.561250 0.428333 0.560500 0.430667 0.557500 0.432333 0.553000 0.432667 0.547250 0.431333 0.541750 0.429333 0.539000 0.425000 0.536500
0 0.530000 0.555500 0.528000 0.556500 0.524667 0.561000 0.524000 0.563750 0.524333 0.572000 0.525667 0.575250 0.528667 0.578500 0.529667 0.579000 0.533000 0.579000 0.537000 0.576750 0.539000 0.573250 0.540333 0.566000 0.540000 0.560500 0.538000 0.557000 0.536667 0.556000
0 0.479000 0.555000 0.475000 0.554750 0.472000 0.555750 0.468333 0.558750 0.463000 0.565750 0.461000 0.571000 0.461333 0.576250 0.463000 0.578750 0.467000 0.579000 0.473000 0.576750 0.475333 0.574750 0.477667 0.570750 0.479667 0.569000 0.482000 0.564500 0.482000 0.558750 0.481333 0.556750
0 0.465667 0.529750 0.463333 0.530500 0.461000 0.533000 0.459000 0.540000 0.459000 0.545500 0.460000 0.548500 0.463000 0.553250 0.466000 0.555000 0.468000 0.555250 0.471333 0.554250 0.472667 0.553250 0.475000 0.549750 0.475667 0.540250 0.474333 0.534500 0.472667 0.532250 0.467667 0.529750
0 0.377000 0.470500 0.373667 0.471750 0.371667 0.473750 0.370333 0.477750 0.370667 0.483750 0.372333 0.490000 0.375000 0.494750 0.377667 0.497500 0.379667 0.498250 0.381667 0.498250 0.385000 0.496250 0.386667 0.493500 0.388000 0.488500 0.388000 0.482000 0.387000 0.478000 0.383333 0.473250 0.381000 0.471250
0 0.373000 0.445250 0.370333 0.447250 0.369000 0.450500 0.372000 0.459500 0.376000 0.465500 0.378000 0.467250 0.381000 0.468500 0.385000 0.468500 0.387333 0.467250 0.388667 0.464500 0.388667 0.460000 0.387333 0.454750 0.381333 0.446750 0.377000 0.445250
0 0.399333 0.474500 0.396667 0.475250 0.394000 0.478000 0.393000 0.482000 0.393667 0.487000 0.395333 0.492750 0.398000 0.497500 0.400000 0.499250 0.404333 0.500000 0.408000 0.498250 0.409667 0.495250 0.410000 0.486250 0.407333 0.482000 0.406667 0.479000 0.405000 0.476250 0.401333 0.474500
0 0.417000 0.463250 0.413333 0.466000 0.411667 0.469500 0.411667 0.477000 0.414000 0.483500 0.416667 0.486750 0.419333 0.488750 0.424333 0.490000 0.427667 0.489250 0.430000 0.485750 0.430667 0.478000 0.429667 0.472500 0.428333 0.469250 0.424000 0.465750 0.419667 0.463000
0 0.448667 0.474500 0.446333 0.474500 0.441000 0.477500 0.439000 0.480250 0.438000 0.483250 0.437667 0.494000 0.439333 0.497500 0.443333 0.499250 0.447333 0.498750 0.449000 0.497750 0.451000 0.495500 0.453000 0.490500 0.453000 0.478750 0.451667 0.476000
0 0.469000 0.473000 0.468333 0.474750 0.469000 0.479000 0.471000 0.481250 0.475000 0.483250 0.485333 0.484500 0.495333 0.484000 0.498333 0.483250 0.500000 0.482000 0.501333 0.479250 0.500667 0.477250 0.497333 0.473750 0.487000 0.470000 0.477667 0.469750 0.471000 0.471000
0 0.461667 0.445250 0.458667 0.447000 0.458333 0.451500 0.462000 0.459000 0.471000 0.467500 0.475333 0.467750 0.477333 0.466500 0.479000 0.463500 0.478667 0.459000 0.476000 0.452000 0.473667 0.449000 0.469333 0.446250 0.465333 0.445000
0 0.486000 0.443500 0.481333 0.446750 0.480333 0.449750 0.480333 0.453000 0.481667 0.458750 0.485000 0.466000 0.487000 0.467750 0.490667 0.468500 0.494000 0.466250 0.496000 0.463750 0.497000 0.460500 0.497000 0.454750 0.495000 0.449500 0.492000 0.445500 0.490000 0.444000
0 0.506000 0.414500 0.504333 0.416750 0.504000 0.421250 0.505333 0.427500 0.509667 0.435250 0.513000 0.437750 0.515000 0.438250 0.520000 0.437750 0.522333 0.436000 0.523333 0.432250 0.522000 0.423500 0.514333 0.414750 0.511333 0.414000
0 0.377667 0.376250 0.373333 0.374750 0.364667 0.374750 0.357333 0.376500 0.353333 0.378750 0.346000 0.384250 0.345667 0.388750 0.346333 0.389750 0.350333 0.391750 0.358000 0.392250 0.365667 0.390500 0.369667 0.389000 0.373667 0.386250 0.377333 0.381500 0.378000 0.379000
0 0.431333 0.368250 0.429667 0.369750 0.428333 0.373000 0.428333 0.377250 0.431000 0.385750 0.434333 0.389500 0.439333 0.393500 0.442667 0.394250 0.447333 0.394000 0.450333 0.391750 0.451000 0.386500 0.450333 0.383750 0.446000 0.376250 0.436333 0.368500
0 0.460667 0.352500 0.458667 0.351250 0.454000 0.350500 0.446667 0.351000 0.438000 0.353500 0.435667 0.356250 0.435667 0.358500 0.437667 0.360750 0.440667 0.362250 0.445667 0.362750 0.451000 0.362250 0.459667 0.357750 0.461000 0.354500
0 0.486000 0.332500 0.482667 0.335500 0.481000 0.338250 0.478667 0.345000 0.479000 0.349250 0.484333 0.357750 0.486667 0.359000 0.490000 0.359000 0.492333 0.357500 0.495667 0.351750 0.496667 0.347750 0.496667 0.341250 0.495000 0.336250 0.490000 0.332500
0 0.528667 0.348000 0.524667 0.350000 0.522667 0.354250 0.522333 0.361750 0.523667 0.367750 0.525333 0.371250 0.529000 0.374500 0.532667 0.376000 0.536667 0.376000 0.539000 0.373500 0.540000 0.369500 0.539667 0.361500 0.538667 0.356750 0.537000 0.353000 0.532000 0.349000
0 0.514667 0.321250 0.512667 0.321250 0.509333 0.322250 0.506667 0.325000 0.504000 0.329750 0.502667 0.336750 0.503333 0.346500 0.505333 0.349250 0.509333 0.351000 0.513333 0.350500 0.515333 0.349250 0.520333 0.342250 0.521333 0.338750 0.521000 0.329000 0.518667 0.324500
0 0.545000 0.313500 0.544000 0.315000 0.544000 0.319500 0.544667 0.322500 0.547667 0.327750 0.556333 0.334250 0.559000 0.335000 0.565000 0.334500 0.567333 0.331250 0.567333 0.328750 0.565000 0.322750 0.560333 0.317000 0.557333 0.314750 0.554333 0.313750 0.550000 0.313000
0 0.490000 0.279500 0.486000 0.279500 0.481667 0.281750 0.478667 0.284500 0.477000 0.287750 0.476000 0.294250 0.476667 0.299750 0.478000 0.302250 0.482333 0.304250 0.486333 0.304000 0.489667 0.302250 0.491667 0.299500 0.494667 0.290750 0.494667 0.284750 0.494000 0.282750
