0 0.424000 0.291000 0.423000 0.293250 0.423333 0.296500 0.425333 0.299000 0.431667 0.303750 0.439667 0.306750 0.446333 0.308250 0.452000 0.308000 0.456333 0.306000 0.457333 0.304250 0.457333 0.301750 0.456333 0.299500 0.449333 0.294250 0.436000 0.289750 0.428000 0.289500
0 0.348667 0.279250 0.346333 0.279750 0.343667 0.283000 0.342667 0.295250 0.343667 0.299750 0.346000 0.304000 0.349667 0.306250 0.353000 0.306500 0.357000 0.305000 0.358667 0.302750 0.359667 0.298000 0.359333 0.290250 0.357000 0.283000 0.353667 0.280750
0 0.530000 0.338000 0.527333 0.338500 0.523333 0.341000 0.520333 0.345000 0.519667 0.348500 0.519667 0.354250 0.521000 0.358750 0.522667 0.361250 0.525000 0.363000 0.528000 0.363500 0.531333 0.362750 0.534333 0.360250 0.537000 0.354500 0.537333 0.351000 0.536667 0.345000 0.534000 0.340750
0 0.592333 0.315000 0.588000 0.319000 0.587000 0.322000 0.587333 0.326250 0.592667 0.333750 0.595000 0.335250 0.597667 0.335250 0.600667 0.334250 0.602000 0.331750 0.602000 0.322750 0.599333 0.317000 0.596333 0.314750
0 0.439667 0.354000 0.436333 0.353000 0.430333 0.353500 0.423333 0.356500 0.415333 0.362000 0.411667 0.366750 0.411000 0.370000 0.412333 0.372000 0.416333 0.373500 0.423667 0.373000 0.428000 0.371500 0.435333 0.367000 0.437333 0.365000 0.440333 0.359250 0.440667 0.356750
0 0.298667 0.350500 0.296333 0.351500 0.294000 0.354000 0.293333 0.356500 0.293667 0.365750 0.298000 0.373250 0.302333 0.375750 0.306667 0.375750 0.308667 0.374500 0.309667 0.373000 0.310333 0.370000 0.310333 0.361000 0.309667 0.357500 0.308333 0.354250 0.306333 0.352000 0.303000 0.350500
0 0.455000 0.395000 0.453667 0.395750 0.451333 0.400000 0.451667 0.404250 0.455667 0.412250 0.462333 0.418500 0.466000 0.419750 0.470333 0.419500 0.473000 0.417000 0.473333 0.414750 0.472000 0.408000 0.468333 0.400750 0.466333 0.398500 0.460333 0.395750 0.457667 0.395000
0 0.459000 0.418500 0.455667 0.420500 0.455000 0.422500 0.455000 0.428000 0.456333 0.432000 0.458667 0.436000 0.462667 0.440250 0.465333 0.441000 0.470333 0.440500 0.472333 0.438750 0.473333 0.435500 0.473000 0.431500 0.471333 0.427250 0.468333 0.422250 0.466667 0.421000
0 0.442000 0.445000 0.439333 0.445750 0.437667 0.448000 0.437333 0.459750 0.439667 0.466500 0.442000 0.468000 0.444667 0.468500 0.448000 0.468000 0.451333 0.464500 0.452333 0.459500 0.452000 0.453500 0.449000 0.447250 0.446667 0.445750 0.444333 0.445000
0 0.431333 0.485000 0.429333 0.483500 0.427333 0.483000 0.420333 0.484250 0.416000 0.486500 0.414333 0.489250 0.414333 0.490500 0.415333 0.491500 0.418000 0.492000 0.428000 0.490750 0.431333 0.487750
0 0.415667 0.460000 0.413000 0.461250 0.411667 0.463000 0.411667 0.469250 0.414667 0.475500 0.420000 0.481750 0.424333 0.481500 0.427333 0.480500 0.428667 0.479250 0.428667 0.470000 0.424000 0.463250 0.420000 0.460500
0 0.392000 0.464500 0.389667 0.466250 0.390000 0.471500 0.392000 0.476750 0.397000 0.482500 0.399667 0.484500 0.404667 0.486500 0.408000 0.486000 0.410333 0.482750 0.410667 0.478250 0.406000 0.469750 0.400000 0.465250 0.396667 0.464000
0 0.363000 0.446500 0.362667 0.448000 0.364667 0.452750 0.367667 0.456250 0.371667 0.458500 0.380000 0.461500 0.387667 0.462750 0.393667 0.461750 0.395667 0.460500 0.396333 0.459250 0.396000 0.454500 0.385333 0.446750 0.374000 0.444250 0.365667 0.444750
0 0.350667 0.444000 0.348667 0.445250 0.347667 0.447500 0.348667 0.456250 0.352667 0.462500 0.354333 0.463750 0.357667 0.465000 0.361333 0.464500 0.363667 0.462250 0.365333 0.456000 0.362000 0.447750 0.357000 0.444000 0.354667 0.443500
0 0.375333 0.507250 0.373000 0.507250 0.368667 0.509750 0.366667 0.513250 0.366000 0.516500 0.366333 0.526250 0.368000 0.529750 0.369333 0.530750 0.372333 0.531250 0.376333 0.530000 0.380667 0.525750 0.383333 0.518500 0.383000 0.513250 0.381333 0.509500
0 0.355000 0.512250 0.352333 0.513000 0.349000 0.517000 0.348667 0.526750 0.352333 0.534000 0.356667 0.537000 0.358333 0.537250 0.361000 0.536750 0.364333 0.532750 0.366000 0.528750 0.365667 0.522500 0.364667 0.517500 0.363000 0.514250 0.358333 0.512250
0 0.240000 0.504500 0.237333 0.506250 0.235333 0.509500 0.234667 0.515750 0.235000 0.522000 0.235667 0.524250 0.239333 0.528750 0.242333 0.530750 0.244667 0.531250 0.248000 0.530500 0.250000 0.528750 0.252667 0.521750 0.252667 0.517750 0.250333 0.509250 0.248667 0.506250 0.247333 0.505250 0.244333 0.504500
0 0.309333 0.565750 0.305667 0.567000 0.302000 0.572000 0.301333 0.581500 0.302000 0.584250 0.305667 0.590000 0.309667 0.592000 0.311333 0.592000 0.314667 0.589750 0.318000 0.584250 0.318667 0.579500 0.317000 0.573000 0.314000 0.568250 0.311333 0.566000
0 0.403667 0.541750 0.399667 0.541750 0.395667 0.543500 0.393000 0.545250 0.389667 0.549250 0.386000 0.556000 0.385333 0.559750 0.386333 0.564250 0.388667 0.566500 0.393667 0.566750 0.396333 0.566000 0.403667 0.560000 0.406667 0.551750 0.406333 0.544500 0.405000 0.542500
0 0.467333 0.533000 0.462333 0.533500 0.457667 0.538250 0.455667 0.541500 0.455333 0.550000 0.456000 0.553000 0.458667 0.557250 0.463333 0.559750 0.466333 0.559500 0.468667 0.558000 0.471667 0.553750 0.473000 0.549250 0.473000 0.540500 0.470667 0.535750
0 0.505333 0.529250 0.503000 0.530750 0.501667 0.532750 0.502333 0.541750 0.505333 0.547000 0.507667 0.549500 0.510000 0.550750 0.513667 0.551000 0.515667 0.548750 0.516667 0.545500 0.516667 0.539750 0.514667 0.533250 0.513667 0.531750 0.511000 0.530000 0.508667 0.529250
0 0.420333 0.562500 0.418333 0.564500 0.417667 0.570250 0.419333 0.576750 0.423333 0.583000 0.427667 0.585500 0.431000 0.586250 0.434000 0.585750 0.436000 0.584250 0.437000 0.580250 0.437000 0.574500 0.435333 0.568750 0.432333 0.564750 0.428333 0.562500 0.425667 0.562000
0 0.356667 0.667750 0.352667 0.669750 0.350000 0.673250 0.349000 0.676250 0.349000 0.682000 0.352667 0.689500 0.354000 0.690500 0.356667 0.691250 0.361333 0.691250 0.365333 0.689250 0.366667 0.686750 0.367333 0.683750 0.366667 0.675250 0.365667 0.672250 0.363000 0.669500 0.360667 0.668250
0 0.373000 0.634000 0.368000 0.638000 0.366667 0.644750 0.366667 0.650500 0.368333 0.657500 0.372333 0.661250 0.374000 0.661500 0.377333 0.660500 0.380333 0.658250 0.381667 0.656250 0.383000 0.651250 0.383000 0.642000 0.381667 0.639000 0.378000 0.635000 0.376667 0.634250
0 0.378333 0.633750 0.378333 0.635250 0.381667 0.638750 0.384000 0.640000 0.387667 0.640750 0.396667 0.640500 0.404333 0.639250 0.408000 0.637750 0.410333 0.634750 0.409000 0.630750 0.407333 0.629500 0.404000 0.628000 0.398000 0.627250 0.391333 0.627250 0.384333 0.628500 0.380000 0.631250
0 0.420000 0.618250 0.416333 0.620750 0.415333 0.622250 0.414667 0.626250 0.415000 0.634250 0.416333 0.638750 0.419333 0.643000 0.422000 0.644250 0.425000 0.644500 0.428333 0.643250 0.431333 0.638250 0.432000 0.635000 0.431667 0.626250 0.430333 0.623000 0.427667 0.619500
0 0.449000 0.601000 0.444667 0.601250 0.441000 0.603000 0.438667 0.606000 0.437000 0.611000 0.436333 0.616750 0.437000 0.623000 0.439333 0.627000 0.443333 0.629000 0.447333 0.628500 0.451000 0.626500 0.453667 0.622500 0.455333 0.616000 0.455333 0.610000 0.453333 0.603750 0.451667 0.601750
0 0.415333 0.593500 0.413000 0.595250 0.412333 0.597250 0.412333 0.600750 0.415000 0.608500 0.423667 0.615250 0.427000 0.616000 0.431333 0.615750 0.432667 0.614750 0.435000 0.610500 0.434667 0.604750 0.433000 0.601500 0.428333 0.596250 0.426667 0.595250 0.420333 0.593250
0 0.482000 0.605000 0.480667 0.607000 0.481667 0.613000 0.485000 0.617000 0.493333 0.623250 0.501333 0.625750 0.505667 0.626000 0.511000 0.624750 0.512333 0.622750 0.512000 0.618750 0.506333 0.612000 0.497667 0.606250 0.490333 0.604000 0.486333 0.603750
0 0.400000 0.594750 0.396000 0.596750 0.392333 0.603000 0.392000 0.610750 0.393000 0.614750 0.395000 0.617250 0.399667 0.620250 0.404000 0.620000 0.409000 0.614750 0.410333 0.611750 0.410333 0.603250 0.409333 0.599250 0.407667 0.596500 0.405000 0.595000
