0 0.471333 0.300500 0.470000 0.300500 0.463333 0.303500 0.459333 0.306500 0.455333 0.312500 0.454333 0.315000 0.453667 0.322000 0.454667 0.323750 0.458333 0.325250 0.462667 0.324500 0.467000 0.322000 0.474333 0.311250 0.475333 0.305750 0.474333 0.303000
0 0.289667 0.608750 0.285667 0.609750 0.282667 0.612000 0.281333 0.618250 0.281667 0.623750 0.282667 0.628000 0.285000 0.631750 0.290000 0.635250 0.294000 0.635500 0.295667 0.635000 0.300667 0.630500 0.302000 0.627500 0.302333 0.622250 0.301333 0.618250 0.297000 0.611000 0.294333 0.609250
0 0.404000 0.643250 0.399333 0.644250 0.396000 0.647250 0.394000 0.650500 0.393667 0.653250 0.391667 0.658000 0.392000 0.665500 0.393000 0.668250 0.396333 0.672000 0.399667 0.673000 0.404333 0.672000 0.406667 0.669750 0.409333 0.665750 0.411333 0.659500 0.411333 0.653750 0.410000 0.649000 0.408000 0.645750
0 0.376667 0.628750 0.374667 0.630250 0.373000 0.634000 0.373000 0.638500 0.375333 0.646500 0.377000 0.648750 0.380333 0.651250 0.384000 0.652500 0.386000 0.652500 0.389333 0.651250 0.391000 0.646750 0.391000 0.641000 0.389667 0.635500 0.388667 0.633750 0.382333 0.629250 0.380333 0.628500
0 0.366000 0.606250 0.362333 0.606000 0.357667 0.606750 0.350000 0.610250 0.345000 0.615000 0.341667 0.621500 0.341667 0.624000 0.344000 0.627000 0.346000 0.627750 0.349667 0.627250 0.352333 0.625750 0.358333 0.623750 0.362333 0.620750 0.366667 0.615750 0.368000 0.611750 0.367667 0.608250
0 0.314000 0.563500 0.311333 0.565250 0.309000 0.568750 0.308333 0.570750 0.308667 0.576000 0.313333 0.584750 0.317000 0.586000 0.319667 0.586000 0.322667 0.585000 0.325333 0.581750 0.326333 0.578250 0.326333 0.572750 0.325333 0.570250 0.320667 0.565000 0.318000 0.563500
0 0.384333 0.573500 0.380667 0.573750 0.377000 0.575500 0.373333 0.580750 0.371333 0.587250 0.371667 0.592750 0.373333 0.595750 0.376333 0.597750 0.380333 0.597750 0.382333 0.597000 0.386667 0.593250 0.389000 0.588250 0.389000 0.579500 0.387000 0.575250
0 0.404667 0.562000 0.399667 0.562000 0.396667 0.563250 0.395333 0.564250 0.390667 0.572250 0.390333 0.577500 0.392000 0.584750 0.396333 0.588250 0.400000 0.588000 0.405000 0.585250 0.409667 0.576750 0.410333 0.568500 0.409333 0.565000 0.408000 0.563500
0 0.397000 0.597500 0.393000 0.599500 0.391000 0.603000 0.390333 0.606000 0.390667 0.614250 0.391667 0.618000 0.393000 0.620000 0.396333 0.622500 0.401000 0.623000 0.403667 0.622000 0.405667 0.620000 0.407000 0.615250 0.407000 0.610250 0.406000 0.604250 0.404333 0.600250 0.401000 0.597750
0 0.449667 0.595500 0.446667 0.595500 0.443667 0.596750 0.438333 0.603250 0.437667 0.606500 0.438000 0.616250 0.439333 0.619500 0.442667 0.621000 0.444000 0.620750 0.449667 0.616000 0.452000 0.612250 0.453333 0.600750 0.451667 0.596000
0 0.466000 0.639750 0.463000 0.640000 0.460000 0.642000 0.458000 0.647000 0.457667 0.652000 0.458333 0.655250 0.462000 0.661750 0.463000 0.662750 0.467667 0.664000 0.471000 0.663000 0.474333 0.659250 0.475667 0.654750 0.475667 0.649750 0.474667 0.646750 0.472000 0.642500 0.469667 0.641000
0 0.329333 0.446250 0.325667 0.448250 0.324000 0.450500 0.322333 0.455000 0.322333 0.460000 0.323000 0.463000 0.325333 0.467250 0.327333 0.468000 0.330667 0.468250 0.333667 0.467250 0.335000 0.465750 0.337000 0.459500 0.337333 0.454000 0.336667 0.451000 0.334667 0.447500 0.332667 0.446500
0 0.425000 0.514250 0.421667 0.514750 0.418667 0.516750 0.415667 0.520750 0.414667 0.524500 0.415000 0.532250 0.416333 0.536750 0.419333 0.540000 0.423000 0.541250 0.425333 0.540750 0.429000 0.538250 0.431667 0.531000 0.431667 0.523500 0.430000 0.518000 0.428333 0.515750
0 0.448000 0.507750 0.446667 0.507750 0.442000 0.510000 0.438667 0.513750 0.437333 0.517500 0.437333 0.529250 0.438667 0.531500 0.442333 0.533250 0.444667 0.533250 0.447667 0.532250 0.450667 0.530000 0.452667 0.526250 0.453667 0.522500 0.453667 0.516750 0.452333 0.511750 0.451000 0.509250
0 0.491000 0.533500 0.488333 0.534000 0.485667 0.536000 0.483000 0.540500 0.482333 0.543500 0.482333 0.548750 0.483667 0.553500 0.485667 0.556750 0.489667 0.559000 0.492333 0.558000 0.495333 0.555750 0.497333 0.553250 0.498333 0.549500 0.498000 0.540500 0.495000 0.535750
0 0.470667 0.488750 0.466667 0.489750 0.462333 0.493000 0.458333 0.502000 0.458333 0.505750 0.460000 0.510250 0.461667 0.512500 0.464667 0.513750 0.467333 0.513750 0.470333 0.511750 0.475333 0.505500 0.476333 0.498750 0.476000 0.493000 0.474333 0.490250
0 0.468333 0.460000 0.465000 0.460250 0.461333 0.462250 0.458333 0.466750 0.457333 0.470000 0.457333 0.474500 0.458667 0.479000 0.463000 0.483000 0.466000 0.483500 0.467333 0.483250 0.470333 0.481250 0.472333 0.479250 0.475333 0.474500 0.476000 0.470500 0.475667 0.466000 0.474333 0.462500
0 0.446667 0.437000 0.443000 0.438000 0.441333 0.439500 0.440000 0.443500 0.440000 0.448750 0.442667 0.455750 0.444667 0.457000 0.447667 0.457750 0.451667 0.456500 0.453000 0.455000 0.454000 0.451750 0.454333 0.446500 0.452333 0.439000 0.449667 0.437500
0 0.571667 0.438500 0.568667 0.440000 0.567333 0.442750 0.567333 0.447000 0.568667 0.451750 0.571667 0.456750 0.575333 0.459500 0.580000 0.460250 0.583000 0.458750 0.584667 0.455750 0.584000 0.446500 0.580667 0.441500 0.578333 0.439500 0.575333 0.438500
0 0.477667 0.422000 0.473667 0.421500 0.470333 0.422500 0.467333 0.425500 0.463333 0.431750 0.462000 0.437750 0.462333 0.442250 0.463333 0.444000 0.466000 0.445250 0.469333 0.445250 0.472333 0.444250 0.475333 0.441750 0.479333 0.435500 0.480667 0.431750 0.481000 0.427000 0.480333 0.424250
0 0.424333 0.404750 0.423000 0.407750 0.424333 0.411750 0.430000 0.417250 0.435000 0.420250 0.439333 0.421500 0.443333 0.421750 0.447667 0.421250 0.450667 0.419500 0.451667 0.416750 0.451333 0.414750 0.450000 0.412750 0.443667 0.407000 0.435000 0.403250 0.429000 0.403500
0 0.415667 0.377000 0.412333 0.379500 0.411000 0.382750 0.411000 0.386750 0.413000 0.392000 0.415667 0.396000 0.420333 0.399750 0.423000 0.401000 0.427667 0.400500 0.430667 0.397250 0.431333 0.394750 0.431000 0.389500 0.429000 0.384250 0.424333 0.379500 0.421000 0.377250
0 0.509667 0.383500 0.505667 0.383250 0.503000 0.384250 0.501000 0.386000 0.497333 0.392500 0.496333 0.399500 0.497000 0.402750 0.498333 0.405000 0.501333 0.406750 0.506000 0.406500 0.508667 0.404750 0.512667 0.400000 0.514333 0.396750 0.514000 0.388000 0.512000 0.385000
0 0.548667 0.337250 0.544333 0.340500 0.541333 0.345500 0.540667 0.354750 0.541333 0.357500 0.545000 0.363250 0.548333 0.365250 0.553000 0.365000 0.555000 0.363500 0.559000 0.357000 0.559667 0.354250 0.559667 0.345750 0.558667 0.342750 0.555000 0.338500 0.553333 0.337250
0 0.474333 0.335000 0.470667 0.334000 0.466000 0.333750 0.463333 0.334250 0.454333 0.337750 0.451667 0.341750 0.446667 0.345000 0.446333 0.349500 0.447333 0.351000 0.452000 0.354250 0.455667 0.355500 0.459333 0.355250 0.467000 0.352000 0.474000 0.346000 0.476000 0.342500 0.476333 0.337250
0 0.443667 0.316250 0.439667 0.316500 0.437667 0.318000 0.435000 0.321250 0.433667 0.326250 0.433333 0.331000 0.434667 0.337500 0.437667 0.341750 0.439333 0.342750 0.443333 0.342500 0.445000 0.341250 0.448667 0.335500 0.450000 0.330500 0.449667 0.322250 0.447333 0.318750
0 0.534333 0.258250 0.532000 0.258250 0.529667 0.259000 0.525000 0.262750 0.522000 0.268250 0.520333 0.273750 0.520333 0.279750 0.521333 0.282250 0.524667 0.286250 0.528333 0.287500 0.530667 0.287000 0.535000 0.283750 0.537667 0.280000 0.539333 0.271500 0.539000 0.263500 0.537667 0.259500
0 0.471000 0.222750 0.466667 0.223000 0.463000 0.224000 0.454667 0.228250 0.449667 0.234500 0.447000 0.236750 0.445667 0.239250 0.445667 0.241000 0.448000 0.243500 0.451333 0.244750 0.455667 0.244500 0.458667 0.243500 0.467333 0.237750 0.469333 0.234750 0.472000 0.232500 0.474000 0.228250 0.473333 0.225000
