0 0.396667 0.352250 0.394667 0.352750 0.392000 0.354500 0.390333 0.357500 0.390333 0.368250 0.392667 0.374250 0.396333 0.376500 0.401333 0.376750 0.404667 0.375250 0.406000 0.372500 0.405667 0.359500 0.405000 0.357000 0.402667 0.353500 0.400333 0.352250
0 0.415000 0.328500 0.411333 0.329500 0.409667 0.333500 0.409333 0.337500 0.410333 0.344500 0.411333 0.347250 0.415000 0.352500 0.416667 0.353500 0.420000 0.354000 0.423667 0.349500 0.424667 0.346500 0.424333 0.337750 0.420667 0.330000 0.417667 0.328750
0 0.400000 0.321750 0.395667 0.322000 0.392000 0.323500 0.387000 0.329500 0.384333 0.335250 0.383667 0.338000 0.384333 0.343750 0.386667 0.347250 0.389667 0.349000 0.392667 0.349250 0.396667 0.347750 0.401000 0.343250 0.402333 0.340750 0.404000 0.334250 0.404333 0.326250 0.402667 0.323250
0 0.357000 0.254250 0.353000 0.254250 0.350667 0.255750 0.347000 0.260000 0.344667 0.267000 0.345000 0.275750 0.347000 0.278750 0.350000 0.280500 0.355000 0.280500 0.357333 0.279750 0.360000 0.276500 0.362000 0.272250 0.362667 0.269000 0.362000 0.259250 0.359000 0.255500
0 0.510000 0.668750 0.508667 0.669250 0.505333 0.673500 0.505333 0.682750 0.507667 0.689250 0.509333 0.691750 0.513000 0.694250 0.516333 0.694500 0.519333 0.693250 0.521333 0.690250 0.522000 0.687500 0.522000 0.680500 0.518667 0.673250 0.513667 0.669000
0 0.423333 0.664000 0.420000 0.665500 0.418333 0.669250 0.418000 0.674000 0.418667 0.678500 0.423000 0.685750 0.426333 0.686750 0.428667 0.686750 0.431000 0.686000 0.433667 0.683000 0.434667 0.678750 0.434333 0.674000 0.432667 0.670000 0.429333 0.666000 0.427333 0.664750
0 0.475667 0.650000 0.473000 0.649250 0.466667 0.649750 0.462333 0.651000 0.451000 0.658000 0.449333 0.661000 0.449333 0.663000 0.451333 0.665750 0.455000 0.667000 0.458333 0.666750 0.462667 0.664750 0.467333 0.663500 0.475000 0.657750 0.476333 0.655750 0.476667 0.652500
0 0.513333 0.635250 0.509667 0.635750 0.507333 0.637500 0.505000 0.641750 0.504333 0.650000 0.506000 0.654500 0.508667 0.656500 0.511667 0.657000 0.514000 0.656750 0.516667 0.654750 0.518333 0.652000 0.519000 0.649250 0.518667 0.641000 0.515667 0.636750
0 0.540667 0.602000 0.536000 0.601750 0.533000 0.602750 0.530333 0.604750 0.528000 0.607750 0.526333 0.611500 0.525667 0.615750 0.526667 0.620750 0.529333 0.623750 0.534000 0.624000 0.537000 0.623000 0.542667 0.615250 0.544000 0.611000 0.544000 0.606500 0.543000 0.603750
0 0.486000 0.601750 0.483667 0.603500 0.482667 0.607000 0.482667 0.611500 0.485667 0.620750 0.488667 0.623750 0.491667 0.624750 0.495000 0.624750 0.498333 0.623250 0.499667 0.619750 0.499000 0.609500 0.497333 0.606750 0.492000 0.602750 0.488667 0.601750
0 0.474000 0.607250 0.470333 0.607500 0.466333 0.610750 0.463333 0.615000 0.462333 0.617750 0.462000 0.622500 0.463333 0.627250 0.466000 0.630250 0.470000 0.632250 0.472333 0.632000 0.475000 0.630500 0.476667 0.627750 0.479000 0.620500 0.478667 0.615250 0.475333 0.608500
0 0.450667 0.586000 0.447000 0.586250 0.445333 0.587500 0.442333 0.591750 0.441000 0.595250 0.441667 0.604500 0.443667 0.607500 0.446333 0.608500 0.449667 0.608250 0.452000 0.607250 0.455333 0.600000 0.455667 0.595000 0.455000 0.592000 0.452667 0.587250
0 0.398333 0.598750 0.395333 0.599750 0.391667 0.603250 0.390667 0.608750 0.391000 0.615500 0.392333 0.619000 0.395000 0.622750 0.399333 0.624750 0.403333 0.624750 0.406000 0.623750 0.408667 0.620250 0.410000 0.615250 0.409667 0.611000 0.405000 0.600750 0.401333 0.598750
0 0.353667 0.603000 0.353667 0.605250 0.355000 0.608000 0.362000 0.612250 0.376000 0.614750 0.382333 0.614750 0.385333 0.614250 0.388333 0.611750 0.388000 0.607750 0.387000 0.606250 0.384333 0.604250 0.376667 0.601750 0.370667 0.600500 0.361667 0.600250 0.356667 0.601000
0 0.333667 0.579000 0.331333 0.580500 0.329667 0.584250 0.330667 0.591000 0.334333 0.596750 0.337667 0.599250 0.341333 0.599500 0.343667 0.598000 0.345333 0.594750 0.345667 0.590500 0.345000 0.587000 0.341667 0.580500 0.338000 0.579000
0 0.373667 0.549000 0.372333 0.549750 0.368667 0.554750 0.368000 0.562500 0.370000 0.569250 0.373333 0.572500 0.376667 0.573000 0.380333 0.571250 0.382667 0.568500 0.383667 0.564000 0.382667 0.555750 0.379667 0.551000 0.377333 0.549000
0 0.345667 0.525750 0.344667 0.528000 0.344667 0.530500 0.345667 0.532750 0.352000 0.537750 0.364000 0.539500 0.371000 0.539250 0.374333 0.538000 0.375333 0.533500 0.374667 0.532000 0.372667 0.530250 0.357000 0.524750 0.349000 0.524750
0 0.394333 0.544000 0.394667 0.546500 0.397000 0.548750 0.401000 0.550250 0.407667 0.551250 0.419333 0.549750 0.420667 0.549250 0.422333 0.546500 0.422333 0.544250 0.419333 0.540500 0.411667 0.539000 0.406000 0.538750 0.400000 0.539500 0.395667 0.541500
0 0.463000 0.528250 0.462000 0.529000 0.459000 0.533500 0.458000 0.536250 0.458000 0.541750 0.461333 0.549750 0.463333 0.552250 0.467333 0.553750 0.470333 0.553750 0.473333 0.552500 0.476000 0.550000 0.477000 0.545750 0.477000 0.539000 0.475000 0.532500 0.470333 0.529250 0.467333 0.527750
0 0.490333 0.537500 0.486667 0.539250 0.484667 0.541250 0.483333 0.545750 0.483000 0.552500 0.484000 0.556750 0.485667 0.559500 0.489333 0.561500 0.492333 0.561500 0.495667 0.560500 0.498333 0.558250 0.500333 0.553750 0.500667 0.549000 0.499333 0.542750 0.497667 0.539500 0.494667 0.537750
0 0.386000 0.489500 0.384000 0.489250 0.382000 0.489750 0.376000 0.493250 0.371000 0.501250 0.370333 0.505750 0.371333 0.509750 0.373000 0.512500 0.376333 0.514000 0.379333 0.513250 0.382000 0.511500 0.384000 0.509000 0.387000 0.506750 0.389333 0.503250 0.390333 0.499000 0.390000 0.493000 0.388667 0.490750
0 0.446333 0.487750 0.443667 0.488500 0.439667 0.492250 0.438667 0.494250 0.438333 0.499500 0.439667 0.505000 0.442000 0.508500 0.445667 0.511250 0.448333 0.511500 0.451667 0.510000 0.453667 0.506500 0.454333 0.497000 0.453667 0.494000 0.451333 0.489750 0.448333 0.488000
0 0.509667 0.455250 0.508333 0.456000 0.503333 0.461750 0.502667 0.463750 0.502667 0.470500 0.504000 0.475000 0.506000 0.477750 0.509000 0.479750 0.511000 0.479750 0.514333 0.478250 0.518333 0.471000 0.519000 0.465750 0.518333 0.461750 0.516333 0.458500 0.513333 0.455500
0 0.491000 0.453500 0.488000 0.454000 0.485667 0.455500 0.483667 0.462250 0.483667 0.468000 0.485000 0.474000 0.486667 0.475750 0.489333 0.475500 0.490667 0.474750 0.494667 0.470500 0.496667 0.466500 0.497000 0.460250 0.496000 0.456250 0.494667 0.454250
0 0.439333 0.459250 0.435000 0.462750 0.434333 0.465750 0.435000 0.471750 0.439000 0.479750 0.443667 0.482750 0.448000 0.483000 0.451667 0.480750 0.452667 0.478500 0.453000 0.470250 0.452000 0.466250 0.450667 0.463750 0.448333 0.462000 0.443333 0.459750
0 0.395000 0.430500 0.394000 0.431750 0.394000 0.435500 0.395667 0.438750 0.399667 0.442750 0.403000 0.444500 0.408000 0.449000 0.411667 0.450000 0.416667 0.449750 0.419000 0.447750 0.418000 0.442750 0.416333 0.439500 0.411667 0.435250 0.404000 0.430000 0.398333 0.429750
0 0.394667 0.444000 0.392000 0.445250 0.391000 0.447500 0.391000 0.454750 0.392000 0.459750 0.397667 0.467250 0.400000 0.469000 0.404000 0.470500 0.408000 0.468250 0.409000 0.466500 0.409000 0.460000 0.408000 0.454250 0.404667 0.448000 0.402000 0.446000 0.397333 0.444000
0 0.381000 0.426750 0.377333 0.426750 0.372333 0.431000 0.369333 0.438250 0.369333 0.443500 0.371000 0.448500 0.373333 0.451750 0.377333 0.453000 0.381000 0.452500 0.383000 0.451000 0.386000 0.446500 0.387333 0.441000 0.386667 0.431750 0.385333 0.429750
0 0.473000 0.383500 0.471333 0.385250 0.471000 0.389500 0.474000 0.395250 0.478000 0.399750 0.485667 0.405000 0.489667 0.405750 0.494000 0.405000 0.495333 0.402500 0.495333 0.399250 0.491000 0.392000 0.481667 0.384250 0.476000 0.383000
0 0.439333 0.377000 0.438000 0.377750 0.435667 0.381000 0.435000 0.383250 0.435333 0.388500 0.439333 0.397250 0.443333 0.399250 0.446667 0.399000 0.449333 0.397500 0.450667 0.394000 0.450333 0.385000 0.448333 0.381500 0.443333 0.377250
0 0.377333 0.389500 0.373333 0.390250 0.371667 0.391500 0.369000 0.395500 0.367667 0.399250 0.368000 0.406500 0.370000 0.409750 0.373333 0.412250 0.377000 0.411750 0.381000 0.409000 0.383333 0.403250 0.383667 0.399750 0.382667 0.392750 0.380667 0.390250
0 0.325333 0.382750 0.321667 0.384500 0.320000 0.388000 0.319667 0.394500 0.320333 0.399000 0.321667 0.402750 0.323333 0.405000 0.326333 0.407000 0.331333 0.407500 0.334333 0.406250 0.335667 0.403500 0.335667 0.391000 0.334667 0.388000 0.332333 0.385000 0.329333 0.383250
0 0.338000 0.346000 0.334667 0.345250 0.330333 0.345250 0.321333 0.349000 0.314667 0.353250 0.313667 0.355750 0.314333 0.359250 0.317333 0.360750 0.319667 0.360750 0.325667 0.359750 0.330667 0.358000 0.338667 0.350500 0.339000 0.348750
