0 0.443000 0.369750 0.440000 0.372000 0.438667 0.374750 0.438333 0.385250 0.439667 0.389500 0.442333 0.393000 0.446333 0.395250 0.448333 0.395250 0.452000 0.393750 0.454333 0.389000 0.455000 0.385500 0.454667 0.379250 0.453667 0.376000 0.451000 0.371500 0.447667 0.369750
0 0.380667 0.352000 0.376333 0.351750 0.373667 0.352750 0.369333 0.357500 0.367667 0.361500 0.367000 0.365000 0.367667 0.373000 0.369333 0.375250 0.372667 0.376750 0.378000 0.375000 0.380667 0.373250 0.384333 0.365250 0.385000 0.357500 0.382667 0.353250
0 0.357000 0.328000 0.353333 0.328000 0.349000 0.330000 0.346000 0.334000 0.344333 0.338000 0.344333 0.345000 0.345667 0.350500 0.349667 0.354250 0.353333 0.355500 0.358333 0.354250 0.362000 0.349750 0.363667 0.345500 0.364000 0.337500 0.362667 0.333750 0.360000 0.329500
0 0.442000 0.303000 0.439667 0.303750 0.435667 0.307500 0.434333 0.310750 0.434000 0.315250 0.434667 0.319250 0.438000 0.326500 0.439667 0.327500 0.444000 0.328000 0.448000 0.325750 0.450333 0.321750 0.451000 0.319000 0.451000 0.311000 0.449667 0.307000 0.448333 0.305500 0.444000 0.303000
0 0.309667 0.665250 0.306333 0.668000 0.304667 0.673250 0.305000 0.678750 0.306000 0.682000 0.310667 0.687250 0.314667 0.689500 0.318667 0.690000 0.322667 0.687500 0.324000 0.685500 0.324333 0.680500 0.323000 0.676250 0.318333 0.668750 0.314000 0.666000
0 0.388000 0.570000 0.384000 0.569750 0.380000 0.571000 0.376667 0.573250 0.375000 0.575750 0.373333 0.580500 0.373000 0.586250 0.374333 0.590500 0.376667 0.592500 0.381000 0.592750 0.383333 0.592000 0.387000 0.589500 0.389333 0.586500 0.390667 0.582250 0.391000 0.575250 0.390000 0.571500
0 0.403667 0.608500 0.399667 0.609250 0.396667 0.611250 0.394333 0.615750 0.393667 0.620750 0.394333 0.627000 0.396667 0.631750 0.400000 0.635250 0.404667 0.635750 0.408667 0.633750 0.412000 0.629250 0.413000 0.625500 0.413333 0.619000 0.410333 0.611500 0.407333 0.609500
0 0.452000 0.652500 0.450667 0.652500 0.448333 0.653750 0.445000 0.657500 0.444667 0.661750 0.446667 0.663250 0.451000 0.663250 0.452333 0.662750 0.455000 0.659500 0.454667 0.653750
0 0.431333 0.603000 0.428667 0.602500 0.424667 0.603000 0.419000 0.606750 0.415000 0.611500 0.414667 0.615250 0.416333 0.618000 0.419333 0.619000 0.421000 0.618750 0.425333 0.617000 0.429333 0.614500 0.431000 0.612250 0.432667 0.608000 0.432333 0.604250
0 0.435667 0.603000 0.433667 0.605000 0.432667 0.609250 0.433667 0.614750 0.435333 0.617250 0.437333 0.622750 0.439333 0.625500 0.442000 0.627500 0.447333 0.630250 0.451000 0.630250 0.453333 0.628000 0.454667 0.624250 0.454333 0.618500 0.451333 0.611250 0.448333 0.607250 0.443667 0.603000 0.441000 0.602500
0 0.485667 0.672000 0.482667 0.673500 0.480333 0.678000 0.480000 0.684750 0.480667 0.688750 0.483000 0.693250 0.486000 0.696500 0.489000 0.698500 0.491333 0.698750 0.494000 0.698000 0.495667 0.696750 0.498667 0.692500 0.499000 0.686500 0.498333 0.681750 0.493333 0.674250 0.490000 0.672000
0 0.515333 0.690000 0.513000 0.690250 0.509333 0.692750 0.506333 0.697250 0.504667 0.704250 0.505333 0.707750 0.508000 0.712000 0.510000 0.713500 0.514000 0.713250 0.518667 0.709750 0.521667 0.704000 0.522000 0.696500 0.518667 0.691250
0 0.486000 0.595000 0.482333 0.597750 0.480000 0.602500 0.479667 0.607250 0.480333 0.611750 0.482000 0.615750 0.485333 0.618250 0.487667 0.619000 0.490667 0.619000 0.495333 0.615750 0.497000 0.611750 0.497667 0.604000 0.495667 0.599250 0.492333 0.596250 0.490333 0.595250
0 0.532667 0.566250 0.529333 0.566750 0.525000 0.569750 0.523667 0.572500 0.523667 0.576000 0.525000 0.580750 0.527667 0.584500 0.530000 0.586250 0.532667 0.587250 0.534333 0.587250 0.537333 0.586500 0.541333 0.583750 0.543333 0.580000 0.543333 0.575250 0.542333 0.571750 0.537000 0.566500
0 0.530333 0.598250 0.527333 0.599750 0.525000 0.602750 0.524667 0.608250 0.527333 0.615750 0.532333 0.622250 0.535333 0.624000 0.538000 0.624250 0.541667 0.622500 0.543333 0.620000 0.544333 0.615750 0.544000 0.610500 0.541333 0.604000 0.537667 0.600000 0.533333 0.598250
0 0.534000 0.638750 0.530000 0.636000 0.526333 0.635500 0.514000 0.637250 0.505000 0.640500 0.503000 0.641750 0.502000 0.643250 0.502000 0.647750 0.504333 0.650250 0.508000 0.651250 0.516667 0.651000 0.529333 0.648000 0.531000 0.647000 0.534333 0.643250
0 0.569000 0.654000 0.567333 0.655000 0.566000 0.658000 0.566333 0.662750 0.571000 0.670500 0.575667 0.674000 0.580667 0.674500 0.583667 0.672750 0.585000 0.670250 0.585000 0.665000 0.581000 0.658000 0.576000 0.654500 0.573000 0.653750
0 0.404000 0.534500 0.400667 0.535000 0.399333 0.536000 0.395667 0.540500 0.394333 0.544500 0.394000 0.550000 0.395000 0.554750 0.396333 0.557250 0.399667 0.559250 0.402667 0.559250 0.405333 0.558250 0.408667 0.553250 0.409667 0.549000 0.409000 0.540500 0.405667 0.535500
0 0.422667 0.538500 0.419667 0.539000 0.417667 0.540750 0.416000 0.543500 0.414667 0.547500 0.414667 0.556500 0.416333 0.559750 0.418667 0.561500 0.423000 0.563000 0.428000 0.562500 0.430000 0.561250 0.433000 0.557250 0.434333 0.548750 0.432000 0.541000 0.427667 0.538750
0 0.404667 0.522000 0.403333 0.524750 0.403667 0.526250 0.406667 0.530000 0.408000 0.530750 0.423333 0.535250 0.431000 0.534750 0.433667 0.533000 0.434000 0.528500 0.432000 0.525500 0.429000 0.523750 0.420667 0.520750 0.415333 0.520000 0.407667 0.520250
0 0.462667 0.558750 0.461000 0.560250 0.459667 0.564000 0.460000 0.568500 0.461667 0.573000 0.469333 0.582000 0.470667 0.582750 0.474333 0.583000 0.476333 0.582000 0.478000 0.580000 0.479000 0.576500 0.478333 0.571250 0.474333 0.563750 0.467000 0.559250
0 0.447333 0.531000 0.444000 0.532750 0.442333 0.536250 0.442333 0.542000 0.443000 0.544250 0.447333 0.552500 0.451667 0.554750 0.456333 0.555000 0.459667 0.553500 0.461333 0.550250 0.461667 0.546500 0.460667 0.540000 0.457000 0.534000 0.454667 0.532250 0.451667 0.531000
0 0.466333 0.520000 0.462333 0.522250 0.461000 0.524750 0.461000 0.532250 0.462333 0.536250 0.465667 0.539000 0.466333 0.540500 0.469667 0.542500 0.472000 0.542500 0.475000 0.541000 0.477333 0.536000 0.477667 0.529250 0.477000 0.526500 0.474333 0.522500 0.470000 0.520250
0 0.486667 0.538250 0.483333 0.540250 0.481667 0.544000 0.482000 0.552000 0.486000 0.559750 0.490000 0.562000 0.494333 0.562250 0.497333 0.561000 0.499000 0.557750 0.499333 0.551250 0.498667 0.547250 0.495333 0.541250 0.490333 0.538250
0 0.528667 0.522000 0.525333 0.524000 0.524333 0.525500 0.523667 0.528250 0.524000 0.535750 0.525000 0.538250 0.527000 0.540000 0.529667 0.544000 0.531667 0.545500 0.534000 0.545750 0.537000 0.544000 0.538333 0.541500 0.539000 0.537750 0.538667 0.529500 0.537000 0.525250 0.533667 0.523000 0.530667 0.522000
0 0.416333 0.467250 0.414667 0.470000 0.414667 0.476500 0.416333 0.482750 0.421333 0.490750 0.424000 0.492000 0.428333 0.492250 0.431333 0.489500 0.432333 0.486000 0.431333 0.477500 0.428333 0.472000 0.426000 0.470000 0.420000 0.467000
0 0.421000 0.425000 0.419000 0.425750 0.415333 0.430250 0.414667 0.439250 0.416333 0.444000 0.420333 0.446750 0.424000 0.447500 0.428333 0.445000 0.429667 0.443000 0.430667 0.440000 0.430667 0.434500 0.430000 0.431000 0.427667 0.427000 0.424667 0.425250
0 0.513333 0.458750 0.509333 0.459000 0.505000 0.462250 0.502333 0.470250 0.503333 0.479000 0.505333 0.482250 0.509000 0.484250 0.512333 0.484000 0.514333 0.483000 0.517333 0.474750 0.518000 0.468000 0.517333 0.462750 0.516000 0.460750
0 0.553667 0.457250 0.552333 0.457250 0.548000 0.461000 0.546000 0.466250 0.546000 0.471250 0.547000 0.475250 0.548000 0.476250 0.551667 0.477000 0.553333 0.476750 0.556667 0.474250 0.558333 0.471000 0.559000 0.467000 0.558667 0.462250 0.556333 0.458500
0 0.401333 0.354750 0.399333 0.354750 0.396333 0.355750 0.392000 0.359000 0.390667 0.361750 0.389000 0.369000 0.389000 0.373500 0.390333 0.377500 0.392333 0.380250 0.396000 0.382000 0.400667 0.381750 0.403333 0.380000 0.405000 0.377750 0.407000 0.372250 0.407667 0.366500 0.407000 0.361000 0.404333 0.356250
