0 0.376667 0.659000 0.373333 0.661500 0.371333 0.664750 0.370667 0.668000 0.371000 0.675000 0.372000 0.678500 0.375000 0.682000 0.377000 0.683250 0.381333 0.683750 0.385333 0.681500 0.388000 0.678250 0.389000 0.674500 0.389000 0.668250 0.388333 0.665500 0.385333 0.662250 0.381667 0.659500 0.380333 0.659000
0 0.400000 0.712750 0.396667 0.714750 0.393667 0.720000 0.393000 0.724000 0.393333 0.728250 0.396667 0.734250 0.399667 0.736500 0.404667 0.737250 0.407333 0.735250 0.409667 0.732000 0.410667 0.728250 0.410333 0.721000 0.407667 0.716250 0.405333 0.713750 0.404000 0.713000
0 0.505333 0.325250 0.502000 0.327000 0.501000 0.328750 0.500333 0.339250 0.502000 0.343750 0.505000 0.345750 0.506667 0.346000 0.510000 0.345000 0.512333 0.341750 0.513333 0.336750 0.511667 0.329000 0.509667 0.327000
0 0.444000 0.247250 0.439667 0.247750 0.433667 0.252000 0.430667 0.255750 0.428667 0.259750 0.427333 0.265250 0.428000 0.270500 0.430333 0.274250 0.431667 0.275250 0.434333 0.276000 0.436333 0.276000 0.439333 0.274750 0.442333 0.272500 0.446000 0.267500 0.449667 0.260250 0.450667 0.256000 0.450333 0.252250 0.448667 0.249750
0 0.385000 0.406750 0.380333 0.406500 0.376000 0.407500 0.368667 0.414500 0.366667 0.420500 0.368000 0.427250 0.369000 0.428250 0.371333 0.428250 0.376667 0.426500 0.381000 0.424000 0.384667 0.419500 0.387667 0.412750 0.387000 0.408500
0 0.384667 0.425500 0.381000 0.425500 0.377333 0.427500 0.373667 0.431000 0.371667 0.434750 0.371333 0.443500 0.372667 0.448250 0.377333 0.451000 0.381667 0.450750 0.386000 0.447250 0.389333 0.442500 0.390000 0.438500 0.389333 0.430250 0.388333 0.428500
0 0.350000 0.433000 0.346000 0.435750 0.345667 0.440500 0.346667 0.443250 0.352667 0.452000 0.356667 0.455000 0.360333 0.456500 0.364000 0.456000 0.365667 0.454500 0.366333 0.451750 0.366333 0.446000 0.364000 0.440500 0.357000 0.433750 0.353667 0.432500
0 0.460000 0.438000 0.457667 0.439750 0.457000 0.445000 0.460667 0.453750 0.462667 0.456750 0.470333 0.462250 0.474333 0.462250 0.476000 0.460750 0.477000 0.457250 0.476667 0.452000 0.475333 0.447000 0.472333 0.444250 0.469333 0.439500 0.467667 0.438250 0.464667 0.437500
0 0.489333 0.442000 0.486000 0.443750 0.484333 0.447000 0.484000 0.451000 0.485667 0.458000 0.489333 0.462000 0.492667 0.464250 0.495333 0.464500 0.498333 0.463000 0.499333 0.460750 0.499333 0.449750 0.498000 0.446500 0.492333 0.442750
0 0.509667 0.447000 0.506667 0.449000 0.504667 0.453500 0.504000 0.464750 0.505000 0.467750 0.508333 0.471000 0.510000 0.472000 0.513333 0.472250 0.515333 0.471250 0.519000 0.467250 0.519667 0.459750 0.518667 0.454500 0.514333 0.447750
0 0.510000 0.417250 0.506000 0.419500 0.504667 0.421500 0.504000 0.425750 0.505000 0.431250 0.508000 0.437250 0.513667 0.440250 0.517000 0.440250 0.518333 0.439750 0.521000 0.436000 0.521333 0.430750 0.518000 0.422250 0.513333 0.417500
0 0.462333 0.462250 0.458333 0.463750 0.456000 0.467250 0.455000 0.470250 0.454667 0.475750 0.455000 0.478500 0.458000 0.483500 0.462000 0.487250 0.463667 0.487500 0.467333 0.486500 0.470333 0.482250 0.471667 0.476750 0.471667 0.470250 0.468000 0.464500 0.466333 0.463250
0 0.419667 0.468250 0.417000 0.469250 0.415333 0.471000 0.414667 0.474500 0.415333 0.483750 0.419333 0.490250 0.423667 0.493000 0.427667 0.492750 0.430000 0.491000 0.432000 0.487250 0.431667 0.478000 0.428000 0.470500 0.423667 0.468500
0 0.402667 0.467750 0.399667 0.468500 0.396667 0.471500 0.394667 0.477750 0.394667 0.480750 0.396333 0.486750 0.399667 0.489500 0.404333 0.490250 0.407000 0.489000 0.409667 0.486750 0.411667 0.478500 0.409333 0.471000 0.405000 0.468000
0 0.381667 0.487000 0.380000 0.487000 0.376333 0.488750 0.372667 0.493500 0.371667 0.496750 0.371333 0.502750 0.372000 0.506500 0.375000 0.510750 0.377000 0.512000 0.381667 0.511500 0.385667 0.507750 0.387000 0.505500 0.388667 0.499500 0.388667 0.494750 0.386000 0.489500
0 0.419000 0.502750 0.416333 0.504250 0.415333 0.506250 0.416000 0.514000 0.420333 0.521750 0.424333 0.525250 0.428333 0.526500 0.431667 0.525500 0.433667 0.522500 0.434000 0.517750 0.432667 0.513000 0.427333 0.506000 0.424333 0.504000 0.420667 0.502750
0 0.451667 0.512750 0.447667 0.513000 0.444667 0.515250 0.442333 0.518250 0.439667 0.525000 0.439667 0.530750 0.440667 0.534000 0.442333 0.536500 0.446000 0.538500 0.450333 0.538250 0.452333 0.537000 0.456667 0.530250 0.458000 0.526000 0.458000 0.521750 0.457000 0.518000 0.455000 0.515250
0 0.513667 0.512250 0.509000 0.512750 0.505667 0.516000 0.502667 0.524250 0.502333 0.529250 0.503000 0.532500 0.505333 0.536500 0.509000 0.539250 0.510667 0.539250 0.514667 0.537250 0.519000 0.530000 0.519333 0.524500 0.518667 0.518000 0.516333 0.514250
0 0.529000 0.505000 0.525000 0.508250 0.524667 0.514250 0.528333 0.522250 0.532667 0.526250 0.534333 0.526250 0.537333 0.524750 0.538667 0.522250 0.539333 0.518750 0.539000 0.514000 0.537333 0.509250 0.532667 0.505750
0 0.489667 0.530250 0.485333 0.533500 0.483333 0.540000 0.483333 0.545250 0.486333 0.552750 0.489667 0.554500 0.493667 0.554000 0.495333 0.553000 0.498000 0.548500 0.499333 0.543750 0.499000 0.536500 0.497000 0.533000 0.494000 0.530750
0 0.524667 0.533250 0.523000 0.534500 0.521667 0.537000 0.521667 0.541750 0.525667 0.548500 0.531333 0.553500 0.534333 0.554500 0.538000 0.554500 0.540333 0.553250 0.542000 0.550000 0.541667 0.545500 0.538000 0.539250 0.530333 0.533250
0 0.508667 0.564500 0.506000 0.566000 0.504333 0.568750 0.503333 0.572250 0.503667 0.579250 0.504333 0.581250 0.508000 0.585750 0.510000 0.587000 0.513667 0.587250 0.517000 0.584250 0.518667 0.580750 0.518000 0.572750 0.514000 0.565750 0.511000 0.564500
0 0.494000 0.559250 0.490333 0.559250 0.486667 0.561250 0.484333 0.563750 0.481667 0.570250 0.481667 0.576750 0.483667 0.581000 0.486333 0.583750 0.490333 0.583500 0.494333 0.580500 0.496333 0.578000 0.498333 0.573500 0.498333 0.564500 0.496333 0.561000
0 0.459667 0.570750 0.458333 0.572250 0.458333 0.577250 0.462333 0.585250 0.467000 0.589500 0.470333 0.591000 0.474000 0.591000 0.477333 0.589750 0.479333 0.588250 0.480000 0.586750 0.480333 0.582500 0.479333 0.580000 0.474667 0.573750 0.466333 0.570000 0.463000 0.569750
0 0.490333 0.597250 0.486333 0.599750 0.484333 0.603250 0.483333 0.614500 0.484333 0.619250 0.486000 0.622250 0.488333 0.623750 0.491000 0.624250 0.495000 0.623250 0.498667 0.619000 0.499667 0.615250 0.499667 0.607500 0.499000 0.603500 0.497667 0.601000 0.494667 0.598500
0 0.478000 0.594000 0.473667 0.593750 0.470333 0.594500 0.468667 0.596000 0.462333 0.605500 0.461667 0.610000 0.462333 0.614750 0.463333 0.616500 0.467000 0.619750 0.470667 0.619750 0.475667 0.616750 0.480333 0.609000 0.481667 0.603250 0.481667 0.599750 0.480333 0.595750
0 0.452000 0.587250 0.449000 0.587250 0.446333 0.588000 0.439000 0.596250 0.437667 0.602750 0.438333 0.607750 0.440000 0.611500 0.442667 0.612500 0.444000 0.612500 0.447667 0.611000 0.451667 0.608250 0.455667 0.599500 0.456333 0.596500 0.456000 0.592000 0.454333 0.589000
0 0.548667 0.600250 0.547333 0.602250 0.547333 0.605750 0.548333 0.608500 0.551333 0.611750 0.556333 0.615250 0.561000 0.616000 0.562667 0.614750 0.563667 0.612250 0.563000 0.608250 0.561000 0.604250 0.558333 0.602250 0.553333 0.600250
0 0.374000 0.564750 0.371333 0.567750 0.371333 0.573250 0.373667 0.579750 0.377667 0.584250 0.381000 0.585500 0.385333 0.585750 0.388000 0.584500 0.389333 0.582000 0.389667 0.575000 0.389000 0.571750 0.386000 0.567750 0.382333 0.565000 0.379667 0.564250
0 0.501000 0.309250 0.499667 0.313250 0.500333 0.316250 0.502333 0.319250 0.508333 0.323500 0.517000 0.327250 0.525667 0.327750 0.529333 0.326500 0.530667 0.323500 0.530667 0.321250 0.529667 0.318250 0.526333 0.314750 0.517333 0.310250 0.510333 0.308250 0.504667 0.308000
