0 0.427000 0.502500 0.425000 0.505250 0.425667 0.509500 0.430667 0.517250 0.438667 0.523250 0.443667 0.523000 0.445333 0.521500 0.446333 0.518500 0.446000 0.515000 0.444000 0.509750 0.435667 0.503000 0.431667 0.502000
0 0.397000 0.598250 0.394333 0.598500 0.391667 0.600000 0.388667 0.603000 0.387000 0.606500 0.387667 0.611500 0.389000 0.613000 0.392000 0.614000 0.397000 0.612750 0.399333 0.607750 0.399667 0.602250 0.399000 0.600000
0 0.208333 0.699750 0.205000 0.701500 0.203667 0.704250 0.203667 0.709750 0.204667 0.713250 0.207000 0.717250 0.211667 0.722000 0.213667 0.722750 0.218000 0.722750 0.221667 0.721250 0.223667 0.717500 0.224000 0.712750 0.220000 0.704250 0.216333 0.700500 0.213667 0.699750
0 0.231667 0.648750 0.228000 0.649750 0.226333 0.651500 0.225000 0.655500 0.225000 0.659750 0.226667 0.666250 0.228333 0.669000 0.232333 0.671750 0.236000 0.671750 0.239667 0.669750 0.241667 0.666500 0.241667 0.658000 0.237333 0.651250 0.233667 0.649000
0 0.567333 0.730000 0.563667 0.731750 0.560000 0.736500 0.559667 0.742750 0.562000 0.748500 0.564667 0.750250 0.569000 0.750500 0.572667 0.748500 0.574333 0.746250 0.575667 0.743250 0.576000 0.738000 0.575667 0.736000 0.573667 0.732500 0.569667 0.730250
0 0.353333 0.704500 0.348667 0.704000 0.345000 0.704750 0.337333 0.712750 0.336000 0.720000 0.337333 0.725250 0.340667 0.726750 0.343667 0.726500 0.347667 0.724250 0.350667 0.721500 0.353667 0.716750 0.355333 0.711750 0.355333 0.707750
0 0.310000 0.662500 0.306000 0.662750 0.301333 0.666000 0.298333 0.669750 0.296667 0.674000 0.296333 0.681500 0.297333 0.685250 0.299000 0.687500 0.302333 0.689250 0.307333 0.689000 0.311333 0.686750 0.315000 0.677500 0.315333 0.670250 0.314333 0.666250 0.311333 0.663000
0 0.350667 0.615000 0.349000 0.614750 0.346333 0.615500 0.341333 0.618500 0.338000 0.623500 0.337000 0.626250 0.337333 0.629750 0.338000 0.631250 0.340667 0.632500 0.343000 0.632500 0.345667 0.631500 0.350667 0.627750 0.353333 0.623500 0.354000 0.618500 0.353000 0.616750
0 0.347667 0.587250 0.341000 0.586750 0.337667 0.587750 0.335000 0.590250 0.332667 0.593750 0.330667 0.599250 0.330333 0.604500 0.332333 0.608750 0.335000 0.610750 0.339333 0.611000 0.342333 0.610250 0.346000 0.607250 0.348667 0.603750 0.350667 0.599250 0.351000 0.591500 0.349667 0.588250
0 0.349667 0.663250 0.346000 0.663750 0.343000 0.665500 0.339667 0.669250 0.337667 0.673500 0.337333 0.681000 0.338333 0.685000 0.341333 0.688750 0.344000 0.689500 0.346667 0.689500 0.350333 0.688250 0.354333 0.683500 0.356333 0.678000 0.356667 0.673000 0.355333 0.667500 0.354333 0.665750
0 0.372667 0.654000 0.368667 0.654500 0.362667 0.658250 0.360667 0.661750 0.360000 0.665000 0.360667 0.672500 0.362000 0.675250 0.365333 0.677250 0.368667 0.677000 0.373000 0.674750 0.377333 0.666500 0.378000 0.663750 0.377667 0.658000
0 0.416000 0.662500 0.412333 0.662500 0.409667 0.663750 0.407333 0.665750 0.405333 0.670500 0.405000 0.682000 0.405667 0.684500 0.407333 0.687250 0.411333 0.688750 0.413667 0.688250 0.417333 0.686250 0.420333 0.681250 0.420667 0.672750 0.420000 0.667000 0.419000 0.664750
0 0.439333 0.689750 0.435000 0.689750 0.431333 0.691250 0.427000 0.697000 0.426000 0.704000 0.426667 0.708250 0.430000 0.713250 0.432667 0.714500 0.435667 0.714500 0.438000 0.713500 0.443000 0.709250 0.444333 0.706250 0.445000 0.702500 0.444667 0.695500 0.443000 0.692250
0 0.522000 0.642250 0.518000 0.638500 0.513333 0.637000 0.507333 0.636750 0.498000 0.637750 0.491667 0.642000 0.490667 0.646000 0.492333 0.648000 0.498333 0.650000 0.501333 0.650500 0.509000 0.650250 0.513667 0.649500 0.519333 0.647250 0.521000 0.645500
0 0.458000 0.638250 0.455333 0.639250 0.453000 0.641750 0.452333 0.644250 0.452333 0.651000 0.453333 0.654750 0.455333 0.657750 0.458333 0.660000 0.463333 0.660750 0.466333 0.658000 0.467333 0.654500 0.467333 0.645500 0.466333 0.642750 0.464000 0.640000 0.460000 0.638250
0 0.408667 0.637000 0.403667 0.637250 0.400000 0.640500 0.398667 0.643250 0.397333 0.650500 0.398000 0.658000 0.400333 0.661750 0.403667 0.663000 0.406000 0.662750 0.411000 0.659500 0.413000 0.657000 0.413667 0.654750 0.414000 0.645500 0.413333 0.642000 0.411667 0.639000
0 0.452667 0.604000 0.451000 0.602750 0.447000 0.601500 0.439333 0.601500 0.432000 0.603750 0.426333 0.607000 0.425333 0.609250 0.425333 0.612000 0.427667 0.614500 0.430667 0.615250 0.435333 0.615500 0.443667 0.613750 0.448333 0.612000 0.451667 0.610000 0.453333 0.608000
0 0.440000 0.575250 0.437333 0.574750 0.433333 0.575250 0.431333 0.576000 0.427000 0.579500 0.424667 0.587250 0.425000 0.588750 0.427000 0.591250 0.431667 0.591500 0.435000 0.590500 0.440000 0.585500 0.442000 0.580750 0.441333 0.576750
0 0.410667 0.546250 0.408667 0.546750 0.406333 0.549250 0.405000 0.555000 0.405000 0.560000 0.406333 0.565000 0.408333 0.569000 0.412333 0.571500 0.415667 0.572250 0.417667 0.571500 0.421000 0.568250 0.421667 0.557000 0.420667 0.553000 0.418000 0.548500 0.415000 0.546750
0 0.497333 0.551500 0.493667 0.553500 0.491333 0.556500 0.489667 0.561000 0.489667 0.564250 0.490667 0.568000 0.493000 0.572250 0.494667 0.573500 0.499333 0.574000 0.503333 0.572000 0.505667 0.569000 0.506333 0.563000 0.503667 0.555500 0.499667 0.552000
0 0.494667 0.476250 0.493000 0.477250 0.492333 0.478500 0.493000 0.487500 0.494667 0.490750 0.498000 0.494250 0.500667 0.496000 0.503000 0.496250 0.505333 0.495500 0.506667 0.494250 0.507333 0.491500 0.506667 0.485250 0.501667 0.478000 0.498667 0.476000
0 0.399333 0.491250 0.397333 0.490250 0.393000 0.490750 0.388333 0.492750 0.385000 0.495000 0.380333 0.501250 0.380000 0.505500 0.381333 0.507500 0.383333 0.508250 0.389000 0.507750 0.397333 0.502500 0.400000 0.498000 0.400667 0.493250
0 0.373667 0.477750 0.370667 0.477250 0.367667 0.477750 0.361333 0.482750 0.359000 0.488250 0.359000 0.491250 0.360667 0.493250 0.365333 0.493250 0.370667 0.491000 0.372667 0.489250 0.375000 0.483000 0.374667 0.479750
0 0.347333 0.504500 0.345333 0.504500 0.344000 0.505250 0.341333 0.509500 0.340667 0.512250 0.337667 0.516750 0.338333 0.522250 0.341000 0.525750 0.345000 0.527250 0.346333 0.527250 0.350333 0.525250 0.353000 0.520750 0.354333 0.515750 0.353667 0.509250 0.350667 0.505750
0 0.338000 0.501500 0.334333 0.499500 0.330333 0.499500 0.321667 0.501750 0.313333 0.509250 0.312667 0.514500 0.314000 0.516500 0.317000 0.517250 0.327000 0.516250 0.330667 0.514500 0.334333 0.511000 0.337333 0.506000 0.338333 0.502750
0 0.312333 0.485500 0.310333 0.484250 0.306000 0.484000 0.298000 0.486000 0.290000 0.491750 0.288000 0.496250 0.288000 0.498750 0.290333 0.500500 0.294000 0.500500 0.302333 0.499500 0.306000 0.498000 0.310333 0.494500 0.312667 0.491000 0.313000 0.486500
0 0.267333 0.468750 0.265667 0.471000 0.267000 0.477250 0.270000 0.482000 0.276000 0.487000 0.278333 0.487750 0.281667 0.487250 0.283000 0.484750 0.283000 0.478750 0.280667 0.474000 0.276000 0.470250 0.271000 0.468750
0 0.311000 0.465500 0.304667 0.466000 0.293333 0.469750 0.290667 0.471500 0.285000 0.478750 0.284667 0.484750 0.285000 0.486250 0.286667 0.487750 0.291333 0.487750 0.302667 0.484250 0.310333 0.478500 0.313667 0.474000 0.314667 0.471250 0.314000 0.468250
0 0.307000 0.446250 0.304333 0.445500 0.298333 0.445750 0.294333 0.448000 0.291333 0.451250 0.289667 0.454250 0.289000 0.457500 0.289000 0.462500 0.290333 0.465000 0.291333 0.465500 0.295333 0.465750 0.299667 0.462750 0.301667 0.462000 0.307667 0.456000 0.308667 0.452750 0.308333 0.448250
0 0.259667 0.421500 0.255333 0.421250 0.251667 0.422750 0.244333 0.431750 0.243000 0.435750 0.242667 0.440000 0.243333 0.443000 0.244667 0.444250 0.249000 0.445000 0.252333 0.444000 0.257333 0.440250 0.261667 0.435250 0.262667 0.432500 0.263000 0.427000 0.262000 0.423500
0 0.460000 0.382250 0.458000 0.382000 0.454333 0.382750 0.450667 0.385500 0.445667 0.391500 0.444333 0.395750 0.444000 0.400500 0.445000 0.404500 0.447000 0.406500 0.452000 0.406750 0.456333 0.405250 0.460000 0.402000 0.464333 0.391750 0.463667 0.384750
0 0.386333 0.416250 0.383333 0.417500 0.381667 0.420750 0.381000 0.427500 0.382000 0.433250 0.384000 0.437250 0.387667 0.440000 0.391000 0.441000 0.393667 0.441000 0.397000 0.439500 0.398667 0.436000 0.398000 0.427000 0.397000 0.424000 0.393667 0.419250 0.389667 0.416500
0 0.337333 0.402250 0.336000 0.404000 0.336000 0.407750 0.337333 0.411500 0.345000 0.419750 0.353667 0.424250 0.358000 0.424750 0.362000 0.423750 0.365667 0.420500 0.365667 0.417000 0.365000 0.415250 0.358333 0.408750 0.349333 0.403500 0.343000 0.401750
0 0.317667 0.343750 0.313667 0.344750 0.312333 0.346250 0.310000 0.352750 0.310000 0.356500 0.313667 0.368000 0.317667 0.371000 0.322000 0.371000 0.326333 0.368750 0.327667 0.366000 0.328000 0.353750 0.327000 0.349250 0.324667 0.346000 0.321333 0.344250
0 0.502333 0.312500 0.498000 0.312500 0.494333 0.314750 0.491667 0.321000 0.490000 0.329500 0.490667 0.333750 0.492000 0.335750 0.493667 0.337000 0.495667 0.337500 0.498667 0.337250 0.505333 0.330250 0.507000 0.326750 0.507667 0.323250 0.507000 0.317500 0.505333 0.314000
0 0.384667 0.297500 0.382333 0.298750 0.380333 0.302750 0.380000 0.308750 0.380667 0.313000 0.386000 0.318750 0.389000 0.320000 0.392000 0.319750 0.394667 0.318250 0.397000 0.314500 0.396333 0.306250 0.391000 0.298500 0.389000 0.297500
0 0.376333 0.314750 0.374000 0.317750 0.374000 0.322000 0.377333 0.329750 0.384333 0.335500 0.392000 0.337750 0.395000 0.337000 0.397000 0.334750 0.397000 0.330500 0.393333 0.323750 0.389667 0.319500 0.382667 0.315000 0.380333 0.314250
0 0.350667 0.306000 0.348000 0.306000 0.345333 0.307000 0.338000 0.314000 0.336333 0.320750 0.336667 0.327750 0.338333 0.331250 0.341667 0.333000 0.345333 0.333250 0.350333 0.331000 0.355333 0.322250 0.356667 0.318000 0.356000 0.311000 0.353333 0.307500
0 0.317333 0.256000 0.315000 0.257000 0.311667 0.260250 0.310667 0.263250 0.310333 0.268500 0.311667 0.275250 0.313667 0.279250 0.315667 0.280250 0.319000 0.280750 0.322000 0.280000 0.324000 0.278500 0.326000 0.275750 0.327000 0.272500 0.327333 0.265500 0.325667 0.259250 0.322000 0.256750
