0 0.325250 0.460333 0.325000 0.463333 0.327250 0.467000 0.329250 0.468333 0.334250 0.469667 0.342750 0.469333 0.345750 0.466667 0.346750 0.463667 0.346250 0.460333 0.345000 0.458000 0.341500 0.455000 0.338000 0.454000 0.329500 0.454667 0.326750 0.457000
0 0.539250 0.561333 0.537000 0.559667 0.531500 0.559667 0.529000 0.560333 0.523750 0.563333 0.519250 0.571667 0.520000 0.576000 0.521750 0.577667 0.524000 0.578333 0.529500 0.578333 0.534500 0.576333 0.538000 0.572667 0.539750 0.568000 0.540000 0.563333
0 0.520500 0.564000 0.519500 0.561667 0.517250 0.559333 0.513750 0.557667 0.509750 0.557333 0.501250 0.561000 0.499250 0.564000 0.499000 0.566333 0.499750 0.570333 0.501750 0.574000 0.505000 0.575667 0.509750 0.575667 0.514250 0.574333 0.518500 0.570333 0.519750 0.568000
0 0.478250 0.575000 0.474750 0.575000 0.471000 0.578667 0.470000 0.581333 0.469000 0.587667 0.469000 0.603333 0.469500 0.607000 0.471250 0.610333 0.473750 0.611667 0.476000 0.611333 0.480000 0.608000 0.482250 0.599667 0.483000 0.593333 0.482750 0.583000 0.482000 0.579667
0 0.564500 0.557000 0.561750 0.556000 0.554000 0.556000 0.549000 0.557667 0.546250 0.560000 0.543250 0.564000 0.541750 0.568333 0.542000 0.572667 0.544250 0.575667 0.547750 0.577333 0.553500 0.577333 0.556250 0.576333 0.560750 0.573333 0.564750 0.568333 0.566250 0.564000 0.566250 0.560000
0 0.442000 0.567667 0.443000 0.572000 0.445500 0.575667 0.448500 0.577333 0.451500 0.578000 0.459000 0.577333 0.461250 0.575000 0.462250 0.572333 0.462000 0.568333 0.460500 0.565000 0.459000 0.563667 0.455750 0.562667 0.449500 0.562333 0.446250 0.563000 0.443500 0.564333
0 0.414500 0.612333 0.414000 0.614333 0.414250 0.620000 0.416250 0.623333 0.419250 0.625000 0.423000 0.625667 0.429000 0.625000 0.433250 0.622667 0.435250 0.619000 0.435500 0.615333 0.434250 0.610667 0.432250 0.608667 0.428250 0.607000 0.420750 0.607667 0.416000 0.610000
0 0.602750 0.571000 0.599000 0.569667 0.595750 0.571667 0.591250 0.581667 0.589750 0.587333 0.589750 0.593000 0.590250 0.596667 0.592250 0.600333 0.596000 0.601000 0.600250 0.597000 0.602750 0.591000 0.605250 0.580333 0.604250 0.572667
0 0.643250 0.560333 0.641750 0.558333 0.637750 0.556333 0.633250 0.556000 0.630250 0.557000 0.626000 0.560000 0.622000 0.564667 0.620750 0.568333 0.621250 0.572333 0.623500 0.575000 0.626250 0.576333 0.631000 0.576333 0.639250 0.571000 0.641500 0.568333 0.643250 0.564000
0 0.566750 0.607000 0.564500 0.603667 0.559000 0.603333 0.556000 0.604000 0.547250 0.610667 0.545750 0.614667 0.545750 0.619000 0.548750 0.621667 0.552750 0.621667 0.556500 0.619000 0.560000 0.617667 0.562750 0.615667 0.566000 0.611667
0 0.559750 0.674000 0.557000 0.671000 0.553000 0.669667 0.548500 0.670000 0.541750 0.672667 0.539500 0.674667 0.536000 0.681000 0.536000 0.685667 0.538000 0.688333 0.541500 0.690333 0.546000 0.690333 0.553250 0.687667 0.555500 0.686000 0.559500 0.680667 0.560250 0.678333
0 0.424250 0.653667 0.422750 0.657333 0.422750 0.662333 0.423500 0.666000 0.426750 0.673667 0.430250 0.678333 0.434750 0.681000 0.436500 0.681000 0.439500 0.679667 0.441000 0.677333 0.441500 0.671667 0.440500 0.666333 0.436500 0.657667 0.432500 0.653667 0.429000 0.652333 0.426500 0.652333
0 0.354250 0.638000 0.354250 0.642667 0.355500 0.646333 0.356750 0.648000 0.364250 0.651000 0.367750 0.651000 0.373000 0.649667 0.375500 0.647000 0.376500 0.643667 0.376250 0.639667 0.374250 0.635333 0.372500 0.633667 0.369250 0.632333 0.364500 0.632000 0.358000 0.633333 0.356250 0.634333
0 0.365500 0.575667 0.366250 0.579667 0.367250 0.581333 0.369000 0.582667 0.374000 0.583667 0.380000 0.583333 0.384000 0.581667 0.386250 0.579667 0.387000 0.575667 0.385000 0.571667 0.379250 0.569667 0.369250 0.571000 0.367000 0.572333
0 0.694750 0.603333 0.693750 0.601667 0.690500 0.600667 0.683500 0.600667 0.680750 0.601333 0.677000 0.603333 0.674000 0.606333 0.673000 0.608667 0.672750 0.612333 0.674250 0.615333 0.677250 0.617000 0.684500 0.617333 0.687750 0.616333 0.693750 0.611667 0.695000 0.607667
0 0.689500 0.535667 0.689750 0.540667 0.691000 0.543333 0.694750 0.547333 0.700750 0.551000 0.705500 0.551667 0.709000 0.550667 0.711000 0.549333 0.712750 0.545667 0.712750 0.541000 0.712250 0.539667 0.709500 0.536333 0.705000 0.533333 0.698750 0.532000 0.692750 0.532333 0.690500 0.533667
0 0.627750 0.458000 0.627750 0.460667 0.628500 0.463333 0.630500 0.466000 0.633750 0.467333 0.638250 0.467333 0.642000 0.466000 0.645000 0.463000 0.645250 0.458333 0.644250 0.455667 0.641750 0.454000 0.634500 0.453667 0.629500 0.455333
0 0.612250 0.482333 0.610250 0.482333 0.606500 0.484667 0.603750 0.494667 0.603750 0.497667 0.603000 0.500667 0.603500 0.508667 0.605750 0.514333 0.607500 0.515667 0.611500 0.515667 0.613000 0.514667 0.615750 0.510333 0.617000 0.505000 0.617250 0.492000 0.616500 0.486667 0.614750 0.483667
0 0.544250 0.497667 0.542000 0.495667 0.538500 0.495000 0.529250 0.496000 0.525500 0.498333 0.523250 0.501000 0.522250 0.504333 0.522250 0.507000 0.523250 0.510000 0.524750 0.512000 0.527750 0.514000 0.530500 0.514667 0.537000 0.513667 0.544500 0.507000 0.545250 0.501000
0 0.492000 0.517667 0.491750 0.521333 0.493500 0.526333 0.496250 0.530000 0.498500 0.531667 0.505250 0.534000 0.507500 0.534000 0.511750 0.532667 0.513500 0.529667 0.513250 0.525000 0.511000 0.522000 0.505500 0.517000 0.499750 0.515667 0.494250 0.515667
0 0.474750 0.507000 0.473000 0.509333 0.472500 0.512000 0.472750 0.519667 0.474000 0.526333 0.478000 0.535333 0.481000 0.537667 0.483000 0.538000 0.485750 0.534667 0.487000 0.529000 0.486750 0.525000 0.485250 0.517667 0.483250 0.511000 0.481750 0.508333 0.478250 0.506000
0 0.477000 0.482000 0.477500 0.486667 0.481000 0.490667 0.484750 0.492333 0.489000 0.493000 0.494750 0.492333 0.498500 0.490667 0.499500 0.488000 0.499500 0.484667 0.498750 0.482000 0.495750 0.478667 0.493500 0.477667 0.490000 0.477000 0.482000 0.477667 0.478750 0.479667
0 0.454500 0.514333 0.453000 0.516667 0.453500 0.525667 0.454750 0.530667 0.457500 0.535333 0.461250 0.539667 0.463000 0.540667 0.466750 0.539667 0.468250 0.536667 0.468500 0.531333 0.468000 0.523667 0.466500 0.518667 0.464500 0.516333 0.459500 0.514000
0 0.451000 0.485333 0.447750 0.485333 0.446250 0.486667 0.442750 0.497333 0.442750 0.503333 0.445250 0.511000 0.447500 0.513333 0.450500 0.512333 0.452000 0.510667 0.453500 0.504667 0.454000 0.499333 0.453500 0.491000 0.452000 0.486000
0 0.468250 0.415667 0.468750 0.419667 0.471000 0.423333 0.474500 0.425333 0.476750 0.425667 0.481500 0.425333 0.484750 0.423667 0.488000 0.420667 0.489000 0.417333 0.489000 0.415333 0.486250 0.410000 0.480500 0.408000 0.474750 0.408333 0.472000 0.409667 0.469750 0.411667
0 0.430750 0.458333 0.430750 0.463667 0.431750 0.466000 0.433250 0.467667 0.439000 0.471333 0.445500 0.472667 0.450000 0.472333 0.451750 0.471667 0.454500 0.467000 0.454000 0.462667 0.451750 0.458000 0.448000 0.454667 0.444000 0.454000 0.437500 0.454333 0.433500 0.455667
0 0.358000 0.517667 0.356500 0.520667 0.356750 0.525000 0.361250 0.535667 0.362750 0.537667 0.368000 0.541667 0.372500 0.541667 0.374250 0.538000 0.374250 0.531333 0.373000 0.525333 0.370000 0.520000 0.367250 0.516667 0.365250 0.515333 0.361250 0.515667
0 0.373250 0.507667 0.373250 0.510333 0.376000 0.514667 0.380250 0.517333 0.383500 0.518333 0.390750 0.518333 0.397250 0.516333 0.400250 0.513333 0.401250 0.510333 0.400500 0.505667 0.398250 0.502333 0.396250 0.501000 0.393250 0.500333 0.382750 0.500000 0.377500 0.501000 0.375250 0.502667 0.373750 0.505333
0 0.346250 0.481333 0.346250 0.483667 0.347250 0.486333 0.349000 0.488667 0.352500 0.491667 0.356500 0.492667 0.365750 0.493000 0.369000 0.492000 0.371750 0.490333 0.373750 0.486333 0.373500 0.482000 0.371750 0.479000 0.368750 0.477000 0.362000 0.475333 0.356750 0.475000 0.350000 0.476667 0.347750 0.478000
0 0.339750 0.529333 0.338750 0.525667 0.334500 0.522000 0.321750 0.524000 0.318250 0.526000 0.314500 0.530000 0.313500 0.532333 0.313750 0.537333 0.317750 0.541333 0.321000 0.543000 0.324500 0.543333 0.329000 0.542333 0.335000 0.538667 0.339000 0.534667 0.339750 0.533333
0 0.316750 0.505000 0.314500 0.502333 0.310500 0.502333 0.306250 0.503667 0.299000 0.509000 0.297000 0.513667 0.296250 0.521333 0.299000 0.523667 0.303750 0.523667 0.309500 0.521333 0.317000 0.513667 0.318000 0.510667 0.318000 0.508667
0 0.313000 0.482333 0.312000 0.479667 0.310500 0.478000 0.307500 0.477333 0.298750 0.478000 0.294500 0.480333 0.293000 0.482333 0.292000 0.486667 0.293000 0.489000 0.295250 0.491333 0.298500 0.492333 0.303750 0.492667 0.311000 0.490333 0.312750 0.487333
0 0.303250 0.395000 0.302000 0.392333 0.296250 0.390000 0.291000 0.390000 0.284000 0.391667 0.282500 0.393000 0.281500 0.396000 0.281500 0.404000 0.283500 0.406000 0.286500 0.406667 0.295250 0.406667 0.299500 0.404667 0.302500 0.401000 0.303500 0.397000
0 0.308000 0.595000 0.306500 0.593333 0.303250 0.591667 0.298250 0.592000 0.290250 0.594667 0.288500 0.596000 0.284250 0.602333 0.283500 0.605333 0.284000 0.610000 0.285750 0.612667 0.291000 0.614667 0.295250 0.614333 0.299500 0.612333 0.305000 0.608000 0.307250 0.605000 0.308500 0.600667
0 0.238750 0.599000 0.239750 0.603667 0.243250 0.608667 0.250500 0.612667 0.253750 0.613333 0.260750 0.613000 0.263500 0.611667 0.264750 0.608667 0.265000 0.603667 0.263750 0.600000 0.260500 0.596667 0.257500 0.595000 0.251000 0.594000 0.244250 0.594333 0.240750 0.596000
