0 0.447667 0.386500 0.444000 0.388250 0.441333 0.391500 0.440667 0.399000 0.442000 0.405000 0.444333 0.409000 0.447333 0.411750 0.451000 0.412500 0.454667 0.411000 0.457000 0.409000 0.459000 0.405250 0.459667 0.400500 0.458000 0.393250 0.456000 0.390250 0.451667 0.386750
0 0.564333 0.466000 0.560333 0.466250 0.557000 0.468000 0.554667 0.470500 0.553667 0.473750 0.553000 0.481000 0.554000 0.485250 0.555333 0.487500 0.559000 0.489000 0.561333 0.489000 0.565667 0.487000 0.568333 0.483250 0.569667 0.479500 0.570000 0.474000 0.569333 0.469750 0.568000 0.467750
0 0.486667 0.443500 0.484000 0.447500 0.484000 0.452750 0.485667 0.458000 0.486667 0.459500 0.494000 0.464000 0.497667 0.463750 0.499333 0.462750 0.501000 0.459500 0.500667 0.453750 0.498667 0.447500 0.497333 0.446000 0.490667 0.443000
0 0.427333 0.432250 0.423000 0.434750 0.421667 0.439250 0.421667 0.447500 0.423333 0.452000 0.428000 0.455000 0.431667 0.455000 0.434000 0.454000 0.436333 0.451750 0.437333 0.447750 0.437333 0.440500 0.436333 0.436250 0.435000 0.434250 0.432333 0.432500
0 0.399667 0.453500 0.398667 0.455250 0.399000 0.459500 0.404333 0.468250 0.409000 0.472250 0.415000 0.474500 0.418667 0.474000 0.420333 0.471750 0.420333 0.468000 0.417667 0.462000 0.409333 0.454500 0.405000 0.453000 0.400667 0.453000
0 0.405000 0.474000 0.401333 0.475500 0.398667 0.477750 0.395667 0.485750 0.396333 0.495250 0.398000 0.498750 0.400667 0.500250 0.404667 0.500250 0.408667 0.497750 0.411000 0.494000 0.413000 0.487250 0.413000 0.481500 0.412000 0.478750 0.408333 0.475500
0 0.452000 0.509750 0.447667 0.510750 0.446333 0.511750 0.445000 0.513750 0.443333 0.519000 0.444000 0.526000 0.446667 0.529000 0.449667 0.529750 0.451667 0.529750 0.455667 0.527250 0.458667 0.522000 0.459000 0.517500 0.457667 0.513500 0.455333 0.510750
0 0.441333 0.528250 0.440000 0.527750 0.434667 0.528250 0.431000 0.529500 0.425667 0.532750 0.423000 0.536250 0.421000 0.541000 0.421333 0.544750 0.422333 0.546000 0.424333 0.546750 0.428000 0.546750 0.433333 0.545000 0.436333 0.543000 0.441333 0.537750 0.443000 0.534250 0.443000 0.530750
0 0.378000 0.530000 0.376667 0.530750 0.375667 0.532500 0.375667 0.537500 0.378333 0.544500 0.385667 0.551750 0.388333 0.553250 0.393333 0.553750 0.395333 0.552250 0.396333 0.550000 0.396333 0.543500 0.395333 0.540250 0.389000 0.532250 0.381667 0.529750
0 0.360667 0.527250 0.357000 0.529500 0.355667 0.532250 0.355667 0.538750 0.356667 0.543500 0.358000 0.546500 0.362333 0.550500 0.364333 0.551250 0.367333 0.551250 0.369333 0.550750 0.371667 0.548750 0.373000 0.545250 0.373333 0.540500 0.372000 0.533250 0.370000 0.529750 0.365667 0.527250
0 0.356000 0.552750 0.354000 0.554750 0.353667 0.557000 0.356333 0.561000 0.359667 0.563500 0.360667 0.565000 0.365333 0.567750 0.369000 0.569000 0.372667 0.568750 0.374000 0.567500 0.374667 0.564750 0.374000 0.560250 0.373000 0.558750 0.369667 0.556000 0.365000 0.554000 0.358333 0.552250
0 0.424000 0.588000 0.422000 0.589750 0.420667 0.594250 0.421000 0.601250 0.422333 0.607500 0.426333 0.612000 0.430333 0.613250 0.432667 0.613250 0.436000 0.611750 0.437333 0.608000 0.437333 0.601000 0.436333 0.595250 0.434667 0.592000 0.432333 0.589750 0.428000 0.587750
0 0.467333 0.599000 0.468000 0.604000 0.471667 0.607000 0.475333 0.608500 0.483000 0.609750 0.491000 0.609750 0.498000 0.608000 0.499333 0.606500 0.500000 0.603500 0.498000 0.600000 0.488333 0.596750 0.479667 0.595500 0.471000 0.596000
0 0.466333 0.558000 0.464000 0.560500 0.464667 0.564500 0.470667 0.573500 0.474667 0.576500 0.478000 0.576750 0.479667 0.576250 0.481667 0.574000 0.482000 0.571000 0.479000 0.563750 0.472667 0.559250
0 0.338000 0.562750 0.335000 0.564750 0.333667 0.567750 0.334000 0.573250 0.336000 0.579750 0.338333 0.583750 0.343333 0.588750 0.346000 0.590000 0.350000 0.589750 0.354333 0.586750 0.356000 0.583750 0.356000 0.578500 0.354333 0.572500 0.349000 0.565000 0.342333 0.562500
0 0.292000 0.602250 0.286667 0.603000 0.284000 0.605500 0.282333 0.609500 0.282000 0.616250 0.282667 0.619750 0.284667 0.622750 0.287667 0.624500 0.291667 0.624500 0.295333 0.622250 0.297667 0.616000 0.297667 0.610250 0.296667 0.606500 0.295000 0.603750
0 0.419667 0.630750 0.417000 0.633750 0.416667 0.637250 0.418667 0.642750 0.422000 0.647750 0.425667 0.651000 0.428000 0.652000 0.432000 0.652750 0.436667 0.652500 0.439000 0.651000 0.439667 0.649750 0.440000 0.642750 0.436000 0.634750 0.427667 0.630000 0.422667 0.629750
0 0.364333 0.657250 0.364333 0.659000 0.368000 0.663750 0.372667 0.667000 0.375667 0.668250 0.383333 0.669500 0.389667 0.669500 0.393000 0.668750 0.396333 0.666250 0.395667 0.661000 0.393000 0.658250 0.389000 0.656750 0.377667 0.654250 0.369667 0.654000 0.367000 0.654750
0 0.359667 0.658750 0.357000 0.659250 0.354000 0.660750 0.352667 0.662250 0.351667 0.665500 0.351667 0.674250 0.353000 0.678250 0.356333 0.682250 0.359000 0.683750 0.362667 0.684000 0.365333 0.683250 0.366667 0.682000 0.369667 0.674750 0.369667 0.671500 0.367333 0.665250 0.365000 0.661500 0.362000 0.659000
0 0.271000 0.691250 0.267667 0.692250 0.266333 0.693250 0.263667 0.697500 0.262667 0.702000 0.263667 0.708750 0.266333 0.714000 0.268333 0.715250 0.272333 0.716000 0.275667 0.715000 0.279000 0.712000 0.280333 0.708500 0.280667 0.700250 0.280333 0.697500 0.279000 0.695000 0.276000 0.692750
0 0.406667 0.662000 0.407000 0.665000 0.408000 0.666750 0.411667 0.668750 0.419333 0.670250 0.426333 0.669750 0.434667 0.667500 0.440333 0.664500 0.443000 0.662250 0.443667 0.658250 0.443000 0.656750 0.441333 0.655500 0.436000 0.653000 0.422667 0.653000 0.416333 0.654750 0.409667 0.657500 0.408000 0.658750
0 0.515000 0.674500 0.513667 0.674750 0.509333 0.678500 0.508333 0.681500 0.508000 0.687250 0.509000 0.693500 0.510000 0.695000 0.513333 0.697750 0.517333 0.698500 0.521000 0.696500 0.522667 0.694250 0.525000 0.686500 0.525000 0.682000 0.522000 0.677000 0.518333 0.674750
0 0.536000 0.658500 0.532333 0.660000 0.531000 0.662500 0.530667 0.667500 0.532000 0.673000 0.535333 0.677750 0.540667 0.681250 0.544667 0.681250 0.548000 0.678250 0.549000 0.675500 0.549000 0.671750 0.547667 0.666500 0.545333 0.662750 0.538667 0.658750
0 0.439333 0.714000 0.435000 0.713750 0.431667 0.714500 0.424333 0.717500 0.419333 0.721500 0.418333 0.723500 0.419000 0.726500 0.422000 0.727500 0.427333 0.727500 0.435000 0.725250 0.440333 0.721000 0.441000 0.719000 0.441000 0.715750
0 0.385000 0.710500 0.381667 0.711750 0.380000 0.713750 0.379333 0.720750 0.380333 0.724500 0.383667 0.729750 0.388667 0.733000 0.393000 0.733250 0.396667 0.731500 0.398000 0.729250 0.398333 0.720500 0.397667 0.718500 0.392667 0.712250 0.388333 0.710500
0 0.396333 0.748000 0.391667 0.747750 0.385000 0.750250 0.382667 0.752250 0.379667 0.757250 0.378333 0.761250 0.378333 0.767500 0.381000 0.772000 0.384000 0.773250 0.389000 0.772750 0.393667 0.769250 0.398000 0.763750 0.399667 0.758750 0.399667 0.753500 0.399000 0.751000
