0 0.509667 0.293000 0.506333 0.294500 0.503667 0.297250 0.502667 0.301250 0.502667 0.308750 0.505333 0.315750 0.508667 0.318500 0.513333 0.319000 0.517000 0.317250 0.520333 0.314000 0.521667 0.305750 0.520000 0.299250 0.518667 0.297250 0.513667 0.293500
0 0.529000 0.375000 0.526000 0.377000 0.524667 0.380500 0.524667 0.392250 0.527333 0.396500 0.529667 0.398750 0.532667 0.400250 0.535333 0.400250 0.538000 0.399250 0.541667 0.393500 0.542000 0.385250 0.537333 0.376750 0.533000 0.375000
0 0.575667 0.441000 0.572333 0.441000 0.570000 0.442000 0.565333 0.446000 0.564333 0.448500 0.564000 0.456250 0.564667 0.459500 0.567333 0.463500 0.571000 0.464750 0.573333 0.464750 0.577000 0.463000 0.579667 0.459500 0.581667 0.454500 0.581667 0.447000 0.580000 0.444000
0 0.486000 0.414750 0.482333 0.416750 0.481000 0.419250 0.480333 0.422250 0.480667 0.432000 0.481667 0.434750 0.485333 0.439250 0.489000 0.441250 0.492000 0.441250 0.494667 0.440500 0.496333 0.439250 0.497667 0.436000 0.497000 0.421500 0.496333 0.419250 0.493000 0.415500 0.491000 0.414750
0 0.501667 0.473000 0.497333 0.475250 0.494333 0.478000 0.492667 0.482750 0.492333 0.487250 0.493333 0.492000 0.495000 0.494750 0.498333 0.497500 0.501000 0.498500 0.502667 0.498500 0.506667 0.496000 0.509667 0.489750 0.510333 0.487250 0.510333 0.480250 0.509667 0.477750 0.507333 0.474750 0.505667 0.473500
0 0.345333 0.450500 0.345333 0.451750 0.347000 0.454500 0.353667 0.458500 0.357667 0.460000 0.364333 0.461500 0.371333 0.461500 0.373333 0.461000 0.375000 0.459000 0.375667 0.455500 0.373667 0.452500 0.365000 0.448000 0.359000 0.447000 0.350333 0.447500 0.347000 0.448750
0 0.376000 0.462500 0.376000 0.467250 0.380333 0.470500 0.385000 0.472500 0.392333 0.473500 0.398333 0.473250 0.403333 0.472250 0.405667 0.470750 0.406667 0.468000 0.406000 0.463250 0.405000 0.462000 0.400667 0.460250 0.393667 0.459000 0.385333 0.458750 0.378667 0.460500
0 0.423667 0.490000 0.419667 0.489750 0.416333 0.491000 0.413667 0.493250 0.410333 0.498750 0.409667 0.501000 0.410000 0.508250 0.411667 0.511500 0.415000 0.513000 0.416667 0.513000 0.419333 0.512000 0.425000 0.507000 0.427667 0.502000 0.428333 0.499000 0.428000 0.493750 0.427333 0.492500
0 0.537000 0.492250 0.533333 0.492250 0.529333 0.494500 0.527667 0.498500 0.527333 0.503500 0.528333 0.510250 0.531000 0.513500 0.533333 0.514750 0.537000 0.514250 0.538000 0.513500 0.541667 0.504500 0.540667 0.497500 0.538333 0.493250
0 0.551667 0.485000 0.548333 0.486000 0.546333 0.488000 0.543333 0.493250 0.543333 0.497500 0.546667 0.506750 0.548667 0.508000 0.553333 0.508500 0.557333 0.506500 0.559667 0.502250 0.560000 0.493000 0.557667 0.486750 0.555667 0.485500
0 0.572000 0.542000 0.567667 0.543250 0.565000 0.545500 0.563667 0.548250 0.563667 0.559750 0.564333 0.561250 0.568333 0.563500 0.572333 0.563250 0.576333 0.561250 0.578000 0.558250 0.579333 0.553250 0.579000 0.548500 0.577333 0.544750 0.576000 0.543250
0 0.638000 0.585250 0.634000 0.588250 0.633000 0.593000 0.633333 0.598500 0.634000 0.601000 0.636000 0.603500 0.638000 0.605000 0.642333 0.605250 0.645333 0.603250 0.647000 0.600250 0.647667 0.596500 0.647333 0.593000 0.644333 0.587250 0.641667 0.585750
0 0.478000 0.662500 0.474000 0.663750 0.472333 0.666000 0.472000 0.672250 0.474000 0.678250 0.478333 0.683250 0.483000 0.684750 0.486000 0.685000 0.490000 0.682000 0.490667 0.679250 0.490333 0.673000 0.483333 0.663750 0.481000 0.662750
0 0.617333 0.676500 0.614667 0.676500 0.610667 0.678750 0.607667 0.682500 0.606000 0.686750 0.606000 0.695750 0.608667 0.701000 0.611333 0.702750 0.616000 0.702750 0.617667 0.702000 0.622000 0.697750 0.624000 0.693750 0.624000 0.681000 0.622667 0.678750 0.620333 0.677250
0 0.482667 0.627250 0.479000 0.628500 0.477333 0.630000 0.476667 0.632750 0.477000 0.638500 0.477667 0.640500 0.482667 0.647000 0.486000 0.649500 0.490000 0.650500 0.491333 0.650000 0.494333 0.646000 0.495000 0.643500 0.494667 0.638500 0.493000 0.634250 0.490667 0.631500 0.486667 0.628500
0 0.497333 0.594750 0.494000 0.596750 0.493000 0.598500 0.492667 0.604750 0.493333 0.608000 0.496333 0.613500 0.499000 0.616750 0.501667 0.619000 0.504000 0.619750 0.506333 0.619750 0.510667 0.617000 0.513000 0.612000 0.511667 0.603250 0.505333 0.595750 0.502333 0.594750
0 0.528667 0.563750 0.525000 0.566000 0.522000 0.572000 0.521333 0.575500 0.521667 0.579750 0.523667 0.584000 0.525000 0.585250 0.529667 0.586000 0.532000 0.584750 0.535667 0.581000 0.537667 0.574250 0.537667 0.571500 0.536000 0.567250 0.533333 0.564250
0 0.488333 0.560750 0.485667 0.561000 0.481667 0.564000 0.478000 0.572500 0.478667 0.581000 0.480333 0.583500 0.482333 0.585000 0.485667 0.585500 0.488333 0.584750 0.490667 0.583000 0.492000 0.580750 0.494667 0.572000 0.494667 0.566500 0.494000 0.564500 0.490667 0.561250
0 0.463333 0.529500 0.460333 0.530000 0.457333 0.531750 0.455667 0.534250 0.454333 0.539250 0.454333 0.546000 0.455333 0.549250 0.459000 0.553250 0.462000 0.554000 0.464333 0.553250 0.466333 0.550250 0.468000 0.541750 0.467333 0.532000 0.466333 0.530750
0 0.428000 0.556250 0.425333 0.555750 0.420667 0.556250 0.414667 0.560500 0.412000 0.564000 0.411000 0.567750 0.412000 0.571500 0.414333 0.573500 0.417333 0.573750 0.419667 0.573000 0.424333 0.569000 0.427000 0.565750 0.429333 0.561500 0.429000 0.557500
0 0.369667 0.546250 0.367667 0.549000 0.367667 0.553750 0.369667 0.559000 0.376333 0.567750 0.378000 0.569000 0.380667 0.570000 0.385333 0.569500 0.387000 0.568250 0.388667 0.565500 0.388333 0.560750 0.385667 0.555000 0.380333 0.548250 0.374000 0.545750
0 0.299333 0.588250 0.297667 0.589500 0.296333 0.591750 0.296667 0.599000 0.299333 0.604750 0.302000 0.607750 0.305333 0.610000 0.310667 0.611750 0.315333 0.611250 0.318667 0.609000 0.320000 0.605500 0.319333 0.599500 0.317333 0.596000 0.310333 0.589750 0.304000 0.587750
0 0.369000 0.609750 0.365333 0.611750 0.361667 0.615750 0.360333 0.618750 0.360333 0.625250 0.362333 0.631000 0.365000 0.633000 0.368000 0.634000 0.370333 0.634000 0.372333 0.633250 0.374333 0.631250 0.378000 0.623250 0.378333 0.617500 0.377667 0.614500 0.375667 0.611500 0.373000 0.610000
0 0.414667 0.618250 0.412000 0.616500 0.404000 0.616250 0.395333 0.619500 0.391333 0.622000 0.387333 0.626500 0.386333 0.631250 0.387667 0.633000 0.392000 0.634750 0.397667 0.635000 0.405667 0.632750 0.409333 0.630000 0.413667 0.625250 0.415000 0.620750
0 0.428667 0.615750 0.424667 0.616250 0.420000 0.618500 0.416000 0.622750 0.413667 0.627250 0.412333 0.633250 0.412333 0.635500 0.413667 0.637750 0.415333 0.639000 0.420667 0.638750 0.424000 0.636500 0.429000 0.630750 0.432333 0.623250 0.432333 0.618750
0 0.439667 0.595750 0.436333 0.598500 0.433333 0.603000 0.432667 0.611500 0.433667 0.615750 0.438000 0.622750 0.440333 0.623750 0.444333 0.624000 0.447667 0.622500 0.451333 0.617500 0.452333 0.611750 0.452000 0.604000 0.449667 0.600000 0.444000 0.595750
0 0.306667 0.685750 0.309000 0.689750 0.313667 0.693250 0.318333 0.695000 0.331667 0.696000 0.339333 0.695000 0.341333 0.694250 0.342000 0.693250 0.342333 0.689000 0.341333 0.687500 0.339000 0.686000 0.330333 0.683000 0.321667 0.681500 0.314333 0.681500 0.307333 0.684750
0 0.553333 0.735250 0.548333 0.735250 0.547000 0.735750 0.544333 0.738250 0.540667 0.744250 0.540333 0.751750 0.541333 0.754500 0.543000 0.756500 0.547333 0.758250 0.549333 0.758250 0.553333 0.756250 0.558333 0.747250 0.558333 0.740000 0.556667 0.737250
0 0.614667 0.628000 0.611667 0.630000 0.610667 0.633000 0.610667 0.638750 0.611667 0.641750 0.614333 0.646000 0.617333 0.648500 0.619000 0.649250 0.622667 0.649250 0.624333 0.648250 0.626000 0.646000 0.626667 0.639250 0.625667 0.635000 0.623667 0.631500 0.621667 0.630000 0.616667 0.628000
0 0.486667 0.707750 0.479333 0.708500 0.470000 0.713250 0.463000 0.720250 0.463000 0.721500 0.466333 0.725250 0.470333 0.725250 0.474000 0.724000 0.482000 0.720000 0.484333 0.718250 0.488333 0.713250 0.488333 0.709500
