0 0.411333 0.598250 0.407333 0.600500 0.404667 0.603750 0.403333 0.607250 0.404000 0.615750 0.406000 0.620250 0.409000 0.622750 0.413000 0.623750 0.416333 0.623000 0.420000 0.620000 0.421333 0.616000 0.421333 0.608000 0.419667 0.601750 0.416333 0.599250 0.413333 0.598250
0 0.374000 0.588500 0.372333 0.588500 0.368000 0.590000 0.362333 0.594750 0.360667 0.597750 0.359667 0.602250 0.360000 0.607250 0.361333 0.609750 0.364667 0.611750 0.369000 0.611500 0.373333 0.610000 0.378000 0.603250 0.379000 0.599000 0.378667 0.591750 0.376667 0.589250
0 0.353667 0.575000 0.353333 0.577250 0.355333 0.580500 0.360667 0.585000 0.365000 0.586750 0.370667 0.587000 0.373667 0.586250 0.375000 0.584500 0.375000 0.580500 0.373667 0.578000 0.365667 0.573750 0.362000 0.572750 0.357667 0.572500
0 0.308000 0.508000 0.304333 0.507750 0.301000 0.508500 0.296667 0.510500 0.293333 0.513250 0.290333 0.517750 0.289000 0.524000 0.289333 0.529250 0.291000 0.531000 0.296000 0.531500 0.302000 0.530000 0.307000 0.524500 0.310333 0.518250 0.311000 0.514750 0.310333 0.510000
0 0.327667 0.487000 0.325333 0.487000 0.320667 0.489750 0.316667 0.493500 0.314000 0.498250 0.313000 0.502250 0.312667 0.510250 0.317333 0.513750 0.319333 0.513750 0.321333 0.513000 0.325667 0.510000 0.331667 0.500750 0.332667 0.498000 0.332000 0.490750 0.331000 0.488750
0 0.450333 0.471750 0.446667 0.473750 0.445333 0.478000 0.446000 0.487500 0.447667 0.490750 0.452333 0.495250 0.455000 0.496500 0.459333 0.496500 0.461333 0.494750 0.463333 0.490500 0.463667 0.484750 0.463000 0.482000 0.459667 0.475500 0.455000 0.472500
0 0.469667 0.488000 0.468667 0.490000 0.469000 0.494000 0.471000 0.497250 0.474000 0.499750 0.478667 0.502000 0.488667 0.505250 0.492000 0.504750 0.495000 0.502750 0.494667 0.497500 0.491667 0.494000 0.482000 0.488000 0.476000 0.486750 0.471667 0.487000
0 0.561333 0.466500 0.557000 0.468250 0.556000 0.469250 0.555333 0.471000 0.556000 0.478250 0.563000 0.486750 0.564667 0.487750 0.569000 0.488250 0.572333 0.487000 0.574667 0.484500 0.576000 0.480500 0.575333 0.475000 0.573667 0.471250 0.571333 0.469000 0.567333 0.467000
0 0.469000 0.442750 0.468000 0.445750 0.468333 0.448500 0.470000 0.451000 0.474000 0.452750 0.485000 0.454000 0.490667 0.454000 0.495333 0.453000 0.497667 0.451000 0.498000 0.446750 0.497333 0.445750 0.490000 0.441250 0.486333 0.440250 0.477333 0.439750 0.471667 0.440750
0 0.500333 0.414000 0.497333 0.414750 0.493667 0.420250 0.493000 0.425500 0.493333 0.434500 0.494000 0.437250 0.496667 0.441000 0.499333 0.442000 0.503000 0.442000 0.506667 0.440750 0.510000 0.435250 0.511667 0.429000 0.511667 0.422500 0.511000 0.420000 0.507667 0.415750 0.504667 0.414250
0 0.456333 0.386000 0.454000 0.386250 0.450333 0.388250 0.447000 0.392250 0.446000 0.396250 0.446667 0.404750 0.450333 0.409000 0.453667 0.410250 0.456000 0.410250 0.459667 0.408500 0.462667 0.404750 0.464333 0.398250 0.464333 0.393000 0.463667 0.391000 0.459667 0.386750
0 0.427333 0.398750 0.424000 0.400750 0.423000 0.403250 0.423000 0.409250 0.424000 0.412500 0.427000 0.416500 0.431667 0.420750 0.434667 0.421750 0.438667 0.421500 0.440667 0.420500 0.442667 0.417000 0.441000 0.407750 0.435667 0.400000 0.432000 0.398750
0 0.431333 0.423000 0.427333 0.426000 0.424667 0.430500 0.424667 0.440000 0.426000 0.444000 0.429000 0.447750 0.431667 0.449500 0.436000 0.450000 0.440000 0.448000 0.442333 0.444250 0.443333 0.440000 0.442333 0.431750 0.439333 0.426000 0.436000 0.423500
0 0.411667 0.428750 0.408333 0.429000 0.403667 0.431750 0.402000 0.435500 0.401333 0.439250 0.401333 0.445750 0.402333 0.450250 0.405333 0.455250 0.407667 0.456750 0.410667 0.456750 0.413333 0.455750 0.416333 0.451750 0.418333 0.445000 0.418667 0.439500 0.417000 0.432500 0.415000 0.430250
0 0.393000 0.432500 0.389667 0.432750 0.385000 0.434500 0.380667 0.439000 0.378333 0.446000 0.378667 0.451250 0.380333 0.454750 0.384000 0.456500 0.389333 0.455750 0.394333 0.451500 0.396667 0.447250 0.397667 0.441250 0.397333 0.435750 0.396333 0.434250
0 0.361333 0.418500 0.358667 0.420250 0.356667 0.424000 0.356667 0.429000 0.358333 0.434750 0.360333 0.437750 0.362667 0.439500 0.365000 0.440500 0.369333 0.440250 0.372000 0.437750 0.373000 0.433750 0.373000 0.431250 0.371000 0.424250 0.369667 0.422250 0.365667 0.419000
0 0.299667 0.372000 0.295333 0.373000 0.292333 0.375500 0.291000 0.378000 0.290333 0.385250 0.291667 0.390000 0.294333 0.393500 0.298333 0.394750 0.301667 0.394000 0.303667 0.392750 0.305667 0.389250 0.306333 0.386500 0.306333 0.380250 0.305333 0.375750 0.302667 0.372500
0 0.392333 0.329000 0.389000 0.329750 0.384667 0.333750 0.382000 0.338000 0.380333 0.344250 0.380333 0.347000 0.381333 0.350250 0.384333 0.352250 0.388000 0.352250 0.391000 0.351000 0.395000 0.347750 0.397000 0.344500 0.397667 0.342250 0.397333 0.334250 0.395333 0.330500
0 0.450000 0.310500 0.447333 0.311750 0.446000 0.314000 0.445667 0.318000 0.446333 0.321500 0.450333 0.327250 0.452000 0.328250 0.455000 0.328750 0.459333 0.326750 0.459667 0.320750 0.456333 0.313750 0.451667 0.310500
0 0.494000 0.250250 0.492333 0.251250 0.488000 0.259000 0.488000 0.267500 0.490333 0.271500 0.496000 0.276250 0.498667 0.277250 0.503000 0.276000 0.506667 0.272500 0.507333 0.269500 0.506667 0.259500 0.501333 0.251500 0.498000 0.250250
0 0.232667 0.699250 0.230000 0.700750 0.227333 0.704250 0.227000 0.713000 0.228000 0.716500 0.233333 0.720500 0.235333 0.721000 0.240000 0.720750 0.244000 0.718500 0.245333 0.717000 0.246333 0.713750 0.245667 0.708000 0.244000 0.704500 0.239333 0.700500 0.236000 0.699250
0 0.253667 0.630250 0.251333 0.630750 0.248333 0.633500 0.247333 0.637000 0.248333 0.646500 0.251000 0.651500 0.254667 0.653250 0.257333 0.653250 0.259333 0.652750 0.261667 0.651250 0.263667 0.646250 0.263667 0.637750 0.261667 0.633750 0.256333 0.630500
0 0.288333 0.677500 0.286667 0.676500 0.284000 0.676000 0.275667 0.676000 0.263333 0.680000 0.260000 0.682500 0.259000 0.684000 0.258667 0.687000 0.259333 0.689500 0.260000 0.690250 0.263333 0.691250 0.267667 0.691500 0.280333 0.689000 0.287667 0.685250 0.289333 0.682500 0.289333 0.679500
0 0.369000 0.711500 0.365000 0.713250 0.362000 0.719500 0.362000 0.723500 0.363667 0.729250 0.366333 0.733250 0.369000 0.735250 0.372667 0.735750 0.377000 0.732000 0.378333 0.729250 0.378667 0.720500 0.374000 0.712500 0.372667 0.711750
0 0.364000 0.659750 0.360667 0.661250 0.359000 0.666000 0.358667 0.670750 0.360000 0.676750 0.361333 0.679500 0.365000 0.682250 0.369333 0.682750 0.372667 0.681250 0.374000 0.678500 0.374000 0.670250 0.372000 0.665250 0.366000 0.660000
0 0.354333 0.648500 0.348667 0.647750 0.345333 0.649000 0.337667 0.655750 0.336333 0.658250 0.335333 0.665250 0.336000 0.668750 0.337667 0.671000 0.342333 0.671500 0.346333 0.669750 0.350333 0.666500 0.357333 0.655000 0.356000 0.650000
0 0.389333 0.644750 0.386333 0.645750 0.383667 0.648500 0.381667 0.657000 0.382000 0.663000 0.383667 0.664750 0.388667 0.665500 0.392667 0.662000 0.395667 0.655250 0.395333 0.650500 0.393333 0.646500 0.392000 0.645500
0 0.362333 0.634500 0.360667 0.635250 0.359000 0.638250 0.359000 0.643750 0.360333 0.648500 0.364333 0.654000 0.366667 0.656000 0.370333 0.657500 0.373333 0.659750 0.376000 0.660750 0.377667 0.660750 0.379667 0.658750 0.381333 0.654750 0.381333 0.649250 0.378333 0.643000 0.370667 0.635250 0.366667 0.634250
0 0.317667 0.611500 0.314667 0.613000 0.313333 0.615000 0.312000 0.621250 0.312000 0.625000 0.313667 0.632250 0.314667 0.633250 0.318667 0.634000 0.324000 0.627250 0.324333 0.622500 0.321000 0.614500 0.319000 0.611750
0 0.338667 0.625750 0.333333 0.625250 0.328333 0.626500 0.325667 0.630250 0.320667 0.635000 0.318667 0.639250 0.318333 0.643250 0.321000 0.646250 0.322667 0.646750 0.326667 0.646500 0.332333 0.643500 0.334667 0.641500 0.338333 0.636500 0.340667 0.631000 0.340000 0.627000
0 0.355000 0.592750 0.352333 0.592250 0.346667 0.593250 0.342667 0.595000 0.337667 0.599250 0.335333 0.603250 0.334667 0.607000 0.336000 0.609750 0.338000 0.611250 0.341000 0.612500 0.345333 0.612000 0.349333 0.610500 0.355000 0.605500 0.358000 0.600250 0.357667 0.595250
0 0.381000 0.619500 0.375000 0.618000 0.371333 0.618000 0.367667 0.619000 0.361667 0.623250 0.359667 0.626250 0.359000 0.630000 0.359667 0.631750 0.361667 0.632750 0.368000 0.632250 0.371333 0.631500 0.377333 0.628750 0.379667 0.627000 0.382000 0.623500
0 0.393667 0.615500 0.391000 0.616250 0.387333 0.618750 0.383000 0.626500 0.383667 0.635250 0.385000 0.637250 0.388000 0.639500 0.389667 0.639500 0.393667 0.636750 0.397333 0.630250 0.397333 0.618000 0.396000 0.616000
0 0.397000 0.605750 0.394333 0.604500 0.390000 0.603500 0.387333 0.603500 0.382667 0.604750 0.377333 0.608000 0.375000 0.610750 0.375000 0.612500 0.376333 0.615500 0.380667 0.617250 0.384667 0.617250 0.388667 0.616000 0.391333 0.614000 0.397000 0.611250 0.397667 0.609000
0 0.419667 0.576250 0.415667 0.576500 0.408000 0.579000 0.406667 0.580000 0.399667 0.588500 0.399000 0.593250 0.400667 0.596250 0.403333 0.597500 0.405000 0.597500 0.411667 0.595000 0.419333 0.588000 0.421667 0.583000 0.421667 0.579250
