0 0.405000 0.312000 0.401333 0.312750 0.399667 0.313750 0.395667 0.321250 0.393000 0.328750 0.394000 0.334500 0.395667 0.336750 0.399333 0.339000 0.403667 0.338250 0.407667 0.334500 0.410333 0.330000 0.411333 0.326000 0.411667 0.320000 0.410333 0.314500 0.408667 0.313000
0 0.464333 0.369250 0.464333 0.373750 0.467000 0.375750 0.471000 0.377500 0.478667 0.379750 0.486667 0.380000 0.490000 0.379000 0.491000 0.378000 0.490667 0.375750 0.487333 0.373500 0.481667 0.371000 0.473667 0.368750 0.467333 0.367750
0 0.634333 0.428000 0.631333 0.427250 0.627667 0.427750 0.622333 0.430000 0.618667 0.432500 0.612000 0.439000 0.610667 0.441500 0.610000 0.447250 0.611667 0.449250 0.616000 0.450250 0.621333 0.448500 0.631667 0.440750 0.635333 0.435250 0.636000 0.432750 0.635667 0.429750
0 0.626333 0.476500 0.622333 0.477750 0.619333 0.482250 0.618667 0.485000 0.619000 0.490750 0.622000 0.497500 0.625333 0.501500 0.627000 0.502500 0.631333 0.502500 0.635333 0.497500 0.636667 0.492500 0.636667 0.486500 0.635667 0.483750 0.632000 0.478250 0.630667 0.477250
0 0.490667 0.430500 0.488333 0.431750 0.486000 0.435750 0.485333 0.439750 0.485667 0.448500 0.486667 0.451250 0.489667 0.454750 0.493333 0.457000 0.495667 0.457000 0.499333 0.455500 0.502000 0.451500 0.503000 0.447250 0.502667 0.439750 0.499000 0.432250 0.497667 0.431250 0.495000 0.430500
0 0.556667 0.477000 0.553333 0.479000 0.552000 0.482000 0.552000 0.487250 0.554000 0.493750 0.556333 0.497250 0.558667 0.498750 0.561667 0.499750 0.565667 0.499750 0.568333 0.498750 0.570000 0.495000 0.569333 0.485250 0.566667 0.481250 0.563000 0.478000 0.560667 0.477000
0 0.599000 0.508750 0.596333 0.510250 0.595000 0.512500 0.595000 0.520500 0.596000 0.524750 0.599333 0.530750 0.603000 0.533250 0.607000 0.533250 0.608333 0.532500 0.610667 0.528250 0.611000 0.522500 0.610000 0.517250 0.608333 0.513000 0.606333 0.510500 0.604000 0.509000
0 0.516000 0.444500 0.513000 0.445250 0.511000 0.447250 0.509333 0.451250 0.509667 0.458750 0.511333 0.463500 0.513000 0.465750 0.516000 0.467500 0.519000 0.467750 0.521667 0.467250 0.523000 0.465750 0.525000 0.459000 0.525333 0.453750 0.524000 0.448750 0.522333 0.446000 0.518333 0.444500
0 0.427000 0.457750 0.423333 0.458250 0.419333 0.461250 0.417667 0.465750 0.418667 0.475500 0.422667 0.482500 0.425333 0.483750 0.429000 0.484000 0.432333 0.483000 0.435000 0.480000 0.436000 0.476250 0.436000 0.470250 0.435333 0.466250 0.433667 0.462250 0.431000 0.459750
0 0.399000 0.446500 0.396000 0.447750 0.393667 0.451250 0.393667 0.459250 0.395000 0.463250 0.398000 0.467750 0.400000 0.469000 0.404000 0.469250 0.406000 0.467500 0.406667 0.465000 0.406667 0.454250 0.404000 0.447500 0.401667 0.446500
0 0.272000 0.470000 0.267000 0.470750 0.263000 0.474000 0.261667 0.477250 0.261667 0.483500 0.263000 0.489750 0.264667 0.492250 0.267667 0.494500 0.271333 0.494500 0.276000 0.492000 0.277333 0.490500 0.279000 0.486250 0.279333 0.477750 0.278667 0.475000 0.276000 0.471250
0 0.392333 0.535750 0.392667 0.537500 0.395333 0.539250 0.400667 0.541750 0.405667 0.543000 0.418333 0.542500 0.424667 0.540500 0.428667 0.537750 0.428667 0.535750 0.427000 0.533250 0.423667 0.532250 0.415000 0.531250 0.403333 0.531250 0.395333 0.532250 0.393000 0.533250
0 0.455333 0.523750 0.450667 0.523500 0.447667 0.524750 0.441333 0.532750 0.440667 0.541000 0.442000 0.544000 0.443667 0.545500 0.448000 0.545750 0.451000 0.544750 0.456667 0.538000 0.458333 0.533250 0.458667 0.527750 0.457667 0.525250
0 0.492000 0.497500 0.489667 0.498250 0.487000 0.501250 0.486667 0.505750 0.488000 0.511750 0.490000 0.516000 0.493667 0.520500 0.497667 0.522750 0.502000 0.523750 0.506000 0.522000 0.507333 0.519000 0.507667 0.512500 0.507000 0.508500 0.502667 0.501250 0.498333 0.498000 0.495000 0.497250
0 0.537333 0.524000 0.534333 0.525000 0.531667 0.528250 0.530667 0.532000 0.531000 0.540750 0.533333 0.546500 0.537000 0.549250 0.541667 0.549500 0.544333 0.548250 0.546000 0.545000 0.547000 0.538750 0.546667 0.531750 0.545667 0.528500 0.543667 0.526000 0.541333 0.524500
0 0.583000 0.549750 0.580333 0.550500 0.579000 0.551500 0.575667 0.555750 0.574667 0.565000 0.575333 0.568750 0.578000 0.573250 0.580333 0.575250 0.583667 0.576000 0.588667 0.573000 0.590333 0.570500 0.591667 0.566500 0.592000 0.559500 0.591333 0.556250 0.589000 0.553250 0.584667 0.550000
0 0.514000 0.549000 0.510333 0.552000 0.509000 0.555500 0.509000 0.564750 0.510000 0.568000 0.513000 0.571500 0.516333 0.573750 0.519000 0.574000 0.522333 0.572750 0.524667 0.568500 0.525333 0.565000 0.523667 0.555500 0.521333 0.551500 0.517333 0.549000
0 0.514000 0.592500 0.510333 0.592500 0.506000 0.595250 0.502000 0.602750 0.501667 0.610750 0.502667 0.613750 0.505000 0.617250 0.508667 0.619000 0.512000 0.618750 0.514333 0.617500 0.518667 0.611500 0.520333 0.606250 0.520667 0.602250 0.519333 0.596250 0.517000 0.594000
0 0.377333 0.553500 0.376000 0.555750 0.376333 0.558750 0.377333 0.561000 0.384333 0.568500 0.388667 0.571000 0.391667 0.572000 0.394667 0.571500 0.396000 0.569250 0.395667 0.565250 0.389000 0.557000 0.381667 0.553500
0 0.394333 0.575000 0.388667 0.574250 0.384667 0.576000 0.377333 0.581250 0.374000 0.587000 0.372667 0.591000 0.373000 0.595250 0.374667 0.597000 0.376667 0.597750 0.381000 0.597250 0.388000 0.594000 0.390333 0.592250 0.396000 0.584000 0.396667 0.579250 0.396000 0.576750
0 0.452000 0.610750 0.449667 0.611250 0.446667 0.613250 0.444333 0.616250 0.442000 0.618000 0.440333 0.622500 0.441000 0.631250 0.443000 0.633750 0.446667 0.635000 0.450667 0.634000 0.452333 0.632500 0.456667 0.622750 0.457000 0.617750 0.456000 0.613000 0.455000 0.611500
0 0.427667 0.618500 0.423333 0.618500 0.419667 0.622000 0.418000 0.625750 0.418000 0.635500 0.419333 0.639000 0.422000 0.640500 0.424667 0.640500 0.427667 0.639000 0.429667 0.634500 0.430667 0.623750 0.429000 0.619750
0 0.372333 0.637500 0.371000 0.642000 0.371667 0.646000 0.376667 0.653500 0.382667 0.657750 0.387000 0.659750 0.393333 0.660500 0.395333 0.659500 0.397000 0.657750 0.397333 0.655000 0.396333 0.650750 0.389333 0.642250 0.380000 0.637250 0.373333 0.637000
0 0.404667 0.648500 0.402333 0.650000 0.400333 0.654250 0.401000 0.660500 0.403667 0.667000 0.407333 0.672750 0.410000 0.674250 0.412667 0.674500 0.417000 0.671500 0.418333 0.669000 0.418667 0.663250 0.417667 0.658000 0.412333 0.649750 0.408667 0.648500
0 0.466333 0.656000 0.464333 0.656750 0.462667 0.658500 0.462333 0.663500 0.463000 0.668500 0.465667 0.677000 0.470333 0.681750 0.471667 0.681750 0.474667 0.680250 0.476333 0.677000 0.477000 0.674000 0.476667 0.666250 0.475333 0.662000 0.473000 0.658000 0.470667 0.656500
0 0.536667 0.672000 0.534000 0.672500 0.532000 0.673750 0.528000 0.681000 0.527667 0.689750 0.529333 0.693500 0.532333 0.694750 0.535000 0.694500 0.537333 0.692250 0.540000 0.684500 0.540333 0.677750 0.539000 0.673750
0 0.544333 0.679750 0.542000 0.681250 0.540333 0.684500 0.538333 0.693000 0.538333 0.697000 0.540333 0.701000 0.542667 0.702250 0.546000 0.702750 0.549333 0.701750 0.552667 0.698250 0.553667 0.694500 0.553667 0.688750 0.552333 0.684750 0.550333 0.682000 0.549000 0.681000
0 0.519667 0.711250 0.517000 0.711750 0.514000 0.715500 0.513000 0.719000 0.513000 0.723000 0.515000 0.728750 0.516333 0.730250 0.518333 0.731250 0.521667 0.731500 0.524000 0.729500 0.526000 0.725250 0.526667 0.720000 0.526000 0.716500 0.523667 0.712750 0.522000 0.711500
0 0.440000 0.700500 0.436667 0.698000 0.432333 0.696750 0.423333 0.697000 0.415667 0.699750 0.412667 0.701500 0.408000 0.702750 0.405333 0.705250 0.405000 0.709500 0.407333 0.711750 0.411333 0.713000 0.421000 0.713000 0.423667 0.711750 0.427333 0.711250 0.437000 0.706750 0.439333 0.704500
0 0.439333 0.708500 0.431000 0.710250 0.423333 0.715250 0.420667 0.721250 0.421000 0.725500 0.423333 0.727750 0.428000 0.728250 0.434000 0.726000 0.436667 0.724000 0.441333 0.715750 0.441333 0.711500
0 0.376000 0.684250 0.373000 0.685750 0.371000 0.689250 0.370667 0.697750 0.372333 0.705500 0.376000 0.708750 0.377667 0.709000 0.380667 0.708000 0.383000 0.705250 0.384333 0.696250 0.382667 0.689000 0.380667 0.685750 0.377667 0.684250
0 0.306667 0.647500 0.304667 0.650250 0.305000 0.654750 0.309667 0.663250 0.314667 0.668500 0.321333 0.671500 0.326000 0.672000 0.327667 0.670250 0.328333 0.666750 0.327667 0.661750 0.326000 0.657500 0.317667 0.649750 0.311333 0.647000
