0 0.408333 0.513500 0.405333 0.517750 0.405000 0.526250 0.406000 0.530250 0.408000 0.533750 0.410000 0.535250 0.412667 0.536250 0.416000 0.536250 0.420000 0.534000 0.421667 0.530250 0.421000 0.520750 0.419333 0.517500 0.416667 0.515250 0.412000 0.513250
0 0.369000 0.633500 0.365333 0.630750 0.358333 0.629000 0.353667 0.629250 0.346667 0.631000 0.341667 0.633250 0.337333 0.636750 0.336333 0.638250 0.336667 0.643750 0.339000 0.646000 0.342000 0.647250 0.348333 0.647250 0.353000 0.646250 0.361000 0.643000 0.368000 0.638500 0.369667 0.635250
0 0.474667 0.620250 0.473000 0.620750 0.470333 0.623500 0.470000 0.629250 0.471000 0.633500 0.474000 0.638250 0.476000 0.639750 0.479333 0.640750 0.483000 0.641000 0.486333 0.640000 0.487667 0.638750 0.488333 0.634750 0.487333 0.631250 0.485333 0.627250 0.482333 0.623750 0.478667 0.621250
0 0.463333 0.594750 0.458333 0.594750 0.456000 0.595750 0.453333 0.601750 0.453000 0.608000 0.453667 0.611000 0.455333 0.614250 0.458000 0.616000 0.460333 0.616000 0.463667 0.614250 0.466333 0.609500 0.467000 0.599000 0.465667 0.596000
0 0.420667 0.594000 0.416000 0.594000 0.413333 0.595000 0.411333 0.597250 0.408667 0.603000 0.408667 0.610500 0.409667 0.613250 0.412333 0.616250 0.415333 0.617250 0.416667 0.617250 0.420333 0.615750 0.424333 0.610750 0.426000 0.607500 0.426333 0.601250 0.424667 0.596000
0 0.388000 0.598000 0.384000 0.600000 0.382667 0.602250 0.382333 0.606250 0.383667 0.612250 0.385333 0.615500 0.388333 0.618750 0.392000 0.621250 0.396333 0.621750 0.399000 0.620250 0.401667 0.616000 0.402000 0.610000 0.401000 0.606500 0.399000 0.603000 0.396333 0.600500 0.392667 0.598500
0 0.372000 0.591000 0.368667 0.590750 0.365333 0.591750 0.360667 0.594750 0.359667 0.596250 0.358000 0.603500 0.358333 0.607500 0.360667 0.612500 0.364667 0.615000 0.369000 0.614750 0.371000 0.613750 0.373667 0.611500 0.375667 0.607250 0.377000 0.600000 0.376667 0.595750 0.374000 0.592000
0 0.352667 0.593250 0.348667 0.593250 0.344667 0.595000 0.341000 0.602250 0.341000 0.612750 0.342000 0.615250 0.345667 0.617250 0.349000 0.616750 0.352000 0.615000 0.355000 0.612250 0.357333 0.607750 0.358000 0.599000 0.356667 0.595500
0 0.303667 0.562000 0.299000 0.562250 0.295667 0.563750 0.294000 0.565250 0.292000 0.570750 0.292000 0.579500 0.293000 0.584000 0.295333 0.587250 0.299000 0.589500 0.303333 0.589250 0.307667 0.585500 0.310333 0.581500 0.311333 0.577750 0.311333 0.571000 0.309667 0.565250 0.308000 0.563250
0 0.442667 0.557000 0.440333 0.556500 0.435333 0.557000 0.431333 0.559750 0.430000 0.561750 0.426667 0.564500 0.424000 0.568500 0.423000 0.571000 0.423000 0.576500 0.424333 0.580000 0.427333 0.581750 0.431333 0.582250 0.435333 0.581000 0.440333 0.577000 0.444000 0.570750 0.445000 0.567000 0.445000 0.561250
0 0.413000 0.546000 0.411667 0.544750 0.404667 0.542500 0.399000 0.542500 0.392667 0.543500 0.388667 0.544750 0.384000 0.547500 0.383000 0.549000 0.383000 0.553250 0.384000 0.555000 0.389000 0.557750 0.397667 0.558000 0.405000 0.556000 0.410000 0.553000 0.413333 0.549750 0.413667 0.547750
0 0.436000 0.520000 0.432333 0.521000 0.431000 0.522000 0.429000 0.525000 0.426333 0.531750 0.426000 0.537750 0.426667 0.540250 0.428000 0.542000 0.431000 0.542500 0.433333 0.542000 0.436000 0.540250 0.439000 0.536750 0.441000 0.531750 0.441333 0.528250 0.440667 0.524500 0.439333 0.522250
0 0.434333 0.472250 0.432000 0.473000 0.430000 0.475500 0.429000 0.478250 0.429000 0.485000 0.431333 0.491750 0.435000 0.495250 0.438000 0.495250 0.440667 0.494500 0.442000 0.493500 0.444000 0.487000 0.443000 0.478500 0.439333 0.474250 0.436333 0.472250
0 0.452000 0.498500 0.450000 0.497250 0.444333 0.496500 0.438333 0.496750 0.432000 0.498250 0.427000 0.500000 0.424667 0.501750 0.424667 0.506750 0.428000 0.510000 0.431000 0.511250 0.436667 0.511500 0.441000 0.510750 0.451667 0.505750 0.453000 0.503000 0.453000 0.500750
0 0.310667 0.489750 0.308000 0.493250 0.308000 0.497750 0.309667 0.501750 0.313333 0.507000 0.318000 0.510250 0.321667 0.511750 0.326000 0.511250 0.328000 0.509250 0.328333 0.504500 0.325667 0.497500 0.323000 0.494250 0.318667 0.491250 0.315000 0.489750
0 0.221000 0.419250 0.216000 0.424250 0.214667 0.428500 0.214667 0.434000 0.215667 0.438250 0.219000 0.444750 0.221000 0.446750 0.223667 0.447750 0.225333 0.447750 0.229333 0.446000 0.232000 0.442750 0.233333 0.438250 0.233333 0.429000 0.232667 0.426250 0.230667 0.422750 0.225000 0.419250
0 0.247667 0.400250 0.243667 0.402500 0.242667 0.404250 0.242333 0.409250 0.243667 0.414250 0.251000 0.424500 0.255000 0.427000 0.260333 0.427000 0.263333 0.424250 0.264000 0.420250 0.264000 0.415000 0.261333 0.408500 0.255667 0.402750
0 0.262667 0.384250 0.260000 0.387000 0.259667 0.390500 0.261667 0.396250 0.267333 0.403250 0.270333 0.405250 0.274667 0.406750 0.280000 0.407250 0.283000 0.406250 0.284667 0.404500 0.285000 0.399750 0.282667 0.393000 0.280667 0.390500 0.275667 0.386500 0.272000 0.384500 0.268333 0.383750
0 0.307000 0.417500 0.305667 0.419000 0.306000 0.422000 0.309667 0.427500 0.313667 0.432000 0.319000 0.435000 0.322000 0.436000 0.326667 0.436500 0.329333 0.435250 0.330000 0.430750 0.325333 0.423750 0.318000 0.419000 0.311667 0.416750 0.309333 0.416750
0 0.368333 0.438000 0.365667 0.440000 0.363000 0.446250 0.362667 0.449750 0.365000 0.456250 0.368333 0.459500 0.370000 0.459750 0.373333 0.458250 0.374667 0.455250 0.375333 0.449250 0.375000 0.442750 0.374333 0.440000 0.373000 0.438500
0 0.376000 0.406750 0.375333 0.407750 0.375667 0.414000 0.377333 0.417000 0.381333 0.420500 0.392000 0.425250 0.398000 0.425250 0.401333 0.424500 0.402667 0.423500 0.403333 0.419250 0.402333 0.416000 0.393667 0.409000 0.389333 0.406750 0.384333 0.405750 0.379333 0.405500
0 0.334667 0.384500 0.333333 0.385750 0.332667 0.389750 0.334333 0.396750 0.337000 0.401500 0.342333 0.405750 0.345667 0.406750 0.350000 0.407000 0.352667 0.404000 0.352667 0.399000 0.352000 0.396000 0.349667 0.391500 0.341667 0.384750 0.339667 0.384250
0 0.310333 0.373500 0.308333 0.376500 0.308667 0.381000 0.313333 0.389500 0.321333 0.394500 0.324333 0.395250 0.327333 0.395000 0.329000 0.393250 0.329333 0.388250 0.328000 0.384250 0.326000 0.381000 0.320667 0.376500 0.314333 0.374250
0 0.302000 0.348500 0.297667 0.348250 0.294333 0.349500 0.290000 0.352500 0.286667 0.358000 0.285000 0.362750 0.285000 0.369750 0.286667 0.373000 0.290000 0.374750 0.293000 0.374750 0.296000 0.374000 0.300667 0.370250 0.303667 0.365750 0.305000 0.360250 0.305000 0.353000 0.304000 0.350250
0 0.393000 0.324250 0.391333 0.326500 0.391333 0.330500 0.392333 0.333750 0.399333 0.342500 0.408000 0.347000 0.412667 0.347250 0.415667 0.345500 0.417000 0.342750 0.416667 0.338000 0.410667 0.330500 0.403667 0.325500 0.397667 0.323750
0 0.409667 0.361250 0.407000 0.362750 0.405000 0.368250 0.405000 0.373000 0.407333 0.380750 0.411333 0.384750 0.415667 0.387000 0.419667 0.386750 0.422333 0.384750 0.424667 0.381000 0.425000 0.375750 0.422667 0.368500 0.420333 0.364500 0.416667 0.361750 0.413000 0.361000
0 0.430667 0.347250 0.426667 0.349000 0.423667 0.352750 0.423000 0.362500 0.424000 0.365750 0.426667 0.370250 0.428333 0.371500 0.432000 0.372250 0.435333 0.371000 0.436667 0.369500 0.438667 0.364500 0.439000 0.357250 0.436333 0.349250 0.435000 0.348000
0 0.458667 0.370750 0.455333 0.370750 0.452667 0.372500 0.449667 0.376000 0.447667 0.381250 0.447333 0.385250 0.448667 0.389250 0.451000 0.393000 0.454000 0.394500 0.456000 0.394500 0.459333 0.393250 0.463000 0.388250 0.464667 0.384250 0.464667 0.376000 0.463333 0.373500
0 0.468000 0.384250 0.468333 0.388750 0.469667 0.390750 0.473333 0.393000 0.478333 0.394750 0.485333 0.396000 0.490000 0.396000 0.495333 0.394500 0.497667 0.393000 0.497000 0.388000 0.493333 0.384750 0.489333 0.383000 0.483000 0.381500 0.474667 0.381000 0.470333 0.381750
0 0.528000 0.337000 0.525333 0.337000 0.522667 0.338500 0.518667 0.343000 0.517333 0.345500 0.517333 0.355000 0.518000 0.358000 0.520333 0.361500 0.523667 0.362500 0.527000 0.362500 0.530000 0.361500 0.532667 0.357250 0.533667 0.352750 0.534000 0.345250 0.530667 0.338250 0.530000 0.337500
0 0.562667 0.305000 0.560000 0.305750 0.559000 0.307000 0.558333 0.309250 0.558667 0.315000 0.560000 0.318750 0.563333 0.322750 0.565000 0.323750 0.568000 0.324000 0.569333 0.323250 0.571333 0.319000 0.571333 0.313250 0.568333 0.306250 0.565333 0.305000
0 0.466000 0.284500 0.465667 0.287500 0.469000 0.291500 0.471000 0.292500 0.478000 0.293750 0.487667 0.293750 0.494667 0.292250 0.498667 0.290250 0.500000 0.288000 0.499667 0.284250 0.498000 0.282500 0.489667 0.281000 0.482000 0.280750 0.472000 0.281500 0.467667 0.282500
0 0.428000 0.282500 0.425667 0.283750 0.424000 0.286500 0.423333 0.289500 0.424000 0.296250 0.426333 0.301000 0.429333 0.303750 0.431000 0.304500 0.435333 0.304500 0.438000 0.302500 0.439333 0.299500 0.439333 0.291500 0.435333 0.283750 0.432333 0.282500
0 0.404667 0.262000 0.403000 0.263250 0.401333 0.267000 0.401667 0.271500 0.403333 0.276500 0.405667 0.279750 0.408000 0.281500 0.411667 0.282750 0.415333 0.282500 0.417667 0.280750 0.418333 0.275000 0.416333 0.267750 0.411667 0.262500 0.408667 0.261750
0 0.356667 0.246750 0.353000 0.248250 0.351333 0.251000 0.350667 0.254500 0.351000 0.262500 0.353667 0.268500 0.358000 0.272000 0.362333 0.272750 0.365667 0.271500 0.367000 0.268750 0.367000 0.257000 0.365667 0.252500 0.364000 0.250000 0.360667 0.247500
