0 0.515667 0.354750 0.513667 0.355250 0.508667 0.360000 0.507333 0.368750 0.508333 0.374750 0.511667 0.380000 0.513667 0.381500 0.518333 0.381500 0.522333 0.379250 0.523667 0.376750 0.525000 0.371500 0.525000 0.363750 0.522333 0.356750 0.518333 0.354750
0 0.452000 0.376250 0.447333 0.376000 0.443667 0.377250 0.437667 0.383000 0.435000 0.388000 0.433667 0.392750 0.434333 0.397250 0.436000 0.398750 0.438333 0.399500 0.443667 0.398750 0.450333 0.393250 0.452333 0.389750 0.454000 0.382750 0.453667 0.378000
0 0.521667 0.392000 0.513667 0.389000 0.505000 0.389500 0.494667 0.392250 0.493000 0.394250 0.492667 0.397000 0.494000 0.399000 0.498333 0.401250 0.504000 0.401750 0.511000 0.401000 0.518333 0.398750 0.520667 0.397250 0.521667 0.395250
0 0.622333 0.423000 0.619333 0.425000 0.618000 0.428000 0.618667 0.440000 0.621667 0.445000 0.626333 0.448500 0.629667 0.448500 0.632000 0.447250 0.636000 0.440000 0.634333 0.431750 0.631333 0.426250 0.628000 0.423250
0 0.532667 0.429250 0.529667 0.431000 0.528667 0.433000 0.528000 0.437000 0.528667 0.442750 0.532333 0.451500 0.536333 0.454000 0.540667 0.454250 0.543000 0.453000 0.544333 0.450250 0.544333 0.439500 0.542667 0.436000 0.539000 0.431250 0.536667 0.429750
0 0.539333 0.462500 0.536667 0.462750 0.532667 0.465500 0.529000 0.470750 0.528333 0.473000 0.528333 0.479250 0.530667 0.486750 0.533000 0.489250 0.536000 0.490000 0.537667 0.490000 0.541667 0.488250 0.544667 0.485750 0.545667 0.483000 0.545667 0.468000 0.544333 0.465250 0.542667 0.463750
0 0.338667 0.444500 0.334333 0.445000 0.330333 0.446750 0.327333 0.451500 0.327000 0.460250 0.328333 0.466500 0.330667 0.469000 0.333333 0.470000 0.341000 0.469500 0.343333 0.468000 0.346000 0.459500 0.346000 0.454250 0.344000 0.448000 0.341667 0.445250
0 0.400667 0.441000 0.398333 0.442750 0.396667 0.446250 0.396667 0.449500 0.398333 0.455750 0.400333 0.459250 0.404667 0.463750 0.408333 0.465250 0.411667 0.464750 0.414000 0.462500 0.414667 0.460000 0.414333 0.451750 0.412667 0.446750 0.408667 0.443000 0.405000 0.440750
0 0.489667 0.458250 0.486667 0.459750 0.485000 0.462250 0.484667 0.468500 0.485667 0.474250 0.491333 0.480000 0.493333 0.481000 0.495667 0.481000 0.498667 0.479750 0.499667 0.477500 0.500667 0.472750 0.500000 0.466750 0.497667 0.461750 0.493667 0.459250
0 0.506000 0.446000 0.503000 0.447750 0.501333 0.450750 0.500667 0.456750 0.501000 0.464250 0.502000 0.467250 0.505000 0.471250 0.508333 0.472750 0.511000 0.472750 0.514333 0.471250 0.516000 0.466500 0.515667 0.454750 0.514333 0.450500 0.512000 0.448000 0.509667 0.446500
0 0.439667 0.477000 0.437333 0.478500 0.434667 0.483000 0.434000 0.490500 0.437000 0.498750 0.438667 0.500250 0.443000 0.501000 0.446333 0.499250 0.448667 0.495500 0.449667 0.491750 0.449667 0.485250 0.448333 0.481750 0.445333 0.478000 0.443667 0.477000
0 0.406000 0.495750 0.403667 0.495750 0.399667 0.498000 0.397000 0.509500 0.397333 0.513750 0.398667 0.517500 0.400333 0.519000 0.403333 0.519750 0.405333 0.519500 0.409333 0.515750 0.412000 0.510250 0.412667 0.507250 0.412667 0.500250 0.412000 0.498500 0.409333 0.496500
0 0.411000 0.517250 0.409000 0.518750 0.407667 0.522000 0.409000 0.525500 0.412667 0.529750 0.424333 0.536750 0.428667 0.537500 0.432667 0.537500 0.435000 0.536750 0.436667 0.534000 0.436667 0.529500 0.434000 0.525000 0.427000 0.520500 0.419667 0.517000 0.415333 0.516500
0 0.475000 0.525500 0.471000 0.525750 0.470000 0.526500 0.465667 0.533500 0.465333 0.541750 0.467000 0.545000 0.470667 0.546750 0.475333 0.545250 0.479000 0.537750 0.479000 0.531000 0.478000 0.528750
0 0.478667 0.489750 0.475000 0.491250 0.472000 0.494500 0.470000 0.501750 0.470000 0.509000 0.471000 0.512250 0.474000 0.516000 0.477333 0.517000 0.481000 0.517000 0.483333 0.516000 0.486000 0.512750 0.487333 0.508000 0.487333 0.500500 0.484333 0.492500 0.482333 0.490500
0 0.505333 0.510000 0.505667 0.514250 0.514000 0.518250 0.517333 0.519000 0.527667 0.519250 0.529667 0.519000 0.533000 0.517250 0.533333 0.513250 0.529000 0.509250 0.523667 0.508500 0.511667 0.508250 0.506667 0.509000
0 0.516000 0.598000 0.513667 0.598000 0.510000 0.600000 0.508333 0.602500 0.507667 0.605500 0.507333 0.612000 0.508667 0.619000 0.510000 0.620750 0.513333 0.622500 0.518333 0.621500 0.521000 0.619500 0.523333 0.615500 0.524000 0.612000 0.523667 0.605500 0.522333 0.601250 0.519333 0.599000
0 0.497667 0.623000 0.494333 0.623250 0.489000 0.626250 0.486667 0.629500 0.485667 0.632250 0.485667 0.642500 0.486667 0.644500 0.488333 0.646000 0.490333 0.646750 0.494667 0.645500 0.497667 0.643000 0.499667 0.638500 0.501000 0.627500 0.499000 0.623750
0 0.450333 0.655250 0.447667 0.656000 0.445667 0.658500 0.444667 0.665500 0.445333 0.671500 0.447333 0.676250 0.451000 0.679000 0.454000 0.679000 0.456333 0.678000 0.459667 0.674000 0.460333 0.664250 0.459667 0.661250 0.457333 0.657750 0.452000 0.655250
0 0.452333 0.684000 0.451667 0.686500 0.454333 0.693000 0.461000 0.698000 0.470667 0.701750 0.474333 0.701750 0.478333 0.700250 0.479333 0.696750 0.474667 0.689750 0.470000 0.687500 0.466333 0.684250 0.459333 0.682000 0.455000 0.682500
0 0.372667 0.696750 0.372667 0.699250 0.373667 0.701750 0.377000 0.704250 0.380667 0.705500 0.392000 0.707750 0.395000 0.707750 0.399333 0.707000 0.402333 0.705000 0.402667 0.701000 0.401333 0.698500 0.398333 0.696250 0.388333 0.693500 0.380000 0.693500 0.375667 0.694500
0 0.494667 0.673000 0.492000 0.673250 0.489667 0.674500 0.486667 0.678500 0.485667 0.681000 0.485000 0.686750 0.485333 0.692500 0.486667 0.695250 0.489333 0.697250 0.493667 0.696500 0.496667 0.694750 0.499333 0.691250 0.500000 0.689000 0.499333 0.677000 0.498000 0.674500
0 0.521667 0.665000 0.516667 0.665250 0.508667 0.673000 0.504333 0.682000 0.504333 0.686000 0.505000 0.687750 0.506333 0.688750 0.510667 0.688500 0.514333 0.687250 0.521667 0.678500 0.523000 0.674500 0.523000 0.668750
0 0.534000 0.652750 0.530000 0.653750 0.525667 0.658500 0.524333 0.664250 0.524667 0.670750 0.526667 0.675750 0.528667 0.678000 0.531333 0.678750 0.534333 0.678500 0.538000 0.675750 0.540667 0.670000 0.541333 0.665750 0.540000 0.657500 0.537667 0.654000
0 0.529000 0.682000 0.524667 0.681750 0.516000 0.687750 0.511000 0.694000 0.509333 0.697750 0.509333 0.701250 0.510000 0.702500 0.513000 0.704750 0.517667 0.704500 0.522000 0.703000 0.529000 0.695250 0.531333 0.689250 0.531000 0.685000
0 0.503000 0.695750 0.501000 0.695500 0.493667 0.698000 0.486000 0.702750 0.483667 0.708250 0.484333 0.712250 0.485667 0.713500 0.490333 0.713500 0.497667 0.710500 0.499333 0.709250 0.503333 0.704750 0.505333 0.701250 0.505000 0.697500
0 0.544667 0.689500 0.539667 0.689250 0.537333 0.690000 0.532000 0.696250 0.530333 0.701500 0.527667 0.704750 0.527000 0.707750 0.527667 0.711500 0.529667 0.713500 0.533000 0.713500 0.537000 0.711750 0.541333 0.708250 0.545667 0.701500 0.547000 0.695000 0.547000 0.692750
0 0.555333 0.684500 0.552000 0.685750 0.549667 0.689500 0.549667 0.693750 0.551333 0.700500 0.554333 0.706000 0.557333 0.709000 0.560333 0.710000 0.564333 0.709750 0.566000 0.708750 0.567667 0.705750 0.567333 0.697250 0.564333 0.690000 0.561000 0.686500 0.557333 0.684500
0 0.514333 0.728000 0.516000 0.731750 0.517667 0.733250 0.528667 0.737250 0.533000 0.738000 0.539333 0.737750 0.544667 0.736500 0.545667 0.735000 0.545667 0.731250 0.544667 0.729250 0.542667 0.727750 0.530000 0.724250 0.518667 0.724250 0.516667 0.725000
0 0.544000 0.746250 0.542000 0.745750 0.539667 0.746000 0.537000 0.747250 0.532667 0.750750 0.529667 0.759750 0.530000 0.764500 0.532667 0.768250 0.535000 0.768250 0.538000 0.766750 0.544667 0.759000 0.546000 0.755500 0.546000 0.748500
0 0.498667 0.751250 0.493333 0.752000 0.485667 0.759750 0.484333 0.765750 0.484667 0.774000 0.485667 0.776250 0.489333 0.778500 0.491333 0.778500 0.497667 0.775500 0.500000 0.772250 0.502667 0.765250 0.503333 0.761750 0.503000 0.755750 0.501333 0.752750
