0 0.392000 0.383750 0.390333 0.385250 0.389667 0.387500 0.390333 0.392250 0.392667 0.396500 0.397667 0.400750 0.403667 0.404500 0.407667 0.405750 0.414667 0.406000 0.418000 0.405000 0.420333 0.401750 0.420333 0.398250 0.419667 0.396250 0.416667 0.392250 0.411667 0.388500 0.403333 0.384250 0.398333 0.383250
0 0.475333 0.357250 0.472667 0.357750 0.470000 0.359500 0.465000 0.368250 0.465333 0.372750 0.467667 0.374500 0.471333 0.374750 0.474333 0.373500 0.478667 0.366000 0.479333 0.360750 0.478333 0.359250
0 0.542667 0.384250 0.540000 0.384500 0.536000 0.387250 0.532667 0.393000 0.532333 0.401250 0.533667 0.403750 0.537333 0.405750 0.541667 0.406000 0.545333 0.405250 0.547000 0.403500 0.549333 0.398000 0.549667 0.392500 0.548333 0.389000 0.546000 0.385500
0 0.607667 0.388250 0.603000 0.388750 0.599000 0.391750 0.595333 0.399750 0.595667 0.408500 0.597667 0.412000 0.599333 0.413250 0.601333 0.413750 0.604667 0.413750 0.608000 0.412250 0.612333 0.406250 0.613667 0.402750 0.614000 0.395750 0.613333 0.392750 0.612000 0.390750
0 0.521333 0.432000 0.517333 0.432500 0.513000 0.435500 0.509000 0.439500 0.507667 0.444750 0.508000 0.451750 0.509333 0.453500 0.513000 0.455000 0.515333 0.454750 0.519000 0.453250 0.521333 0.451500 0.523667 0.447250 0.525333 0.442250 0.525667 0.438500 0.525000 0.435750 0.522667 0.432750
0 0.629667 0.456750 0.626333 0.457750 0.623000 0.463250 0.622667 0.467750 0.625000 0.475250 0.626667 0.477750 0.631333 0.482250 0.635000 0.483000 0.638667 0.480750 0.640000 0.478500 0.641333 0.473250 0.641000 0.467250 0.638667 0.461250 0.634667 0.458000 0.631667 0.456750
0 0.431667 0.431750 0.426667 0.431500 0.424333 0.432250 0.422667 0.433500 0.418667 0.439250 0.417333 0.443500 0.417333 0.449750 0.419667 0.455500 0.422000 0.456500 0.427667 0.455750 0.433000 0.451750 0.435333 0.447750 0.436000 0.445000 0.435667 0.435500 0.434000 0.433250
0 0.443333 0.453250 0.441333 0.454500 0.440333 0.457500 0.441000 0.462000 0.443000 0.466250 0.446333 0.470750 0.448667 0.472750 0.452333 0.474750 0.456000 0.475000 0.458667 0.473500 0.459667 0.471750 0.459667 0.467000 0.458667 0.463000 0.451667 0.454750 0.447333 0.453500
0 0.408667 0.453750 0.404333 0.453750 0.403000 0.454250 0.399667 0.457000 0.395667 0.463500 0.395000 0.470750 0.397000 0.475250 0.399667 0.479000 0.400667 0.479500 0.404333 0.479750 0.408000 0.477750 0.412667 0.473000 0.414000 0.469750 0.415000 0.464500 0.414333 0.458250 0.412667 0.455250
0 0.340000 0.475500 0.336667 0.476500 0.334333 0.478750 0.332667 0.484000 0.332667 0.491000 0.333667 0.494750 0.336667 0.499250 0.338333 0.500250 0.342667 0.501000 0.346667 0.499750 0.350333 0.495750 0.351333 0.491750 0.351333 0.485250 0.348333 0.478250 0.344667 0.476000
0 0.435333 0.469750 0.431000 0.470000 0.429667 0.470750 0.422667 0.477750 0.421667 0.481500 0.421667 0.487500 0.422333 0.490250 0.424000 0.491750 0.426333 0.492250 0.429333 0.491750 0.432333 0.489750 0.435667 0.485500 0.437333 0.480250 0.437667 0.474250 0.437000 0.471250
0 0.450667 0.485500 0.446667 0.487750 0.445667 0.489500 0.445000 0.497750 0.447667 0.502250 0.453333 0.506000 0.455667 0.506500 0.458667 0.505250 0.460333 0.503000 0.461000 0.499000 0.460667 0.494500 0.459667 0.491500 0.455667 0.486750
0 0.493667 0.479250 0.490333 0.480500 0.486667 0.484250 0.485667 0.486750 0.485667 0.495500 0.486667 0.498500 0.489000 0.501750 0.493333 0.504000 0.495667 0.504000 0.498333 0.503250 0.502667 0.499000 0.503667 0.495250 0.503667 0.491750 0.502667 0.486250 0.498667 0.480500 0.497667 0.479750
0 0.564333 0.496750 0.561000 0.496500 0.559000 0.497250 0.556667 0.499000 0.555000 0.502250 0.554667 0.511250 0.556000 0.514250 0.559333 0.515500 0.561333 0.515500 0.565000 0.513250 0.567000 0.510000 0.567667 0.506500 0.567333 0.501500 0.566000 0.498250
0 0.505667 0.533250 0.504667 0.532250 0.498667 0.530250 0.492667 0.530250 0.486333 0.531250 0.478667 0.533500 0.474667 0.536500 0.474000 0.541000 0.475000 0.542000 0.479333 0.543500 0.484333 0.544000 0.490667 0.543750 0.497667 0.541500 0.503333 0.537250
0 0.455333 0.515750 0.451000 0.515750 0.447667 0.517750 0.446000 0.520250 0.444667 0.525000 0.444333 0.530000 0.445333 0.533500 0.448000 0.536250 0.450333 0.537000 0.452000 0.537000 0.455667 0.535000 0.459667 0.529250 0.459667 0.519500 0.458667 0.517500
0 0.455000 0.560750 0.450667 0.561000 0.446000 0.563500 0.442667 0.571250 0.442667 0.576750 0.443667 0.579250 0.447667 0.582250 0.452333 0.581500 0.455667 0.579000 0.459333 0.573250 0.460000 0.569750 0.459667 0.563750 0.458333 0.562250
0 0.565333 0.559500 0.560333 0.560000 0.557000 0.563000 0.555667 0.565250 0.553667 0.572500 0.554333 0.581000 0.556000 0.583750 0.559667 0.585250 0.563667 0.585000 0.566667 0.583250 0.569000 0.581000 0.570667 0.575500 0.571000 0.568750 0.570333 0.565750 0.568333 0.561750
0 0.404333 0.612500 0.400333 0.612500 0.399000 0.613500 0.395333 0.618750 0.394000 0.624000 0.393667 0.628250 0.394333 0.631000 0.396333 0.633500 0.399667 0.636000 0.403333 0.635750 0.405333 0.634500 0.408000 0.630250 0.409000 0.627250 0.409000 0.619750 0.407000 0.615500
0 0.393000 0.632750 0.389000 0.632750 0.385333 0.635000 0.383667 0.637750 0.382667 0.641500 0.382667 0.647000 0.383667 0.651250 0.385667 0.653250 0.388667 0.654500 0.393333 0.654000 0.396333 0.652000 0.398333 0.647000 0.398667 0.640750 0.397000 0.635000
0 0.350667 0.601500 0.349000 0.601250 0.344667 0.602500 0.341000 0.605250 0.336667 0.610250 0.336000 0.616750 0.336667 0.619250 0.338333 0.620750 0.342333 0.621000 0.345000 0.619750 0.350000 0.616000 0.351333 0.614000 0.353667 0.608250 0.353667 0.603750
0 0.539667 0.611000 0.537667 0.611750 0.533667 0.615500 0.532333 0.619000 0.532667 0.625250 0.534000 0.630250 0.536333 0.633500 0.540000 0.635500 0.542333 0.635500 0.545000 0.634500 0.546667 0.631000 0.547333 0.619000 0.546000 0.614500 0.544667 0.612750 0.542000 0.611000
0 0.602667 0.603250 0.599000 0.605500 0.597667 0.607750 0.597000 0.611500 0.597333 0.617750 0.598000 0.620250 0.600333 0.623500 0.603000 0.624750 0.607000 0.624750 0.609000 0.623750 0.611333 0.620750 0.612667 0.616000 0.612667 0.612000 0.611333 0.608250 0.608000 0.603750
0 0.475333 0.664000 0.470667 0.664500 0.468667 0.666000 0.466000 0.670750 0.465000 0.674500 0.464667 0.678500 0.465333 0.682250 0.467333 0.686000 0.470333 0.688250 0.475000 0.688000 0.477333 0.686250 0.479333 0.683000 0.481333 0.677500 0.481333 0.669000 0.479333 0.665500
0 0.521000 0.657750 0.521000 0.666250 0.523667 0.669750 0.525000 0.670500 0.530667 0.672000 0.538667 0.672250 0.544667 0.671500 0.547667 0.669500 0.549333 0.666750 0.549333 0.664500 0.548333 0.661750 0.545333 0.659250 0.541000 0.658000 0.531000 0.657250 0.526000 0.654750 0.524667 0.654750
0 0.583000 0.694500 0.579333 0.696250 0.577667 0.700750 0.577333 0.707750 0.578333 0.713250 0.580333 0.717250 0.583667 0.719500 0.587333 0.720750 0.591667 0.720750 0.594333 0.716750 0.594667 0.708500 0.593333 0.702250 0.590667 0.697500 0.587667 0.695500 0.585000 0.694500
0 0.433000 0.712250 0.429667 0.712500 0.426333 0.714500 0.424000 0.716750 0.422000 0.721000 0.421000 0.727750 0.421333 0.732000 0.423333 0.736000 0.426667 0.737250 0.429333 0.736750 0.434333 0.733250 0.436333 0.729500 0.437333 0.724750 0.437667 0.717000 0.436000 0.713250
0 0.384333 0.755500 0.385000 0.760250 0.388667 0.763000 0.399000 0.764750 0.405000 0.764750 0.411667 0.763250 0.419667 0.760000 0.421667 0.756500 0.420667 0.752750 0.419000 0.751250 0.414333 0.750000 0.399333 0.749500 0.390333 0.750750 0.387000 0.752500
0 0.364667 0.741250 0.361000 0.742500 0.357333 0.746250 0.356000 0.748500 0.355333 0.753500 0.356667 0.759000 0.359667 0.764250 0.361333 0.765500 0.366667 0.766000 0.371667 0.764500 0.374333 0.761750 0.375667 0.755500 0.375667 0.751500 0.374667 0.747250 0.372667 0.743750 0.368333 0.741750
0 0.512667 0.649250 0.512000 0.650250 0.512000 0.654500 0.514333 0.656750 0.520667 0.658500 0.526333 0.657750 0.528667 0.656750 0.529000 0.653750 0.525667 0.650750 0.518000 0.648500 0.514667 0.648500
