0 0.436333 0.371000 0.433000 0.371500 0.430667 0.372750 0.427333 0.376750 0.426333 0.380250 0.426000 0.386750 0.427000 0.390750 0.428000 0.392500 0.431667 0.395000 0.435000 0.395000 0.437667 0.393500 0.440333 0.390500 0.441333 0.387500 0.441667 0.377000 0.439667 0.372750
0 0.559667 0.609500 0.557000 0.610750 0.556333 0.612250 0.556333 0.616750 0.558333 0.623000 0.561000 0.627500 0.564000 0.629750 0.568333 0.630500 0.570000 0.629500 0.571333 0.627500 0.571333 0.622500 0.570333 0.618000 0.565667 0.611000 0.563000 0.609750
0 0.457333 0.660750 0.454333 0.661500 0.450667 0.665750 0.450333 0.672250 0.454000 0.679500 0.458000 0.683250 0.459667 0.683500 0.464000 0.681250 0.466000 0.678250 0.466667 0.670750 0.465667 0.666000 0.464000 0.663750 0.459333 0.660750
0 0.372000 0.690750 0.369667 0.691500 0.368000 0.693000 0.366333 0.696750 0.366000 0.703500 0.368667 0.711000 0.372333 0.713750 0.373667 0.714000 0.377000 0.712750 0.380000 0.710000 0.381667 0.704500 0.380333 0.697000 0.377333 0.693250 0.373667 0.690750
0 0.233000 0.668000 0.231333 0.670250 0.231333 0.674250 0.232667 0.678000 0.235333 0.682250 0.239667 0.685500 0.244000 0.686750 0.248000 0.686250 0.249000 0.685250 0.250000 0.682000 0.250000 0.677000 0.249333 0.672500 0.247667 0.669250 0.245333 0.667750 0.241000 0.666500 0.237333 0.666750
0 0.298667 0.742500 0.295667 0.744500 0.294667 0.747250 0.295333 0.751750 0.297667 0.757250 0.303000 0.764250 0.306333 0.766500 0.310333 0.767250 0.313667 0.764500 0.314667 0.762250 0.315000 0.754500 0.314333 0.752250 0.311333 0.747250 0.307667 0.744000 0.303000 0.742250
0 0.499333 0.639000 0.499333 0.643000 0.502000 0.646250 0.506000 0.647750 0.514000 0.649250 0.521667 0.649500 0.529000 0.648500 0.532000 0.647000 0.533667 0.644000 0.533667 0.642000 0.529333 0.637250 0.521333 0.635250 0.513333 0.634500 0.506000 0.635000 0.501667 0.636250
0 0.386333 0.641000 0.383667 0.641750 0.382000 0.644000 0.380333 0.649500 0.380333 0.653750 0.381333 0.658500 0.383667 0.662750 0.388667 0.664250 0.393667 0.661500 0.395667 0.658500 0.397000 0.654000 0.397000 0.650750 0.392667 0.642750 0.389333 0.641000
0 0.295667 0.634250 0.294000 0.635250 0.292333 0.638250 0.292000 0.643250 0.293667 0.649250 0.297333 0.655000 0.299000 0.656250 0.302667 0.657500 0.307333 0.657250 0.310333 0.655250 0.311333 0.652750 0.311333 0.644750 0.310333 0.640500 0.308333 0.637500 0.303333 0.634250 0.301000 0.633750
0 0.291333 0.602000 0.289333 0.604500 0.288333 0.610250 0.289333 0.615750 0.291333 0.619500 0.295000 0.623250 0.299333 0.625750 0.302000 0.626500 0.306333 0.626500 0.310000 0.625750 0.311667 0.622500 0.311667 0.616750 0.310667 0.611500 0.307333 0.607000 0.302333 0.603500 0.296333 0.601500
0 0.401667 0.618500 0.399667 0.616500 0.396333 0.615250 0.393000 0.615250 0.388667 0.613500 0.384333 0.613000 0.377333 0.614500 0.367667 0.618250 0.365667 0.620000 0.364667 0.623750 0.367667 0.626500 0.373000 0.628000 0.376667 0.628500 0.388000 0.628000 0.392333 0.627250 0.399333 0.623750 0.400667 0.622500
0 0.415667 0.591500 0.412333 0.591500 0.407333 0.593500 0.405333 0.596250 0.403333 0.603750 0.403333 0.607000 0.404667 0.612500 0.406667 0.615750 0.410000 0.616750 0.414333 0.616250 0.419333 0.613000 0.421667 0.607750 0.422000 0.599750 0.421333 0.595750 0.420333 0.593750 0.418667 0.592500
0 0.397333 0.589500 0.394667 0.589500 0.392000 0.590250 0.385667 0.595000 0.384667 0.596500 0.382333 0.604000 0.382333 0.608750 0.383333 0.610750 0.385333 0.611750 0.392333 0.612250 0.395667 0.611000 0.398333 0.608500 0.402000 0.600250 0.402333 0.595000 0.401333 0.591250
0 0.347333 0.594000 0.341333 0.595500 0.339333 0.599250 0.338667 0.605000 0.340000 0.611000 0.343333 0.615500 0.345667 0.617000 0.349667 0.617250 0.352667 0.615750 0.355667 0.612000 0.356667 0.608250 0.356667 0.603500 0.355000 0.598000 0.353000 0.595500 0.350667 0.594250
0 0.381000 0.571500 0.377000 0.571250 0.373333 0.572000 0.363667 0.578500 0.360667 0.582750 0.359333 0.586750 0.359333 0.588250 0.360333 0.589000 0.364000 0.590000 0.366667 0.589750 0.373667 0.587000 0.380667 0.580750 0.382333 0.577250 0.382333 0.573500
0 0.341000 0.564500 0.337667 0.566000 0.336333 0.568750 0.336000 0.575500 0.336667 0.577750 0.346333 0.588250 0.349000 0.589500 0.353667 0.590250 0.357667 0.588000 0.358667 0.584500 0.358667 0.580500 0.356667 0.575000 0.354667 0.571750 0.349000 0.566750 0.345333 0.565000
0 0.476667 0.564500 0.474333 0.562000 0.467667 0.559750 0.455333 0.559750 0.451333 0.560500 0.444667 0.563500 0.443333 0.564750 0.443000 0.568000 0.445000 0.570250 0.451667 0.573250 0.455667 0.573750 0.463667 0.573500 0.467333 0.572750 0.474000 0.570250 0.476333 0.568000
0 0.410667 0.544500 0.407667 0.545000 0.403667 0.548250 0.401333 0.555250 0.401333 0.558250 0.402000 0.560750 0.404667 0.564500 0.408333 0.567000 0.412333 0.567250 0.415667 0.565750 0.417667 0.564000 0.419667 0.560250 0.420000 0.556750 0.419333 0.552750 0.417333 0.548250 0.412667 0.544750
0 0.388667 0.531250 0.385000 0.532250 0.383333 0.534000 0.381667 0.540250 0.382000 0.545500 0.383000 0.549500 0.385000 0.552750 0.388667 0.555250 0.393000 0.555500 0.396333 0.553500 0.397667 0.551750 0.399667 0.545750 0.399667 0.541250 0.398667 0.537250 0.396333 0.533250 0.393000 0.531750
0 0.349667 0.530250 0.345667 0.529750 0.337000 0.532500 0.330000 0.539000 0.328000 0.543750 0.327667 0.548750 0.328667 0.551750 0.330333 0.553250 0.334667 0.553500 0.337333 0.552750 0.342667 0.549250 0.350667 0.538250 0.351333 0.532750
0 0.474000 0.492500 0.471000 0.494500 0.469667 0.497500 0.470000 0.510250 0.471667 0.513250 0.474000 0.515000 0.479000 0.515500 0.482667 0.513750 0.484000 0.510750 0.484333 0.503500 0.483667 0.498500 0.481333 0.494500 0.479333 0.493000
0 0.510333 0.477250 0.506333 0.477250 0.503333 0.478500 0.496667 0.486000 0.494667 0.490500 0.494000 0.495000 0.495333 0.498250 0.498333 0.500250 0.504333 0.500250 0.506667 0.499750 0.509333 0.497750 0.513333 0.492750 0.514333 0.489500 0.514000 0.482500 0.512000 0.478500
0 0.393000 0.477250 0.388000 0.477250 0.385000 0.478250 0.382333 0.480500 0.379667 0.485500 0.379000 0.492250 0.380000 0.497500 0.383000 0.501000 0.385667 0.502500 0.389333 0.502750 0.393667 0.501250 0.397333 0.498750 0.398667 0.495500 0.399667 0.491000 0.399000 0.483000 0.396333 0.478750
0 0.401000 0.454250 0.397333 0.453500 0.390333 0.454000 0.388333 0.454500 0.384000 0.457500 0.379333 0.462750 0.377000 0.467000 0.376667 0.472000 0.377333 0.474250 0.379000 0.475750 0.380667 0.476500 0.388000 0.475750 0.392667 0.473250 0.397000 0.470000 0.400333 0.466250 0.402000 0.462750 0.402333 0.457250
0 0.428000 0.459000 0.426667 0.459750 0.425000 0.462250 0.425333 0.466750 0.427333 0.470750 0.431000 0.474750 0.439333 0.480500 0.443333 0.480750 0.444667 0.480250 0.448333 0.476750 0.449000 0.473250 0.448333 0.470250 0.446333 0.468250 0.443667 0.463250 0.436333 0.459000 0.434000 0.458500
0 0.459000 0.441750 0.455333 0.442250 0.451333 0.445500 0.449000 0.451000 0.449000 0.459500 0.450000 0.462750 0.453000 0.466750 0.455333 0.468000 0.459000 0.468000 0.461333 0.466500 0.464333 0.463250 0.466000 0.458750 0.466000 0.452250 0.465000 0.447250 0.462667 0.444250
0 0.469000 0.408000 0.467000 0.408500 0.462333 0.412500 0.461667 0.420250 0.463333 0.425250 0.466000 0.429500 0.470333 0.433250 0.474333 0.433750 0.478667 0.431000 0.480667 0.428500 0.481333 0.422750 0.480333 0.416500 0.475333 0.409000 0.474000 0.408250
0 0.430667 0.398250 0.427667 0.399250 0.423333 0.403500 0.421667 0.410750 0.421667 0.416250 0.423667 0.420750 0.427333 0.423500 0.432333 0.424000 0.435333 0.423000 0.438667 0.419250 0.440667 0.413500 0.441000 0.408250 0.440000 0.404000 0.437333 0.400000 0.434667 0.398500
0 0.256667 0.515750 0.252667 0.516000 0.249000 0.518250 0.247333 0.520500 0.245667 0.524750 0.245333 0.536500 0.248000 0.541000 0.251000 0.542500 0.256667 0.541750 0.261333 0.538250 0.262667 0.536500 0.264333 0.531750 0.264667 0.525750 0.263667 0.522000 0.260333 0.517750
0 0.280000 0.429500 0.278667 0.429500 0.274667 0.431250 0.267667 0.440250 0.266333 0.446500 0.266333 0.451250 0.268000 0.454750 0.271000 0.456000 0.275333 0.455500 0.279000 0.453750 0.280667 0.451750 0.282333 0.447000 0.284333 0.444000 0.285667 0.439500 0.285000 0.432000 0.283333 0.430500
0 0.319000 0.393000 0.318000 0.391250 0.310667 0.388250 0.303667 0.388000 0.299000 0.388500 0.292000 0.390500 0.289667 0.392000 0.289333 0.396250 0.291000 0.398000 0.294667 0.399500 0.299667 0.400000 0.309000 0.399750 0.314333 0.398500 0.316333 0.397500 0.318000 0.395750
0 0.341333 0.302500 0.337667 0.303750 0.335000 0.305750 0.330000 0.314000 0.329333 0.322500 0.330333 0.326000 0.332667 0.329250 0.334000 0.330250 0.337000 0.331000 0.340000 0.330750 0.342667 0.329500 0.346667 0.325250 0.349667 0.319000 0.350000 0.309500 0.349333 0.306500 0.345667 0.303000
