0 0.564667 0.603500 0.562667 0.604250 0.559667 0.606750 0.558667 0.611250 0.559000 0.619000 0.563000 0.625000 0.565333 0.626000 0.568667 0.626250 0.570667 0.625000 0.573000 0.622250 0.574000 0.618750 0.573667 0.611250 0.572333 0.608250 0.569000 0.604250
0 0.550333 0.615250 0.548000 0.615250 0.545000 0.616500 0.541333 0.619500 0.539333 0.623500 0.539000 0.629000 0.540000 0.635250 0.541333 0.637000 0.545333 0.638750 0.549000 0.638500 0.553000 0.636500 0.554333 0.634250 0.555333 0.630000 0.555667 0.623000 0.554667 0.618500 0.553667 0.616750
0 0.526667 0.633000 0.523333 0.633250 0.519333 0.635500 0.517000 0.638000 0.515667 0.642500 0.516667 0.651250 0.519333 0.654500 0.522000 0.656000 0.526333 0.655750 0.528333 0.655000 0.530333 0.652750 0.531333 0.649750 0.531333 0.638250 0.529667 0.634500
0 0.507667 0.650250 0.506333 0.649000 0.498333 0.646750 0.489000 0.647000 0.479667 0.648250 0.474333 0.649750 0.472667 0.651000 0.471667 0.654250 0.473667 0.656500 0.482000 0.658250 0.489333 0.658750 0.496667 0.658000 0.505333 0.654750 0.507000 0.653250
0 0.350000 0.580250 0.344667 0.580500 0.341667 0.582500 0.337333 0.587000 0.335667 0.591250 0.335333 0.596250 0.336333 0.599750 0.338333 0.601500 0.342333 0.602000 0.346000 0.600750 0.351000 0.596250 0.353333 0.589250 0.353333 0.583250
0 0.387667 0.565750 0.384333 0.567500 0.383333 0.569500 0.382667 0.573500 0.383667 0.580750 0.385000 0.584000 0.388333 0.587250 0.391667 0.589000 0.394667 0.589000 0.397667 0.587750 0.400000 0.584000 0.400667 0.581500 0.400000 0.575500 0.397000 0.569500 0.392667 0.566500
0 0.407667 0.602500 0.404667 0.604250 0.403333 0.606750 0.404000 0.615500 0.407333 0.620500 0.413333 0.626000 0.419000 0.628750 0.423667 0.628750 0.427333 0.626500 0.429000 0.623750 0.429000 0.617750 0.425667 0.610750 0.422000 0.607250 0.415667 0.603000 0.411667 0.602250
0 0.440667 0.638000 0.439000 0.638000 0.434667 0.640750 0.431000 0.645750 0.429667 0.652750 0.430000 0.655750 0.431000 0.658000 0.434333 0.659250 0.438000 0.658500 0.443000 0.655000 0.445333 0.650500 0.446000 0.641750 0.444000 0.639250
0 0.442667 0.635000 0.444667 0.639000 0.446333 0.640250 0.452333 0.641000 0.464667 0.639000 0.467667 0.636000 0.467667 0.633500 0.466667 0.631250 0.464667 0.630250 0.459000 0.629250 0.454333 0.629250 0.447333 0.631250
0 0.478667 0.621250 0.476000 0.623000 0.474000 0.627750 0.474333 0.633500 0.476000 0.638750 0.477333 0.641250 0.481667 0.645000 0.487333 0.645000 0.490000 0.644250 0.491333 0.642750 0.492000 0.633500 0.491000 0.630000 0.489000 0.626750 0.482333 0.621500
0 0.501000 0.619250 0.497333 0.621250 0.496333 0.623000 0.496000 0.630750 0.497333 0.635750 0.500000 0.639500 0.502667 0.640750 0.506000 0.640750 0.508000 0.639500 0.510000 0.635250 0.510333 0.627000 0.509000 0.623500 0.507000 0.621000 0.504333 0.619500
0 0.526333 0.583750 0.523000 0.584250 0.518000 0.586750 0.516333 0.589500 0.514667 0.595250 0.514667 0.599250 0.516000 0.603000 0.518000 0.604750 0.521000 0.605750 0.523000 0.605250 0.526333 0.603000 0.529000 0.600250 0.530333 0.597000 0.531000 0.592250 0.530667 0.587250 0.529000 0.584500
0 0.505667 0.593250 0.503000 0.593750 0.500333 0.595250 0.496000 0.602500 0.496000 0.608500 0.498000 0.612250 0.501000 0.614250 0.503333 0.614000 0.506333 0.612000 0.510333 0.603750 0.510667 0.598750 0.508667 0.595000
0 0.451667 0.587750 0.448000 0.590750 0.446333 0.594250 0.446667 0.604500 0.448333 0.607750 0.450667 0.609500 0.453333 0.610250 0.458333 0.610250 0.462000 0.608000 0.464000 0.602500 0.463667 0.595750 0.461000 0.591000 0.458333 0.588500 0.455333 0.587500
0 0.425667 0.564000 0.423333 0.565000 0.421667 0.569250 0.421667 0.577000 0.422667 0.580250 0.424667 0.584000 0.427333 0.586250 0.431667 0.588500 0.436333 0.588750 0.439333 0.586500 0.440667 0.584000 0.441000 0.579000 0.439667 0.572500 0.436667 0.567250 0.435000 0.565750 0.430667 0.564000
0 0.385667 0.494750 0.381333 0.495250 0.378000 0.497000 0.376333 0.498500 0.375000 0.501750 0.374333 0.509750 0.375667 0.518000 0.377333 0.520750 0.381000 0.523000 0.385000 0.523000 0.389333 0.520500 0.392000 0.516000 0.393667 0.510750 0.393333 0.502000 0.389667 0.497250
0 0.415000 0.490500 0.412000 0.491750 0.409333 0.493750 0.407333 0.497250 0.407333 0.502750 0.408000 0.506250 0.411333 0.512250 0.413000 0.513250 0.417000 0.513500 0.419333 0.512750 0.422000 0.510000 0.423667 0.505750 0.424000 0.499750 0.420667 0.492250 0.417333 0.490500
0 0.478333 0.532000 0.477333 0.529750 0.474333 0.527250 0.470667 0.526250 0.463000 0.525750 0.454333 0.527250 0.450667 0.528750 0.446667 0.532000 0.446333 0.534500 0.447667 0.537500 0.451000 0.539250 0.457667 0.540750 0.467667 0.540000 0.474667 0.538250 0.478333 0.533750
0 0.451333 0.500000 0.449333 0.502500 0.449333 0.507250 0.450667 0.512500 0.453667 0.516250 0.457000 0.518750 0.460000 0.519250 0.462333 0.517500 0.463667 0.514250 0.463667 0.509750 0.460000 0.502250 0.458667 0.501000 0.455333 0.499750
0 0.497333 0.510500 0.494333 0.512250 0.493333 0.513750 0.492667 0.516750 0.493333 0.523000 0.498333 0.530750 0.501333 0.532500 0.505333 0.532250 0.508333 0.530000 0.509333 0.527250 0.509333 0.523000 0.508000 0.517500 0.506667 0.514750 0.504000 0.512250 0.499000 0.510500
0 0.455000 0.547500 0.452000 0.548250 0.450000 0.549500 0.447667 0.553500 0.447333 0.558500 0.447667 0.560750 0.450333 0.565750 0.454000 0.568250 0.456000 0.568500 0.459333 0.567250 0.461667 0.564750 0.463667 0.560250 0.463667 0.556500 0.462667 0.553000 0.460333 0.548750 0.459000 0.547750
0 0.486667 0.537750 0.482667 0.538250 0.478000 0.540250 0.475333 0.542250 0.470000 0.548500 0.469000 0.556250 0.470333 0.559250 0.472333 0.560500 0.475000 0.561000 0.479667 0.559250 0.483000 0.557250 0.487333 0.552500 0.490667 0.545250 0.490667 0.541500 0.490000 0.539750
0 0.524333 0.550500 0.520000 0.553000 0.518000 0.555750 0.517667 0.563500 0.519000 0.568250 0.521667 0.572500 0.525000 0.575250 0.528667 0.574750 0.530667 0.572250 0.532000 0.567750 0.532000 0.562000 0.531333 0.557250 0.529667 0.552750 0.527000 0.550750
0 0.658000 0.501250 0.655333 0.499750 0.651333 0.499750 0.645333 0.502000 0.636667 0.509000 0.636000 0.510750 0.636333 0.514250 0.638333 0.515250 0.640667 0.515250 0.646000 0.514250 0.654000 0.509250 0.657667 0.505750 0.658333 0.503250
0 0.372667 0.269250 0.369000 0.271500 0.368000 0.273000 0.366333 0.278000 0.366333 0.283250 0.368667 0.288500 0.372667 0.291500 0.374667 0.291750 0.377000 0.291250 0.381333 0.287500 0.382667 0.283750 0.382667 0.278000 0.381667 0.273750 0.377000 0.269500
0 0.575000 0.311250 0.572667 0.312000 0.570667 0.314500 0.570333 0.322750 0.572333 0.325000 0.575000 0.325750 0.577667 0.325750 0.580667 0.324750 0.583000 0.322750 0.584333 0.319500 0.583667 0.314750 0.582000 0.313250 0.577000 0.311250
0 0.518000 0.378250 0.513667 0.378500 0.511000 0.380250 0.508333 0.383500 0.507000 0.388250 0.506667 0.393000 0.508333 0.400000 0.510333 0.402250 0.514000 0.403750 0.517667 0.403000 0.520333 0.401250 0.523000 0.397250 0.524000 0.392750 0.523333 0.383250 0.521333 0.380000
0 0.536667 0.418250 0.532667 0.419500 0.530667 0.422750 0.529667 0.426250 0.529667 0.433000 0.530667 0.436250 0.532000 0.438000 0.536333 0.440750 0.539000 0.440750 0.542000 0.440000 0.545333 0.437000 0.546333 0.433250 0.546333 0.427250 0.544667 0.421000 0.541000 0.418750
0 0.426667 0.404250 0.423333 0.406000 0.422333 0.408250 0.422000 0.416000 0.423000 0.420000 0.427333 0.423750 0.432333 0.423750 0.434667 0.422000 0.435667 0.420250 0.436000 0.413000 0.435333 0.409500 0.432333 0.405500 0.429000 0.404250
0 0.403667 0.374750 0.399000 0.376500 0.395333 0.384250 0.395333 0.393250 0.397000 0.397000 0.399667 0.399000 0.405000 0.400250 0.408333 0.399250 0.410333 0.397750 0.412667 0.394250 0.413667 0.390250 0.413667 0.383500 0.412000 0.379750 0.409667 0.376750
0 0.399333 0.433000 0.398000 0.435750 0.399333 0.439750 0.403000 0.444000 0.408000 0.447500 0.414333 0.450750 0.417000 0.451500 0.424333 0.451750 0.426667 0.450750 0.428000 0.448500 0.427667 0.445500 0.424000 0.440250 0.420667 0.437750 0.412333 0.433750 0.405333 0.431500 0.400667 0.432000
0 0.379000 0.437750 0.375667 0.439000 0.373667 0.442750 0.373000 0.445750 0.373333 0.451750 0.376333 0.459750 0.381000 0.462250 0.384333 0.462500 0.388000 0.461500 0.390333 0.459000 0.391333 0.454750 0.391000 0.446250 0.389333 0.441500 0.386333 0.438750 0.382333 0.437750
0 0.477000 0.484250 0.473333 0.484500 0.470000 0.485750 0.467333 0.490000 0.466000 0.494250 0.466333 0.498750 0.469000 0.505500 0.470333 0.506750 0.473667 0.507750 0.478333 0.507250 0.481000 0.505500 0.483000 0.503000 0.484333 0.499000 0.484333 0.493000 0.483000 0.488000 0.481000 0.485500
0 0.502667 0.479250 0.500667 0.479500 0.494333 0.483250 0.492000 0.486250 0.490000 0.493500 0.489667 0.497750 0.490667 0.499750 0.493667 0.501000 0.498000 0.500750 0.500667 0.499000 0.506333 0.490000 0.507000 0.487000 0.506333 0.482750 0.505333 0.481000
0 0.512667 0.459000 0.510000 0.460000 0.508667 0.462000 0.508333 0.467000 0.509000 0.469500 0.512000 0.474750 0.515667 0.479000 0.517667 0.480250 0.521667 0.480750 0.524000 0.479750 0.526667 0.477250 0.527333 0.475250 0.527000 0.470000 0.522667 0.462500 0.517000 0.459500
0 0.450000 0.468250 0.450000 0.471250 0.450667 0.472250 0.454667 0.474750 0.458333 0.475500 0.468000 0.475500 0.474000 0.474250 0.479000 0.472500 0.482000 0.470000 0.482333 0.467000 0.480000 0.465250 0.474667 0.463250 0.463000 0.462250 0.454667 0.463750 0.450667 0.466250
0 0.647333 0.710750 0.645667 0.709000 0.642000 0.707250 0.637667 0.706750 0.632000 0.707750 0.622667 0.711750 0.618000 0.715000 0.616000 0.717500 0.615333 0.721250 0.619000 0.724000 0.622667 0.724750 0.627667 0.724750 0.637667 0.721500 0.646000 0.716500 0.647667 0.713750
0 0.654333 0.682500 0.650000 0.686000 0.649333 0.688250 0.649667 0.694500 0.654333 0.701750 0.657667 0.703750 0.661667 0.703500 0.664000 0.701000 0.664667 0.698500 0.664333 0.688750 0.662667 0.685500 0.660000 0.683500 0.657667 0.682500
0 0.524333 0.496250 0.521333 0.496250 0.517667 0.498250 0.513000 0.509000 0.513667 0.513500 0.516000 0.517250 0.518000 0.518750 0.520333 0.519250 0.523000 0.519000 0.527333 0.516750 0.529000 0.514500 0.530000 0.511250 0.530000 0.502000 0.529333 0.499750 0.527333 0.497250
0 0.505333 0.687000 0.502333 0.687750 0.500667 0.690000 0.500667 0.701500 0.503333 0.705750 0.509000 0.709500 0.511000 0.709500 0.513667 0.708250 0.515333 0.705250 0.516000 0.697250 0.513333 0.689750 0.509667 0.687500
0 0.526333 0.677500 0.524333 0.677500 0.521000 0.678500 0.518000 0.680750 0.515667 0.686250 0.515333 0.689500 0.516333 0.694000 0.519000 0.698250 0.521667 0.700000 0.525333 0.699500 0.529000 0.697500 0.531667 0.691000 0.532000 0.684250 0.531333 0.681000 0.529000 0.678250
0 0.542000 0.660250 0.538000 0.658500 0.533000 0.658500 0.525000 0.660750 0.518333 0.663750 0.516333 0.665250 0.515333 0.668000 0.515333 0.670750 0.516667 0.673500 0.518333 0.674500 0.522000 0.674750 0.525667 0.673250 0.529333 0.672750 0.536333 0.670000 0.539333 0.667500 0.542667 0.663250
