0 0.657500 0.516667 0.657750 0.520000 0.659750 0.523333 0.665500 0.526000 0.671250 0.527000 0.678000 0.526333 0.682500 0.521667 0.683250 0.519000 0.683250 0.516667 0.681500 0.514000 0.677500 0.511000 0.671000 0.509000 0.664750 0.509667 0.659500 0.513333
0 0.665000 0.483667 0.664000 0.486333 0.664750 0.491667 0.666250 0.494000 0.672750 0.500667 0.676000 0.502667 0.680250 0.503667 0.684750 0.503333 0.686250 0.502000 0.686250 0.497000 0.685250 0.493333 0.682250 0.488333 0.679250 0.485000 0.672750 0.481667 0.667000 0.482000
0 0.587750 0.497333 0.588250 0.500333 0.590250 0.504000 0.593750 0.506667 0.597500 0.507667 0.603750 0.507667 0.608000 0.506667 0.612250 0.503000 0.614000 0.499333 0.613750 0.496667 0.611500 0.493000 0.607750 0.490000 0.603500 0.488333 0.598000 0.488333 0.592250 0.490333 0.589000 0.493333
0 0.560750 0.486667 0.560250 0.491667 0.561750 0.498333 0.564500 0.506000 0.571500 0.513333 0.574500 0.514000 0.577000 0.513667 0.579000 0.509667 0.579000 0.503333 0.575750 0.494000 0.568500 0.486667 0.565250 0.485667
0 0.571000 0.537000 0.570750 0.541667 0.571750 0.544333 0.573750 0.546000 0.575750 0.549000 0.579500 0.550333 0.586000 0.549333 0.591250 0.546333 0.592500 0.544667 0.593000 0.542667 0.593000 0.539333 0.592250 0.536333 0.590250 0.533667 0.587750 0.532333 0.580000 0.532000 0.576250 0.532667 0.572750 0.534667
0 0.637750 0.580667 0.637250 0.582667 0.637750 0.588667 0.640250 0.592000 0.643250 0.593333 0.651500 0.593667 0.655750 0.592667 0.658500 0.590000 0.660000 0.585667 0.660000 0.580667 0.659250 0.578667 0.654250 0.575000 0.648500 0.574667 0.643250 0.575667 0.639000 0.578667
0 0.600250 0.624667 0.598750 0.622333 0.596250 0.621000 0.591250 0.620667 0.588000 0.621333 0.581500 0.626000 0.580500 0.627333 0.580250 0.631333 0.584000 0.636333 0.588000 0.637667 0.592000 0.637000 0.596250 0.633667 0.600250 0.628667
0 0.543000 0.563667 0.543000 0.565667 0.545000 0.569000 0.548500 0.570667 0.551250 0.571000 0.557250 0.570333 0.559750 0.569333 0.561500 0.567667 0.563250 0.564000 0.563000 0.561000 0.562250 0.559667 0.557000 0.557000 0.552250 0.557000 0.546250 0.559000 0.543750 0.561667
0 0.544750 0.542333 0.545000 0.545667 0.548750 0.550000 0.556000 0.552667 0.565250 0.550667 0.566750 0.549667 0.567750 0.547333 0.567750 0.543667 0.566250 0.541000 0.560750 0.538333 0.555750 0.537667 0.549000 0.538000 0.545250 0.540333
0 0.499750 0.486333 0.499000 0.488667 0.499000 0.491667 0.501250 0.498667 0.508500 0.506667 0.514000 0.508333 0.517250 0.507000 0.518500 0.505667 0.519000 0.503333 0.518500 0.498333 0.517000 0.494667 0.514250 0.490667 0.510000 0.486667 0.505250 0.484333 0.502250 0.484333
0 0.523500 0.517333 0.523250 0.521333 0.524500 0.525333 0.525750 0.527000 0.530000 0.530000 0.532750 0.530667 0.539500 0.530333 0.544500 0.527333 0.545750 0.525000 0.545750 0.520667 0.544750 0.518000 0.541500 0.515333 0.537500 0.513333 0.531250 0.513000 0.525000 0.515000
0 0.473750 0.471667 0.473500 0.475333 0.474500 0.478333 0.477500 0.482000 0.481250 0.483667 0.487750 0.484000 0.491500 0.482333 0.494250 0.478667 0.494250 0.474333 0.490750 0.470000 0.483750 0.468000 0.478500 0.468000 0.474750 0.469667
0 0.483000 0.513000 0.481250 0.510000 0.479250 0.508667 0.474500 0.508667 0.469750 0.510667 0.462500 0.516000 0.461250 0.517667 0.458750 0.524667 0.459500 0.529000 0.460750 0.530333 0.463750 0.531333 0.470500 0.531000 0.474250 0.529333 0.482000 0.520667 0.483000 0.518000
0 0.480000 0.540333 0.481000 0.544667 0.482500 0.546667 0.486500 0.549667 0.494750 0.550000 0.497750 0.548667 0.499000 0.545667 0.498750 0.541000 0.497500 0.539000 0.493750 0.536000 0.489750 0.534000 0.486500 0.534000 0.482500 0.536000
0 0.516750 0.563333 0.516750 0.566667 0.517750 0.569667 0.522000 0.573333 0.525500 0.574333 0.529000 0.574333 0.533500 0.572667 0.536750 0.569667 0.537500 0.567333 0.537500 0.564667 0.536750 0.563333 0.532000 0.559667 0.529000 0.558333 0.521250 0.559000 0.518250 0.560667
0 0.701500 0.368667 0.698000 0.367667 0.695500 0.368333 0.693000 0.370333 0.689000 0.376333 0.687500 0.384667 0.687500 0.392333 0.689250 0.396333 0.693250 0.396667 0.695000 0.395667 0.698250 0.392667 0.701250 0.388000 0.703750 0.377000 0.703000 0.372000
0 0.569500 0.427333 0.568000 0.425333 0.564500 0.423667 0.557000 0.424333 0.548750 0.430333 0.547500 0.432000 0.546500 0.435333 0.546500 0.440000 0.548500 0.444000 0.550250 0.444667 0.556000 0.445000 0.560000 0.444000 0.565750 0.439333 0.569250 0.435333 0.570250 0.431667
0 0.440250 0.368000 0.440250 0.370000 0.442750 0.374667 0.446500 0.378000 0.452750 0.380333 0.456500 0.380333 0.459500 0.379333 0.461000 0.377000 0.460500 0.372667 0.458750 0.369333 0.451500 0.365000 0.443250 0.364333 0.442000 0.365000
0 0.488500 0.562333 0.488500 0.566000 0.489500 0.569000 0.493750 0.574667 0.498500 0.577333 0.505750 0.578000 0.509500 0.577000 0.513250 0.574667 0.515000 0.572333 0.515500 0.568333 0.514250 0.564000 0.506250 0.559333 0.499500 0.557667 0.493750 0.557667 0.490000 0.559667
0 0.494500 0.587333 0.494500 0.589000 0.496500 0.592333 0.501750 0.595000 0.511000 0.593667 0.512750 0.592667 0.513750 0.590667 0.513750 0.587333 0.513000 0.586000 0.510500 0.584000 0.505250 0.582000 0.502000 0.582000 0.499250 0.583000
0 0.454750 0.584333 0.454500 0.588667 0.456750 0.592333 0.463500 0.595667 0.467750 0.596000 0.471000 0.595000 0.474000 0.593000 0.475250 0.589333 0.475250 0.587333 0.471750 0.583333 0.464750 0.580000 0.459750 0.580667 0.455250 0.583333
0 0.444500 0.541333 0.443500 0.540000 0.441250 0.539333 0.437500 0.539333 0.432250 0.541333 0.426750 0.546667 0.426000 0.548333 0.426250 0.552000 0.427000 0.553667 0.431000 0.555333 0.435000 0.555333 0.438750 0.553667 0.443750 0.549000 0.444750 0.545667
0 0.443000 0.563667 0.443000 0.565333 0.444250 0.568667 0.446750 0.572000 0.450500 0.574333 0.454750 0.575667 0.460000 0.575333 0.464250 0.574000 0.466750 0.572000 0.467750 0.569000 0.467500 0.566000 0.466250 0.563000 0.463250 0.560667 0.458250 0.558667 0.453750 0.558000 0.447000 0.558667
0 0.416000 0.518000 0.415750 0.522333 0.417000 0.526667 0.418500 0.530000 0.423000 0.536000 0.428500 0.538667 0.432500 0.538000 0.434750 0.535333 0.435250 0.531667 0.433250 0.524667 0.428000 0.518000 0.425500 0.516667 0.421000 0.515667 0.417750 0.516333
0 0.428750 0.587000 0.427500 0.584333 0.424500 0.582333 0.420250 0.582000 0.415000 0.583000 0.407500 0.588000 0.406500 0.591000 0.406500 0.595000 0.408250 0.598000 0.411500 0.599667 0.416000 0.600333 0.419500 0.599333 0.427250 0.593667 0.428500 0.592000
0 0.693000 0.535667 0.691500 0.533333 0.690000 0.532667 0.681000 0.532667 0.678750 0.534667 0.675000 0.540000 0.675250 0.544667 0.678000 0.547000 0.686250 0.546333 0.688000 0.545000 0.693000 0.538000
0 0.674000 0.533333 0.673000 0.531667 0.669000 0.529667 0.666250 0.529333 0.658000 0.531000 0.654250 0.532667 0.650750 0.535333 0.649750 0.536667 0.649750 0.540667 0.650750 0.542333 0.657250 0.545667 0.666750 0.545000 0.670500 0.542667 0.671750 0.541000 0.673500 0.536667
0 0.622750 0.533667 0.623250 0.537333 0.626750 0.543333 0.628750 0.545667 0.634250 0.549000 0.638750 0.549000 0.642500 0.545667 0.642750 0.543333 0.642250 0.540667 0.638250 0.534667 0.636000 0.532667 0.627250 0.531000 0.623750 0.532333
0 0.374250 0.585000 0.373000 0.583667 0.369000 0.584000 0.363500 0.587000 0.356750 0.594667 0.356000 0.598000 0.356250 0.600000 0.357000 0.601000 0.361500 0.602333 0.366250 0.601000 0.372500 0.595333 0.373750 0.593333 0.374750 0.589333
0 0.485500 0.628667 0.485500 0.631667 0.486750 0.634333 0.490250 0.639000 0.493000 0.640333 0.502250 0.640667 0.506750 0.639333 0.509000 0.635667 0.508750 0.631333 0.506500 0.627333 0.498500 0.624000 0.489750 0.624667 0.486500 0.626333
0 0.438250 0.720000 0.438250 0.724333 0.439500 0.727000 0.442750 0.730667 0.446000 0.732333 0.452250 0.732667 0.455250 0.732000 0.458750 0.728667 0.459000 0.724333 0.458000 0.721333 0.451750 0.717000 0.448750 0.716333 0.443500 0.716667 0.440000 0.718000
0 0.415750 0.745333 0.415500 0.749333 0.416750 0.752667 0.420250 0.756333 0.424000 0.757333 0.428250 0.757667 0.435000 0.756333 0.436500 0.755333 0.439250 0.751667 0.440500 0.748667 0.440250 0.743667 0.439250 0.741667 0.436250 0.738667 0.433000 0.737667 0.426750 0.737667 0.423000 0.738667 0.418250 0.741667
