0 0.352667 0.259500 0.348667 0.259250 0.345667 0.260000 0.341333 0.263250 0.337333 0.267500 0.335333 0.272750 0.333333 0.275500 0.333000 0.277750 0.333333 0.281750 0.335333 0.283750 0.338000 0.284500 0.342667 0.284500 0.346000 0.283000 0.350333 0.280000 0.355000 0.272250 0.356333 0.267750 0.355667 0.262750 0.354333 0.260500
0 0.433667 0.286000 0.430667 0.286000 0.427667 0.287250 0.423667 0.290250 0.422000 0.294250 0.421333 0.298750 0.422000 0.306500 0.423667 0.309500 0.427333 0.311750 0.432000 0.311750 0.436333 0.309750 0.439667 0.302250 0.440333 0.297500 0.440000 0.291000 0.436667 0.287250
0 0.450667 0.302500 0.447667 0.305500 0.447667 0.310000 0.454000 0.323500 0.455667 0.324750 0.459000 0.325500 0.461000 0.324000 0.462667 0.320000 0.463333 0.316000 0.462667 0.311750 0.459667 0.307000
0 0.451333 0.328000 0.449333 0.329500 0.448000 0.333000 0.448667 0.342250 0.454000 0.350250 0.458000 0.352000 0.459667 0.352000 0.463333 0.349750 0.465000 0.346000 0.464667 0.337250 0.459000 0.328500 0.455000 0.327500
0 0.403667 0.304250 0.399333 0.306250 0.396667 0.310250 0.395333 0.313750 0.395000 0.319750 0.395667 0.323750 0.397667 0.327250 0.401000 0.329250 0.405000 0.329500 0.410000 0.327000 0.412000 0.324000 0.413667 0.318000 0.414000 0.313500 0.413333 0.310500 0.411333 0.307000 0.407667 0.305000
0 0.365000 0.326500 0.361000 0.326750 0.356333 0.330250 0.352667 0.336000 0.352333 0.342750 0.353000 0.346000 0.354667 0.349000 0.357000 0.350750 0.362000 0.350000 0.365667 0.346750 0.366667 0.344250 0.367667 0.338750 0.367667 0.332500 0.367000 0.329000
0 0.412667 0.334000 0.410333 0.334500 0.407333 0.336750 0.403333 0.345000 0.403667 0.351750 0.405667 0.356750 0.407333 0.358750 0.411333 0.359750 0.413333 0.359500 0.416667 0.357500 0.419000 0.354250 0.420000 0.350750 0.420000 0.344500 0.418333 0.338250 0.416667 0.336000
0 0.403667 0.362000 0.402000 0.364500 0.402000 0.368750 0.403333 0.373500 0.405667 0.376000 0.407667 0.380500 0.412000 0.385000 0.416000 0.387000 0.419667 0.386750 0.422000 0.384750 0.422667 0.381750 0.422333 0.377000 0.420667 0.371750 0.418333 0.368500 0.412000 0.364250 0.405333 0.362000
0 0.435667 0.359000 0.432000 0.359500 0.429667 0.360750 0.425000 0.368750 0.424667 0.373750 0.427000 0.380250 0.428333 0.381000 0.432333 0.381250 0.434667 0.380250 0.441667 0.373000 0.442333 0.370000 0.441667 0.362000 0.440333 0.360250
0 0.384333 0.352750 0.381000 0.354000 0.378667 0.357500 0.379000 0.365500 0.383667 0.374000 0.386667 0.375500 0.389667 0.375750 0.393667 0.373500 0.395667 0.369250 0.395000 0.361250 0.389667 0.353750 0.388000 0.353000
0 0.349333 0.306000 0.347000 0.305500 0.341667 0.305750 0.338333 0.308000 0.336333 0.310250 0.334000 0.314500 0.332000 0.321500 0.332667 0.326750 0.333333 0.328250 0.335333 0.329750 0.337667 0.330250 0.342333 0.328750 0.349333 0.322500 0.351333 0.315750 0.351333 0.310750 0.350333 0.307000
0 0.368333 0.375000 0.365000 0.376500 0.361667 0.381750 0.361000 0.389250 0.362333 0.393750 0.364333 0.397000 0.366333 0.398000 0.370000 0.398500 0.373333 0.398000 0.375667 0.395250 0.378333 0.389000 0.378667 0.384250 0.374333 0.376500 0.372000 0.375250
0 0.361667 0.401250 0.359333 0.403000 0.358000 0.406500 0.358333 0.412500 0.360333 0.419500 0.365333 0.423500 0.367667 0.424250 0.370000 0.424250 0.373667 0.422250 0.375000 0.419500 0.375667 0.414000 0.375000 0.408250 0.372667 0.403750 0.369667 0.401500 0.366667 0.401000
0 0.386000 0.383750 0.383667 0.384750 0.381333 0.388500 0.379667 0.393750 0.379333 0.400250 0.382000 0.404750 0.384000 0.405750 0.388667 0.406000 0.390667 0.404750 0.392667 0.401000 0.393667 0.397500 0.394000 0.392000 0.393000 0.388250 0.390667 0.385000 0.389000 0.383750
0 0.419667 0.405500 0.418667 0.404500 0.416000 0.403500 0.407333 0.403750 0.403667 0.405000 0.400000 0.405250 0.394667 0.406750 0.392000 0.408000 0.390333 0.410750 0.390333 0.415500 0.392333 0.417500 0.396667 0.419000 0.404333 0.418750 0.411000 0.416250 0.418667 0.412000 0.420333 0.409500
0 0.434667 0.387000 0.430667 0.389750 0.429000 0.392250 0.427000 0.399000 0.427000 0.403000 0.428333 0.408250 0.430667 0.412750 0.435000 0.414750 0.436667 0.414750 0.441000 0.412750 0.444000 0.408500 0.445333 0.404750 0.445667 0.399500 0.444000 0.391750 0.439667 0.388000 0.436667 0.387000
0 0.462333 0.402000 0.458333 0.401500 0.454333 0.402750 0.448667 0.408000 0.444667 0.416250 0.444333 0.419750 0.446000 0.422750 0.450333 0.425000 0.454667 0.424500 0.458667 0.422250 0.461667 0.419500 0.465333 0.414000 0.466000 0.412250 0.465667 0.406500 0.464000 0.403000
0 0.473667 0.399250 0.471000 0.400750 0.469333 0.403750 0.468667 0.412500 0.469333 0.416500 0.471000 0.420000 0.473667 0.421750 0.475333 0.422000 0.479000 0.421250 0.481000 0.419750 0.482333 0.416750 0.482667 0.411000 0.481667 0.404750 0.479333 0.401000 0.476000 0.399250
0 0.416667 0.420250 0.412667 0.420500 0.408333 0.421750 0.406000 0.423750 0.403000 0.429500 0.403000 0.436250 0.405000 0.440000 0.408667 0.442750 0.413333 0.442000 0.419667 0.436000 0.421000 0.428500 0.420667 0.424250 0.419667 0.422000
0 0.421000 0.439750 0.420000 0.442750 0.421000 0.446000 0.422667 0.448000 0.427333 0.450750 0.434667 0.452750 0.442333 0.453750 0.447333 0.453750 0.450667 0.452250 0.451667 0.449500 0.451000 0.446000 0.443000 0.441000 0.437667 0.439000 0.432667 0.438250 0.424000 0.438500
0 0.380667 0.413750 0.377667 0.415750 0.375667 0.418750 0.375000 0.422500 0.375667 0.430500 0.376667 0.434000 0.378333 0.436500 0.380667 0.438250 0.385667 0.439500 0.388667 0.439000 0.391667 0.436250 0.393667 0.427750 0.393333 0.423250 0.388667 0.415750 0.385000 0.413750
0 0.347000 0.408500 0.345000 0.408500 0.341333 0.411000 0.337333 0.415000 0.335667 0.419000 0.335000 0.422250 0.335333 0.428250 0.337667 0.432250 0.341000 0.433500 0.345000 0.433000 0.347333 0.431500 0.350667 0.428250 0.352333 0.423750 0.352333 0.416250 0.351333 0.412250 0.350000 0.409750
0 0.314333 0.395000 0.313000 0.396000 0.312333 0.398000 0.312333 0.402750 0.313667 0.407000 0.317333 0.411500 0.319667 0.413250 0.321667 0.414000 0.326333 0.413750 0.327667 0.412500 0.328333 0.409750 0.328000 0.404000 0.327000 0.400750 0.325667 0.399000 0.319000 0.395000
0 0.312333 0.367000 0.310000 0.367000 0.306000 0.369250 0.302000 0.376500 0.302000 0.385750 0.303000 0.388250 0.305667 0.389750 0.307667 0.389750 0.310667 0.388000 0.315333 0.382250 0.318333 0.377250 0.318667 0.372500 0.318000 0.369500 0.316000 0.368000
0 0.414000 0.462500 0.412000 0.461750 0.407000 0.462000 0.393667 0.469000 0.391667 0.471000 0.391333 0.475250 0.392667 0.476000 0.396000 0.476500 0.404667 0.475250 0.412000 0.470250 0.414667 0.467500 0.415000 0.465000
0 0.318333 0.446000 0.315000 0.447250 0.313333 0.449250 0.310667 0.457750 0.310667 0.463000 0.312000 0.466500 0.314667 0.469250 0.318667 0.471000 0.323333 0.471000 0.327000 0.469250 0.329000 0.466500 0.331333 0.459250 0.331333 0.454750 0.329667 0.450750 0.326333 0.446750 0.323667 0.446000
0 0.319333 0.493250 0.315000 0.491750 0.309000 0.491250 0.299333 0.493500 0.292333 0.497500 0.291333 0.500000 0.291333 0.502500 0.294667 0.505250 0.299333 0.506500 0.303333 0.506750 0.310333 0.506000 0.316000 0.503000 0.319000 0.500500 0.320000 0.498250 0.320000 0.494500
0 0.401000 0.517750 0.396667 0.517750 0.393333 0.519250 0.385000 0.530000 0.383667 0.533250 0.384000 0.536750 0.385333 0.538250 0.389667 0.539000 0.393000 0.537750 0.397000 0.534750 0.401333 0.530000 0.403000 0.526250 0.403000 0.521000
0 0.412667 0.527250 0.408000 0.528250 0.403000 0.532500 0.401333 0.537250 0.401333 0.541750 0.402667 0.544500 0.406333 0.548500 0.408000 0.549250 0.412000 0.549250 0.416333 0.546750 0.418333 0.545000 0.420333 0.540750 0.419667 0.532000 0.416333 0.528750
0 0.396667 0.560000 0.392667 0.560250 0.388333 0.562500 0.384667 0.565000 0.383333 0.567500 0.382333 0.571500 0.383333 0.579250 0.385333 0.581500 0.389000 0.582750 0.393667 0.582750 0.397000 0.581750 0.399000 0.580000 0.401667 0.575750 0.402667 0.572000 0.402333 0.565250 0.400333 0.562000
0 0.346000 0.571750 0.341667 0.572000 0.338667 0.573750 0.336667 0.575500 0.334000 0.580250 0.332333 0.586250 0.332333 0.589250 0.333667 0.592250 0.337000 0.594000 0.341667 0.594250 0.343333 0.593500 0.347000 0.590000 0.350333 0.584500 0.351000 0.581250 0.350333 0.575000 0.349333 0.573500
0 0.295000 0.578500 0.293333 0.580000 0.292667 0.582500 0.292667 0.587000 0.294000 0.592250 0.298000 0.597750 0.301333 0.600250 0.305333 0.601500 0.309667 0.601250 0.311667 0.599750 0.313000 0.594500 0.313000 0.591000 0.311333 0.586000 0.308667 0.583250 0.303333 0.579500 0.299667 0.578500
0 0.474667 0.631250 0.471667 0.633000 0.470333 0.635000 0.470000 0.644750 0.470667 0.647250 0.474000 0.650750 0.478000 0.652750 0.483000 0.652750 0.486667 0.650250 0.488667 0.646250 0.489000 0.642750 0.487667 0.637500 0.485667 0.634250 0.482667 0.632000 0.479333 0.631000
0 0.497333 0.624500 0.494000 0.626750 0.493667 0.631500 0.498000 0.642250 0.501333 0.647250 0.503333 0.647500 0.505667 0.646750 0.507000 0.644250 0.507667 0.634000 0.503333 0.626750 0.499333 0.624750
0 0.377333 0.669000 0.373333 0.668500 0.368667 0.670500 0.365333 0.673250 0.362000 0.677750 0.360000 0.681750 0.360000 0.686000 0.360667 0.688500 0.362000 0.690250 0.364333 0.691000 0.369333 0.690250 0.372667 0.689000 0.375333 0.686250 0.379667 0.678250 0.380333 0.675000 0.379667 0.671750
