0 0.584000 0.588000 0.584500 0.591667 0.586500 0.595000 0.589250 0.597000 0.594250 0.598667 0.600500 0.597667 0.603250 0.595667 0.605000 0.592667 0.604750 0.587333 0.600500 0.583000 0.597250 0.581667 0.592250 0.581333 0.587750 0.582333 0.585250 0.585000
0 0.601750 0.567333 0.602250 0.570667 0.603750 0.573333 0.607000 0.575667 0.609750 0.576667 0.615250 0.577000 0.619750 0.575667 0.623000 0.573000 0.623750 0.568000 0.622500 0.564667 0.619000 0.562667 0.614750 0.561667 0.610750 0.561667 0.604000 0.563333 0.602500 0.564667
0 0.590750 0.543667 0.591000 0.547000 0.593750 0.551667 0.595500 0.553000 0.599000 0.554000 0.608000 0.553333 0.612250 0.548667 0.613500 0.545333 0.612250 0.540333 0.608500 0.538333 0.603750 0.537333 0.595250 0.538333 0.592250 0.540333
0 0.601500 0.518333 0.601250 0.522000 0.602500 0.525667 0.603750 0.527333 0.608250 0.530333 0.615250 0.530667 0.618750 0.529333 0.622250 0.525667 0.622750 0.520667 0.621250 0.516667 0.619500 0.515333 0.615500 0.514000 0.611000 0.513667 0.604000 0.515333 0.602500 0.516333
0 0.587500 0.497667 0.587500 0.502333 0.589250 0.506333 0.591750 0.509000 0.596000 0.511000 0.600000 0.510333 0.607000 0.506667 0.608500 0.502000 0.608250 0.498000 0.607000 0.494667 0.603250 0.492333 0.597500 0.492000 0.592000 0.492667 0.589500 0.494333
0 0.643500 0.490000 0.642000 0.487000 0.639250 0.485333 0.631750 0.485000 0.627250 0.485667 0.625250 0.486667 0.619000 0.493667 0.619000 0.495333 0.620250 0.498000 0.626000 0.501667 0.631500 0.502333 0.637750 0.500333 0.640500 0.498667 0.643250 0.494333
0 0.716500 0.470000 0.712250 0.468667 0.708000 0.469667 0.705000 0.471667 0.701500 0.477667 0.700500 0.483000 0.701500 0.486333 0.704500 0.488667 0.708750 0.488667 0.711250 0.487000 0.715500 0.481667 0.716500 0.479333 0.717250 0.475333
0 0.668500 0.560000 0.668500 0.561333 0.669750 0.564333 0.673250 0.569000 0.678500 0.571667 0.686500 0.572667 0.690250 0.571000 0.692250 0.568333 0.692500 0.564000 0.691000 0.560333 0.688000 0.556667 0.685250 0.555000 0.679250 0.554000 0.674000 0.554667 0.670250 0.556667
0 0.718500 0.626333 0.717000 0.622667 0.713750 0.621000 0.709500 0.620000 0.704750 0.620333 0.701500 0.621333 0.697250 0.624333 0.695500 0.626667 0.695500 0.631333 0.697500 0.634667 0.701000 0.637000 0.704250 0.638000 0.709750 0.638000 0.716250 0.634333 0.718250 0.631000
0 0.682500 0.670333 0.681250 0.668667 0.677500 0.666000 0.670750 0.666000 0.665500 0.668333 0.660500 0.672333 0.659500 0.674333 0.659500 0.677333 0.661250 0.681667 0.664750 0.685333 0.673500 0.685333 0.678250 0.683000 0.682250 0.677333 0.683250 0.674667
0 0.622750 0.629333 0.623250 0.631667 0.626500 0.634333 0.631250 0.635667 0.635250 0.635333 0.639000 0.634000 0.642500 0.631333 0.646000 0.627333 0.646000 0.626000 0.645000 0.623667 0.642750 0.621333 0.638750 0.619667 0.632750 0.619333 0.625750 0.622000 0.623000 0.626333
0 0.368500 0.526000 0.367750 0.528333 0.367750 0.532667 0.369000 0.536333 0.376250 0.545667 0.381250 0.549000 0.384750 0.550333 0.389500 0.549667 0.392500 0.545667 0.392250 0.541000 0.389250 0.534667 0.380500 0.526333 0.377750 0.524667 0.373750 0.523667 0.369750 0.524667
0 0.452500 0.501000 0.450250 0.499000 0.447750 0.498000 0.442750 0.497667 0.440000 0.498333 0.435000 0.501000 0.433250 0.502667 0.431750 0.505667 0.431500 0.510000 0.435000 0.514667 0.437250 0.515333 0.443500 0.515333 0.451250 0.509667 0.452750 0.506333 0.453000 0.502333
0 0.434250 0.521667 0.434000 0.526000 0.435000 0.528667 0.438750 0.532333 0.442250 0.534000 0.448250 0.534333 0.450500 0.533667 0.455000 0.529333 0.455750 0.526667 0.455500 0.523667 0.453000 0.519667 0.451000 0.517667 0.447500 0.516000 0.438500 0.516333 0.436000 0.518000
0 0.443250 0.545667 0.443250 0.549333 0.444750 0.553000 0.447000 0.555667 0.451500 0.558333 0.454000 0.559000 0.459500 0.558667 0.463250 0.556667 0.465750 0.553333 0.465750 0.549000 0.465000 0.547333 0.462250 0.544333 0.458000 0.541333 0.452750 0.540333 0.447500 0.541000 0.444250 0.543333
0 0.498500 0.500000 0.497500 0.498667 0.494750 0.497333 0.489000 0.497333 0.486250 0.498333 0.481000 0.501333 0.478750 0.505333 0.478750 0.509333 0.481250 0.513333 0.482750 0.514333 0.488000 0.514333 0.491000 0.513333 0.494250 0.511000 0.498250 0.506333 0.499000 0.503333
0 0.486000 0.532333 0.482750 0.532333 0.481500 0.533333 0.478500 0.540333 0.478000 0.543333 0.478000 0.555000 0.478750 0.560333 0.482250 0.564667 0.483250 0.564667 0.485500 0.563000 0.488500 0.557333 0.489000 0.543000 0.487250 0.533667
0 0.484750 0.566333 0.484500 0.572333 0.485750 0.576000 0.489000 0.578667 0.492000 0.579667 0.498000 0.579333 0.503250 0.577000 0.507250 0.573000 0.508250 0.569667 0.508250 0.564333 0.507000 0.561333 0.505500 0.559667 0.500750 0.558333 0.494250 0.558333 0.492000 0.559000 0.486250 0.563000
0 0.515750 0.571333 0.516000 0.573667 0.517250 0.576000 0.520750 0.577667 0.530000 0.577667 0.533000 0.577000 0.535750 0.575000 0.537250 0.572667 0.536750 0.568000 0.534250 0.565333 0.532000 0.564667 0.524750 0.564667 0.519000 0.566333 0.516750 0.568000
0 0.537000 0.582667 0.536000 0.584667 0.536000 0.590333 0.540250 0.601333 0.546250 0.608333 0.548500 0.610000 0.551000 0.611000 0.553750 0.611000 0.556000 0.609333 0.557250 0.607333 0.557000 0.602333 0.555000 0.595667 0.550500 0.588333 0.546000 0.583333 0.543750 0.582000 0.539250 0.581667
0 0.513000 0.608000 0.512750 0.612667 0.513500 0.615000 0.517250 0.619667 0.521000 0.622000 0.524750 0.623000 0.529250 0.623000 0.533250 0.621000 0.534500 0.619000 0.534500 0.614333 0.533250 0.611000 0.527500 0.606000 0.523000 0.604667 0.517000 0.604667 0.514250 0.606000
0 0.483000 0.657667 0.483000 0.661667 0.485750 0.666000 0.489750 0.669000 0.492250 0.669667 0.495000 0.669667 0.501750 0.667667 0.504500 0.665000 0.506000 0.660000 0.505750 0.657000 0.504250 0.653667 0.501250 0.651333 0.497250 0.650000 0.492500 0.650000 0.486750 0.652000 0.484750 0.653667
0 0.530000 0.657000 0.528250 0.653333 0.524750 0.651000 0.521000 0.650333 0.516500 0.651333 0.511500 0.653667 0.508000 0.657333 0.507750 0.663333 0.508500 0.666000 0.509500 0.667333 0.515250 0.669667 0.521500 0.669333 0.525500 0.667000 0.529000 0.663333 0.530000 0.660000
0 0.546250 0.666000 0.545500 0.670000 0.546750 0.674333 0.549500 0.678667 0.554250 0.683333 0.560000 0.686333 0.565000 0.686333 0.568000 0.684333 0.568500 0.681000 0.566000 0.673000 0.560750 0.666333 0.553000 0.663333 0.548750 0.663667
0 0.578250 0.583333 0.576500 0.580333 0.573750 0.579000 0.571000 0.578667 0.563750 0.579667 0.557250 0.584000 0.555500 0.586000 0.554750 0.587667 0.555000 0.592333 0.557000 0.595667 0.559500 0.597333 0.564750 0.597333 0.569000 0.596333 0.576750 0.591667 0.578250 0.587333
0 0.577500 0.561000 0.575250 0.559000 0.569250 0.558000 0.562750 0.559667 0.556500 0.563667 0.555500 0.565000 0.554500 0.568000 0.554250 0.572000 0.556000 0.577333 0.560500 0.579000 0.568000 0.578667 0.573250 0.577333 0.577250 0.573333 0.578500 0.569667 0.578750 0.565000
0 0.541250 0.518333 0.540750 0.520333 0.541000 0.525667 0.542250 0.528667 0.544750 0.531000 0.549250 0.532000 0.557500 0.531333 0.559750 0.530000 0.561750 0.526000 0.561250 0.520667 0.559000 0.517000 0.556500 0.515333 0.553250 0.514333 0.548250 0.514333 0.544250 0.515667
0 0.564000 0.524667 0.565250 0.528667 0.567750 0.531333 0.576750 0.532000 0.583500 0.529333 0.585250 0.525333 0.585250 0.521667 0.584750 0.520000 0.581750 0.517000 0.577000 0.516000 0.572500 0.516000 0.567750 0.517667 0.565250 0.521000
0 0.576000 0.541333 0.574000 0.540000 0.571000 0.539333 0.567750 0.539333 0.563250 0.541000 0.560000 0.545333 0.559000 0.547667 0.559000 0.550333 0.559750 0.552667 0.561000 0.554000 0.563000 0.554667 0.568750 0.554667 0.573250 0.552333 0.576250 0.548667 0.576750 0.543667
0 0.583500 0.603000 0.582750 0.608000 0.584500 0.611333 0.587750 0.616000 0.593000 0.619667 0.595250 0.620667 0.600500 0.620667 0.602750 0.619333 0.604750 0.616333 0.605000 0.614000 0.604250 0.610333 0.597750 0.604333 0.592750 0.602000 0.587000 0.601333
