0 0.559333 0.584000 0.556333 0.584750 0.553667 0.587250 0.552667 0.591500 0.552667 0.595750 0.555667 0.603750 0.557333 0.604750 0.561000 0.605250 0.565333 0.601750 0.566667 0.599750 0.568000 0.595000 0.565667 0.587250 0.562000 0.584500
0 0.613000 0.602000 0.610667 0.599250 0.607000 0.597750 0.599333 0.597500 0.595333 0.598000 0.583667 0.602250 0.582000 0.603750 0.582333 0.607000 0.583333 0.608250 0.586333 0.609500 0.593000 0.610750 0.600000 0.610750 0.606333 0.609750 0.612000 0.607250 0.613333 0.604000
0 0.439333 0.595000 0.435333 0.595500 0.431000 0.598000 0.427000 0.605750 0.427000 0.615000 0.429667 0.619250 0.432667 0.620750 0.437000 0.620750 0.439333 0.620000 0.441000 0.618750 0.444000 0.613000 0.445333 0.605500 0.445000 0.599000 0.442667 0.596000
0 0.456000 0.598000 0.450667 0.598500 0.446667 0.602000 0.445667 0.604750 0.445667 0.608000 0.444667 0.611500 0.444667 0.619250 0.446667 0.623500 0.451000 0.625250 0.455000 0.624500 0.458667 0.621500 0.460667 0.617500 0.462000 0.612000 0.462333 0.607000 0.461667 0.603250 0.459333 0.599500
0 0.474000 0.631500 0.469667 0.633250 0.468000 0.635750 0.467333 0.639000 0.469667 0.648750 0.471333 0.652000 0.474333 0.655000 0.479333 0.655500 0.481667 0.655000 0.484000 0.652500 0.484667 0.648500 0.484333 0.642000 0.481333 0.634500 0.478667 0.632500
0 0.478333 0.603750 0.474667 0.604000 0.469667 0.606750 0.466000 0.611750 0.462333 0.619750 0.462000 0.627500 0.463333 0.629000 0.469667 0.631250 0.471667 0.631000 0.476333 0.628250 0.480000 0.624250 0.482333 0.620000 0.483000 0.616000 0.482667 0.609250 0.481667 0.606750
0 0.521667 0.608250 0.517333 0.608250 0.512667 0.610000 0.511000 0.612000 0.509667 0.615250 0.509667 0.624250 0.513333 0.630000 0.516667 0.632000 0.519333 0.632000 0.522333 0.630750 0.525667 0.622250 0.525667 0.614250 0.525000 0.611250
0 0.536667 0.619000 0.533333 0.620500 0.531333 0.623750 0.530333 0.627000 0.530333 0.634500 0.531667 0.639000 0.535333 0.643250 0.538000 0.645000 0.542000 0.646000 0.545333 0.645000 0.546667 0.643500 0.548000 0.638750 0.548000 0.633250 0.545667 0.624750 0.544333 0.622500 0.541000 0.620000
0 0.506000 0.640500 0.505000 0.643250 0.506333 0.646250 0.508667 0.648750 0.513667 0.652000 0.518000 0.653750 0.521667 0.654500 0.528000 0.654250 0.530333 0.653250 0.532000 0.650500 0.531667 0.646500 0.530333 0.643000 0.528667 0.641500 0.521333 0.639250 0.515000 0.638250 0.510333 0.638250 0.508000 0.639000
0 0.494333 0.640000 0.491667 0.641250 0.490333 0.643000 0.489333 0.647750 0.489667 0.653500 0.490667 0.656000 0.493667 0.659750 0.496333 0.661500 0.498667 0.661750 0.502667 0.659750 0.503667 0.658500 0.504000 0.650750 0.500667 0.641750 0.498000 0.640000
0 0.559333 0.646500 0.557000 0.647250 0.554667 0.649500 0.553667 0.653000 0.553333 0.658750 0.554667 0.665250 0.556000 0.667750 0.559667 0.669250 0.561000 0.669250 0.565000 0.666750 0.567333 0.663250 0.568667 0.657250 0.566667 0.650000 0.561333 0.646500
0 0.498000 0.666000 0.494000 0.666500 0.491667 0.668000 0.489000 0.671250 0.487667 0.674250 0.487000 0.682250 0.488000 0.685500 0.490333 0.688000 0.493000 0.688750 0.497667 0.688000 0.499333 0.686500 0.502000 0.678000 0.502333 0.672750 0.501333 0.670000
0 0.519000 0.678500 0.514000 0.679750 0.512000 0.681500 0.510667 0.685500 0.510667 0.693750 0.512000 0.697750 0.515000 0.701500 0.517333 0.702750 0.521667 0.702750 0.525000 0.700500 0.527333 0.697750 0.528667 0.693500 0.528667 0.687000 0.526333 0.680750 0.522333 0.678750
0 0.540667 0.687750 0.537667 0.690000 0.535000 0.696000 0.535667 0.704750 0.539667 0.709750 0.540667 0.710250 0.545000 0.710250 0.550000 0.706250 0.551333 0.700750 0.551333 0.697000 0.549667 0.692500 0.547333 0.689250 0.545000 0.687750
0 0.474000 0.679500 0.471000 0.680500 0.469333 0.682000 0.468000 0.685750 0.468000 0.693000 0.470000 0.698500 0.472667 0.702000 0.475000 0.703750 0.479333 0.704750 0.482333 0.704000 0.484667 0.700750 0.486000 0.694250 0.485667 0.689500 0.484000 0.685000 0.481667 0.682250 0.478333 0.680250
0 0.402000 0.671250 0.400667 0.673000 0.401667 0.677250 0.406667 0.682500 0.410333 0.685250 0.414333 0.687000 0.419667 0.688250 0.425333 0.688250 0.428667 0.687250 0.430333 0.685250 0.430667 0.681000 0.429000 0.678250 0.424000 0.673500 0.411667 0.669250 0.405000 0.669500
0 0.404000 0.709000 0.401000 0.707750 0.395667 0.707750 0.384333 0.711250 0.381333 0.713250 0.379667 0.715750 0.380000 0.720500 0.381333 0.721500 0.386000 0.722750 0.392667 0.722750 0.397667 0.721250 0.404000 0.717500 0.404667 0.716500 0.405333 0.711750
0 0.298667 0.705250 0.295333 0.706750 0.293667 0.709000 0.293000 0.717500 0.294333 0.721500 0.297667 0.726000 0.302333 0.729250 0.304333 0.729250 0.307000 0.728500 0.310667 0.724750 0.311333 0.722000 0.310667 0.713750 0.306333 0.707250 0.303667 0.705500
0 0.388333 0.388250 0.384000 0.388750 0.377333 0.393000 0.373667 0.400750 0.373000 0.405000 0.374333 0.412250 0.376667 0.414250 0.380333 0.415250 0.384667 0.414750 0.388667 0.412750 0.393333 0.403250 0.394000 0.398000 0.393333 0.392750 0.392333 0.391000
0 0.502000 0.423250 0.498667 0.419250 0.494000 0.419250 0.487333 0.420000 0.482000 0.421500 0.479333 0.423250 0.479000 0.425250 0.479667 0.427500 0.482333 0.429000 0.490667 0.429000 0.498333 0.427250 0.501333 0.425000
0 0.581000 0.413000 0.579333 0.413500 0.576667 0.416000 0.575667 0.419500 0.576333 0.425750 0.580333 0.433000 0.586000 0.436500 0.590333 0.436500 0.592000 0.435750 0.593333 0.432250 0.592333 0.423000 0.588000 0.415750 0.584333 0.413000
0 0.389000 0.446750 0.389333 0.451000 0.391667 0.454000 0.394333 0.455750 0.401000 0.458250 0.407667 0.459500 0.412333 0.459250 0.415667 0.458250 0.417333 0.456250 0.416667 0.452750 0.413000 0.449250 0.404000 0.445250 0.398333 0.444500 0.392333 0.444500
0 0.428000 0.462750 0.423333 0.465750 0.422000 0.468000 0.421000 0.474000 0.421333 0.480750 0.423333 0.487250 0.427333 0.490000 0.432667 0.490500 0.436000 0.489000 0.437667 0.485750 0.439000 0.476750 0.438667 0.470750 0.436000 0.465000 0.432000 0.462750
0 0.469333 0.465250 0.466000 0.466750 0.464667 0.469000 0.464667 0.475250 0.466000 0.479250 0.470333 0.485750 0.473667 0.487000 0.475333 0.487000 0.478667 0.486000 0.480333 0.484750 0.481667 0.482250 0.482000 0.477500 0.479000 0.470000 0.474667 0.466250 0.471667 0.465250
0 0.513000 0.470250 0.510000 0.471750 0.509000 0.473500 0.509000 0.478500 0.510333 0.482000 0.516667 0.491250 0.520667 0.492750 0.524667 0.492250 0.527000 0.491000 0.528667 0.487000 0.527000 0.478250 0.520667 0.472500 0.517333 0.470750
0 0.418667 0.506750 0.416333 0.505500 0.408333 0.506250 0.401000 0.509500 0.391333 0.517500 0.390000 0.522500 0.391667 0.526000 0.397333 0.527000 0.403333 0.525000 0.409000 0.522250 0.413667 0.518750 0.418333 0.513000 0.419667 0.509750
0 0.404000 0.541250 0.401333 0.538250 0.396667 0.536750 0.393000 0.536250 0.387667 0.536500 0.380333 0.537500 0.377333 0.538500 0.375667 0.540500 0.375667 0.543750 0.376333 0.545750 0.379667 0.547500 0.385333 0.548500 0.393667 0.549000 0.396333 0.548500 0.402333 0.546000 0.403667 0.544000
0 0.501000 0.562250 0.497333 0.561750 0.495000 0.562750 0.492667 0.565000 0.488667 0.573250 0.488667 0.577250 0.490333 0.580250 0.494000 0.580500 0.497000 0.579500 0.500333 0.575750 0.504000 0.568000 0.504000 0.564500
0 0.526333 0.581750 0.522000 0.582250 0.518000 0.584000 0.513667 0.587500 0.510333 0.592000 0.509333 0.594500 0.509333 0.599500 0.510333 0.601250 0.513667 0.603750 0.517333 0.604000 0.522000 0.602750 0.526667 0.598250 0.529000 0.595000 0.530667 0.589000 0.530333 0.585250 0.529000 0.582750
