0 0.307667 0.664250 0.303000 0.664500 0.299000 0.666250 0.295000 0.673000 0.294000 0.677000 0.294000 0.684750 0.295333 0.687750 0.298333 0.690000 0.302333 0.689500 0.308667 0.685750 0.311333 0.682250 0.312667 0.676500 0.312333 0.669500 0.311000 0.666000
0 0.306000 0.655250 0.310667 0.657500 0.315667 0.658250 0.329667 0.657750 0.337667 0.656000 0.340000 0.655000 0.342333 0.652500 0.342667 0.649000 0.340667 0.646750 0.331667 0.644750 0.322667 0.644750 0.315000 0.647000 0.310000 0.649500 0.306000 0.653250
0 0.415667 0.647500 0.411333 0.648000 0.408000 0.650250 0.405000 0.659750 0.404667 0.667250 0.405333 0.670000 0.408000 0.674500 0.411000 0.675750 0.416000 0.675000 0.419667 0.672750 0.422000 0.666500 0.422333 0.657000 0.421000 0.650500 0.419667 0.648750
0 0.355667 0.641250 0.354667 0.642500 0.354667 0.646750 0.356667 0.649750 0.361333 0.654250 0.365000 0.655750 0.372667 0.657250 0.376667 0.657250 0.380333 0.655750 0.381000 0.653750 0.380000 0.650750 0.372000 0.642000 0.368333 0.640750 0.362000 0.640000 0.357667 0.640250
0 0.388333 0.610500 0.384000 0.612750 0.382000 0.617750 0.382000 0.627250 0.384000 0.632500 0.388667 0.636250 0.392333 0.637000 0.396000 0.636000 0.399000 0.632250 0.400333 0.627250 0.400000 0.622000 0.399000 0.618250 0.396333 0.614250 0.393000 0.611500
0 0.439000 0.576000 0.433000 0.577000 0.431000 0.578000 0.429000 0.584250 0.429000 0.592000 0.430000 0.596000 0.432000 0.598250 0.434667 0.599250 0.436667 0.599250 0.440000 0.598250 0.443333 0.595750 0.445000 0.592000 0.445333 0.583500 0.444333 0.579500 0.443000 0.577500
0 0.447667 0.552750 0.444000 0.551750 0.439333 0.552500 0.434333 0.556000 0.431000 0.559250 0.428667 0.564750 0.428000 0.572250 0.430667 0.575000 0.435667 0.575500 0.442667 0.573250 0.447333 0.567750 0.450667 0.560500 0.450333 0.555750
0 0.410667 0.559250 0.407667 0.560250 0.405667 0.563500 0.404333 0.573250 0.405000 0.576250 0.407667 0.581250 0.411000 0.582750 0.413000 0.582750 0.416333 0.581250 0.417667 0.579750 0.419667 0.573250 0.419667 0.568000 0.419000 0.564250 0.417333 0.561750 0.414000 0.559750
0 0.392333 0.555000 0.389000 0.556500 0.387333 0.559750 0.387333 0.565250 0.388333 0.569250 0.391667 0.576750 0.392667 0.577500 0.396667 0.578250 0.400667 0.577000 0.402333 0.575500 0.404000 0.570500 0.404000 0.563000 0.402333 0.559000 0.399000 0.556000 0.396333 0.555000
0 0.368667 0.571000 0.366000 0.572750 0.363667 0.576250 0.362667 0.579500 0.363000 0.586250 0.363667 0.588500 0.365667 0.591500 0.368333 0.593250 0.373333 0.593250 0.377000 0.591000 0.378667 0.588500 0.379667 0.585000 0.379667 0.579500 0.378000 0.575500 0.374667 0.572000 0.372667 0.571000
0 0.346667 0.578250 0.344000 0.578500 0.340667 0.580000 0.337333 0.584250 0.336333 0.588000 0.336333 0.594500 0.337333 0.599500 0.342000 0.603250 0.346333 0.603000 0.349667 0.600750 0.353333 0.592500 0.353667 0.587250 0.352333 0.583250 0.350333 0.579750
0 0.319667 0.575750 0.317333 0.574750 0.311000 0.575250 0.301333 0.579500 0.297333 0.583250 0.295333 0.586750 0.295333 0.588500 0.298667 0.590000 0.302667 0.590250 0.314667 0.586250 0.317667 0.584250 0.320667 0.580750 0.321000 0.579500
0 0.247333 0.563250 0.245667 0.564750 0.245000 0.568750 0.247667 0.576250 0.251000 0.581750 0.253667 0.584000 0.256333 0.585000 0.260667 0.585500 0.264333 0.584750 0.265333 0.583750 0.266667 0.580000 0.266333 0.575250 0.264333 0.570000 0.257000 0.564500 0.252333 0.563250
0 0.216333 0.501500 0.212000 0.501250 0.209000 0.502500 0.204333 0.506000 0.201333 0.509750 0.200000 0.513250 0.200000 0.518500 0.201333 0.521000 0.204000 0.522500 0.205667 0.522750 0.209333 0.522000 0.213333 0.518250 0.217000 0.513250 0.218333 0.505250 0.217667 0.502500
0 0.417000 0.516750 0.417000 0.518250 0.419000 0.520750 0.424333 0.523000 0.436333 0.523500 0.440000 0.522500 0.441667 0.521000 0.441667 0.518000 0.441000 0.517000 0.435667 0.514500 0.423000 0.514250 0.418667 0.515250
0 0.365667 0.507500 0.362667 0.509000 0.360000 0.513750 0.359667 0.520250 0.360333 0.524750 0.361667 0.528250 0.364000 0.530750 0.366333 0.531500 0.370333 0.531500 0.373000 0.531000 0.375333 0.528500 0.376667 0.522250 0.376333 0.517000 0.373667 0.509250 0.369667 0.507500
0 0.403000 0.498500 0.402000 0.500500 0.402000 0.502750 0.404000 0.506500 0.409333 0.510250 0.417667 0.513750 0.419333 0.515000 0.424667 0.515000 0.427667 0.516000 0.428667 0.514500 0.432333 0.512500 0.434000 0.510750 0.434333 0.509000 0.433333 0.506000 0.429667 0.501000 0.424000 0.499750 0.419667 0.497750 0.415667 0.497000 0.407333 0.496750
0 0.456333 0.481500 0.456333 0.483250 0.458667 0.486250 0.464333 0.488250 0.471000 0.489250 0.482000 0.488500 0.487333 0.485500 0.488667 0.483250 0.488667 0.481500 0.487333 0.479000 0.486000 0.478000 0.480000 0.476250 0.467333 0.476250 0.463333 0.477000 0.459000 0.478500
0 0.333333 0.438500 0.333333 0.440500 0.335667 0.443750 0.337667 0.445000 0.344000 0.447000 0.349333 0.447250 0.357000 0.446250 0.361000 0.443750 0.361000 0.439250 0.357000 0.436250 0.350000 0.436000 0.340667 0.434750 0.336667 0.436000
0 0.306000 0.446750 0.304000 0.446250 0.298000 0.446500 0.293667 0.449500 0.290333 0.454250 0.288333 0.461750 0.289000 0.467500 0.291000 0.469500 0.295333 0.470000 0.300000 0.468500 0.303667 0.466000 0.308333 0.455250 0.308333 0.450250 0.307333 0.447750
0 0.242667 0.411250 0.242667 0.415500 0.244333 0.418250 0.247667 0.421000 0.253333 0.423250 0.259333 0.424750 0.269667 0.425250 0.276333 0.423750 0.279333 0.420750 0.278667 0.416500 0.276000 0.414000 0.264000 0.409750 0.257667 0.408500 0.250000 0.408250 0.244000 0.410000
0 0.295333 0.396000 0.293000 0.397500 0.291000 0.400500 0.291000 0.406000 0.293000 0.412750 0.299000 0.418750 0.302000 0.419750 0.307000 0.419500 0.310000 0.417250 0.310667 0.415750 0.310667 0.408750 0.307333 0.399750 0.303000 0.396500 0.300000 0.395750
0 0.326333 0.407750 0.324667 0.409750 0.324333 0.413500 0.328667 0.421000 0.332667 0.424500 0.338333 0.427750 0.344333 0.430000 0.350000 0.430250 0.352667 0.429000 0.354000 0.427750 0.354667 0.423500 0.349667 0.415500 0.341333 0.409750 0.337667 0.408000 0.332333 0.407250
0 0.385000 0.394750 0.382000 0.396750 0.379667 0.400500 0.380333 0.410000 0.384333 0.418250 0.388000 0.420750 0.392667 0.421250 0.396000 0.420250 0.398000 0.417250 0.398333 0.407500 0.397667 0.404250 0.396333 0.401250 0.393667 0.398250 0.389333 0.395000
0 0.435667 0.396500 0.432000 0.398250 0.430667 0.400000 0.429667 0.405000 0.430333 0.413250 0.432333 0.417000 0.438000 0.422000 0.439667 0.422750 0.443333 0.422750 0.446000 0.420500 0.448000 0.416250 0.448333 0.411500 0.447667 0.407750 0.444333 0.399500 0.439000 0.396750
0 0.410000 0.302250 0.407667 0.303000 0.404333 0.306750 0.402333 0.315000 0.403333 0.322000 0.405333 0.326000 0.408667 0.329500 0.412000 0.330500 0.415667 0.329000 0.419000 0.325750 0.420333 0.322000 0.419667 0.311250 0.417667 0.306000 0.412667 0.302250
0 0.337333 0.288750 0.334667 0.289750 0.333000 0.291250 0.331667 0.295500 0.332000 0.302250 0.333333 0.306500 0.335333 0.309250 0.338000 0.311000 0.342333 0.311500 0.346000 0.309250 0.347333 0.307500 0.348667 0.302750 0.348667 0.298250 0.345667 0.291250 0.342333 0.289000
0 0.216667 0.660500 0.212333 0.661250 0.208000 0.664750 0.205667 0.670000 0.205667 0.675250 0.208000 0.681500 0.209667 0.683250 0.213000 0.684500 0.216667 0.684250 0.220333 0.682000 0.222667 0.678500 0.224000 0.674000 0.222667 0.665500 0.220667 0.662750
0 0.231333 0.619500 0.228667 0.621250 0.227667 0.622750 0.227333 0.627500 0.228667 0.631750 0.235667 0.640500 0.244333 0.643750 0.247667 0.643250 0.249667 0.639750 0.249333 0.631000 0.247667 0.626250 0.241000 0.621250 0.237000 0.619500
0 0.275667 0.626750 0.273667 0.627250 0.271667 0.629000 0.269000 0.633500 0.269333 0.642000 0.270667 0.645250 0.274333 0.650000 0.276000 0.651000 0.279667 0.651250 0.284000 0.647000 0.285000 0.641500 0.280333 0.629250 0.278667 0.627500
