0 0.471667 0.345000 0.473000 0.348000 0.475667 0.350250 0.482000 0.352250 0.490333 0.352250 0.498000 0.350750 0.499667 0.349500 0.501333 0.346250 0.500667 0.343500 0.498667 0.341000 0.491333 0.339500 0.481667 0.339000 0.474667 0.341000 0.473333 0.342000
0 0.533333 0.318000 0.528667 0.322000 0.527333 0.327000 0.527333 0.333000 0.528667 0.338000 0.531333 0.342500 0.535667 0.343750 0.540333 0.343750 0.544000 0.342250 0.545667 0.338750 0.545667 0.326500 0.544333 0.322500 0.543000 0.321000 0.537667 0.317500
0 0.529333 0.382000 0.526333 0.384250 0.525000 0.388750 0.526000 0.395500 0.531000 0.405250 0.536000 0.408000 0.540333 0.409000 0.544000 0.408500 0.545333 0.407750 0.547000 0.404250 0.546333 0.396500 0.544667 0.390500 0.542333 0.387250 0.538667 0.384000 0.533667 0.382250
0 0.519333 0.401250 0.516667 0.401250 0.513000 0.402750 0.509667 0.406000 0.508000 0.410000 0.507333 0.416750 0.508333 0.423250 0.509333 0.425500 0.513667 0.428000 0.517667 0.427750 0.522333 0.424750 0.526000 0.415750 0.526000 0.407500 0.522333 0.402500
0 0.454000 0.376500 0.450000 0.376250 0.447333 0.377000 0.440000 0.385000 0.439000 0.394000 0.441667 0.400000 0.444333 0.401750 0.451000 0.401250 0.455000 0.397750 0.457000 0.393750 0.458333 0.389500 0.458667 0.384750 0.456333 0.378000
0 0.455667 0.403000 0.451333 0.402500 0.447333 0.403250 0.444000 0.405250 0.439667 0.406750 0.436333 0.412500 0.437333 0.416750 0.439667 0.418000 0.443667 0.417750 0.452333 0.413250 0.455667 0.410500 0.457333 0.407750 0.457000 0.404750
0 0.527333 0.432000 0.524333 0.431500 0.517333 0.434000 0.512333 0.437500 0.510000 0.440000 0.507667 0.447000 0.508000 0.451250 0.509333 0.453000 0.512667 0.454000 0.516667 0.454000 0.520333 0.453250 0.523000 0.451750 0.529000 0.444250 0.529667 0.441250 0.529667 0.435500
0 0.493667 0.453250 0.489667 0.454250 0.487667 0.456250 0.486000 0.461250 0.486000 0.466500 0.487000 0.471250 0.489667 0.474500 0.494667 0.476000 0.497000 0.475250 0.499000 0.473250 0.500333 0.469250 0.502000 0.466750 0.502000 0.461500 0.499333 0.454250 0.497333 0.453500
0 0.450667 0.458250 0.448000 0.459250 0.445333 0.462000 0.444000 0.467000 0.444333 0.471250 0.445333 0.475250 0.447333 0.479000 0.451333 0.481750 0.454667 0.481750 0.457333 0.479500 0.459667 0.474750 0.460333 0.472250 0.460000 0.467250 0.458333 0.462500 0.454333 0.459250
0 0.466000 0.471500 0.461667 0.474500 0.459667 0.478750 0.458000 0.487000 0.460333 0.493750 0.461667 0.495500 0.467333 0.497250 0.471000 0.495750 0.474333 0.491000 0.475667 0.487000 0.476000 0.478250 0.474333 0.475000 0.471000 0.472500 0.468000 0.471500
0 0.538333 0.463000 0.535333 0.463250 0.532000 0.465250 0.528333 0.470500 0.527667 0.473250 0.527667 0.478750 0.528667 0.481250 0.532333 0.486750 0.535667 0.488000 0.537333 0.488000 0.539000 0.487250 0.543000 0.484250 0.545000 0.481250 0.546000 0.476500 0.546000 0.469750 0.545000 0.467000 0.541667 0.464250
0 0.510000 0.491500 0.507667 0.494250 0.507667 0.498250 0.510667 0.502750 0.520333 0.510000 0.525000 0.511500 0.528667 0.510500 0.530000 0.507750 0.529333 0.501500 0.523000 0.494250 0.521333 0.493000 0.514333 0.490500
0 0.497667 0.514000 0.494000 0.514250 0.490333 0.516750 0.486667 0.524250 0.486667 0.529250 0.488000 0.532500 0.489667 0.534500 0.493000 0.535750 0.494667 0.535750 0.498667 0.533000 0.500667 0.530000 0.502000 0.525500 0.502333 0.521500 0.501667 0.517750 0.499667 0.515250
0 0.398000 0.502250 0.397000 0.505750 0.400333 0.511750 0.407333 0.518750 0.411333 0.521750 0.414667 0.523250 0.420333 0.523250 0.422333 0.521250 0.422333 0.518000 0.420333 0.513250 0.417000 0.509250 0.411333 0.505250 0.405000 0.502250 0.401333 0.501500
0 0.287333 0.438000 0.285667 0.439750 0.285333 0.444750 0.286333 0.449250 0.289333 0.455750 0.295000 0.460500 0.298000 0.461500 0.302333 0.461250 0.304667 0.459500 0.306333 0.455750 0.305667 0.448250 0.303667 0.444000 0.300000 0.439750 0.297667 0.438500 0.292667 0.437500
0 0.263000 0.492000 0.260333 0.493750 0.259000 0.496500 0.258667 0.502000 0.259667 0.505750 0.266000 0.514250 0.267667 0.515500 0.272000 0.517250 0.275333 0.517500 0.279000 0.517000 0.281667 0.514250 0.282333 0.511500 0.282000 0.506000 0.280333 0.500750 0.277667 0.497250 0.272333 0.493000 0.268000 0.492000
0 0.435333 0.587000 0.431667 0.587250 0.430000 0.588000 0.426000 0.591250 0.422667 0.596000 0.421667 0.601500 0.422000 0.608000 0.423333 0.610500 0.427000 0.612500 0.429333 0.612250 0.434333 0.610000 0.436333 0.608250 0.439667 0.596500 0.440000 0.591750 0.438333 0.588250
0 0.498333 0.564500 0.494000 0.565500 0.486667 0.572500 0.485000 0.579000 0.485000 0.587500 0.486667 0.590000 0.489333 0.591500 0.492000 0.591250 0.497667 0.587750 0.502667 0.579750 0.503667 0.576500 0.503000 0.568750 0.501667 0.566500
0 0.381667 0.614000 0.379333 0.611750 0.376667 0.611000 0.367000 0.611500 0.358000 0.613250 0.350667 0.618250 0.350000 0.619250 0.350000 0.623250 0.352333 0.625250 0.356333 0.626250 0.364333 0.626250 0.372333 0.625000 0.375333 0.623750 0.380333 0.619750 0.382000 0.615750
0 0.436000 0.617000 0.432000 0.617000 0.429000 0.618250 0.423333 0.624000 0.421333 0.630000 0.421000 0.635500 0.422000 0.639250 0.424333 0.641500 0.428333 0.642000 0.432333 0.640500 0.435667 0.638250 0.440667 0.627750 0.441333 0.622000 0.440000 0.618750
0 0.443000 0.640250 0.440667 0.641250 0.438667 0.643500 0.437333 0.649500 0.437667 0.654500 0.439000 0.659000 0.441333 0.661750 0.443667 0.663250 0.448000 0.663500 0.451000 0.661750 0.453000 0.658250 0.454000 0.655000 0.453667 0.647500 0.452000 0.642750 0.450667 0.641500 0.447667 0.640250
0 0.473000 0.643500 0.470000 0.644500 0.468667 0.646250 0.467333 0.649500 0.467333 0.654750 0.471000 0.663000 0.474667 0.665250 0.479000 0.666250 0.481667 0.665250 0.483667 0.662750 0.484000 0.654500 0.482333 0.649000 0.479333 0.646000 0.475333 0.643500
0 0.387333 0.653250 0.388000 0.657000 0.390333 0.659250 0.393000 0.660500 0.400333 0.661750 0.404333 0.661750 0.412000 0.660250 0.418667 0.657250 0.420667 0.655000 0.420333 0.652750 0.417333 0.649750 0.412000 0.648500 0.406333 0.648000 0.398333 0.648250 0.392333 0.649250 0.388667 0.651000
0 0.393667 0.676750 0.388000 0.676000 0.381333 0.678000 0.376000 0.681000 0.371667 0.686250 0.369333 0.688000 0.368000 0.690000 0.367667 0.694000 0.369000 0.697000 0.372333 0.699250 0.376000 0.700250 0.379667 0.699500 0.389333 0.694000 0.393667 0.689250 0.396667 0.683750 0.396667 0.680500
0 0.459667 0.685750 0.458333 0.684750 0.456000 0.684250 0.449667 0.684250 0.446333 0.684750 0.440000 0.687000 0.432000 0.693000 0.431000 0.695500 0.431333 0.698000 0.435333 0.699750 0.438000 0.700250 0.443667 0.700250 0.450000 0.698000 0.455000 0.695500 0.459667 0.691500 0.460333 0.690250
0 0.479333 0.673250 0.474667 0.673750 0.471667 0.676250 0.468000 0.681500 0.466333 0.686000 0.466333 0.691000 0.468000 0.697500 0.470667 0.700250 0.474000 0.701250 0.475667 0.701000 0.480333 0.698000 0.482333 0.696000 0.483667 0.693250 0.484333 0.687750 0.484000 0.678000 0.482000 0.674750
0 0.328333 0.715250 0.327333 0.717500 0.327667 0.720250 0.329333 0.724000 0.337333 0.730250 0.344333 0.733000 0.351667 0.733000 0.355333 0.731750 0.357333 0.729250 0.357333 0.727500 0.355333 0.723500 0.352000 0.720250 0.347000 0.718250 0.341333 0.714500 0.337667 0.713250 0.333333 0.713000 0.330000 0.714000
0 0.298333 0.711500 0.294333 0.713500 0.292667 0.716500 0.292667 0.725250 0.294333 0.729500 0.296667 0.733000 0.298667 0.734500 0.303333 0.735500 0.306667 0.734500 0.308667 0.733000 0.311000 0.728250 0.310667 0.721000 0.309000 0.717250 0.305333 0.712750 0.303000 0.711500
0 0.474667 0.728500 0.471000 0.729750 0.469000 0.732750 0.469000 0.738250 0.470000 0.744250 0.472333 0.748000 0.475000 0.750000 0.478000 0.751250 0.480667 0.751250 0.483000 0.750250 0.484000 0.748250 0.484000 0.736250 0.482000 0.731500 0.479000 0.729250
0 0.341000 0.782500 0.338667 0.783750 0.337333 0.786000 0.337333 0.791000 0.341000 0.799250 0.345000 0.804000 0.349000 0.805500 0.353667 0.805250 0.356333 0.803250 0.357667 0.799000 0.356333 0.790750 0.349667 0.784000 0.346333 0.782750
