0 0.466667 0.386000 0.463333 0.387500 0.462000 0.389000 0.460667 0.393000 0.460667 0.401000 0.462333 0.406500 0.467333 0.413000 0.470000 0.414000 0.471667 0.414000 0.475667 0.412750 0.479333 0.407750 0.480333 0.404000 0.480333 0.399750 0.478333 0.393000 0.475333 0.388500 0.471000 0.386250
0 0.565000 0.387250 0.561667 0.387500 0.559667 0.388500 0.557000 0.391250 0.555667 0.394500 0.555000 0.398750 0.555667 0.408250 0.556667 0.410000 0.560000 0.412250 0.563333 0.411750 0.566000 0.410250 0.568333 0.407500 0.570000 0.403000 0.570333 0.395500 0.569667 0.392750 0.568000 0.389750
0 0.536333 0.436000 0.533333 0.437750 0.532667 0.439000 0.532667 0.445000 0.533667 0.450000 0.537000 0.455750 0.540333 0.458500 0.544667 0.458500 0.546333 0.456250 0.547000 0.452000 0.547000 0.447500 0.545667 0.441500 0.544333 0.438750 0.541333 0.436500
0 0.499667 0.445000 0.498333 0.444500 0.494333 0.444750 0.487667 0.446750 0.485667 0.447750 0.481333 0.452000 0.478000 0.454250 0.475333 0.461500 0.476000 0.465250 0.478000 0.467250 0.482667 0.467750 0.487000 0.466250 0.491333 0.463500 0.492333 0.462000 0.496667 0.458750 0.498667 0.456500 0.501667 0.451000 0.502000 0.447250
0 0.403667 0.465750 0.399667 0.468000 0.398000 0.471000 0.397000 0.481250 0.397667 0.484750 0.399667 0.488250 0.402000 0.489500 0.405333 0.490000 0.408333 0.489500 0.411667 0.486000 0.413333 0.477750 0.411333 0.470250 0.407667 0.466750
0 0.401333 0.496500 0.399333 0.497500 0.398333 0.500500 0.398000 0.510500 0.399667 0.515250 0.403667 0.519750 0.408000 0.521250 0.411667 0.518500 0.412667 0.516750 0.412667 0.506500 0.411000 0.501750 0.408667 0.498500 0.405000 0.496500
0 0.444333 0.491250 0.442333 0.491500 0.438667 0.494000 0.436667 0.498500 0.435333 0.504250 0.435667 0.510000 0.437333 0.515000 0.439667 0.517000 0.442667 0.518250 0.444000 0.518000 0.449333 0.511500 0.451333 0.506500 0.452000 0.498000 0.450667 0.494500 0.448667 0.492500
0 0.474333 0.480250 0.471333 0.480750 0.469667 0.481750 0.466667 0.486000 0.465000 0.493500 0.465333 0.498750 0.466333 0.500750 0.469667 0.502000 0.471667 0.501750 0.475333 0.499500 0.479000 0.495000 0.480000 0.492000 0.480000 0.486500 0.479333 0.484750 0.477000 0.482000
0 0.522000 0.489250 0.517333 0.489750 0.513000 0.493250 0.508000 0.501000 0.508000 0.510500 0.509000 0.512250 0.513000 0.514250 0.515000 0.514000 0.519667 0.510750 0.523333 0.505250 0.525667 0.498000 0.526000 0.494500 0.524667 0.491500
0 0.560667 0.490000 0.558000 0.489250 0.552000 0.490000 0.541000 0.492500 0.532667 0.495500 0.530000 0.498250 0.529333 0.500750 0.529667 0.503000 0.532667 0.504750 0.541000 0.504750 0.553000 0.501500 0.558667 0.497750 0.561000 0.494750
0 0.560000 0.464500 0.556333 0.467250 0.554667 0.470000 0.553333 0.474250 0.553000 0.479000 0.555667 0.485750 0.559000 0.488250 0.561333 0.488500 0.565000 0.486500 0.568000 0.482500 0.569000 0.479000 0.569000 0.475500 0.568000 0.470000 0.565333 0.466250 0.563333 0.465000
0 0.582667 0.495750 0.579667 0.497250 0.577333 0.501500 0.576667 0.504750 0.577333 0.509750 0.579000 0.514500 0.580667 0.516750 0.583333 0.518500 0.587667 0.518500 0.590333 0.517500 0.591667 0.516000 0.592667 0.511000 0.592333 0.506000 0.591000 0.501500 0.588667 0.498500 0.584667 0.495750
0 0.535000 0.518250 0.533000 0.517000 0.528000 0.516750 0.524667 0.517000 0.520667 0.518500 0.509333 0.525500 0.508000 0.528250 0.508000 0.530000 0.509000 0.531500 0.511667 0.532750 0.515000 0.533250 0.519000 0.532750 0.528000 0.530000 0.530667 0.528250 0.534667 0.524000 0.535667 0.522000
0 0.494000 0.512250 0.489333 0.512500 0.486667 0.514500 0.485333 0.517500 0.485333 0.529000 0.486333 0.530750 0.490333 0.533250 0.496333 0.531750 0.499000 0.528750 0.499333 0.521500 0.498667 0.517250 0.496667 0.514000
0 0.491000 0.542000 0.487667 0.544500 0.486667 0.547000 0.486667 0.551250 0.489333 0.560500 0.492333 0.565000 0.494667 0.567000 0.498000 0.568000 0.503000 0.564000 0.504333 0.560750 0.504667 0.555750 0.502667 0.549250 0.498667 0.543500 0.497333 0.542500 0.494667 0.541750
0 0.437667 0.518250 0.435333 0.516750 0.429000 0.516750 0.422333 0.518000 0.416000 0.521750 0.412333 0.524750 0.412000 0.526750 0.412667 0.529250 0.415000 0.530500 0.419667 0.530750 0.427333 0.530000 0.430333 0.529000 0.435333 0.526500 0.438000 0.523250 0.439000 0.520750
0 0.412333 0.536000 0.407667 0.535500 0.401000 0.537750 0.396333 0.540000 0.392000 0.543250 0.388000 0.548000 0.386667 0.552000 0.387000 0.554000 0.388667 0.555500 0.394667 0.556000 0.397333 0.555250 0.403333 0.552000 0.412333 0.545250 0.414333 0.541500 0.413667 0.537250
0 0.388667 0.556750 0.384000 0.557250 0.381333 0.559250 0.376667 0.564500 0.375000 0.571000 0.374667 0.575750 0.375667 0.579750 0.377000 0.581250 0.382000 0.580750 0.386000 0.578500 0.390000 0.574750 0.392667 0.565750 0.392667 0.560500 0.391333 0.558500
0 0.409333 0.575250 0.404333 0.575500 0.399333 0.580250 0.397333 0.587750 0.397333 0.592500 0.398667 0.595500 0.400333 0.596250 0.404000 0.595500 0.410000 0.591000 0.413333 0.586250 0.414333 0.582500 0.414333 0.579000 0.413000 0.577000
0 0.423667 0.588750 0.420667 0.589000 0.418333 0.590250 0.415333 0.593000 0.414000 0.596750 0.413667 0.605250 0.414667 0.610500 0.415667 0.612750 0.419333 0.615000 0.421000 0.615000 0.422667 0.614250 0.428333 0.610000 0.430000 0.606500 0.431333 0.600500 0.431333 0.596000 0.429667 0.592250 0.427000 0.589750
0 0.441000 0.602250 0.439000 0.604000 0.438333 0.608500 0.439000 0.611750 0.442333 0.617750 0.447333 0.623750 0.450000 0.625250 0.454000 0.626000 0.458667 0.625500 0.460667 0.623750 0.461333 0.620000 0.460667 0.614750 0.459000 0.610750 0.455667 0.607750 0.453333 0.604000 0.451667 0.602750 0.447667 0.601500 0.443333 0.601500
0 0.456000 0.602750 0.456000 0.604750 0.457667 0.607250 0.461000 0.609500 0.468000 0.612000 0.477000 0.613000 0.482333 0.612750 0.484667 0.611500 0.486333 0.608750 0.486333 0.606750 0.482667 0.603000 0.479000 0.601500 0.471000 0.599500 0.464333 0.599250 0.458333 0.600500
0 0.438333 0.628500 0.437000 0.628000 0.432000 0.628500 0.422667 0.633750 0.419667 0.638750 0.418000 0.643250 0.418000 0.647000 0.419333 0.648750 0.424333 0.648750 0.428333 0.647500 0.436000 0.642000 0.438333 0.638250 0.439667 0.632500 0.439667 0.630000
0 0.447333 0.626500 0.444667 0.628250 0.442000 0.633500 0.441000 0.637750 0.441000 0.643250 0.443667 0.648250 0.446000 0.650250 0.448333 0.650750 0.451333 0.650000 0.454333 0.646250 0.455667 0.642500 0.456000 0.635000 0.455000 0.631500 0.452667 0.628500 0.451333 0.627500
0 0.431667 0.652250 0.426667 0.652000 0.423333 0.652750 0.418667 0.656250 0.416000 0.660000 0.414000 0.665750 0.414000 0.674250 0.415667 0.677000 0.419333 0.678500 0.420667 0.678250 0.428333 0.673500 0.432000 0.668500 0.434333 0.662000 0.434333 0.656000 0.433333 0.653500
0 0.442000 0.657500 0.439667 0.659000 0.438667 0.662750 0.442333 0.674250 0.445667 0.679000 0.451333 0.682750 0.454333 0.684000 0.455667 0.684000 0.459000 0.682000 0.460000 0.678750 0.459667 0.672250 0.457333 0.667000 0.454667 0.664250 0.451667 0.659000 0.450333 0.658000 0.447667 0.657000
0 0.463000 0.665750 0.461667 0.666750 0.460667 0.669000 0.461000 0.674750 0.462667 0.679250 0.465333 0.682500 0.470333 0.686500 0.474000 0.687250 0.479667 0.687000 0.482000 0.685250 0.482667 0.682750 0.482000 0.678000 0.479667 0.673000 0.474333 0.668750 0.467000 0.665500
0 0.509000 0.693250 0.509333 0.696750 0.510333 0.697750 0.517333 0.701000 0.521000 0.702000 0.530000 0.702250 0.537333 0.699750 0.538667 0.698250 0.538667 0.696250 0.536667 0.694250 0.533000 0.692250 0.528000 0.691000 0.516667 0.690500 0.510333 0.692250
0 0.529000 0.699500 0.528000 0.700750 0.528667 0.708000 0.533000 0.714500 0.537000 0.717750 0.548333 0.724250 0.551667 0.724750 0.554000 0.724250 0.556667 0.722000 0.557333 0.719500 0.556667 0.717000 0.553667 0.712250 0.550000 0.709500 0.545667 0.705000 0.539333 0.701750 0.536667 0.699000 0.533000 0.699750
0 0.588333 0.681250 0.584333 0.682250 0.579333 0.687750 0.578333 0.690000 0.577333 0.697500 0.578667 0.701000 0.580667 0.702500 0.584333 0.702500 0.586667 0.700750 0.591667 0.694000 0.592333 0.684750 0.590333 0.682250
0 0.619667 0.746250 0.618000 0.747250 0.617000 0.750000 0.617000 0.753500 0.618000 0.757000 0.626667 0.767750 0.630000 0.770000 0.634667 0.771000 0.638333 0.769000 0.639333 0.767500 0.639667 0.764000 0.638667 0.758500 0.633667 0.751250 0.630000 0.748250 0.624333 0.746250
0 0.490000 0.764750 0.486667 0.766500 0.485667 0.768250 0.484667 0.773250 0.485000 0.780750 0.486333 0.784750 0.488000 0.787000 0.490667 0.788500 0.495000 0.788750 0.497333 0.787250 0.499000 0.783500 0.499000 0.772250 0.498000 0.769750 0.495333 0.766500
0 0.309667 0.509000 0.307000 0.510250 0.305667 0.512750 0.305333 0.519250 0.306000 0.522500 0.309667 0.531000 0.313000 0.532750 0.315333 0.533000 0.317667 0.532250 0.319000 0.530250 0.319667 0.527000 0.319333 0.518250 0.318667 0.516750 0.311333 0.509250
0 0.541333 0.395500 0.539667 0.395500 0.537000 0.396500 0.533333 0.400500 0.531667 0.407750 0.531333 0.413500 0.531667 0.415500 0.533667 0.417250 0.537000 0.417250 0.538000 0.416500 0.544667 0.404750 0.544333 0.399250
