0 0.420000 0.293250 0.416333 0.291500 0.411667 0.291250 0.408000 0.291750 0.399667 0.294250 0.392667 0.297750 0.391667 0.299000 0.390667 0.302750 0.392000 0.306000 0.395667 0.307500 0.400667 0.307500 0.404333 0.307000 0.412667 0.304500 0.420000 0.299500 0.420667 0.297500 0.420667 0.294250
0 0.437000 0.302500 0.434667 0.302500 0.432333 0.303250 0.429667 0.305000 0.426333 0.309750 0.425000 0.314000 0.425333 0.322500 0.426333 0.324000 0.431000 0.326750 0.435333 0.327000 0.436667 0.326250 0.439333 0.323250 0.444000 0.314250 0.443333 0.306750 0.439667 0.303250
0 0.486000 0.302000 0.482667 0.301750 0.479333 0.303500 0.477000 0.305500 0.474667 0.310000 0.474000 0.315000 0.476333 0.319500 0.478667 0.321000 0.483000 0.321000 0.487000 0.317750 0.488667 0.314750 0.489667 0.311250 0.489667 0.306000 0.487667 0.303000
0 0.436667 0.331250 0.432667 0.332000 0.430000 0.333500 0.427000 0.337250 0.426333 0.340500 0.426667 0.350000 0.429000 0.354000 0.430667 0.355250 0.433000 0.355750 0.436000 0.355750 0.440000 0.353500 0.443000 0.349250 0.444333 0.346000 0.444667 0.340250 0.444000 0.336500 0.439667 0.332000
0 0.467667 0.340500 0.463667 0.341000 0.458000 0.343750 0.455000 0.346000 0.450667 0.353250 0.449667 0.357500 0.450333 0.365250 0.451667 0.367500 0.454333 0.369250 0.458667 0.369000 0.463333 0.366750 0.466667 0.363750 0.470000 0.358000 0.472333 0.351250 0.472667 0.346750 0.471333 0.343250
0 0.431333 0.373500 0.429000 0.377250 0.429333 0.382750 0.431000 0.387000 0.433667 0.390000 0.438667 0.393500 0.443333 0.395250 0.447667 0.395500 0.450667 0.393000 0.451333 0.390500 0.451000 0.386000 0.449667 0.383250 0.443667 0.376250 0.435667 0.373250
0 0.431667 0.391000 0.429000 0.392750 0.427333 0.395750 0.427333 0.400000 0.428667 0.404500 0.430667 0.407500 0.438333 0.414250 0.442333 0.415750 0.444333 0.415750 0.447667 0.414500 0.449667 0.411750 0.449667 0.407250 0.448000 0.403000 0.443000 0.396250 0.437333 0.392000
0 0.368000 0.416750 0.365333 0.418000 0.363333 0.420750 0.362667 0.423000 0.363000 0.430250 0.365667 0.435750 0.368000 0.437250 0.373000 0.437750 0.376000 0.436000 0.377667 0.432000 0.377333 0.425000 0.373333 0.418750 0.370333 0.417000
0 0.340667 0.353250 0.336667 0.355000 0.333333 0.360500 0.333000 0.369000 0.335000 0.373500 0.336667 0.375500 0.341333 0.377500 0.342667 0.377500 0.347667 0.376250 0.351333 0.373750 0.353000 0.369750 0.353000 0.365250 0.352000 0.361250 0.349333 0.356750 0.346000 0.354500 0.342667 0.353250
0 0.326333 0.375000 0.322667 0.375000 0.319333 0.376250 0.315000 0.381000 0.313333 0.384250 0.313000 0.394000 0.313667 0.397750 0.315333 0.400000 0.319000 0.402000 0.322667 0.402250 0.325333 0.401250 0.330333 0.396000 0.332333 0.392500 0.333000 0.387000 0.331667 0.380750 0.329667 0.377000
0 0.321667 0.328000 0.317667 0.329250 0.314000 0.333750 0.312333 0.340750 0.312667 0.348250 0.314000 0.353000 0.317333 0.356750 0.321000 0.358500 0.325000 0.358500 0.328000 0.357000 0.331333 0.352000 0.333000 0.346750 0.332333 0.337500 0.328667 0.330500 0.326000 0.328500
0 0.319333 0.442750 0.317333 0.443750 0.315667 0.446500 0.315667 0.451500 0.316667 0.455250 0.321667 0.460500 0.326333 0.462250 0.331000 0.462500 0.333667 0.460750 0.335000 0.457500 0.335000 0.453750 0.333667 0.449750 0.330667 0.445750 0.326667 0.443000 0.323333 0.442250
0 0.284333 0.465750 0.283000 0.467250 0.283000 0.471750 0.284667 0.475000 0.290667 0.481750 0.294000 0.483750 0.298333 0.484750 0.307333 0.484750 0.309000 0.483000 0.309000 0.478500 0.307333 0.475250 0.303333 0.470250 0.298667 0.468250 0.294667 0.465500 0.291333 0.464500 0.287000 0.464500
0 0.353333 0.493250 0.349333 0.493250 0.345000 0.495250 0.340667 0.501000 0.338667 0.505500 0.338667 0.510250 0.341000 0.515000 0.346000 0.518000 0.350000 0.518000 0.354333 0.515750 0.357000 0.513500 0.358333 0.511000 0.359333 0.506500 0.359000 0.497750 0.357333 0.495250
0 0.416667 0.477750 0.416333 0.479000 0.418333 0.482750 0.426000 0.487000 0.431667 0.488250 0.440000 0.489000 0.446667 0.488000 0.448667 0.486750 0.448333 0.482250 0.443667 0.478000 0.435333 0.475250 0.424000 0.474500 0.419000 0.475750
0 0.517667 0.497500 0.512667 0.500750 0.512000 0.504000 0.512333 0.506750 0.515667 0.513750 0.520000 0.518000 0.525667 0.521250 0.528000 0.521750 0.532000 0.521250 0.534000 0.520250 0.535667 0.517500 0.535667 0.514250 0.534333 0.509500 0.531667 0.506500 0.529333 0.502250 0.527333 0.500500 0.521667 0.497750
0 0.384667 0.516750 0.383667 0.518250 0.383333 0.523000 0.383667 0.525000 0.385000 0.527000 0.391333 0.532000 0.399667 0.536000 0.401667 0.536250 0.404667 0.535500 0.408000 0.532500 0.409000 0.530500 0.409000 0.528000 0.404000 0.520500 0.400333 0.517750 0.397333 0.516750 0.392333 0.516000 0.387333 0.516000
0 0.397000 0.535500 0.391333 0.536250 0.384000 0.541000 0.381000 0.547750 0.381667 0.552500 0.383333 0.554000 0.385667 0.554500 0.389000 0.553750 0.396333 0.548500 0.399000 0.545250 0.400000 0.542500 0.400000 0.538250 0.399333 0.537000
0 0.291333 0.519250 0.290667 0.520750 0.291333 0.526500 0.294000 0.531250 0.298333 0.535250 0.303000 0.537750 0.305667 0.538500 0.310667 0.538000 0.312667 0.534000 0.312333 0.529250 0.310667 0.525500 0.302667 0.519500 0.298000 0.517750 0.294333 0.517500
0 0.226333 0.513500 0.227000 0.516750 0.228667 0.518500 0.235667 0.521750 0.240667 0.523000 0.248333 0.523000 0.250667 0.522000 0.255333 0.518250 0.255333 0.516750 0.251000 0.513000 0.248333 0.511500 0.244000 0.510250 0.232667 0.509750 0.228667 0.511000
0 0.264333 0.545750 0.263000 0.545000 0.260000 0.544750 0.251333 0.547500 0.246333 0.553000 0.245333 0.555500 0.245667 0.557000 0.249000 0.558750 0.253667 0.559750 0.256667 0.559750 0.261667 0.557750 0.264333 0.555250 0.265333 0.553000 0.265333 0.547750
0 0.154667 0.524000 0.154667 0.526000 0.158333 0.529750 0.164333 0.531750 0.169667 0.533000 0.173333 0.532750 0.177000 0.530000 0.176667 0.527500 0.174667 0.524750 0.166333 0.522000 0.162667 0.521250 0.158000 0.521250 0.156000 0.522250
0 0.178000 0.584000 0.174000 0.583750 0.170333 0.585250 0.166333 0.588000 0.163667 0.591000 0.161000 0.595250 0.160333 0.598000 0.160333 0.603750 0.162333 0.606000 0.167000 0.606750 0.170667 0.605500 0.177333 0.598250 0.178667 0.596000 0.180000 0.590250 0.180000 0.586750
0 0.201667 0.610250 0.198333 0.609250 0.195000 0.609250 0.190000 0.610250 0.188000 0.611500 0.181000 0.621000 0.180333 0.627250 0.182000 0.629250 0.184667 0.630000 0.189667 0.629250 0.193667 0.627750 0.198333 0.624000 0.202333 0.616500 0.202667 0.614250
0 0.279000 0.606250 0.275667 0.607250 0.273000 0.610250 0.272333 0.612250 0.272333 0.619000 0.274333 0.624000 0.278333 0.625500 0.280333 0.625500 0.284000 0.623750 0.287667 0.619250 0.288000 0.611000 0.287000 0.609500 0.284000 0.607500
0 0.316000 0.618250 0.314000 0.616000 0.311000 0.615250 0.307000 0.615250 0.294667 0.617250 0.290667 0.619000 0.287333 0.621500 0.285333 0.624500 0.285000 0.627250 0.287667 0.629750 0.290333 0.631000 0.299000 0.630750 0.306667 0.629000 0.309667 0.627500 0.315000 0.623250 0.316333 0.619750
0 0.286000 0.635750 0.285333 0.638750 0.287000 0.640500 0.299333 0.645500 0.304333 0.646250 0.314000 0.646250 0.319333 0.644750 0.321333 0.642250 0.321000 0.639250 0.318000 0.636000 0.314000 0.634250 0.308333 0.632750 0.291333 0.632750 0.287000 0.634250
0 0.323333 0.596250 0.321000 0.597000 0.319333 0.598500 0.317000 0.602750 0.316667 0.613250 0.320000 0.619500 0.322333 0.621500 0.326000 0.623250 0.330333 0.623250 0.334000 0.621250 0.335333 0.619250 0.336667 0.612250 0.336333 0.609500 0.334333 0.604000 0.330667 0.599250 0.326667 0.596500
0 0.342667 0.586750 0.339333 0.587500 0.336667 0.589500 0.333667 0.595500 0.333333 0.597500 0.334000 0.603250 0.336000 0.608750 0.337667 0.610500 0.340333 0.611250 0.342000 0.611250 0.347000 0.607750 0.349333 0.603500 0.350000 0.600500 0.350000 0.595500 0.348333 0.591000 0.346667 0.588500 0.345333 0.587500
0 0.431667 0.587750 0.429000 0.588750 0.426333 0.591500 0.424667 0.596000 0.424667 0.600500 0.426000 0.605250 0.429667 0.610750 0.431000 0.612000 0.434667 0.612000 0.436667 0.610750 0.439333 0.606500 0.440667 0.601250 0.440667 0.595250 0.439000 0.591250 0.436667 0.588500 0.434667 0.587750
0 0.384667 0.647250 0.382667 0.649750 0.382667 0.655500 0.385667 0.661750 0.391333 0.667250 0.394667 0.669500 0.398333 0.670500 0.401667 0.670250 0.404000 0.668000 0.405000 0.665250 0.403667 0.658500 0.397667 0.650000 0.393667 0.648000 0.388667 0.646500
0 0.329333 0.650250 0.326333 0.651750 0.325000 0.653750 0.325000 0.661750 0.328667 0.670250 0.333000 0.672750 0.335000 0.673000 0.338667 0.672000 0.341000 0.669000 0.341667 0.666750 0.341000 0.658250 0.338333 0.653750 0.334667 0.650500
0 0.296333 0.665750 0.295333 0.666750 0.294667 0.669500 0.299000 0.675000 0.305333 0.679250 0.313667 0.682000 0.316000 0.681500 0.318333 0.678750 0.318000 0.673750 0.313667 0.670500 0.311667 0.668000 0.307667 0.665500 0.303667 0.664500 0.299333 0.664750
0 0.295333 0.651250 0.291667 0.650000 0.283333 0.650000 0.275667 0.654000 0.275333 0.655250 0.276333 0.658000 0.279000 0.660250 0.283667 0.662000 0.291000 0.661750 0.294333 0.660750 0.296667 0.658750 0.297333 0.655250 0.297000 0.653500
0 0.302000 0.682000 0.299333 0.683250 0.297000 0.685500 0.295000 0.689000 0.294333 0.694250 0.295333 0.698750 0.298000 0.704000 0.301333 0.706000 0.305000 0.706250 0.308667 0.705250 0.311667 0.702000 0.312667 0.696750 0.312333 0.688250 0.311667 0.685500 0.309667 0.683500 0.306667 0.682500
0 0.275333 0.674000 0.275333 0.678750 0.278333 0.682000 0.282667 0.685250 0.287333 0.686750 0.292000 0.686750 0.295000 0.685250 0.296667 0.682750 0.296333 0.679250 0.295000 0.677000 0.291333 0.674500 0.287000 0.673000 0.278333 0.673000
0 0.358000 0.689250 0.357000 0.688250 0.353667 0.687500 0.348333 0.687500 0.338000 0.688750 0.331667 0.693500 0.332000 0.696750 0.334667 0.697500 0.337333 0.696500 0.342000 0.696500 0.351667 0.694500 0.355333 0.693250 0.357000 0.692000
