0 0.494667 0.358000 0.491333 0.361000 0.490000 0.365000 0.489667 0.369500 0.491667 0.377250 0.493333 0.380250 0.494333 0.381000 0.498333 0.381500 0.502667 0.378750 0.503667 0.377250 0.505333 0.369250 0.502667 0.360500 0.498333 0.357500
0 0.514667 0.431000 0.513000 0.431000 0.510000 0.432250 0.508000 0.434000 0.505000 0.438750 0.504000 0.445000 0.504000 0.449500 0.505333 0.455000 0.509000 0.459500 0.513000 0.460500 0.517333 0.459000 0.520000 0.456250 0.522000 0.452500 0.523667 0.445500 0.523667 0.439250 0.521667 0.435000 0.517667 0.432000
0 0.493333 0.483500 0.490000 0.484750 0.488667 0.486000 0.486667 0.492000 0.486667 0.496500 0.489333 0.502750 0.493667 0.506750 0.495333 0.507000 0.498667 0.506000 0.500667 0.502750 0.502667 0.497000 0.501667 0.491500 0.499333 0.485250 0.497000 0.483750
0 0.517667 0.493250 0.517667 0.495250 0.521000 0.498750 0.527000 0.500250 0.533333 0.503250 0.538000 0.503500 0.541333 0.506250 0.552333 0.502000 0.552000 0.497250 0.546667 0.493250 0.541667 0.491500 0.530333 0.489250 0.527000 0.489250 0.520333 0.491250
0 0.544000 0.505500 0.541333 0.504250 0.534667 0.504250 0.533000 0.504750 0.530000 0.507000 0.524667 0.509000 0.517000 0.515000 0.516000 0.516750 0.516667 0.519500 0.517667 0.520250 0.525333 0.520000 0.529667 0.518750 0.534000 0.516000 0.538333 0.514500 0.543333 0.510000 0.544333 0.506750
0 0.447333 0.516500 0.442667 0.516500 0.440000 0.518250 0.438000 0.521750 0.436333 0.527000 0.436333 0.531750 0.438333 0.541250 0.439667 0.543000 0.442667 0.544750 0.447000 0.544000 0.448667 0.542750 0.450333 0.539750 0.452000 0.533250 0.452333 0.524500 0.451667 0.521250 0.449667 0.518000
0 0.462333 0.533500 0.461000 0.535000 0.460667 0.538250 0.463333 0.542500 0.472667 0.549250 0.475000 0.550000 0.479000 0.550000 0.480333 0.548750 0.480333 0.545000 0.478000 0.541000 0.467667 0.533500
0 0.502667 0.556500 0.497333 0.556750 0.493000 0.559750 0.490000 0.564500 0.486333 0.572500 0.486667 0.577000 0.487667 0.578750 0.489667 0.580000 0.493667 0.579750 0.498333 0.578250 0.502000 0.575250 0.506333 0.565000 0.506333 0.560500 0.505000 0.558250
0 0.517000 0.557500 0.513333 0.559000 0.510333 0.561750 0.509000 0.564000 0.508000 0.571500 0.508333 0.576250 0.510000 0.580000 0.513333 0.583000 0.517000 0.584000 0.519667 0.583000 0.522333 0.580500 0.524667 0.569750 0.524667 0.564250 0.523667 0.561250 0.521000 0.558250
0 0.584000 0.560500 0.580333 0.560500 0.575333 0.564000 0.572667 0.568000 0.571333 0.572000 0.571667 0.578250 0.574000 0.583250 0.576333 0.585500 0.579333 0.586500 0.582333 0.586000 0.585000 0.584500 0.588333 0.580000 0.589000 0.577500 0.589333 0.570750 0.588333 0.565000
0 0.455667 0.558500 0.450667 0.559000 0.447000 0.561750 0.445000 0.564750 0.443333 0.571250 0.443333 0.574250 0.444667 0.578000 0.447667 0.580000 0.451333 0.579500 0.455333 0.576250 0.458333 0.572000 0.459333 0.569000 0.459667 0.564000 0.457667 0.560000
0 0.469000 0.578500 0.466000 0.579500 0.464667 0.583750 0.464333 0.588500 0.466667 0.598250 0.468667 0.600250 0.471333 0.601000 0.474333 0.599250 0.476000 0.596500 0.477000 0.592500 0.477000 0.586250 0.474667 0.580500 0.471000 0.578500
0 0.489667 0.582500 0.486667 0.583500 0.485333 0.586250 0.485667 0.599500 0.487667 0.603250 0.492667 0.608000 0.497000 0.610250 0.498667 0.610250 0.501667 0.608000 0.503333 0.604750 0.504333 0.600750 0.504000 0.595000 0.499000 0.585500 0.495000 0.583250
0 0.482667 0.602500 0.481333 0.603750 0.481000 0.608250 0.485000 0.616000 0.492000 0.621000 0.494000 0.621750 0.498667 0.621500 0.500333 0.619750 0.500667 0.618250 0.500333 0.615250 0.498333 0.610750 0.492667 0.607500 0.488667 0.603500 0.486333 0.602500
0 0.537000 0.614750 0.534333 0.616750 0.532667 0.619250 0.532000 0.624250 0.533000 0.631000 0.535000 0.635500 0.538000 0.639500 0.540667 0.641000 0.544667 0.641250 0.547667 0.639500 0.549667 0.635000 0.549667 0.629250 0.548667 0.624000 0.547000 0.619250 0.545667 0.617500 0.541333 0.615000
0 0.561667 0.610000 0.559333 0.610000 0.556000 0.611750 0.552000 0.619250 0.552333 0.626750 0.554333 0.635000 0.556000 0.637000 0.559667 0.637750 0.562333 0.636500 0.566000 0.631250 0.568333 0.625750 0.569000 0.619750 0.565333 0.611750
0 0.580333 0.597750 0.576667 0.601750 0.575667 0.604250 0.575333 0.608750 0.576333 0.615000 0.579333 0.620250 0.583333 0.624000 0.587333 0.625500 0.591000 0.625250 0.592667 0.624000 0.593333 0.621500 0.593000 0.610500 0.591333 0.603500 0.589000 0.600750 0.584333 0.597500
0 0.608333 0.624000 0.606333 0.624000 0.603667 0.625000 0.601333 0.626750 0.598667 0.631500 0.597667 0.635000 0.598667 0.646750 0.600333 0.649250 0.603667 0.651250 0.607333 0.651000 0.612000 0.647000 0.613333 0.643250 0.613333 0.628500 0.612333 0.626000
0 0.557000 0.644000 0.554000 0.645750 0.551333 0.649750 0.551000 0.656750 0.552333 0.660750 0.556000 0.665750 0.557667 0.666750 0.561000 0.667250 0.564333 0.664000 0.565333 0.661750 0.565000 0.653750 0.562000 0.646000 0.560333 0.644500
0 0.475667 0.624500 0.471667 0.624750 0.469333 0.626000 0.462333 0.638500 0.462333 0.646000 0.463667 0.648750 0.466667 0.651750 0.471000 0.651500 0.475000 0.648750 0.479000 0.642250 0.480667 0.635500 0.481000 0.630250 0.479667 0.626250
0 0.431667 0.626750 0.427000 0.627250 0.423333 0.630000 0.419000 0.636500 0.418000 0.639750 0.417333 0.647500 0.418333 0.650750 0.420333 0.652500 0.423667 0.652750 0.428333 0.650500 0.433667 0.642250 0.435000 0.637500 0.435000 0.631000 0.433667 0.628250
0 0.399000 0.606250 0.395333 0.608250 0.393333 0.610750 0.392333 0.615250 0.392333 0.620250 0.395000 0.627750 0.399667 0.631750 0.402000 0.631750 0.405000 0.630500 0.406333 0.627500 0.407667 0.620500 0.407667 0.614500 0.406667 0.610750 0.404667 0.607750 0.401667 0.606250
0 0.417333 0.690000 0.416000 0.693250 0.419000 0.698000 0.422000 0.701250 0.429333 0.705750 0.437667 0.708750 0.441000 0.709250 0.447667 0.708750 0.450000 0.706250 0.450000 0.704250 0.448667 0.702000 0.444333 0.697750 0.438333 0.694500 0.436000 0.692500 0.429333 0.689750 0.425667 0.689000 0.419333 0.689000
0 0.337667 0.627500 0.334000 0.629500 0.332000 0.633500 0.332000 0.638750 0.333667 0.643250 0.338333 0.651500 0.342000 0.653750 0.345667 0.653500 0.349667 0.650250 0.350667 0.644750 0.350333 0.640750 0.348333 0.635250 0.345333 0.631250 0.341333 0.628000
0 0.487333 0.711000 0.485667 0.712750 0.485667 0.717500 0.488667 0.724000 0.492667 0.729500 0.499000 0.733500 0.502000 0.734000 0.506667 0.733750 0.508000 0.731750 0.508333 0.726750 0.506333 0.720250 0.503000 0.717750 0.498333 0.711750 0.492333 0.710250 0.489333 0.710250
0 0.505333 0.743000 0.502000 0.742500 0.497667 0.743000 0.493333 0.746500 0.492000 0.749000 0.489333 0.758750 0.489000 0.764250 0.490333 0.767750 0.493667 0.769500 0.497667 0.769000 0.499333 0.768000 0.506667 0.759000 0.508000 0.754000 0.508000 0.748000 0.506667 0.744000
0 0.478333 0.739750 0.473667 0.741000 0.469667 0.743500 0.465667 0.750000 0.464667 0.757500 0.466000 0.764500 0.467667 0.765750 0.470667 0.766750 0.474667 0.766000 0.477000 0.764250 0.479667 0.761250 0.483000 0.755250 0.484000 0.748500 0.483333 0.743250 0.481333 0.740750
0 0.438000 0.747250 0.435667 0.746500 0.431000 0.746750 0.423667 0.749750 0.422000 0.751000 0.413333 0.760500 0.412000 0.763500 0.412000 0.767500 0.413000 0.768500 0.415333 0.769500 0.419000 0.769500 0.424000 0.768250 0.428333 0.766000 0.435667 0.760000 0.440000 0.752750 0.439667 0.748750
0 0.431000 0.810000 0.427000 0.812250 0.425667 0.814250 0.424667 0.822500 0.427333 0.829750 0.428333 0.830750 0.432333 0.832000 0.435333 0.831500 0.436667 0.830500 0.439000 0.826750 0.439667 0.819500 0.438333 0.814750 0.436000 0.811250 0.434667 0.810500
