0 0.287667 0.427250 0.288000 0.432000 0.290000 0.433500 0.295000 0.434750 0.303333 0.434500 0.310667 0.433500 0.316000 0.430750 0.317333 0.428250 0.316667 0.426000 0.314667 0.424250 0.307667 0.422500 0.299667 0.422500 0.294000 0.423250 0.291000 0.424250
0 0.408667 0.399000 0.404000 0.398500 0.400000 0.400000 0.392000 0.407750 0.390667 0.416250 0.392000 0.420000 0.395000 0.421500 0.400000 0.421500 0.403333 0.420500 0.405333 0.419000 0.409667 0.413000 0.412000 0.408250 0.412333 0.403250 0.411667 0.401000
0 0.419000 0.457750 0.416000 0.459250 0.414333 0.462750 0.414000 0.470500 0.414667 0.474500 0.416000 0.478000 0.418667 0.481750 0.420333 0.482750 0.424333 0.483000 0.427667 0.480750 0.429000 0.478250 0.429667 0.475000 0.429333 0.466250 0.427667 0.462000 0.424667 0.459500 0.421000 0.457750
0 0.381000 0.470250 0.380333 0.472500 0.380667 0.475250 0.384000 0.480250 0.388000 0.483750 0.392333 0.486250 0.398667 0.487750 0.404667 0.487750 0.406667 0.486750 0.408333 0.484250 0.408667 0.481250 0.406667 0.477250 0.402667 0.473250 0.397333 0.470250 0.390000 0.468500 0.384333 0.468750
0 0.510333 0.452750 0.506000 0.452750 0.502333 0.455000 0.500000 0.462000 0.500000 0.467750 0.502333 0.472750 0.505333 0.474250 0.510667 0.473250 0.513333 0.471250 0.515333 0.467000 0.515333 0.458750 0.514333 0.455250 0.513333 0.454000
0 0.513333 0.480250 0.508333 0.481750 0.504333 0.485500 0.502333 0.490000 0.501667 0.498250 0.503000 0.501250 0.505000 0.502500 0.510333 0.502500 0.513333 0.501500 0.516000 0.498000 0.517667 0.489500 0.517667 0.485500 0.516333 0.482750
0 0.385000 0.502750 0.383333 0.505500 0.384000 0.512750 0.390000 0.521250 0.392667 0.523500 0.399667 0.527000 0.403333 0.527500 0.405667 0.527000 0.408000 0.524750 0.408667 0.520750 0.407667 0.517250 0.404000 0.510500 0.396000 0.504000 0.393000 0.502500 0.388333 0.501750
0 0.365333 0.527500 0.362000 0.529500 0.360667 0.532750 0.361333 0.538500 0.363667 0.543500 0.368000 0.549250 0.369667 0.550000 0.372667 0.550250 0.375333 0.549000 0.378000 0.545250 0.377667 0.538750 0.375667 0.533000 0.373000 0.529250 0.369000 0.527500
0 0.404000 0.534000 0.399667 0.534000 0.397333 0.534750 0.393000 0.538000 0.390333 0.541250 0.387667 0.547250 0.387000 0.553250 0.388333 0.556500 0.391667 0.558500 0.397000 0.558000 0.404667 0.552250 0.406667 0.545000 0.407000 0.537500 0.406333 0.536000
0 0.460667 0.553000 0.458667 0.551000 0.455333 0.550000 0.446000 0.549500 0.439333 0.550250 0.431667 0.552750 0.428667 0.555750 0.428667 0.557750 0.430000 0.560000 0.433000 0.561500 0.441667 0.562500 0.447333 0.562250 0.455333 0.560750 0.458333 0.559250 0.460667 0.557250
0 0.490000 0.535250 0.486000 0.536000 0.481333 0.539500 0.479000 0.543000 0.478000 0.546250 0.478000 0.550500 0.479000 0.554250 0.482000 0.559000 0.485667 0.560750 0.487667 0.560750 0.491000 0.559750 0.494667 0.554000 0.496000 0.549250 0.495667 0.540500 0.494333 0.538500
0 0.509333 0.545000 0.505667 0.546750 0.504000 0.548750 0.501667 0.555250 0.501667 0.560250 0.505000 0.565250 0.508333 0.566250 0.510667 0.566250 0.513667 0.565000 0.516000 0.561250 0.517000 0.557250 0.517000 0.553000 0.516000 0.549000 0.514333 0.546250 0.513000 0.545250
0 0.635000 0.508000 0.631667 0.509750 0.629000 0.514250 0.629000 0.522250 0.630333 0.526000 0.633667 0.530500 0.638333 0.531500 0.642333 0.531250 0.644667 0.530500 0.647000 0.528000 0.647667 0.525750 0.647333 0.516750 0.645333 0.513000 0.642333 0.510000 0.639333 0.508250
0 0.536667 0.478750 0.533000 0.478500 0.531333 0.479000 0.525000 0.483250 0.523000 0.488500 0.523000 0.492500 0.524333 0.495250 0.528000 0.495500 0.529667 0.495000 0.537000 0.487500 0.538000 0.484250 0.538000 0.481250
0 0.537000 0.593000 0.532667 0.591250 0.528000 0.591500 0.516000 0.595000 0.507333 0.602750 0.507000 0.608000 0.509333 0.610500 0.513333 0.611750 0.521333 0.611000 0.529333 0.607750 0.537333 0.599250 0.538000 0.594500
0 0.428333 0.587250 0.423333 0.587250 0.421667 0.588000 0.415667 0.592250 0.412000 0.595750 0.408667 0.602250 0.409333 0.605750 0.411333 0.608000 0.414333 0.608250 0.419333 0.607500 0.423333 0.605250 0.428333 0.601000 0.431000 0.596000 0.431667 0.592750 0.431000 0.590000
0 0.342000 0.614000 0.338667 0.613250 0.334333 0.614000 0.329333 0.617250 0.325667 0.621750 0.322667 0.626500 0.322000 0.629750 0.322667 0.634000 0.325333 0.636250 0.330333 0.636250 0.334000 0.635000 0.341333 0.629750 0.344667 0.621750 0.344333 0.616750
0 0.411667 0.623250 0.408667 0.624250 0.406667 0.626500 0.404667 0.635750 0.407333 0.645000 0.409000 0.646750 0.412667 0.648000 0.415667 0.647000 0.419667 0.643000 0.421000 0.637750 0.421000 0.632500 0.419333 0.626000 0.415667 0.623750
0 0.465667 0.622750 0.462667 0.622750 0.458333 0.625000 0.455333 0.630000 0.454333 0.633500 0.454333 0.639250 0.455667 0.642000 0.458000 0.643500 0.460333 0.643500 0.463000 0.642500 0.465667 0.640500 0.467333 0.637750 0.469000 0.627000 0.467333 0.623250
0 0.553667 0.601000 0.549667 0.601250 0.545333 0.603500 0.542333 0.610500 0.542333 0.620000 0.544333 0.623750 0.546667 0.625250 0.549000 0.625750 0.552000 0.625250 0.554667 0.623750 0.557000 0.620500 0.559000 0.615750 0.559667 0.607750 0.558667 0.604250 0.556667 0.602000
0 0.568333 0.602750 0.565000 0.604500 0.563333 0.606750 0.562333 0.610500 0.562000 0.620750 0.563333 0.625750 0.565333 0.629000 0.568000 0.631250 0.572333 0.632000 0.576333 0.629250 0.578000 0.625750 0.578667 0.622750 0.578333 0.610250 0.577667 0.607250 0.576000 0.604500 0.572667 0.602750
0 0.590000 0.633750 0.587000 0.633750 0.584000 0.635250 0.580667 0.639000 0.579000 0.642250 0.578000 0.649250 0.578333 0.655500 0.580000 0.659000 0.584333 0.661000 0.587667 0.660750 0.591667 0.658750 0.594333 0.655000 0.596667 0.647750 0.597000 0.642500 0.595667 0.639000 0.592333 0.634250
0 0.548333 0.644000 0.545667 0.645000 0.543667 0.647250 0.542667 0.650000 0.542667 0.655000 0.544000 0.659750 0.546667 0.663250 0.548667 0.664500 0.552667 0.664750 0.555333 0.663000 0.557667 0.659250 0.557667 0.650750 0.553333 0.645000
0 0.514333 0.615500 0.510667 0.616000 0.508333 0.617500 0.506000 0.620500 0.504000 0.625500 0.503667 0.635500 0.505333 0.638750 0.509000 0.640500 0.513000 0.640250 0.516000 0.638250 0.519667 0.627750 0.519000 0.619000 0.517333 0.616750
0 0.435667 0.697500 0.432000 0.700000 0.430667 0.702500 0.430000 0.705750 0.431000 0.712500 0.434667 0.717750 0.439333 0.721250 0.444000 0.721750 0.447000 0.720250 0.449333 0.717250 0.449667 0.710500 0.448667 0.705000 0.446667 0.701500 0.443000 0.697750 0.440333 0.697250
0 0.388667 0.679750 0.386000 0.681500 0.384000 0.684500 0.383000 0.688750 0.383333 0.695500 0.384000 0.698000 0.387000 0.701500 0.388333 0.702250 0.392333 0.702500 0.396333 0.700250 0.397667 0.698250 0.398667 0.694250 0.398667 0.688000 0.396333 0.681500 0.393333 0.679750
0 0.550667 0.698750 0.548333 0.699250 0.546667 0.701000 0.545333 0.704250 0.545000 0.709000 0.547667 0.717750 0.548667 0.718750 0.552000 0.720000 0.553667 0.720000 0.557000 0.719000 0.559667 0.716500 0.560333 0.714250 0.560333 0.707750 0.559333 0.704250 0.557333 0.701500 0.553667 0.699000
0 0.487000 0.719750 0.482333 0.719750 0.479333 0.721000 0.477000 0.723500 0.475000 0.728250 0.474667 0.735000 0.475333 0.737250 0.477333 0.740750 0.481667 0.742500 0.486667 0.741250 0.488667 0.739750 0.491333 0.735000 0.492000 0.731000 0.491667 0.724500 0.490000 0.721000
0 0.483333 0.764750 0.477667 0.765000 0.474333 0.767250 0.470000 0.775250 0.470000 0.780750 0.471000 0.784000 0.473667 0.787750 0.478000 0.789750 0.481000 0.789250 0.484000 0.787500 0.487667 0.783000 0.489667 0.778750 0.490333 0.771750 0.489333 0.767750 0.487333 0.765750
