0 0.474667 0.661500 0.470000 0.661500 0.466000 0.664000 0.461667 0.668750 0.459333 0.674750 0.458667 0.682250 0.459667 0.684250 0.462000 0.685750 0.467333 0.685250 0.472333 0.682000 0.476333 0.677750 0.479000 0.669750 0.479000 0.665250 0.478000 0.663750
0 0.584667 0.559500 0.581000 0.559750 0.576667 0.561500 0.573333 0.563750 0.571333 0.566000 0.568667 0.572250 0.568667 0.576250 0.570333 0.579500 0.572667 0.581250 0.577000 0.581250 0.578667 0.580750 0.584667 0.577000 0.589000 0.568750 0.589333 0.563750 0.588000 0.561250
0 0.612000 0.575500 0.608667 0.574000 0.603667 0.574000 0.595667 0.576500 0.591333 0.579000 0.587667 0.582250 0.586333 0.586250 0.587000 0.589000 0.591333 0.590750 0.596333 0.591000 0.600333 0.590250 0.606333 0.587500 0.611667 0.583500 0.613667 0.580750 0.613667 0.578500
0 0.579000 0.596250 0.576000 0.597000 0.574000 0.599250 0.573000 0.602250 0.572667 0.607250 0.577333 0.619750 0.580000 0.622250 0.584000 0.622750 0.587667 0.619750 0.589333 0.616250 0.589333 0.607250 0.588000 0.602750 0.583667 0.597250
0 0.560667 0.577500 0.556667 0.577500 0.552333 0.579500 0.548333 0.587000 0.548333 0.592250 0.551000 0.597000 0.552667 0.598000 0.555667 0.597750 0.559000 0.596500 0.561000 0.595000 0.563000 0.591000 0.564333 0.582750 0.563333 0.579500
0 0.561333 0.599500 0.556333 0.600000 0.548000 0.606250 0.546000 0.611750 0.545333 0.618750 0.546000 0.620250 0.548667 0.622250 0.553333 0.622500 0.557333 0.621500 0.560667 0.619750 0.565667 0.611000 0.566333 0.607750 0.566333 0.603250 0.565000 0.601250
0 0.560333 0.625000 0.556000 0.625000 0.553667 0.626500 0.549667 0.634750 0.549667 0.639750 0.550667 0.644250 0.552000 0.646250 0.555667 0.648000 0.558000 0.648000 0.561000 0.647000 0.565000 0.638250 0.565000 0.631500 0.563000 0.626750
0 0.545333 0.572250 0.544000 0.572000 0.540333 0.572750 0.531333 0.579000 0.527333 0.587000 0.527667 0.589250 0.529667 0.591250 0.532333 0.592000 0.537000 0.591750 0.545333 0.585750 0.546667 0.583750 0.547667 0.579750 0.547667 0.575500
0 0.525333 0.548250 0.523333 0.549250 0.519000 0.555750 0.518333 0.565000 0.520000 0.568250 0.523667 0.572750 0.525333 0.573750 0.529000 0.573750 0.530000 0.573250 0.533333 0.568000 0.535000 0.562500 0.535000 0.558500 0.534333 0.556000 0.530333 0.549500 0.529000 0.548500
0 0.514333 0.565500 0.510000 0.566500 0.508000 0.568000 0.505000 0.571500 0.504000 0.576000 0.504333 0.582000 0.505333 0.585500 0.507000 0.588000 0.509000 0.589500 0.513333 0.590000 0.515333 0.589000 0.518667 0.584500 0.520333 0.580250 0.520333 0.572250 0.517333 0.567500
0 0.473333 0.572750 0.471333 0.571750 0.466333 0.572000 0.462333 0.573250 0.455667 0.576500 0.451667 0.580500 0.451333 0.584500 0.455667 0.586250 0.459667 0.586500 0.466000 0.584250 0.470333 0.580750 0.474000 0.576500
0 0.451333 0.586250 0.447000 0.588750 0.445667 0.591750 0.445000 0.595250 0.445667 0.603750 0.446667 0.606250 0.448333 0.608000 0.451000 0.609250 0.455333 0.609250 0.457667 0.608250 0.459000 0.606500 0.459667 0.604000 0.459667 0.594250 0.458667 0.590750 0.457000 0.588500 0.454667 0.586750
0 0.419667 0.594000 0.417333 0.595500 0.416333 0.598750 0.419000 0.607500 0.424333 0.614250 0.428000 0.616000 0.432333 0.616250 0.434000 0.615250 0.435667 0.612000 0.435667 0.606750 0.434667 0.602750 0.432333 0.599250 0.428000 0.595000 0.424333 0.593750
0 0.397333 0.546750 0.394333 0.547500 0.392000 0.549250 0.390333 0.555500 0.391333 0.564000 0.393000 0.566500 0.396000 0.568500 0.400000 0.567750 0.402667 0.565500 0.405000 0.558000 0.404667 0.552250 0.403333 0.549250 0.401000 0.547500
0 0.385000 0.552250 0.381333 0.552000 0.378000 0.553750 0.375667 0.556000 0.374333 0.560250 0.373667 0.572250 0.375667 0.576750 0.379000 0.577750 0.381667 0.577750 0.386000 0.575500 0.390333 0.568000 0.390667 0.562500 0.389667 0.556000 0.388333 0.554250
0 0.365333 0.573750 0.361667 0.574250 0.360333 0.575000 0.357333 0.578250 0.356000 0.581500 0.355667 0.584750 0.356667 0.591250 0.358667 0.593500 0.361333 0.594500 0.365333 0.594250 0.367333 0.592750 0.369667 0.587500 0.370000 0.580000 0.367333 0.575250
0 0.388333 0.601250 0.385000 0.601000 0.381667 0.602250 0.376333 0.607000 0.374667 0.611250 0.372667 0.620500 0.373333 0.624000 0.377000 0.626500 0.381000 0.626500 0.385333 0.624250 0.389333 0.619750 0.391333 0.615250 0.391667 0.608000 0.390667 0.603500
0 0.381000 0.706000 0.376667 0.708500 0.375333 0.711750 0.375333 0.719000 0.377000 0.725250 0.381667 0.729750 0.385000 0.731250 0.388000 0.731000 0.390333 0.729500 0.393333 0.724750 0.393333 0.717750 0.391333 0.712500 0.388667 0.708500 0.384667 0.706000
0 0.385333 0.634750 0.382000 0.634750 0.379667 0.635500 0.377333 0.637250 0.376000 0.639500 0.375333 0.642750 0.375667 0.651000 0.377000 0.653250 0.380000 0.654750 0.384333 0.654000 0.387333 0.651250 0.388667 0.648250 0.388667 0.639250 0.387667 0.637000
0 0.268000 0.619750 0.266667 0.620750 0.263333 0.625500 0.262667 0.631500 0.264333 0.638000 0.266667 0.642000 0.270000 0.644000 0.273000 0.644250 0.277333 0.643250 0.279333 0.641250 0.280667 0.635250 0.280333 0.628000 0.279333 0.624500 0.277333 0.622000 0.275000 0.620250 0.272000 0.619000
0 0.446667 0.733750 0.443333 0.734750 0.441000 0.737500 0.438667 0.743000 0.438667 0.748750 0.439667 0.752250 0.442667 0.756500 0.444000 0.757500 0.448000 0.758500 0.450667 0.757750 0.452333 0.756500 0.455333 0.752250 0.456333 0.749500 0.456333 0.743500 0.452667 0.735750 0.449667 0.734250
0 0.491667 0.601750 0.489000 0.601750 0.485667 0.603250 0.482000 0.612500 0.481667 0.617000 0.483000 0.623000 0.485000 0.625500 0.487000 0.626750 0.490333 0.626750 0.495333 0.623500 0.497667 0.618750 0.497667 0.606750 0.495667 0.603500 0.494333 0.602500
0 0.525667 0.605500 0.522333 0.604500 0.517667 0.605000 0.514333 0.606250 0.509333 0.609500 0.507667 0.611750 0.505333 0.617500 0.505333 0.620500 0.508000 0.624000 0.510333 0.624750 0.514667 0.624750 0.518333 0.623750 0.522333 0.621250 0.526667 0.615250 0.527667 0.612250 0.527333 0.607500
0 0.507333 0.633000 0.506333 0.634000 0.506333 0.635500 0.508000 0.639500 0.517667 0.648000 0.523333 0.650500 0.525667 0.651000 0.528667 0.650500 0.530000 0.648500 0.530000 0.644500 0.529000 0.642250 0.521000 0.636250 0.514333 0.632750 0.509000 0.632250
0 0.585333 0.672250 0.583333 0.672250 0.579000 0.674500 0.576667 0.677000 0.574667 0.681000 0.575333 0.689250 0.576667 0.691250 0.580000 0.693750 0.584333 0.693750 0.588667 0.690750 0.591000 0.685250 0.591333 0.680250 0.590667 0.677000 0.588667 0.673500
0 0.466000 0.423000 0.463000 0.423750 0.461667 0.424750 0.459000 0.428750 0.457667 0.432000 0.458000 0.439500 0.460667 0.444500 0.463000 0.446750 0.467667 0.448500 0.471333 0.447250 0.474333 0.444000 0.476000 0.437750 0.476000 0.432000 0.474333 0.428500 0.470667 0.424250
0 0.576000 0.452000 0.572333 0.454250 0.571333 0.456000 0.570667 0.459000 0.570667 0.467250 0.571667 0.470250 0.574333 0.473500 0.576000 0.474750 0.579667 0.475500 0.583667 0.474000 0.585333 0.471250 0.585667 0.461250 0.583667 0.454750 0.579667 0.452250
0 0.442333 0.420500 0.439667 0.421250 0.437667 0.423250 0.436000 0.430500 0.436000 0.436500 0.438333 0.444000 0.442000 0.446250 0.444333 0.446500 0.447667 0.445500 0.449667 0.444000 0.452000 0.440500 0.452667 0.432500 0.452000 0.428750 0.449667 0.423250 0.447000 0.421250
0 0.443667 0.465250 0.441333 0.467250 0.440333 0.471000 0.441667 0.477750 0.445000 0.483000 0.446667 0.484250 0.452000 0.485000 0.455000 0.483500 0.456333 0.481000 0.456667 0.476000 0.455667 0.471000 0.450667 0.465750 0.448333 0.465000
0 0.423333 0.508000 0.419333 0.509000 0.415667 0.513250 0.415000 0.515750 0.415333 0.525000 0.417333 0.528750 0.420000 0.531000 0.423000 0.531750 0.427333 0.531750 0.430000 0.530500 0.432333 0.528000 0.433667 0.524500 0.434000 0.517750 0.432667 0.513000 0.430000 0.509750 0.427333 0.508250
0 0.447333 0.516750 0.445667 0.518000 0.443000 0.525000 0.442667 0.530000 0.443667 0.533250 0.446333 0.536750 0.451000 0.537500 0.452667 0.536500 0.455667 0.532750 0.456667 0.529750 0.456667 0.524750 0.456000 0.522000 0.453667 0.518000 0.451333 0.516750
0 0.575667 0.529250 0.572667 0.530250 0.570333 0.533750 0.569667 0.538000 0.570000 0.544000 0.572333 0.548500 0.576000 0.551250 0.580333 0.551750 0.583333 0.549250 0.584667 0.546500 0.585333 0.542750 0.585000 0.537500 0.583000 0.533000
0 0.627667 0.558750 0.626000 0.559000 0.621667 0.561750 0.619667 0.563750 0.617333 0.571750 0.618000 0.576500 0.619333 0.578500 0.622333 0.580500 0.624000 0.580500 0.628000 0.578250 0.630333 0.576000 0.632333 0.572000 0.633000 0.568250 0.632333 0.562500 0.631000 0.560000
0 0.612333 0.659000 0.608667 0.657500 0.604000 0.657250 0.595333 0.659250 0.587333 0.665500 0.586667 0.670500 0.592000 0.673500 0.599333 0.673250 0.608333 0.671000 0.613000 0.667500 0.614333 0.665500 0.614333 0.662500
0 0.486333 0.692250 0.484667 0.693500 0.482333 0.698250 0.482333 0.702250 0.484667 0.709500 0.486667 0.712250 0.490333 0.715000 0.493000 0.716000 0.498000 0.715750 0.500667 0.713250 0.501667 0.709750 0.501333 0.704750 0.498667 0.696500 0.490333 0.692000
