0 0.760000 0.259000 0.757000 0.259250 0.754333 0.260750 0.752000 0.263000 0.749667 0.267750 0.749667 0.273500 0.751000 0.279750 0.752333 0.281250 0.755333 0.282250 0.759333 0.281750 0.761667 0.280750 0.763333 0.279250 0.764333 0.276750 0.764333 0.264500 0.762667 0.261250
0 0.642333 0.305000 0.642333 0.307500 0.646333 0.311000 0.656667 0.313000 0.663333 0.313000 0.669333 0.311750 0.673667 0.309000 0.675333 0.306500 0.674333 0.303250 0.673000 0.302000 0.667000 0.300000 0.658667 0.299000 0.651000 0.300000 0.643333 0.303250
0 0.658333 0.319500 0.654333 0.319500 0.652667 0.320250 0.649667 0.322750 0.648000 0.326250 0.647667 0.338000 0.649333 0.341750 0.652000 0.342750 0.655333 0.342750 0.658667 0.341500 0.661333 0.338500 0.662667 0.334750 0.663000 0.328000 0.662000 0.322250
0 0.694333 0.369500 0.693333 0.368750 0.691000 0.368500 0.684667 0.369250 0.681000 0.370750 0.674333 0.374750 0.671667 0.377000 0.667000 0.384000 0.667000 0.385500 0.668667 0.387500 0.669667 0.388000 0.678000 0.388000 0.685000 0.384500 0.694000 0.375500 0.694667 0.374000
0 0.685667 0.400500 0.682667 0.399000 0.676667 0.399000 0.671333 0.399750 0.668667 0.400750 0.662333 0.404250 0.659667 0.406750 0.659000 0.408750 0.660333 0.411000 0.662333 0.412250 0.666667 0.413000 0.672667 0.412750 0.678000 0.411500 0.685000 0.407500 0.686333 0.405000
0 0.657667 0.426500 0.654667 0.426500 0.650667 0.428250 0.647333 0.431250 0.645333 0.435000 0.644333 0.439750 0.645333 0.447250 0.647333 0.450000 0.650333 0.451500 0.654333 0.451500 0.656000 0.450500 0.660333 0.445000 0.662667 0.440000 0.662667 0.431250 0.659000 0.427000
0 0.627000 0.437250 0.624000 0.439500 0.622667 0.443000 0.622667 0.447750 0.627000 0.459250 0.630667 0.461500 0.636000 0.461750 0.638000 0.461250 0.640333 0.458750 0.641000 0.450000 0.639667 0.443750 0.635667 0.438750 0.630667 0.437000
0 0.589333 0.419750 0.589667 0.421750 0.591333 0.424500 0.596333 0.427000 0.604000 0.427500 0.611000 0.426750 0.615000 0.425500 0.616667 0.423500 0.617000 0.419750 0.615000 0.416750 0.608333 0.414750 0.599667 0.414500 0.595333 0.415000 0.590667 0.417500
0 0.569667 0.422750 0.565000 0.423250 0.563333 0.424500 0.559333 0.431500 0.558667 0.435000 0.559000 0.439750 0.560667 0.443000 0.563333 0.444250 0.565667 0.444250 0.568333 0.443000 0.570667 0.440500 0.573667 0.435000 0.573667 0.427000 0.572333 0.424000
0 0.591333 0.473500 0.587667 0.473750 0.581333 0.478250 0.579333 0.481750 0.578667 0.485000 0.579333 0.493250 0.580000 0.494500 0.584000 0.497000 0.588000 0.496250 0.590667 0.494750 0.594000 0.489750 0.595667 0.484000 0.595667 0.478750 0.593667 0.475250
0 0.568000 0.479500 0.564667 0.479750 0.561000 0.481750 0.558000 0.486250 0.556667 0.492000 0.557000 0.497250 0.559000 0.501500 0.564333 0.505750 0.568000 0.505250 0.571333 0.502500 0.574000 0.498500 0.575000 0.494500 0.575000 0.486250 0.573667 0.483000 0.571667 0.481000
0 0.586667 0.501500 0.583667 0.502250 0.580333 0.505750 0.578667 0.509250 0.578333 0.514500 0.579333 0.518250 0.581333 0.521250 0.584333 0.523750 0.588000 0.524500 0.591667 0.522000 0.593333 0.516000 0.593333 0.509250 0.592667 0.506000 0.591333 0.503750 0.588667 0.501750
0 0.759667 0.552750 0.756667 0.556000 0.755667 0.559500 0.756000 0.565000 0.758667 0.573000 0.763333 0.577250 0.766333 0.578000 0.771333 0.578000 0.773667 0.576500 0.775000 0.572750 0.773667 0.564000 0.772333 0.560000 0.769000 0.556000 0.764000 0.553000
0 0.751667 0.503500 0.747000 0.503250 0.736667 0.507250 0.732667 0.510250 0.730667 0.513000 0.729333 0.516500 0.730000 0.521250 0.732333 0.523250 0.735000 0.524000 0.740000 0.523500 0.749000 0.517750 0.752667 0.513500 0.753667 0.510250 0.753333 0.505500
0 0.638333 0.542750 0.635333 0.543750 0.633667 0.545500 0.632333 0.551750 0.632667 0.556750 0.634333 0.560750 0.638333 0.564500 0.641333 0.566250 0.643333 0.566500 0.645667 0.565750 0.647667 0.563750 0.649667 0.557250 0.649333 0.553000 0.647333 0.547750 0.643667 0.544000
0 0.658000 0.556500 0.653667 0.557250 0.650333 0.560500 0.648000 0.565000 0.646333 0.571000 0.646333 0.573500 0.647333 0.577000 0.650000 0.579750 0.654000 0.579000 0.658000 0.575750 0.661667 0.569000 0.662000 0.560500 0.659667 0.557250
0 0.627333 0.561250 0.626333 0.562500 0.625333 0.566500 0.625000 0.573000 0.625667 0.576750 0.627333 0.579750 0.633000 0.585000 0.634333 0.585500 0.637333 0.585250 0.640000 0.584000 0.643000 0.580000 0.641333 0.572500 0.639333 0.568250 0.636333 0.564250 0.631333 0.561250
0 0.615000 0.590000 0.610667 0.590750 0.606000 0.594250 0.603333 0.597250 0.602333 0.600500 0.602333 0.607750 0.604667 0.613750 0.606667 0.615750 0.610333 0.616500 0.613000 0.616250 0.616333 0.615000 0.619667 0.611000 0.621000 0.607000 0.621000 0.595250 0.619333 0.592750
0 0.585000 0.602000 0.582000 0.603000 0.579333 0.606250 0.578667 0.612000 0.579667 0.618750 0.582667 0.624250 0.587667 0.628000 0.590667 0.629000 0.592667 0.629000 0.597000 0.626750 0.599333 0.622500 0.599333 0.618250 0.597667 0.612000 0.592000 0.603500 0.587667 0.601750
0 0.572333 0.625750 0.567333 0.625750 0.564333 0.626750 0.562333 0.629000 0.559667 0.634250 0.559333 0.639500 0.561667 0.647000 0.564000 0.649250 0.568000 0.650500 0.572667 0.650000 0.575333 0.649000 0.577333 0.647250 0.578667 0.643000 0.579000 0.634000 0.577667 0.630000 0.576333 0.627750
0 0.544333 0.616000 0.540333 0.617000 0.539333 0.618000 0.538333 0.620500 0.538333 0.623750 0.539667 0.627250 0.540333 0.632250 0.545000 0.637250 0.549000 0.638250 0.552333 0.636000 0.554333 0.631500 0.554333 0.625500 0.551667 0.619500 0.548333 0.617000
0 0.533333 0.623500 0.529333 0.623750 0.527000 0.625000 0.525333 0.626750 0.523333 0.633750 0.523667 0.640500 0.525667 0.644250 0.528333 0.645750 0.532333 0.645000 0.534333 0.643750 0.538000 0.635750 0.537000 0.626500
0 0.522000 0.645750 0.518000 0.648250 0.516667 0.650250 0.516333 0.661000 0.517667 0.665500 0.521000 0.669250 0.526000 0.670500 0.529667 0.669000 0.531000 0.666500 0.532333 0.654000 0.530000 0.649000 0.526333 0.646750
0 0.460333 0.605250 0.457333 0.605500 0.453667 0.608000 0.451000 0.611500 0.449000 0.618500 0.449000 0.623000 0.450000 0.627500 0.452333 0.630250 0.455333 0.631750 0.458667 0.631250 0.461000 0.629000 0.464667 0.623000 0.466333 0.616500 0.466333 0.612250 0.464667 0.607750 0.462667 0.606000
0 0.514000 0.595750 0.512000 0.597250 0.510000 0.601750 0.510000 0.607500 0.511000 0.611500 0.513000 0.615750 0.517000 0.619750 0.521000 0.622000 0.525333 0.622500 0.528333 0.621250 0.530333 0.619000 0.531000 0.611500 0.529667 0.604250 0.526000 0.599000 0.522000 0.595750 0.518667 0.595250
0 0.513000 0.696250 0.511333 0.693250 0.504667 0.689750 0.502667 0.689250 0.492667 0.689500 0.484333 0.692000 0.481667 0.694000 0.480333 0.696250 0.480333 0.697750 0.482667 0.701000 0.485333 0.702750 0.490333 0.704250 0.497667 0.704250 0.505333 0.703250 0.509333 0.702000 0.513000 0.698250
0 0.530667 0.694000 0.528667 0.694000 0.524333 0.696000 0.520667 0.704750 0.521000 0.713250 0.523333 0.716750 0.525667 0.718000 0.530000 0.717250 0.534333 0.712750 0.536667 0.709000 0.537000 0.703500 0.535667 0.697500 0.533333 0.694750
0 0.506333 0.708250 0.503333 0.709000 0.496667 0.713250 0.493667 0.719000 0.493667 0.725500 0.495000 0.728250 0.497333 0.730000 0.501333 0.729750 0.503333 0.728000 0.506667 0.723000 0.508000 0.711500
0 0.613667 0.728500 0.611333 0.729000 0.610000 0.730000 0.607333 0.735000 0.606333 0.739250 0.606667 0.746250 0.607333 0.748750 0.610333 0.753250 0.614667 0.755750 0.618333 0.755750 0.622667 0.753000 0.624000 0.750750 0.625333 0.741750 0.625000 0.736250 0.624000 0.732500 0.622667 0.730500 0.619000 0.728750
0 0.632333 0.656000 0.630000 0.656750 0.627333 0.661000 0.626333 0.665250 0.626667 0.670250 0.630333 0.677250 0.634000 0.679250 0.636333 0.679250 0.639333 0.678000 0.642333 0.670500 0.642333 0.664250 0.639333 0.657750 0.635667 0.656000
