0 0.584000 0.344000 0.580333 0.345500 0.579667 0.348000 0.580000 0.351000 0.583333 0.354500 0.585000 0.357500 0.583333 0.365750 0.584333 0.368500 0.586000 0.370000 0.590333 0.371500 0.592333 0.371500 0.594333 0.370000 0.596667 0.365750 0.597333 0.362500 0.596667 0.353250 0.593667 0.347750 0.591667 0.345500 0.588000 0.344250
0 0.586333 0.357000 0.584000 0.354250 0.580667 0.351750 0.564667 0.355750 0.560000 0.357500 0.555667 0.360250 0.554667 0.362250 0.554667 0.366250 0.556000 0.368000 0.561000 0.369000 0.568667 0.368750 0.577000 0.367000 0.580333 0.365750 0.584667 0.362500
0 0.546000 0.355000 0.544333 0.355250 0.540333 0.358250 0.538333 0.361000 0.535000 0.368250 0.535333 0.371750 0.536333 0.373750 0.541000 0.375500 0.544667 0.375250 0.547333 0.373750 0.551000 0.368750 0.552333 0.365000 0.552667 0.361250 0.551333 0.357750 0.549667 0.356000
0 0.559667 0.377750 0.556000 0.379500 0.555000 0.382000 0.554667 0.389500 0.555667 0.394750 0.557000 0.397500 0.560667 0.400750 0.563667 0.401750 0.567667 0.401750 0.570333 0.400000 0.571667 0.396500 0.572000 0.392000 0.570333 0.385500 0.568667 0.382500 0.564333 0.379000 0.561333 0.377750
0 0.599333 0.370500 0.595333 0.372500 0.594000 0.375250 0.593667 0.384750 0.594667 0.388250 0.598667 0.393250 0.603000 0.396250 0.606667 0.397250 0.610333 0.397000 0.613000 0.395750 0.614667 0.393250 0.613000 0.385250 0.609667 0.380750 0.606000 0.374000 0.602000 0.371000
0 0.621000 0.352500 0.618000 0.352250 0.613333 0.353500 0.604000 0.359750 0.602333 0.361500 0.599667 0.368250 0.599667 0.370000 0.601667 0.373000 0.607000 0.375750 0.615000 0.372500 0.623000 0.364500 0.624333 0.360250 0.624333 0.356250 0.623000 0.353500
0 0.664667 0.429750 0.663667 0.431500 0.664667 0.435500 0.670667 0.440500 0.674333 0.442750 0.678667 0.444000 0.683667 0.444250 0.685333 0.443750 0.686000 0.442000 0.685333 0.437250 0.683000 0.434750 0.677667 0.431000 0.669667 0.428750 0.666000 0.429000
0 0.606667 0.427250 0.603000 0.428250 0.599667 0.431000 0.598333 0.435000 0.598000 0.441250 0.599000 0.445500 0.602333 0.450000 0.604333 0.451000 0.608333 0.451500 0.611000 0.450500 0.614333 0.448000 0.616000 0.445750 0.617333 0.441250 0.617333 0.435250 0.615667 0.430750 0.611667 0.428000
0 0.512667 0.483000 0.509333 0.482000 0.506000 0.482000 0.503000 0.482750 0.493667 0.489250 0.490667 0.493500 0.489333 0.497250 0.489667 0.501750 0.491000 0.503000 0.494333 0.504000 0.498000 0.504000 0.502000 0.503250 0.506333 0.501250 0.510000 0.497500 0.514333 0.491250 0.515000 0.486250 0.514333 0.484500
0 0.531333 0.493500 0.527333 0.493250 0.524000 0.494250 0.516000 0.501250 0.514333 0.511000 0.515667 0.514250 0.517667 0.515500 0.521000 0.515750 0.526333 0.514500 0.530333 0.510500 0.533000 0.505750 0.534667 0.500750 0.534000 0.495500
0 0.662000 0.488750 0.658333 0.486500 0.653667 0.486000 0.649667 0.486500 0.641667 0.490250 0.636000 0.493750 0.634000 0.496250 0.633333 0.498000 0.633333 0.502250 0.634000 0.503250 0.638667 0.505000 0.643333 0.505250 0.648000 0.503750 0.654333 0.500750 0.661667 0.493500 0.662333 0.491750
0 0.688667 0.509500 0.686333 0.506250 0.684667 0.505250 0.679333 0.504500 0.672667 0.504500 0.661000 0.506500 0.658333 0.507500 0.655667 0.509500 0.655333 0.510750 0.656000 0.513750 0.658333 0.515250 0.678000 0.517500 0.685000 0.515750 0.688333 0.513500
0 0.689000 0.488250 0.687333 0.490250 0.687000 0.493500 0.687333 0.501500 0.688667 0.505000 0.696667 0.513500 0.700000 0.514500 0.705000 0.514250 0.706667 0.513250 0.708333 0.510000 0.706000 0.501250 0.701333 0.494000 0.693667 0.489000
0 0.759667 0.516000 0.757000 0.517750 0.755333 0.523000 0.755667 0.529250 0.759000 0.535000 0.763333 0.538250 0.768000 0.538750 0.770333 0.537000 0.772000 0.534250 0.772000 0.525000 0.767333 0.517500 0.764000 0.516250
0 0.674333 0.524000 0.673000 0.525000 0.672333 0.527000 0.672333 0.533000 0.674000 0.538000 0.680000 0.545250 0.682333 0.546500 0.686000 0.547000 0.689000 0.545250 0.690000 0.542750 0.690000 0.536250 0.689000 0.532750 0.685333 0.526500 0.683333 0.525000 0.678667 0.523500
0 0.666667 0.544250 0.665000 0.547500 0.665333 0.551500 0.672000 0.561000 0.677000 0.565000 0.681000 0.567250 0.684667 0.568000 0.686333 0.567750 0.690333 0.564750 0.690333 0.560750 0.689000 0.556750 0.685333 0.550250 0.682000 0.547250 0.674667 0.544250 0.670667 0.543250
0 0.607333 0.532000 0.603667 0.533500 0.602000 0.536250 0.601333 0.545750 0.603000 0.550750 0.604667 0.553250 0.608333 0.555250 0.612000 0.555500 0.615667 0.554500 0.617667 0.552250 0.618667 0.549250 0.618333 0.540500 0.615000 0.533750 0.612000 0.532250
0 0.588333 0.513750 0.583333 0.514000 0.580333 0.515500 0.579000 0.518000 0.578333 0.529500 0.579667 0.532000 0.583000 0.533250 0.584667 0.533000 0.590000 0.529750 0.592333 0.525500 0.592000 0.517000 0.591333 0.515750
0 0.563333 0.535750 0.561000 0.536500 0.556667 0.540500 0.555333 0.544750 0.555333 0.549000 0.557000 0.553750 0.561667 0.558000 0.565000 0.559000 0.567667 0.558000 0.569333 0.556500 0.571667 0.552250 0.572333 0.547000 0.571333 0.541500 0.569667 0.538250 0.567667 0.536500
0 0.594333 0.549000 0.591000 0.549000 0.587333 0.550500 0.583333 0.556000 0.581000 0.563750 0.581333 0.569250 0.583000 0.572750 0.587333 0.574750 0.592667 0.573000 0.596667 0.568750 0.599000 0.564000 0.599667 0.559750 0.598333 0.552750 0.596667 0.550000
0 0.567333 0.563500 0.563667 0.563500 0.560000 0.565750 0.556333 0.572500 0.556333 0.577750 0.558333 0.583500 0.560333 0.585500 0.565000 0.586000 0.569333 0.583750 0.571667 0.580250 0.573000 0.575750 0.573000 0.571000 0.572000 0.567750 0.569667 0.564500
0 0.512000 0.564000 0.510667 0.562000 0.506000 0.559000 0.502333 0.557750 0.498000 0.557500 0.493333 0.558000 0.486000 0.560000 0.481667 0.562500 0.480667 0.564000 0.480667 0.565500 0.481667 0.568000 0.485667 0.570250 0.490000 0.571000 0.496667 0.571000 0.502000 0.570500 0.506667 0.569000 0.511000 0.566000
0 0.545000 0.593250 0.541333 0.594250 0.539667 0.595500 0.538000 0.599000 0.537333 0.604250 0.539667 0.612000 0.541333 0.613500 0.544000 0.614500 0.546333 0.614500 0.550000 0.613250 0.553333 0.609750 0.554333 0.606750 0.554333 0.601500 0.552000 0.595250 0.549333 0.593750
0 0.564000 0.596250 0.560667 0.599500 0.558667 0.603500 0.559000 0.611750 0.560000 0.614250 0.562667 0.617500 0.564667 0.618750 0.568667 0.619000 0.572333 0.616250 0.573333 0.614750 0.574333 0.611500 0.574000 0.603000 0.572000 0.599500 0.568333 0.596250
0 0.591000 0.590750 0.587333 0.590750 0.583333 0.593250 0.581667 0.595500 0.580667 0.601250 0.580667 0.606750 0.582000 0.611750 0.583667 0.613500 0.587333 0.615000 0.589667 0.614750 0.592333 0.613250 0.595667 0.607000 0.596667 0.603000 0.596333 0.596000 0.592667 0.591750
0 0.569000 0.637500 0.566667 0.637750 0.564000 0.639000 0.561000 0.643250 0.559333 0.648750 0.559667 0.655500 0.561333 0.658500 0.564000 0.660750 0.568333 0.660250 0.570333 0.658750 0.574000 0.654500 0.575000 0.651500 0.575000 0.642750 0.573000 0.639000
0 0.595667 0.678250 0.591333 0.678000 0.588000 0.678500 0.583333 0.680250 0.580333 0.682250 0.575000 0.689500 0.573667 0.692750 0.574333 0.695500 0.576000 0.697750 0.579333 0.699000 0.583667 0.698500 0.592000 0.693250 0.598333 0.685250 0.598667 0.681500
0 0.549333 0.707500 0.545333 0.707500 0.541000 0.710500 0.539333 0.712750 0.538333 0.717000 0.540000 0.728000 0.541333 0.730250 0.545000 0.733000 0.549000 0.732250 0.552667 0.729500 0.555000 0.724250 0.555333 0.716000 0.554667 0.712500 0.553333 0.710000
0 0.478667 0.732750 0.475000 0.734000 0.473333 0.735500 0.472333 0.739000 0.472667 0.744000 0.474000 0.749000 0.477667 0.756750 0.481667 0.758500 0.483333 0.758500 0.487000 0.757250 0.490000 0.753500 0.491333 0.749000 0.491000 0.743500 0.487000 0.735500 0.482667 0.732750
0 0.682333 0.612500 0.678333 0.613500 0.674333 0.616500 0.672333 0.619000 0.671000 0.623250 0.671000 0.627000 0.672333 0.630750 0.674000 0.632250 0.677000 0.633250 0.678333 0.633250 0.682333 0.631000 0.685333 0.627750 0.686667 0.624500 0.687333 0.619750 0.686667 0.615500 0.685333 0.613500
0 0.713667 0.623500 0.711333 0.623000 0.706000 0.623250 0.696667 0.627750 0.691333 0.634750 0.691333 0.642250 0.693000 0.644250 0.695000 0.644750 0.701333 0.644250 0.710667 0.639000 0.716667 0.631250 0.716667 0.626000
