0 0.522000 0.499750 0.520000 0.499250 0.512667 0.499500 0.504667 0.502000 0.502000 0.504250 0.499333 0.509000 0.498000 0.512750 0.498333 0.514500 0.502000 0.516500 0.506667 0.516500 0.515000 0.514500 0.522000 0.508750 0.523667 0.505750 0.523667 0.501750
0 0.517333 0.527000 0.513667 0.526500 0.510333 0.527750 0.503333 0.533750 0.502000 0.536750 0.501333 0.541250 0.503000 0.545000 0.505000 0.546250 0.509667 0.546000 0.513333 0.544500 0.519000 0.537250 0.520333 0.533750 0.519667 0.529250
0 0.552000 0.533500 0.549333 0.535500 0.548667 0.538000 0.550667 0.541750 0.555667 0.546500 0.560333 0.548000 0.564000 0.550500 0.569000 0.550500 0.570667 0.548750 0.572000 0.545500 0.570667 0.540250 0.564333 0.535750 0.560000 0.533500 0.557333 0.533000
0 0.582667 0.513750 0.579667 0.513750 0.575333 0.516500 0.572667 0.521250 0.570000 0.530250 0.571333 0.533250 0.573000 0.534000 0.577000 0.534000 0.583333 0.529250 0.584667 0.527250 0.586000 0.522250 0.586000 0.518000 0.584667 0.514750
0 0.640000 0.501750 0.638000 0.502250 0.635000 0.504500 0.633333 0.508750 0.633667 0.516500 0.635000 0.519750 0.639000 0.524500 0.641667 0.526250 0.646000 0.526250 0.647667 0.525250 0.651000 0.521250 0.652000 0.517750 0.651667 0.509250 0.649667 0.506000 0.646000 0.502500 0.643333 0.501750
0 0.584333 0.538000 0.580000 0.538250 0.576000 0.540250 0.571333 0.548500 0.570333 0.554000 0.570333 0.557750 0.571333 0.560250 0.572667 0.561250 0.578667 0.561500 0.583667 0.559750 0.588000 0.553250 0.589333 0.547250 0.588667 0.541000 0.587000 0.539250
0 0.552333 0.548750 0.548333 0.550250 0.544000 0.556500 0.542333 0.563500 0.542333 0.567000 0.544667 0.572250 0.548333 0.574500 0.552667 0.574000 0.554000 0.573000 0.558000 0.567750 0.560000 0.561000 0.559667 0.555750 0.558667 0.553250 0.555333 0.550000
0 0.451333 0.584750 0.446667 0.585250 0.443667 0.587250 0.441000 0.590750 0.439667 0.594500 0.440333 0.603250 0.442333 0.606500 0.445667 0.608000 0.448667 0.608000 0.452667 0.606250 0.456333 0.599500 0.456667 0.592000 0.456000 0.588750 0.455000 0.587000
0 0.466667 0.594000 0.465000 0.595250 0.464000 0.599250 0.465000 0.607750 0.467000 0.611250 0.471333 0.614750 0.474667 0.615000 0.478333 0.612750 0.479667 0.610750 0.480333 0.604000 0.479333 0.600500 0.476333 0.595500 0.475000 0.594500 0.471667 0.593750
0 0.504000 0.604500 0.501667 0.606750 0.501667 0.610250 0.504667 0.616000 0.510000 0.620000 0.514000 0.621500 0.518333 0.622250 0.522000 0.621000 0.523333 0.618000 0.523000 0.615000 0.521333 0.611250 0.513333 0.606250 0.506333 0.604000
0 0.525667 0.606000 0.524000 0.607750 0.523667 0.612750 0.526000 0.618750 0.529667 0.621250 0.536667 0.623750 0.541667 0.622500 0.544333 0.619500 0.544000 0.615250 0.541667 0.610750 0.533333 0.606000 0.530000 0.605250
0 0.525333 0.621750 0.521333 0.626750 0.520333 0.634500 0.521667 0.638750 0.524667 0.643500 0.529000 0.645000 0.533000 0.643000 0.535000 0.640000 0.536000 0.635500 0.535667 0.631500 0.533667 0.625250 0.529000 0.622000
0 0.420000 0.604500 0.418333 0.606500 0.419000 0.612000 0.421667 0.615750 0.428000 0.619750 0.431667 0.620750 0.436333 0.620500 0.439333 0.617500 0.440000 0.613750 0.439333 0.611500 0.435667 0.607250 0.432333 0.605750 0.428667 0.605500 0.426667 0.604750
0 0.452000 0.648750 0.448667 0.648750 0.443667 0.649750 0.440000 0.655250 0.439000 0.663250 0.440667 0.669000 0.442667 0.671750 0.446667 0.674000 0.451333 0.673750 0.456000 0.670250 0.458667 0.665750 0.458333 0.654000 0.456333 0.650750
0 0.474667 0.656750 0.472000 0.657000 0.469667 0.658000 0.466333 0.666250 0.467000 0.670000 0.468667 0.673750 0.470333 0.675250 0.475333 0.674500 0.478667 0.670250 0.479667 0.667500 0.479667 0.662250 0.478667 0.659500 0.476667 0.657500
0 0.489667 0.647500 0.487667 0.648250 0.485667 0.650250 0.485000 0.654750 0.485667 0.663000 0.487667 0.666750 0.492333 0.671250 0.498333 0.672250 0.500333 0.670750 0.502333 0.666500 0.502667 0.660750 0.502000 0.657750 0.498333 0.649000 0.494667 0.647500
0 0.497333 0.674750 0.494333 0.674750 0.491667 0.676500 0.487667 0.681250 0.486333 0.686000 0.486333 0.690750 0.487667 0.694000 0.489667 0.696750 0.493000 0.698250 0.496000 0.697750 0.498667 0.696000 0.500333 0.693500 0.501667 0.689250 0.501667 0.680500 0.500000 0.676750
0 0.510333 0.680000 0.508000 0.682000 0.506667 0.686750 0.507667 0.696500 0.510000 0.700250 0.512667 0.702000 0.517667 0.702250 0.519667 0.700750 0.521667 0.697500 0.522000 0.689500 0.518667 0.684000 0.514333 0.680000
0 0.489667 0.702750 0.486667 0.703500 0.485333 0.705250 0.484667 0.708250 0.485333 0.718250 0.487000 0.721250 0.491000 0.725000 0.493333 0.726000 0.497667 0.726500 0.499667 0.724500 0.501333 0.720500 0.501667 0.715500 0.500667 0.711500 0.497667 0.705000 0.494333 0.703000
0 0.495000 0.727750 0.490667 0.728250 0.486667 0.731000 0.485000 0.734750 0.485000 0.744750 0.486667 0.747750 0.490000 0.749500 0.494667 0.748500 0.498000 0.746000 0.500000 0.740500 0.499333 0.732250 0.497667 0.729250
0 0.604000 0.578750 0.599333 0.579000 0.596000 0.581000 0.592333 0.587750 0.592333 0.593500 0.594000 0.599000 0.595000 0.600500 0.599000 0.601750 0.604667 0.600500 0.607000 0.598000 0.608333 0.594750 0.609000 0.589500 0.608333 0.583000 0.607000 0.580250
0 0.420333 0.557000 0.419000 0.558000 0.418000 0.560000 0.419000 0.568500 0.423000 0.576000 0.428000 0.578750 0.435667 0.579250 0.437667 0.576250 0.438000 0.571500 0.436333 0.565250 0.434000 0.561250 0.431667 0.558750 0.427667 0.556750 0.423000 0.556500
0 0.358000 0.612250 0.354333 0.614750 0.352667 0.619000 0.353333 0.624750 0.357333 0.631250 0.361000 0.634250 0.364333 0.635750 0.366000 0.635750 0.369667 0.633000 0.371000 0.630500 0.371333 0.625000 0.370333 0.621000 0.369000 0.618250 0.364667 0.613500 0.361000 0.612000
0 0.338333 0.550500 0.333667 0.551000 0.330000 0.553500 0.327667 0.556500 0.325667 0.563500 0.325667 0.569000 0.327667 0.570750 0.330000 0.571750 0.333667 0.571750 0.337333 0.569500 0.341667 0.563250 0.342333 0.555250 0.341333 0.552500
0 0.296667 0.528750 0.295000 0.531000 0.294667 0.533750 0.297667 0.537250 0.305000 0.541750 0.313667 0.544500 0.317667 0.544000 0.320333 0.542500 0.321333 0.540750 0.321333 0.537500 0.320000 0.534500 0.318000 0.532500 0.308667 0.528500 0.304000 0.527500 0.298667 0.527750
0 0.381333 0.527000 0.379333 0.527000 0.376333 0.528000 0.372333 0.532000 0.371333 0.534250 0.371333 0.540750 0.373000 0.545500 0.377000 0.547750 0.381333 0.547250 0.385000 0.544500 0.387667 0.538500 0.387667 0.533750 0.386667 0.531250 0.384667 0.528750
0 0.428000 0.532750 0.423667 0.533500 0.415333 0.541000 0.414000 0.546250 0.414000 0.550250 0.414667 0.552500 0.416667 0.554250 0.421000 0.554500 0.424667 0.553000 0.428000 0.550750 0.431333 0.545500 0.432000 0.537250 0.431000 0.535250
0 0.431667 0.520250 0.428333 0.517500 0.424667 0.516750 0.416333 0.518000 0.408667 0.522000 0.405333 0.525000 0.404000 0.529500 0.406000 0.531000 0.409667 0.532000 0.414000 0.532000 0.421000 0.531000 0.429000 0.526500 0.431667 0.522500
0 0.471000 0.523000 0.467333 0.523000 0.463000 0.525250 0.461667 0.527750 0.460667 0.533000 0.460667 0.541500 0.463000 0.544500 0.467333 0.544750 0.474667 0.537000 0.475333 0.534750 0.475000 0.525750 0.474000 0.524250
0 0.419667 0.583250 0.418000 0.584500 0.416333 0.587250 0.416333 0.592250 0.418667 0.596500 0.423667 0.601750 0.425667 0.602250 0.431333 0.602000 0.433333 0.600500 0.434333 0.597000 0.434000 0.592250 0.431667 0.588000 0.428000 0.585000 0.424333 0.583500
0 0.435333 0.373250 0.431667 0.376250 0.431667 0.381250 0.435000 0.388250 0.438667 0.394000 0.443000 0.397750 0.446000 0.398750 0.450333 0.398250 0.451667 0.397000 0.452333 0.394000 0.452000 0.388000 0.450667 0.383500 0.446333 0.377250 0.444000 0.375500 0.439000 0.373750
0 0.486667 0.403000 0.484000 0.405000 0.482667 0.407500 0.482667 0.409500 0.485667 0.420500 0.489667 0.424000 0.491000 0.424000 0.495000 0.420750 0.496000 0.414500 0.494000 0.408250 0.491000 0.404000 0.490000 0.403250
0 0.490333 0.427000 0.486667 0.431000 0.486667 0.439000 0.488667 0.443000 0.490000 0.444250 0.494667 0.444750 0.496333 0.443500 0.498000 0.439000 0.498000 0.431250 0.494667 0.427500
0 0.532000 0.413000 0.531333 0.416500 0.534000 0.420000 0.538000 0.421750 0.548667 0.425000 0.557000 0.424500 0.559667 0.423500 0.560667 0.422500 0.561333 0.417750 0.560333 0.415250 0.552667 0.412000 0.544667 0.410500 0.539667 0.410500 0.534000 0.411500
0 0.466000 0.423000 0.463333 0.424750 0.461667 0.427250 0.460667 0.431750 0.460667 0.439000 0.462333 0.444000 0.466000 0.446750 0.468333 0.447000 0.470333 0.446500 0.472333 0.445000 0.474333 0.442250 0.476000 0.437000 0.476000 0.432000 0.475333 0.428750 0.472667 0.424500 0.470000 0.423000
0 0.436000 0.439000 0.434667 0.440250 0.433333 0.443750 0.433333 0.450750 0.435667 0.455000 0.440333 0.456500 0.443000 0.456750 0.445000 0.455500 0.445333 0.452750 0.448000 0.451250 0.448333 0.448500 0.451000 0.447750 0.451000 0.445750 0.448667 0.442250 0.445000 0.441500 0.444000 0.438750
0 0.367667 0.427000 0.366333 0.428500 0.365667 0.432250 0.368333 0.437500 0.373333 0.441750 0.376000 0.443000 0.377667 0.443250 0.381333 0.442500 0.385667 0.439250 0.386000 0.435500 0.382667 0.431000 0.373667 0.426750 0.369333 0.426500
0 0.353000 0.454000 0.349000 0.455000 0.346333 0.458500 0.345333 0.463250 0.345667 0.466750 0.348333 0.474250 0.352000 0.479000 0.353333 0.480000 0.357000 0.480500 0.361000 0.479000 0.364333 0.475250 0.365667 0.470750 0.364667 0.462500 0.361667 0.458000 0.357333 0.454500
0 0.451333 0.465250 0.446000 0.466000 0.440667 0.469000 0.438333 0.471250 0.434667 0.477750 0.434667 0.481000 0.435333 0.483000 0.439333 0.485750 0.442667 0.485750 0.450000 0.483250 0.453333 0.479500 0.456000 0.474250 0.456333 0.469750 0.455000 0.467250
0 0.478333 0.459000 0.475333 0.458000 0.471000 0.458750 0.466000 0.462250 0.462667 0.466250 0.461000 0.471750 0.461667 0.478250 0.463000 0.480000 0.466333 0.480750 0.470000 0.480000 0.475000 0.476250 0.480333 0.467500 0.481000 0.465250 0.481000 0.462250
0 0.454667 0.485000 0.452333 0.484250 0.447333 0.484750 0.444333 0.486000 0.439667 0.489750 0.436667 0.495000 0.436667 0.498750 0.439000 0.501000 0.444333 0.500250 0.448000 0.498750 0.451333 0.496250 0.455333 0.490250 0.455667 0.486250
0 0.400000 0.485750 0.397333 0.487250 0.393000 0.492500 0.392333 0.494250 0.392667 0.502000 0.395333 0.506750 0.398000 0.508250 0.401667 0.508750 0.404667 0.508000 0.407667 0.505000 0.409667 0.499250 0.409667 0.493750 0.408333 0.490500 0.405000 0.486750
0 0.416000 0.496500 0.413667 0.500750 0.413667 0.504500 0.415000 0.508250 0.420333 0.514500 0.427333 0.515250 0.429333 0.513500 0.430333 0.509500 0.428333 0.501750 0.420333 0.496250
0 0.569000 0.493250 0.567000 0.491750 0.560333 0.489750 0.556667 0.490000 0.549000 0.492500 0.542000 0.497500 0.541000 0.499500 0.541000 0.502250 0.543667 0.504250 0.546667 0.505000 0.551333 0.505000 0.560333 0.502750 0.564000 0.499500 0.568000 0.497250 0.569000 0.495500
0 0.563667 0.473000 0.561667 0.472500 0.556667 0.473000 0.551667 0.476500 0.550667 0.478750 0.551000 0.483000 0.553333 0.487000 0.556000 0.487750 0.561000 0.487750 0.565000 0.485000 0.566000 0.483000 0.566667 0.478500 0.565333 0.474250
0 0.528333 0.509750 0.525000 0.511500 0.523000 0.516250 0.524000 0.526000 0.525667 0.529250 0.529667 0.533000 0.533333 0.534750 0.537667 0.534750 0.540667 0.533500 0.543333 0.530750 0.543667 0.525250 0.537667 0.515250 0.529667 0.509750
