0 0.276667 0.509000 0.274667 0.509500 0.272667 0.513000 0.272000 0.518000 0.273000 0.523500 0.275000 0.528000 0.278333 0.530000 0.281000 0.530000 0.284000 0.528500 0.285333 0.526000 0.286000 0.517000 0.283667 0.513000 0.280333 0.509500 0.279333 0.509000
0 0.248667 0.751000 0.243667 0.751250 0.242000 0.752000 0.234000 0.760000 0.231667 0.767250 0.232000 0.771250 0.234000 0.773750 0.236333 0.775250 0.239667 0.775250 0.244333 0.773250 0.248667 0.769000 0.252000 0.758750 0.252000 0.754750 0.250667 0.752250
0 0.236333 0.625500 0.234333 0.627500 0.233667 0.630250 0.234000 0.637750 0.235667 0.645000 0.239333 0.650500 0.244000 0.652250 0.247333 0.650750 0.249000 0.647500 0.249667 0.643250 0.249000 0.635000 0.247667 0.632500 0.241333 0.626500
0 0.356667 0.631750 0.353000 0.631000 0.348000 0.632000 0.344333 0.633500 0.341333 0.635750 0.336667 0.642250 0.337000 0.646500 0.338333 0.647750 0.341000 0.648500 0.345000 0.648250 0.347333 0.647250 0.351333 0.644250 0.357333 0.638000 0.358000 0.634000
0 0.353000 0.658000 0.352000 0.661000 0.352333 0.663250 0.356667 0.668000 0.360000 0.670250 0.365667 0.672000 0.372333 0.673000 0.377000 0.672500 0.380333 0.670250 0.380333 0.665500 0.373000 0.658750 0.369667 0.657500 0.361667 0.656500 0.356667 0.656500
0 0.415333 0.656500 0.411333 0.657500 0.408333 0.660250 0.407667 0.662000 0.407667 0.668250 0.408667 0.672500 0.411667 0.677750 0.415667 0.681000 0.419667 0.681500 0.424333 0.677250 0.425333 0.674250 0.425333 0.666250 0.424000 0.662750 0.420667 0.658000 0.418667 0.657000
0 0.444667 0.639750 0.440667 0.640250 0.438000 0.642000 0.432667 0.650250 0.431667 0.653250 0.431667 0.655750 0.433667 0.661750 0.435667 0.663500 0.438667 0.664250 0.443000 0.663500 0.445000 0.662250 0.450667 0.655500 0.451667 0.652750 0.452000 0.645500 0.451333 0.643250 0.448333 0.640750
0 0.419667 0.616500 0.416000 0.616500 0.412000 0.618000 0.407667 0.622000 0.405333 0.626750 0.405000 0.630000 0.403000 0.635500 0.404667 0.640500 0.405667 0.642000 0.408333 0.643500 0.412000 0.643000 0.418000 0.638750 0.420333 0.635000 0.421667 0.628000 0.422000 0.619500 0.420667 0.617000
0 0.392333 0.608000 0.388667 0.609500 0.386667 0.611500 0.384333 0.618250 0.384333 0.623250 0.385000 0.626750 0.387333 0.631000 0.389000 0.632250 0.392000 0.633250 0.395000 0.633250 0.397000 0.632750 0.399000 0.631250 0.402667 0.626000 0.403667 0.623500 0.403667 0.615500 0.402333 0.611000 0.400333 0.609250 0.396667 0.608000
0 0.423333 0.569500 0.419667 0.569250 0.415333 0.571750 0.408333 0.579500 0.407667 0.584750 0.408667 0.585500 0.412667 0.585500 0.419667 0.580500 0.424333 0.573500 0.424333 0.570750
0 0.455667 0.586500 0.453333 0.588250 0.452667 0.592000 0.454333 0.600500 0.458000 0.605000 0.461333 0.607750 0.462667 0.608250 0.467000 0.608250 0.468333 0.607000 0.469333 0.604500 0.469000 0.596000 0.467333 0.591750 0.463667 0.587250 0.459667 0.586250
0 0.318000 0.585250 0.317000 0.584250 0.315000 0.583750 0.309667 0.583750 0.294667 0.586000 0.291333 0.587250 0.283333 0.593750 0.282667 0.596500 0.283667 0.597500 0.285667 0.598000 0.291333 0.598250 0.302333 0.596250 0.310333 0.593750 0.314333 0.592000 0.318333 0.588250
0 0.332333 0.587000 0.329333 0.587000 0.326667 0.588250 0.322667 0.592500 0.321667 0.594500 0.321667 0.604250 0.323000 0.607250 0.326333 0.609750 0.330667 0.609750 0.333667 0.608500 0.336000 0.604250 0.337000 0.597750 0.336667 0.591750 0.334667 0.587750
0 0.378333 0.567500 0.376333 0.567250 0.365000 0.571500 0.361667 0.574250 0.358667 0.580500 0.357333 0.585250 0.357333 0.588000 0.360667 0.590500 0.365667 0.590250 0.374000 0.583750 0.378000 0.577250 0.379667 0.572750 0.379667 0.568750
0 0.388000 0.579500 0.384333 0.582250 0.383333 0.584250 0.383333 0.588000 0.386000 0.592000 0.392000 0.598000 0.395333 0.600000 0.402333 0.601750 0.405000 0.601750 0.408667 0.600500 0.410000 0.598750 0.410667 0.595000 0.407333 0.587250 0.405333 0.584750 0.396667 0.579750 0.394000 0.579250
0 0.447667 0.252500 0.447333 0.256750 0.451000 0.261500 0.454667 0.264000 0.458667 0.265500 0.466000 0.267000 0.470667 0.267000 0.475333 0.265250 0.476000 0.264250 0.475333 0.259750 0.467000 0.253000 0.462000 0.251500 0.457667 0.251000 0.450333 0.251000
0 0.350667 0.477250 0.348667 0.477250 0.345333 0.478500 0.341333 0.482000 0.339333 0.485750 0.339000 0.495000 0.340000 0.498500 0.342000 0.500000 0.347000 0.500000 0.350333 0.499000 0.355000 0.491250 0.356000 0.486500 0.355667 0.482250 0.354333 0.479000 0.353333 0.478000
0 0.414667 0.499250 0.412333 0.500000 0.410333 0.501500 0.408333 0.504250 0.407000 0.508250 0.407000 0.513500 0.408000 0.518250 0.410667 0.522250 0.412667 0.523500 0.417000 0.524000 0.419667 0.523000 0.421333 0.521250 0.423667 0.514250 0.423667 0.511000 0.422667 0.505750 0.420333 0.501000 0.417000 0.499250
0 0.387667 0.546250 0.385000 0.544250 0.378667 0.543500 0.369333 0.545250 0.363667 0.547500 0.360667 0.549250 0.354667 0.555750 0.354333 0.557750 0.355667 0.560750 0.357667 0.561750 0.362667 0.562500 0.370000 0.562500 0.373333 0.561750 0.386000 0.553250 0.388333 0.549750
0 0.481333 0.293000 0.478333 0.293750 0.475000 0.297750 0.473667 0.303000 0.473667 0.308750 0.475000 0.314000 0.477333 0.318500 0.478667 0.319500 0.481333 0.320250 0.484667 0.320250 0.488333 0.318750 0.490667 0.315000 0.491667 0.307250 0.491333 0.303750 0.489333 0.298250 0.483000 0.293000
0 0.364667 0.523250 0.362667 0.525250 0.362667 0.530250 0.364667 0.534750 0.368667 0.539500 0.372667 0.542500 0.377667 0.542000 0.379333 0.540000 0.379000 0.533750 0.373667 0.524750 0.369000 0.523250
0 0.411333 0.465250 0.408333 0.466750 0.406667 0.470000 0.406333 0.475250 0.407000 0.479500 0.409000 0.483000 0.412667 0.486750 0.416333 0.488000 0.419667 0.488000 0.422000 0.486250 0.424000 0.482750 0.423333 0.474000 0.421667 0.470250 0.418000 0.466750 0.413667 0.465250
0 0.384333 0.455750 0.380000 0.458250 0.379000 0.460250 0.378667 0.464500 0.380333 0.469250 0.385000 0.475250 0.390000 0.477000 0.395667 0.477000 0.398667 0.475000 0.400000 0.471500 0.400000 0.467000 0.398333 0.462000 0.396000 0.459000 0.389333 0.455250
0 0.374333 0.428500 0.372000 0.428500 0.367000 0.431000 0.361667 0.440000 0.361333 0.444000 0.362667 0.447000 0.364000 0.448250 0.368667 0.450000 0.372000 0.449500 0.374000 0.448500 0.377667 0.444000 0.379333 0.439500 0.380000 0.435250 0.379000 0.431250 0.377333 0.429500
0 0.318333 0.409250 0.315333 0.412500 0.315333 0.418000 0.317333 0.425250 0.322667 0.431500 0.326333 0.433250 0.330000 0.433500 0.332667 0.432000 0.334667 0.428500 0.335000 0.423500 0.333667 0.420000 0.331000 0.415250 0.326000 0.410250 0.322333 0.409000
0 0.339667 0.341250 0.338000 0.340000 0.333667 0.339000 0.326000 0.339250 0.315000 0.342250 0.310333 0.345500 0.308333 0.348500 0.308667 0.351250 0.311333 0.353500 0.315667 0.355000 0.322000 0.354750 0.332667 0.351250 0.338000 0.346750 0.339667 0.344000
0 0.344000 0.344250 0.340667 0.345000 0.337000 0.349500 0.335333 0.353250 0.335000 0.361000 0.336667 0.365500 0.340000 0.369250 0.342000 0.370750 0.346000 0.371250 0.349333 0.369500 0.351667 0.366000 0.353333 0.361000 0.353667 0.356750 0.353333 0.353000 0.350333 0.346250 0.348333 0.345000
0 0.376333 0.394000 0.373333 0.394750 0.369000 0.399500 0.368000 0.403250 0.368000 0.408000 0.370000 0.412750 0.373333 0.416000 0.377333 0.417500 0.381000 0.415000 0.382667 0.412750 0.384000 0.408500 0.384000 0.404500 0.383000 0.399500 0.381333 0.396750 0.378667 0.394750
0 0.391333 0.356750 0.389000 0.357500 0.385333 0.361000 0.384000 0.365500 0.383667 0.370750 0.384333 0.374750 0.386333 0.378250 0.388667 0.380500 0.393000 0.381500 0.396000 0.380250 0.398333 0.377500 0.400333 0.372750 0.400667 0.367000 0.399000 0.361750 0.396667 0.358750 0.393333 0.356750
0 0.408000 0.395000 0.404333 0.397000 0.402667 0.399750 0.403000 0.407500 0.408000 0.415750 0.411000 0.418000 0.413333 0.418250 0.415667 0.417500 0.418000 0.415250 0.419333 0.411500 0.419333 0.408000 0.416333 0.399500 0.412000 0.395250
0 0.412667 0.374500 0.411333 0.375250 0.410333 0.377250 0.411000 0.382000 0.415667 0.389000 0.419667 0.391250 0.423333 0.391250 0.424667 0.390500 0.425667 0.388750 0.425667 0.384750 0.424333 0.381250 0.420333 0.376000 0.416667 0.374750
0 0.455333 0.386750 0.452000 0.388000 0.449667 0.390750 0.448333 0.396250 0.448667 0.401250 0.450333 0.406750 0.454333 0.412500 0.458333 0.414500 0.459667 0.414500 0.464000 0.412500 0.466333 0.408750 0.467000 0.400000 0.463667 0.392000 0.459000 0.387750
0 0.462667 0.355250 0.458333 0.356750 0.455000 0.359250 0.454000 0.361000 0.453000 0.370250 0.453667 0.373000 0.455333 0.374500 0.458667 0.375000 0.461333 0.374250 0.463667 0.372750 0.466333 0.369000 0.467333 0.365000 0.466667 0.358500 0.466000 0.357000 0.464000 0.355500
0 0.481333 0.346500 0.478333 0.347500 0.476333 0.349750 0.474667 0.353500 0.474667 0.361500 0.476667 0.369000 0.478000 0.371250 0.481667 0.373750 0.486333 0.373750 0.489333 0.372000 0.491000 0.369250 0.492000 0.362000 0.491667 0.355750 0.491000 0.352750 0.487333 0.348750 0.484000 0.346750
0 0.443000 0.332000 0.440000 0.332250 0.436667 0.333500 0.432000 0.337250 0.430667 0.341250 0.430333 0.347250 0.431000 0.350750 0.435000 0.357000 0.438333 0.358500 0.441667 0.358250 0.444000 0.357000 0.448667 0.350250 0.450000 0.345750 0.449667 0.337250 0.448000 0.335000
0 0.447667 0.313000 0.446000 0.315000 0.445667 0.321500 0.446667 0.326000 0.450000 0.331500 0.453333 0.335250 0.458333 0.338500 0.462000 0.339500 0.466667 0.338500 0.468667 0.333500 0.468667 0.329000 0.468000 0.324750 0.466333 0.321500 0.461000 0.316750 0.458667 0.313750 0.455667 0.312500 0.452000 0.312000
