0 0.489667 0.367000 0.485667 0.369250 0.484000 0.373250 0.484000 0.379000 0.485000 0.385000 0.486667 0.388750 0.489333 0.391500 0.493000 0.393000 0.495667 0.393000 0.498667 0.392000 0.500667 0.388250 0.501000 0.378500 0.500333 0.374250 0.499000 0.370750 0.497333 0.368750 0.494000 0.367250
0 0.431333 0.417250 0.427333 0.417750 0.423000 0.419500 0.419000 0.424250 0.417000 0.430500 0.417667 0.440000 0.419333 0.443000 0.423333 0.444500 0.428000 0.443750 0.432333 0.440500 0.435667 0.435500 0.436333 0.431750 0.436333 0.422000 0.435333 0.419250
0 0.536333 0.427500 0.533667 0.428500 0.530333 0.431750 0.528333 0.436500 0.528333 0.441500 0.532667 0.453750 0.536333 0.456250 0.541333 0.456250 0.544667 0.454500 0.546000 0.451750 0.546000 0.435500 0.544667 0.432250 0.543000 0.430250 0.537667 0.427500
0 0.560000 0.429250 0.556333 0.430250 0.554000 0.432500 0.551667 0.439250 0.551667 0.443250 0.552667 0.447500 0.555000 0.451500 0.560000 0.455750 0.561667 0.456000 0.564667 0.455500 0.568000 0.451750 0.568667 0.448750 0.568667 0.440250 0.566000 0.432000 0.564333 0.430500
0 0.427333 0.455750 0.423333 0.457250 0.422000 0.458750 0.420333 0.462500 0.420000 0.468000 0.422333 0.476000 0.424333 0.478750 0.426667 0.480500 0.428667 0.481000 0.432000 0.480500 0.435667 0.477000 0.436667 0.474250 0.436667 0.465750 0.435333 0.460750 0.433000 0.457750 0.431333 0.456500
0 0.482000 0.513250 0.481667 0.514500 0.482667 0.518250 0.485667 0.521750 0.488000 0.523000 0.502333 0.527000 0.508333 0.526750 0.511000 0.526000 0.511333 0.524000 0.510667 0.521750 0.505667 0.516750 0.502000 0.515750 0.498000 0.513250 0.490667 0.512000 0.485667 0.512000 0.483000 0.512500
0 0.544000 0.505750 0.541333 0.505250 0.536667 0.506750 0.533667 0.508500 0.532333 0.510250 0.528333 0.521250 0.528333 0.526000 0.532667 0.529000 0.537667 0.528750 0.545667 0.521500 0.546333 0.518750 0.546333 0.509000 0.545333 0.506750
0 0.583333 0.505750 0.580333 0.506750 0.578667 0.509000 0.578000 0.518750 0.579667 0.523500 0.583667 0.527000 0.587000 0.528500 0.588333 0.528500 0.591333 0.526500 0.592000 0.525000 0.592333 0.514750 0.591333 0.509250 0.588000 0.506750
0 0.584667 0.534000 0.584000 0.531500 0.576667 0.528000 0.572000 0.527500 0.561000 0.527750 0.555667 0.528500 0.553000 0.529750 0.552333 0.532250 0.552667 0.533500 0.556667 0.536000 0.567333 0.538500 0.575667 0.538500 0.581000 0.536750
0 0.555000 0.540500 0.553000 0.541250 0.551333 0.544250 0.552000 0.555250 0.555000 0.561500 0.557333 0.562750 0.560667 0.563500 0.563000 0.562500 0.565333 0.560500 0.566000 0.557500 0.565333 0.549750 0.564333 0.547250 0.560333 0.541750 0.557667 0.540500
0 0.466333 0.542750 0.463000 0.545250 0.462667 0.549250 0.464000 0.552750 0.470000 0.562000 0.473667 0.564250 0.476000 0.564250 0.478333 0.563000 0.479333 0.561500 0.478667 0.555250 0.475000 0.547750 0.470667 0.544250
0 0.416667 0.532000 0.415333 0.532500 0.414333 0.535000 0.414333 0.540000 0.416000 0.546250 0.419333 0.552250 0.422667 0.555500 0.426333 0.557250 0.428667 0.557250 0.432000 0.555500 0.433000 0.553500 0.433000 0.547750 0.430667 0.540500 0.427667 0.536000 0.424333 0.533250 0.421000 0.532000
0 0.532667 0.567500 0.529667 0.569500 0.528667 0.571250 0.528667 0.577000 0.531000 0.583750 0.533333 0.587000 0.536000 0.588500 0.541000 0.588750 0.543667 0.587500 0.545000 0.584500 0.545000 0.580500 0.543667 0.575500 0.541333 0.571750 0.537000 0.568500
0 0.537000 0.598750 0.537000 0.600250 0.540333 0.603750 0.548000 0.606250 0.556667 0.606500 0.564000 0.605500 0.568333 0.603250 0.568667 0.599000 0.565333 0.596000 0.561333 0.594750 0.557333 0.594250 0.548000 0.594250 0.542333 0.595000 0.539667 0.596000
0 0.440000 0.627250 0.438000 0.630250 0.437333 0.633750 0.437333 0.638000 0.438667 0.643250 0.440333 0.646500 0.445000 0.650500 0.447333 0.651500 0.450667 0.651250 0.452000 0.650500 0.453000 0.647500 0.453333 0.642000 0.452333 0.634750 0.450667 0.632000 0.446667 0.628250 0.443667 0.626750
0 0.427667 0.648750 0.423333 0.649250 0.421000 0.651000 0.416333 0.657750 0.415667 0.662250 0.416333 0.668250 0.418667 0.672000 0.420667 0.673500 0.425000 0.673500 0.427667 0.672750 0.429667 0.671250 0.433667 0.662750 0.434000 0.656500 0.433333 0.653750 0.431333 0.650500
0 0.389000 0.644500 0.384000 0.645250 0.378333 0.650000 0.375667 0.654250 0.374333 0.659750 0.374667 0.666500 0.376333 0.669250 0.380000 0.670750 0.384000 0.669750 0.388000 0.666750 0.393000 0.657500 0.394000 0.654250 0.394000 0.649500 0.392667 0.646750
0 0.323333 0.636750 0.322000 0.636250 0.313333 0.636750 0.310000 0.637750 0.305333 0.641000 0.297667 0.650500 0.297000 0.656250 0.298333 0.659250 0.301000 0.660000 0.304000 0.660000 0.308000 0.658750 0.317333 0.651750 0.323000 0.646250 0.325333 0.642500 0.325333 0.639000
0 0.472000 0.657500 0.469333 0.657500 0.466667 0.658750 0.462333 0.667250 0.462000 0.671000 0.463000 0.676750 0.465000 0.678750 0.467000 0.682250 0.470667 0.682250 0.475000 0.680000 0.477000 0.676500 0.478333 0.671500 0.478667 0.665500 0.477667 0.661750 0.475667 0.658750
0 0.499333 0.657250 0.499667 0.660000 0.502000 0.662750 0.515667 0.665250 0.521333 0.665250 0.529333 0.664250 0.534333 0.661750 0.535000 0.659500 0.534667 0.657750 0.529667 0.654750 0.525667 0.653250 0.521333 0.652500 0.511667 0.652500 0.502667 0.653750 0.500667 0.655000
0 0.508000 0.669250 0.505333 0.667750 0.501667 0.668000 0.499000 0.667250 0.493667 0.667750 0.489000 0.669500 0.486667 0.671250 0.485667 0.672750 0.485667 0.674750 0.489667 0.678000 0.498000 0.678000 0.506667 0.674250 0.508333 0.670750
0 0.549000 0.677000 0.549333 0.679500 0.551667 0.682500 0.557000 0.685750 0.567333 0.689500 0.570667 0.690250 0.576333 0.690250 0.581333 0.688500 0.584333 0.686250 0.583667 0.682750 0.581000 0.680500 0.576333 0.678000 0.568000 0.675250 0.560667 0.673500 0.555333 0.673500 0.551667 0.674250
0 0.448333 0.675750 0.445667 0.675500 0.439667 0.677250 0.431667 0.682750 0.430000 0.685250 0.429000 0.688500 0.429333 0.690750 0.431333 0.693250 0.434667 0.693750 0.436667 0.693250 0.445333 0.686750 0.449333 0.680500 0.449667 0.677250
0 0.455000 0.681000 0.452333 0.682000 0.451000 0.684750 0.447667 0.686750 0.446333 0.689000 0.445667 0.696000 0.446000 0.701500 0.447333 0.704500 0.450000 0.705750 0.452333 0.705750 0.455667 0.704000 0.458333 0.700750 0.459667 0.697500 0.460333 0.694000 0.460000 0.686250 0.458000 0.683250
0 0.427333 0.691750 0.423000 0.692250 0.419333 0.696000 0.415000 0.704750 0.415333 0.713250 0.420000 0.716750 0.424667 0.715000 0.428333 0.710000 0.431000 0.701750 0.431000 0.696500 0.428667 0.692500
0 0.467333 0.685750 0.466333 0.689250 0.470000 0.700750 0.471333 0.702250 0.474000 0.703500 0.478667 0.703250 0.480333 0.701250 0.480667 0.697500 0.479000 0.692750 0.476667 0.689000 0.474333 0.686750 0.471333 0.685500
0 0.486667 0.686500 0.484667 0.688500 0.484667 0.693500 0.486667 0.701000 0.489667 0.705750 0.493000 0.708750 0.497333 0.710500 0.499333 0.710500 0.501667 0.709250 0.502667 0.704250 0.498667 0.692250 0.496667 0.689500 0.494667 0.688000 0.491333 0.687000
0 0.509667 0.698500 0.507333 0.700750 0.507000 0.717000 0.509000 0.721750 0.513333 0.724750 0.517667 0.725000 0.521333 0.721250 0.522000 0.717500 0.521667 0.711500 0.520333 0.706000 0.518000 0.701500 0.514333 0.698500
0 0.473667 0.706000 0.471333 0.706750 0.469333 0.708750 0.468333 0.712250 0.468333 0.718250 0.470667 0.726000 0.474000 0.729000 0.477333 0.729250 0.478667 0.729000 0.481000 0.727250 0.482667 0.724750 0.483333 0.720250 0.483000 0.713250 0.479333 0.707500 0.478000 0.706500
0 0.559667 0.731750 0.556667 0.728750 0.553333 0.727500 0.546333 0.727250 0.541333 0.727750 0.530000 0.732000 0.525667 0.735500 0.525667 0.737500 0.527000 0.739750 0.530667 0.741500 0.536000 0.742500 0.545000 0.741750 0.551333 0.740000 0.558000 0.737000 0.559667 0.734500
0 0.519333 0.751000 0.516667 0.751000 0.514333 0.752000 0.510333 0.756000 0.508667 0.759000 0.508000 0.763750 0.508333 0.771250 0.509667 0.773750 0.514000 0.776000 0.518333 0.774500 0.521333 0.771250 0.524333 0.763250 0.524333 0.755500 0.522000 0.751750
0 0.540333 0.758500 0.537333 0.760250 0.535667 0.763500 0.535333 0.776000 0.536333 0.779250 0.539667 0.783000 0.541333 0.784000 0.545333 0.784000 0.550000 0.779250 0.551000 0.775250 0.551000 0.768000 0.548667 0.762500 0.546000 0.759250
0 0.340000 0.778250 0.337000 0.779000 0.333000 0.782250 0.330667 0.787000 0.330000 0.792250 0.331667 0.798750 0.333333 0.801000 0.336667 0.803500 0.342000 0.804250 0.345667 0.803000 0.349333 0.799750 0.351000 0.795000 0.351333 0.790000 0.350333 0.785500 0.348667 0.782750 0.342667 0.778250
