0 0.585667 0.239750 0.582333 0.241000 0.578667 0.244500 0.577333 0.248750 0.577000 0.254250 0.578000 0.258500 0.580667 0.262750 0.584000 0.265250 0.588667 0.265250 0.591667 0.263750 0.594333 0.260000 0.596000 0.253250 0.596000 0.250000 0.594667 0.245250 0.592667 0.241500 0.591000 0.240250
0 0.310667 0.637750 0.307000 0.638250 0.302000 0.640750 0.297667 0.645750 0.295000 0.651000 0.294667 0.655250 0.296667 0.658250 0.298667 0.659500 0.303667 0.659000 0.311000 0.656000 0.315333 0.649750 0.316667 0.646750 0.316667 0.642000 0.314000 0.639250
0 0.378667 0.611750 0.377333 0.614500 0.378000 0.617750 0.380333 0.621500 0.384333 0.624750 0.392000 0.628000 0.401333 0.628250 0.404333 0.627000 0.405333 0.623250 0.404000 0.619000 0.396333 0.612750 0.388667 0.609750 0.381333 0.610250
0 0.428000 0.632750 0.423667 0.632250 0.420333 0.633250 0.415333 0.637500 0.412667 0.642000 0.411667 0.645500 0.411667 0.650750 0.413667 0.654500 0.415333 0.655750 0.420667 0.656000 0.423333 0.655000 0.427333 0.652500 0.429000 0.650500 0.432667 0.643000 0.433000 0.638000 0.431333 0.634500
0 0.494667 0.617000 0.489667 0.616500 0.486333 0.617250 0.482333 0.619000 0.477667 0.622750 0.475333 0.627250 0.475000 0.630750 0.476000 0.632500 0.478000 0.634000 0.483667 0.635000 0.486667 0.634250 0.490667 0.632000 0.495000 0.626750 0.496667 0.623250 0.496667 0.619000
0 0.459333 0.609750 0.455667 0.611750 0.454333 0.614250 0.453333 0.618500 0.453667 0.627250 0.455333 0.631500 0.458667 0.634000 0.463667 0.634750 0.467333 0.633000 0.469333 0.630000 0.470667 0.625250 0.470333 0.618500 0.467333 0.611500 0.463333 0.609750
0 0.321667 0.524750 0.318333 0.526250 0.315667 0.529750 0.314667 0.532000 0.314667 0.538500 0.318000 0.545250 0.321333 0.546750 0.324000 0.546750 0.327000 0.546000 0.328333 0.544750 0.329667 0.541250 0.330000 0.533500 0.327000 0.527500 0.324333 0.525500
0 0.392667 0.586500 0.389000 0.588000 0.387333 0.590250 0.386333 0.594000 0.386333 0.600000 0.387667 0.604000 0.390333 0.607000 0.392667 0.608500 0.396667 0.609000 0.400000 0.606750 0.402333 0.603250 0.402667 0.594000 0.402000 0.591250 0.400333 0.588750 0.397000 0.586750
0 0.389000 0.560000 0.387333 0.561000 0.385667 0.564750 0.386000 0.569250 0.388333 0.576000 0.393000 0.582500 0.396667 0.583750 0.400667 0.584000 0.404333 0.580250 0.404333 0.572250 0.400667 0.563750 0.396667 0.560750 0.393667 0.559750
0 0.337000 0.477250 0.333333 0.478500 0.329667 0.482750 0.328667 0.490000 0.329333 0.494500 0.331333 0.498000 0.334333 0.500500 0.339000 0.501750 0.341333 0.501500 0.345333 0.497500 0.346667 0.494000 0.347000 0.489500 0.346667 0.486250 0.342667 0.478500 0.340667 0.477500
0 0.345667 0.424250 0.341333 0.425000 0.338000 0.427750 0.335667 0.431750 0.334667 0.439000 0.336333 0.444000 0.341667 0.448000 0.345333 0.448000 0.349333 0.445500 0.351000 0.443500 0.352667 0.438250 0.352667 0.432000 0.351333 0.428000 0.349333 0.425500
0 0.401667 0.486500 0.401000 0.489000 0.401667 0.491750 0.403667 0.495000 0.408000 0.499500 0.414667 0.502750 0.418333 0.503750 0.424000 0.504250 0.427667 0.502500 0.427333 0.498750 0.425000 0.495250 0.420333 0.490750 0.415667 0.487500 0.411667 0.486000 0.403667 0.485250
0 0.408667 0.446000 0.405667 0.447750 0.403333 0.451250 0.402667 0.454500 0.403000 0.460500 0.406667 0.468000 0.411000 0.469750 0.414000 0.469750 0.417333 0.469000 0.420333 0.466750 0.421333 0.463000 0.421000 0.454250 0.419667 0.451000 0.415667 0.447000 0.412000 0.445750
0 0.385000 0.462000 0.381667 0.463500 0.380000 0.466250 0.379667 0.471000 0.380333 0.475000 0.384333 0.482250 0.389000 0.486000 0.391667 0.487000 0.394000 0.487000 0.397000 0.485750 0.398667 0.483000 0.399000 0.477750 0.397333 0.470500 0.393667 0.466250 0.389333 0.462750
0 0.497333 0.540000 0.496333 0.541250 0.496000 0.545250 0.497333 0.548500 0.501333 0.553750 0.506667 0.558500 0.509333 0.559500 0.513333 0.559000 0.515333 0.556500 0.515000 0.551750 0.513333 0.547250 0.505667 0.541500 0.501000 0.540000
0 0.549333 0.528750 0.545333 0.529500 0.541000 0.531500 0.540000 0.533500 0.539667 0.538250 0.541000 0.546000 0.544000 0.550000 0.548000 0.552500 0.551667 0.552000 0.554000 0.550500 0.557000 0.545500 0.558000 0.541750 0.555333 0.532500 0.552333 0.529250
0 0.530000 0.506250 0.527667 0.505500 0.518667 0.505500 0.506333 0.509000 0.504333 0.510250 0.503667 0.512500 0.504000 0.514250 0.506333 0.516500 0.511667 0.517750 0.515000 0.517750 0.525667 0.515250 0.529000 0.514000 0.530667 0.512000 0.531333 0.508750
0 0.483000 0.470000 0.479000 0.470000 0.477333 0.470750 0.474000 0.474500 0.471667 0.479000 0.471667 0.487250 0.472667 0.490250 0.475000 0.492750 0.478667 0.494250 0.482000 0.494000 0.486000 0.490750 0.488000 0.486250 0.488000 0.479000 0.487000 0.474750 0.485333 0.472000
0 0.444333 0.447500 0.442667 0.449250 0.442333 0.452250 0.447000 0.460250 0.455667 0.466250 0.460333 0.466750 0.463333 0.466000 0.465667 0.463500 0.465333 0.458250 0.463667 0.454000 0.458333 0.450250 0.451667 0.447000 0.446667 0.446500
0 0.455667 0.402750 0.451333 0.403750 0.447667 0.407000 0.446667 0.409250 0.446000 0.420250 0.447333 0.422750 0.450333 0.424500 0.452000 0.424500 0.456667 0.422250 0.458667 0.420750 0.460000 0.417250 0.460333 0.407250 0.458667 0.403750
0 0.451667 0.427750 0.448000 0.429750 0.447000 0.431500 0.446667 0.437000 0.448000 0.442500 0.449667 0.444750 0.454333 0.448250 0.458000 0.449750 0.460000 0.449750 0.463667 0.448000 0.465333 0.444500 0.465333 0.438000 0.464333 0.434500 0.462333 0.430750 0.459333 0.428250 0.455000 0.427500
0 0.481000 0.462250 0.481000 0.463750 0.483000 0.466000 0.486000 0.467500 0.489333 0.468250 0.498667 0.468000 0.505333 0.466250 0.508000 0.463500 0.507667 0.460750 0.506000 0.458500 0.501000 0.457000 0.496333 0.456750 0.491667 0.457000 0.486333 0.458250
0 0.521000 0.459250 0.517667 0.461250 0.517000 0.462500 0.516667 0.466500 0.517333 0.470500 0.519667 0.474250 0.521667 0.475750 0.526000 0.476250 0.527333 0.475500 0.529000 0.471750 0.528667 0.466500 0.526667 0.462000 0.524333 0.460250
0 0.540333 0.457250 0.537333 0.459500 0.535667 0.462000 0.536333 0.469000 0.540333 0.476250 0.544667 0.479250 0.548667 0.479750 0.551667 0.478500 0.553333 0.476500 0.553333 0.469250 0.548667 0.461250 0.544667 0.458000
0 0.536667 0.438000 0.535000 0.439750 0.535000 0.443250 0.540333 0.452000 0.548000 0.457000 0.552333 0.456750 0.554333 0.454750 0.554667 0.450000 0.553333 0.445500 0.549667 0.441000 0.547667 0.439250 0.544000 0.438000
0 0.518000 0.434000 0.516000 0.435250 0.515333 0.437500 0.515333 0.441250 0.517000 0.448000 0.521000 0.452750 0.528667 0.455500 0.530000 0.455250 0.531333 0.454250 0.532667 0.451750 0.532333 0.446500 0.530000 0.439750 0.526333 0.436250 0.521667 0.434000
0 0.479333 0.407750 0.479667 0.411750 0.482333 0.414000 0.493000 0.417250 0.503000 0.417750 0.505667 0.417000 0.512333 0.412500 0.512333 0.408750 0.511000 0.407250 0.505667 0.405250 0.499000 0.403750 0.486000 0.403750 0.482000 0.405250
0 0.544667 0.391000 0.542667 0.392250 0.541000 0.395000 0.540333 0.397250 0.540333 0.403000 0.541333 0.405750 0.543333 0.407750 0.545667 0.409000 0.548667 0.409250 0.551667 0.408250 0.553333 0.406500 0.554333 0.402500 0.554000 0.397750 0.552667 0.394250 0.550000 0.391500 0.548667 0.391000
0 0.513667 0.358750 0.512333 0.360500 0.512667 0.365500 0.517000 0.375250 0.524667 0.380250 0.527000 0.380500 0.529000 0.380000 0.530667 0.377500 0.530000 0.369500 0.525333 0.361750 0.520667 0.358750 0.518667 0.358250
0 0.470667 0.346500 0.467333 0.349750 0.466000 0.353250 0.466667 0.356750 0.470333 0.363250 0.474333 0.366000 0.479000 0.366250 0.481333 0.364750 0.483000 0.362000 0.483000 0.352750 0.481333 0.349750 0.478333 0.347250 0.475333 0.346000
0 0.445667 0.325500 0.442667 0.326250 0.439000 0.329250 0.438000 0.339250 0.439000 0.344750 0.441667 0.349500 0.445667 0.352500 0.448333 0.353250 0.451667 0.352750 0.456333 0.349250 0.458000 0.346000 0.458667 0.341000 0.458000 0.337000 0.454333 0.329250 0.451000 0.326250 0.448333 0.325500
0 0.466000 0.286750 0.464000 0.288500 0.463333 0.291750 0.465333 0.296000 0.469000 0.299750 0.475333 0.304000 0.482667 0.307000 0.487333 0.307250 0.489000 0.306500 0.491333 0.303500 0.490667 0.299250 0.483333 0.292000 0.481000 0.290250 0.475000 0.287750 0.470667 0.286750
0 0.540000 0.317250 0.537333 0.318000 0.534000 0.321000 0.533333 0.322750 0.533333 0.329750 0.535000 0.334750 0.539333 0.340000 0.541000 0.341000 0.544667 0.341000 0.547333 0.338500 0.549333 0.335250 0.550000 0.329500 0.545667 0.319750 0.543000 0.317750
0 0.560667 0.295750 0.559333 0.294500 0.554667 0.293500 0.545000 0.294000 0.535333 0.297250 0.533333 0.298750 0.532333 0.301750 0.532667 0.303500 0.536333 0.305500 0.546333 0.305750 0.552333 0.305000 0.557667 0.302750 0.560333 0.300750 0.561333 0.299000
0 0.583333 0.320000 0.580000 0.321750 0.578667 0.324500 0.577667 0.330250 0.578000 0.337750 0.580333 0.343250 0.584333 0.345500 0.587667 0.345500 0.590667 0.344250 0.592667 0.342500 0.594000 0.337250 0.593667 0.329250 0.592667 0.325500 0.590667 0.322000 0.587667 0.320250
0 0.573000 0.306250 0.575333 0.308250 0.579667 0.309500 0.585333 0.310250 0.592333 0.310000 0.597667 0.308500 0.602333 0.306250 0.604667 0.304250 0.605333 0.301750 0.604333 0.299250 0.600667 0.297750 0.594000 0.297000 0.583333 0.297250 0.579333 0.298000 0.576333 0.299500 0.573000 0.303000
0 0.432333 0.755250 0.429000 0.752500 0.425333 0.751500 0.415000 0.751250 0.409000 0.752250 0.403000 0.755500 0.401000 0.758000 0.400667 0.760750 0.403000 0.764250 0.406000 0.765500 0.411333 0.766250 0.420333 0.765750 0.425667 0.764250 0.428667 0.762250 0.431667 0.759000
0 0.447000 0.711250 0.442333 0.711250 0.440000 0.712000 0.438000 0.714000 0.434667 0.720250 0.434667 0.729750 0.436667 0.733250 0.440000 0.736000 0.443333 0.736000 0.447000 0.734250 0.449333 0.732500 0.452000 0.728000 0.452667 0.724500 0.452333 0.716000 0.451000 0.713250
