0 0.493667 0.672250 0.490667 0.675000 0.488000 0.681000 0.489000 0.687750 0.492333 0.694250 0.494667 0.695750 0.499667 0.696250 0.505333 0.694250 0.506667 0.692500 0.507667 0.687000 0.507333 0.681250 0.505667 0.677750 0.501333 0.673250 0.498667 0.672250
0 0.341333 0.393000 0.338000 0.393250 0.336333 0.394000 0.329667 0.399000 0.328667 0.400750 0.327333 0.407750 0.327000 0.416000 0.329000 0.419750 0.330333 0.420500 0.334333 0.421000 0.336333 0.420250 0.339000 0.418000 0.342667 0.412750 0.344333 0.405000 0.344333 0.396750 0.342667 0.393750
0 0.403333 0.368250 0.400000 0.369500 0.397333 0.373500 0.397000 0.377750 0.398667 0.384250 0.401000 0.388500 0.404667 0.391000 0.408333 0.391000 0.411000 0.389250 0.411667 0.387750 0.411667 0.376250 0.409000 0.370750 0.405333 0.368500
0 0.452000 0.361000 0.450333 0.361000 0.447000 0.362500 0.445333 0.365000 0.444333 0.368250 0.444333 0.373500 0.446000 0.378750 0.447667 0.380750 0.450667 0.381750 0.452667 0.381250 0.455667 0.379000 0.457667 0.373750 0.457667 0.369500 0.456000 0.365000
0 0.466333 0.393000 0.463000 0.391750 0.454000 0.392000 0.446667 0.394500 0.438667 0.399500 0.438000 0.401000 0.438000 0.405000 0.438667 0.406250 0.442000 0.408250 0.447000 0.409250 0.454333 0.409000 0.458667 0.407750 0.463667 0.405000 0.467667 0.401250 0.468000 0.395500
0 0.493000 0.413750 0.490333 0.414500 0.488333 0.416250 0.486667 0.419250 0.486333 0.424500 0.488667 0.431500 0.491000 0.435250 0.492667 0.436750 0.495667 0.437250 0.498333 0.436750 0.500000 0.435000 0.501000 0.430250 0.501000 0.423000 0.498667 0.415750 0.495000 0.413750
0 0.507333 0.442750 0.508333 0.446750 0.510000 0.448250 0.513667 0.449500 0.517333 0.450000 0.526333 0.450000 0.529333 0.449500 0.533667 0.447750 0.536667 0.444000 0.536000 0.440000 0.534333 0.438750 0.529000 0.437500 0.525000 0.437250 0.517000 0.437500 0.511000 0.438750 0.509000 0.439750
0 0.587333 0.480250 0.583333 0.480250 0.579667 0.481500 0.575000 0.485500 0.573333 0.489500 0.573333 0.495750 0.574667 0.500250 0.576333 0.502500 0.580000 0.504000 0.584000 0.504250 0.586667 0.503250 0.589333 0.501500 0.591667 0.498500 0.592667 0.492250 0.592333 0.485250 0.590000 0.481750
0 0.470000 0.463250 0.466667 0.464500 0.463333 0.467500 0.462000 0.470000 0.461667 0.475750 0.463000 0.481250 0.466667 0.485750 0.470000 0.487750 0.472667 0.487750 0.475000 0.487250 0.480000 0.483000 0.482000 0.478000 0.481333 0.470250 0.479000 0.466250 0.475000 0.463250
0 0.446333 0.464500 0.442667 0.466000 0.439667 0.469250 0.439000 0.471000 0.438667 0.479750 0.440333 0.485500 0.442667 0.488750 0.446333 0.490250 0.451000 0.490250 0.454333 0.487500 0.456667 0.482250 0.457000 0.477750 0.456000 0.471000 0.454000 0.467500 0.451333 0.465250
0 0.398000 0.497250 0.398667 0.500500 0.400667 0.502750 0.408000 0.505000 0.419333 0.505500 0.426667 0.504000 0.429667 0.502500 0.431667 0.499250 0.431667 0.497250 0.428000 0.493250 0.421000 0.491000 0.417333 0.490500 0.409667 0.490500 0.404667 0.491250 0.399667 0.493750
0 0.360667 0.481750 0.356000 0.484750 0.354667 0.486500 0.353000 0.491750 0.353000 0.496250 0.353667 0.499000 0.356667 0.503500 0.360667 0.506750 0.365333 0.507000 0.369000 0.504250 0.371333 0.501250 0.372000 0.498750 0.371667 0.490250 0.369333 0.484750 0.365333 0.481750
0 0.445333 0.500000 0.443333 0.501000 0.442000 0.505000 0.442667 0.509500 0.446333 0.516500 0.448667 0.518250 0.451000 0.519250 0.455000 0.519500 0.457000 0.518250 0.458000 0.515000 0.457667 0.509500 0.455667 0.505250 0.453000 0.501750 0.451000 0.500250 0.448667 0.499750
0 0.474000 0.528750 0.471000 0.530250 0.469667 0.532500 0.469333 0.541000 0.470000 0.544500 0.471000 0.546500 0.474000 0.549500 0.478333 0.549750 0.481333 0.548000 0.483000 0.545000 0.483000 0.535500 0.482000 0.532250 0.480000 0.530000 0.477333 0.528750
0 0.411667 0.594750 0.407667 0.594500 0.404000 0.595750 0.399667 0.602750 0.399667 0.612500 0.401333 0.616000 0.404667 0.618000 0.408000 0.617500 0.411333 0.615750 0.414000 0.612000 0.415667 0.607250 0.416000 0.599750 0.414333 0.596250
0 0.391667 0.601250 0.387667 0.600750 0.384333 0.601500 0.380000 0.604250 0.377000 0.607750 0.375667 0.611250 0.375333 0.620250 0.376667 0.623250 0.380333 0.625000 0.384333 0.624750 0.388333 0.623000 0.394333 0.615250 0.396000 0.611250 0.396000 0.606500 0.395000 0.603500
0 0.442333 0.594250 0.439667 0.596000 0.437333 0.602750 0.437333 0.608000 0.438667 0.614000 0.440000 0.616500 0.443000 0.618500 0.447333 0.618500 0.451000 0.616500 0.452333 0.614250 0.454000 0.608000 0.454000 0.602000 0.451667 0.595750 0.447333 0.593750
0 0.474667 0.588500 0.469667 0.590750 0.466667 0.595000 0.466000 0.597250 0.466000 0.603250 0.467333 0.608000 0.470000 0.612000 0.473667 0.613250 0.478333 0.613500 0.482000 0.612000 0.483000 0.611000 0.485000 0.606000 0.485667 0.599000 0.484333 0.594500 0.482000 0.591250 0.479000 0.589250
0 0.515667 0.610250 0.513333 0.610750 0.512000 0.611750 0.509667 0.615000 0.509000 0.617500 0.509000 0.625500 0.511333 0.631750 0.515000 0.635250 0.518333 0.636500 0.521667 0.636000 0.526000 0.631000 0.527333 0.626500 0.527333 0.622000 0.526000 0.616250 0.522333 0.611500 0.518667 0.610250
0 0.470667 0.624500 0.468333 0.626500 0.467333 0.630000 0.467667 0.635750 0.469000 0.640000 0.471000 0.642750 0.473667 0.644750 0.477667 0.646500 0.481000 0.646250 0.483333 0.644250 0.484000 0.640500 0.483667 0.634250 0.482000 0.629250 0.480000 0.626250 0.478333 0.625250 0.475000 0.624250
0 0.427333 0.642750 0.424000 0.644750 0.422000 0.649750 0.422000 0.658250 0.422667 0.661250 0.424000 0.663750 0.428000 0.667250 0.431333 0.668750 0.435667 0.668750 0.437667 0.667500 0.440333 0.663500 0.441000 0.657750 0.440000 0.653750 0.436000 0.645500 0.432000 0.643000
0 0.408333 0.657750 0.406667 0.658250 0.402667 0.662000 0.401000 0.666000 0.401000 0.669750 0.403667 0.678250 0.407667 0.681500 0.409667 0.681500 0.412667 0.680250 0.416667 0.674250 0.417333 0.665750 0.415667 0.662500 0.412333 0.658750
0 0.473333 0.656000 0.471000 0.656500 0.468667 0.659000 0.466333 0.665250 0.466667 0.669500 0.468667 0.675000 0.471000 0.678500 0.474667 0.680500 0.478667 0.680750 0.482000 0.679500 0.483667 0.677500 0.484667 0.670750 0.484333 0.665500 0.483333 0.661500 0.481333 0.658000 0.478000 0.656250
0 0.518000 0.652750 0.513000 0.655750 0.511333 0.658000 0.510000 0.662000 0.510000 0.667500 0.512667 0.675000 0.515000 0.677750 0.518000 0.679500 0.521667 0.680000 0.525333 0.677750 0.527667 0.674750 0.529000 0.669000 0.529000 0.664250 0.528000 0.658500 0.526333 0.655750 0.521667 0.652750
0 0.479000 0.690500 0.474667 0.690750 0.470333 0.694500 0.468667 0.698250 0.468333 0.709000 0.470667 0.713000 0.473667 0.714500 0.475667 0.714500 0.478333 0.713500 0.482000 0.710500 0.483333 0.708000 0.484333 0.702000 0.484000 0.696250 0.482667 0.693000
0 0.459667 0.682500 0.458333 0.682500 0.455333 0.684000 0.453000 0.688750 0.452667 0.692750 0.451000 0.697500 0.451000 0.701750 0.454333 0.704000 0.458333 0.703500 0.460000 0.702500 0.463667 0.694000 0.463333 0.686000 0.462667 0.684750
0 0.411667 0.729500 0.408667 0.730000 0.406667 0.731250 0.403000 0.736000 0.401333 0.740750 0.401000 0.745000 0.401667 0.748000 0.404667 0.752000 0.407667 0.753500 0.411667 0.753500 0.414000 0.752250 0.418000 0.747750 0.419000 0.744500 0.419333 0.738500 0.418333 0.734250 0.416000 0.731250
0 0.497333 0.753750 0.493667 0.754750 0.491000 0.759500 0.491000 0.766500 0.493667 0.773000 0.497333 0.776500 0.501667 0.777750 0.505000 0.776500 0.506667 0.774750 0.507667 0.772000 0.507667 0.764500 0.505667 0.758500 0.501667 0.754750
