0 0.494667 0.500000 0.489667 0.500000 0.487333 0.500750 0.485667 0.502250 0.482333 0.509250 0.481667 0.512500 0.482333 0.517750 0.484333 0.521750 0.486667 0.523500 0.490333 0.523750 0.493000 0.522500 0.498000 0.517250 0.499333 0.511750 0.499000 0.505000 0.497667 0.501500
0 0.552000 0.356500 0.548667 0.358250 0.546667 0.361500 0.545667 0.367750 0.546000 0.373500 0.547667 0.377250 0.550000 0.380250 0.552667 0.382000 0.557333 0.382500 0.561000 0.381000 0.562333 0.378250 0.563333 0.374000 0.563000 0.365000 0.560667 0.359750 0.557333 0.357500
0 0.529333 0.348750 0.526333 0.350250 0.524333 0.352500 0.523333 0.357000 0.524000 0.364500 0.525333 0.368250 0.528667 0.372250 0.531333 0.373750 0.534667 0.374000 0.537667 0.373000 0.539000 0.370500 0.539667 0.359250 0.537667 0.353000 0.533000 0.349750
0 0.529000 0.321000 0.525667 0.322500 0.524000 0.325250 0.523333 0.328750 0.523333 0.336750 0.524000 0.339500 0.525667 0.342500 0.528333 0.344500 0.535333 0.346500 0.537667 0.346500 0.541667 0.343000 0.543667 0.338500 0.542333 0.329250 0.536667 0.322500
0 0.507333 0.340250 0.504333 0.341250 0.501000 0.345000 0.501000 0.355000 0.501667 0.357500 0.505333 0.362500 0.509000 0.364750 0.511667 0.365000 0.513333 0.364750 0.515000 0.363500 0.518667 0.359000 0.519667 0.355500 0.519667 0.351500 0.518000 0.346000 0.514333 0.342250 0.510667 0.340250
0 0.490000 0.325500 0.485667 0.326500 0.481667 0.330750 0.477333 0.338000 0.477000 0.342750 0.478667 0.348250 0.482667 0.351750 0.487000 0.351500 0.490667 0.349000 0.495333 0.341250 0.495333 0.330000 0.494333 0.328500
0 0.463667 0.318250 0.459000 0.318500 0.455333 0.320250 0.453667 0.322500 0.451333 0.328500 0.450667 0.332500 0.451000 0.337750 0.452333 0.341250 0.454667 0.343250 0.459000 0.343000 0.465333 0.335500 0.467000 0.328250 0.467000 0.321750 0.466000 0.319750
0 0.466000 0.340250 0.463000 0.342000 0.461000 0.346000 0.460333 0.353250 0.461333 0.361500 0.463000 0.364250 0.467000 0.366500 0.470667 0.366500 0.472667 0.365000 0.475000 0.361000 0.476000 0.354500 0.475667 0.349750 0.471333 0.341500 0.468000 0.340250
0 0.510333 0.369250 0.506667 0.370500 0.502000 0.374250 0.500000 0.377750 0.499000 0.386000 0.501000 0.393250 0.502333 0.395000 0.505333 0.396500 0.509667 0.396000 0.513333 0.394000 0.516000 0.388000 0.517333 0.378750 0.517000 0.375750 0.514333 0.370500
0 0.470000 0.390500 0.466000 0.390250 0.462333 0.391500 0.460667 0.393000 0.456667 0.400500 0.456333 0.407750 0.458000 0.412000 0.459000 0.413000 0.463000 0.414500 0.466667 0.414000 0.468333 0.412750 0.473667 0.404250 0.474333 0.396500 0.472333 0.391750
0 0.426000 0.360750 0.423000 0.361750 0.419667 0.366500 0.418667 0.368750 0.418667 0.374250 0.422667 0.383500 0.426000 0.386000 0.428333 0.386500 0.432667 0.384250 0.434667 0.381500 0.435667 0.372500 0.435000 0.368500 0.432333 0.363750 0.428333 0.360750
0 0.420000 0.388250 0.415333 0.392500 0.413667 0.400750 0.414000 0.406250 0.415000 0.409250 0.417667 0.412250 0.421000 0.414250 0.424667 0.414750 0.427333 0.414250 0.429333 0.412750 0.432000 0.408500 0.433000 0.404250 0.433000 0.399750 0.432333 0.396500 0.429333 0.390750 0.424667 0.388500
0 0.576667 0.475750 0.575000 0.476750 0.574000 0.478500 0.573667 0.483000 0.574333 0.486500 0.577333 0.491250 0.579667 0.493000 0.583667 0.493750 0.584667 0.493250 0.586667 0.489250 0.587000 0.484750 0.586333 0.481750 0.583667 0.477250 0.580333 0.475750
0 0.645333 0.473000 0.642000 0.473750 0.639333 0.476750 0.638000 0.479750 0.637667 0.484000 0.639000 0.490500 0.642000 0.496500 0.645000 0.498750 0.648000 0.499250 0.651000 0.498750 0.654667 0.494750 0.655333 0.491500 0.655333 0.482500 0.653667 0.477750 0.647333 0.473250
0 0.638333 0.501250 0.635333 0.501500 0.633000 0.502500 0.631000 0.504750 0.629667 0.508500 0.630000 0.518500 0.633333 0.523000 0.634667 0.524000 0.639000 0.524500 0.640333 0.523500 0.645000 0.517750 0.645000 0.512000 0.644000 0.505750 0.642667 0.503500 0.640333 0.501750
0 0.472667 0.485000 0.472000 0.487000 0.473000 0.490250 0.478667 0.494750 0.486667 0.497500 0.490667 0.497500 0.493667 0.496750 0.497333 0.494750 0.497667 0.493000 0.496667 0.489750 0.491667 0.485750 0.481000 0.483500 0.475000 0.483500
0 0.508667 0.491000 0.505667 0.493500 0.505667 0.497750 0.509333 0.504500 0.514333 0.508000 0.516333 0.511000 0.518667 0.513000 0.522000 0.514500 0.525667 0.514250 0.527667 0.510750 0.527667 0.508250 0.525667 0.501000 0.521667 0.496000 0.517667 0.493000 0.513333 0.490750
0 0.506000 0.508250 0.504333 0.509500 0.502333 0.513250 0.502333 0.518000 0.503667 0.523250 0.505667 0.527000 0.509000 0.530000 0.514333 0.530500 0.517667 0.528250 0.519333 0.525500 0.519000 0.517000 0.514333 0.510250 0.510333 0.508000
0 0.463333 0.475500 0.458333 0.475500 0.454333 0.478000 0.449333 0.487000 0.449333 0.491000 0.451000 0.494250 0.454667 0.496500 0.458000 0.497500 0.459667 0.497500 0.463667 0.495250 0.467667 0.489750 0.468333 0.482250 0.467333 0.478250 0.465667 0.476500
0 0.446667 0.454250 0.443667 0.456000 0.439333 0.461250 0.438667 0.462750 0.438667 0.469500 0.440000 0.474250 0.442667 0.479000 0.445333 0.480250 0.448333 0.480500 0.451667 0.478500 0.455333 0.470750 0.455667 0.462500 0.452000 0.455500 0.449667 0.454500
0 0.403667 0.466250 0.404333 0.468250 0.407667 0.471000 0.416333 0.472750 0.425000 0.473000 0.431333 0.471750 0.433333 0.470250 0.433333 0.467500 0.432333 0.465750 0.427667 0.463250 0.423333 0.462250 0.417000 0.461750 0.408333 0.462250 0.406000 0.463500
0 0.517000 0.536250 0.513000 0.536250 0.510000 0.537250 0.504333 0.540750 0.501333 0.545000 0.499667 0.549250 0.499333 0.553500 0.500667 0.556500 0.503000 0.558000 0.506000 0.558500 0.511000 0.556750 0.514667 0.554250 0.518667 0.549000 0.520000 0.545750 0.520000 0.540500 0.518333 0.537000
0 0.555667 0.562000 0.552333 0.562750 0.550000 0.564750 0.548000 0.570500 0.548000 0.575250 0.549000 0.578500 0.551000 0.581500 0.553000 0.582750 0.557000 0.583500 0.560667 0.581000 0.562333 0.575500 0.562333 0.568500 0.560667 0.563750 0.557667 0.562250
0 0.560000 0.587750 0.555667 0.588250 0.552000 0.591500 0.550333 0.594500 0.549667 0.604250 0.552333 0.608250 0.558000 0.608000 0.561333 0.604500 0.563000 0.597750 0.563000 0.593000 0.561667 0.589250
0 0.465667 0.534750 0.463333 0.533250 0.454667 0.533500 0.442667 0.540000 0.438667 0.544000 0.438667 0.549250 0.439333 0.550250 0.442000 0.551250 0.449333 0.551000 0.452333 0.550250 0.459333 0.546750 0.465667 0.540750 0.466667 0.538500 0.466667 0.536250
0 0.440333 0.559000 0.439000 0.559750 0.438333 0.561750 0.438667 0.568500 0.440333 0.574000 0.442000 0.577000 0.444333 0.579000 0.447667 0.580500 0.451000 0.580750 0.452667 0.579500 0.454667 0.576500 0.454667 0.571500 0.452000 0.565750 0.449333 0.562500 0.444667 0.559000 0.443333 0.558500
0 0.368667 0.567750 0.369333 0.572250 0.372333 0.575750 0.380333 0.578750 0.387667 0.580000 0.393667 0.580000 0.396333 0.579250 0.399667 0.575750 0.399667 0.571750 0.397667 0.569250 0.395333 0.567750 0.388667 0.565250 0.373000 0.564750 0.369667 0.566500
0 0.295333 0.588000 0.295667 0.591500 0.296667 0.592500 0.309333 0.596000 0.319333 0.595500 0.323667 0.594250 0.326333 0.592250 0.326000 0.589000 0.324333 0.587000 0.322333 0.586000 0.313333 0.584000 0.301667 0.584500 0.298333 0.585500
0 0.400667 0.609000 0.397333 0.610750 0.395333 0.614500 0.394333 0.617750 0.394333 0.623500 0.395333 0.627000 0.399000 0.631500 0.400667 0.632250 0.404000 0.632500 0.407333 0.630500 0.409667 0.627750 0.411000 0.623000 0.411000 0.618500 0.408333 0.611000 0.404667 0.609000
0 0.444000 0.594500 0.442333 0.595000 0.440000 0.597250 0.439333 0.599000 0.439333 0.604500 0.442333 0.611500 0.444667 0.612750 0.448000 0.613250 0.451000 0.612250 0.452333 0.610500 0.453000 0.607250 0.452667 0.599750 0.451333 0.596250 0.449667 0.595000
0 0.474333 0.609250 0.471000 0.609500 0.466667 0.611750 0.463000 0.618750 0.463333 0.624250 0.466000 0.630750 0.468000 0.632250 0.470667 0.633000 0.474333 0.632500 0.476000 0.631500 0.479333 0.627500 0.481000 0.621750 0.481000 0.617750 0.480000 0.614250 0.478333 0.611500
0 0.431667 0.643500 0.427667 0.643750 0.424000 0.645750 0.421000 0.649750 0.419333 0.653750 0.418667 0.658250 0.419333 0.664500 0.421000 0.667750 0.424000 0.669750 0.428333 0.669750 0.432333 0.668250 0.434333 0.666250 0.436333 0.662250 0.437000 0.650000 0.435333 0.646000
0 0.498333 0.653750 0.493667 0.654750 0.489667 0.657500 0.486667 0.663750 0.486667 0.669500 0.488000 0.674250 0.490333 0.677250 0.493667 0.679250 0.498000 0.679250 0.502333 0.677250 0.504333 0.674250 0.505000 0.665750 0.503333 0.658500
0 0.651333 0.718500 0.647667 0.718750 0.644667 0.720250 0.640333 0.727500 0.639333 0.732500 0.639667 0.737000 0.641000 0.740250 0.642667 0.741250 0.647333 0.741500 0.648667 0.741000 0.652333 0.738250 0.654667 0.734750 0.655667 0.728500 0.655333 0.723500 0.654000 0.720000
0 0.583000 0.260750 0.579667 0.262500 0.577000 0.267250 0.575667 0.271250 0.575333 0.275750 0.576667 0.279500 0.579667 0.283500 0.582667 0.285250 0.585333 0.285750 0.588000 0.285250 0.591667 0.281750 0.592667 0.278250 0.592667 0.271000 0.591333 0.266250 0.589000 0.263250 0.584667 0.260750
0 0.622333 0.357750 0.619333 0.358750 0.617000 0.361000 0.615000 0.366500 0.614667 0.371000 0.615667 0.375000 0.618333 0.379250 0.620000 0.380750 0.623667 0.382000 0.627333 0.380750 0.630000 0.377500 0.631333 0.373750 0.631667 0.368250 0.629000 0.360750 0.626333 0.358750
