0 0.488000 0.692750 0.485667 0.694500 0.485000 0.696250 0.485667 0.703500 0.488333 0.707500 0.491333 0.710500 0.493667 0.712000 0.498667 0.713500 0.502000 0.711750 0.503000 0.709750 0.502667 0.704750 0.500667 0.702000 0.499000 0.697250 0.497667 0.695750 0.491333 0.692750
0 0.381667 0.407250 0.381667 0.409000 0.383667 0.413000 0.389000 0.417000 0.397667 0.420500 0.403667 0.421500 0.410333 0.421500 0.414333 0.420500 0.416333 0.418250 0.417000 0.415500 0.415667 0.413500 0.409000 0.408500 0.406667 0.407500 0.393333 0.404250 0.385000 0.404750
0 0.469667 0.467000 0.467000 0.467750 0.463667 0.470750 0.463000 0.479000 0.466000 0.486500 0.467667 0.487500 0.471333 0.487750 0.473333 0.486500 0.475333 0.483250 0.476333 0.479250 0.476333 0.472750 0.475667 0.469750 0.474333 0.468250 0.471333 0.467000
0 0.498000 0.469250 0.494667 0.469250 0.491000 0.471000 0.486667 0.478500 0.486667 0.483000 0.487667 0.486000 0.491000 0.488250 0.494667 0.488500 0.497333 0.487500 0.499000 0.485750 0.500333 0.482500 0.501000 0.473000 0.500000 0.470250
0 0.458333 0.502000 0.454000 0.502250 0.449000 0.506500 0.444333 0.509250 0.442000 0.512750 0.441000 0.517000 0.441000 0.522000 0.442667 0.525500 0.446333 0.527250 0.451000 0.527250 0.452333 0.526750 0.455667 0.523750 0.459333 0.517750 0.460667 0.514000 0.461333 0.506000 0.460000 0.503000
0 0.399000 0.513250 0.398667 0.514750 0.399667 0.518250 0.406000 0.522000 0.412333 0.522750 0.421000 0.522750 0.424000 0.522250 0.425667 0.521250 0.426333 0.519250 0.426000 0.516750 0.419333 0.512750 0.411333 0.511250 0.403667 0.511250 0.400000 0.512250
0 0.405667 0.556000 0.403333 0.556000 0.399333 0.558250 0.396667 0.564250 0.395667 0.570250 0.395667 0.576000 0.397667 0.579750 0.401333 0.581250 0.404667 0.581250 0.407667 0.579000 0.410000 0.576000 0.413000 0.568250 0.413333 0.564250 0.412000 0.560250 0.408667 0.556750
0 0.337667 0.614750 0.338667 0.618250 0.341333 0.620250 0.345667 0.621750 0.355667 0.623000 0.361667 0.623000 0.366000 0.622250 0.372333 0.619250 0.373333 0.616500 0.373000 0.613750 0.370333 0.610750 0.357333 0.608250 0.348000 0.608250 0.342667 0.609500 0.340000 0.610750
0 0.334000 0.621250 0.332667 0.622750 0.333000 0.626500 0.337333 0.633250 0.344667 0.638500 0.347000 0.638750 0.349333 0.638250 0.351333 0.634750 0.349333 0.627500 0.347333 0.626000 0.343667 0.624500 0.340667 0.622000 0.338667 0.621250
0 0.289667 0.634750 0.288333 0.636750 0.288333 0.640500 0.291000 0.646500 0.295000 0.650500 0.299333 0.653250 0.304333 0.653750 0.306333 0.653000 0.308000 0.651000 0.307000 0.646250 0.303667 0.641000 0.299000 0.637000 0.295333 0.635000 0.293333 0.634500
0 0.279000 0.671250 0.278333 0.670250 0.276000 0.669250 0.264000 0.669000 0.259667 0.669750 0.246000 0.673500 0.243333 0.676000 0.243000 0.678750 0.245333 0.681250 0.249667 0.682250 0.257000 0.682000 0.268333 0.680250 0.273333 0.678500 0.278000 0.675750 0.279333 0.674250
0 0.330000 0.681000 0.327667 0.680500 0.321667 0.680750 0.314000 0.685500 0.306000 0.693000 0.304667 0.696250 0.304667 0.698500 0.306333 0.701000 0.311000 0.701500 0.318000 0.698750 0.327000 0.693500 0.331667 0.685500 0.331333 0.682000
0 0.342000 0.682000 0.342333 0.685250 0.343333 0.686250 0.358333 0.690250 0.366000 0.690500 0.368000 0.690000 0.370667 0.688500 0.371667 0.686500 0.370667 0.683750 0.368333 0.681750 0.361667 0.679750 0.346000 0.680000
0 0.411000 0.660250 0.407667 0.659750 0.404667 0.660750 0.399667 0.664250 0.396000 0.670000 0.394333 0.674500 0.394000 0.678500 0.394667 0.682000 0.397000 0.684500 0.401333 0.684750 0.404000 0.683750 0.409333 0.678750 0.412000 0.675000 0.413667 0.668750 0.413667 0.664000 0.412667 0.661250
0 0.452000 0.633000 0.448333 0.633500 0.446333 0.634500 0.440667 0.643000 0.439000 0.649250 0.439667 0.655000 0.442333 0.657250 0.444667 0.657000 0.449333 0.654500 0.451667 0.651500 0.456000 0.640500 0.455667 0.634750
0 0.470333 0.585500 0.466000 0.585750 0.463333 0.587750 0.461333 0.592000 0.461000 0.603500 0.462000 0.607500 0.463667 0.609250 0.466667 0.610750 0.471333 0.609750 0.474333 0.607500 0.476000 0.603500 0.476333 0.598750 0.475333 0.589000 0.473667 0.586750
0 0.498333 0.576250 0.494333 0.576500 0.486667 0.581250 0.484000 0.585250 0.481667 0.587250 0.480000 0.592500 0.480667 0.596000 0.482667 0.598000 0.487000 0.598500 0.490000 0.597250 0.496000 0.592750 0.497667 0.590750 0.500333 0.584500 0.500333 0.579000
0 0.493333 0.550000 0.490333 0.551000 0.486667 0.554250 0.486000 0.556000 0.486333 0.562750 0.488333 0.569000 0.491667 0.574250 0.497667 0.579250 0.502000 0.569250 0.502000 0.564500 0.498667 0.553250 0.495333 0.550500
0 0.514000 0.548250 0.512667 0.549000 0.511000 0.552500 0.510333 0.560750 0.511667 0.565250 0.514000 0.569000 0.517000 0.572000 0.519333 0.572000 0.522000 0.571000 0.524000 0.567750 0.524667 0.565250 0.524333 0.556500 0.521333 0.549750 0.518667 0.548250
0 0.520667 0.578500 0.518333 0.579000 0.516667 0.580500 0.514667 0.586750 0.514667 0.590000 0.517333 0.599250 0.521333 0.603000 0.522667 0.603250 0.526000 0.602750 0.528333 0.600250 0.529333 0.596000 0.529333 0.588250 0.528000 0.584250 0.526000 0.581250 0.523667 0.579250
0 0.545333 0.622250 0.540667 0.623500 0.535667 0.626500 0.532333 0.633000 0.532000 0.638750 0.532667 0.643000 0.534333 0.646250 0.537000 0.648000 0.541667 0.648000 0.545000 0.646250 0.549667 0.637250 0.550667 0.632000 0.550333 0.627250 0.548667 0.624500
0 0.473000 0.634500 0.473000 0.638500 0.474000 0.640000 0.480333 0.644000 0.486000 0.646500 0.489667 0.647250 0.501333 0.647250 0.506000 0.646000 0.508333 0.643500 0.508333 0.641000 0.506667 0.637750 0.498667 0.633500 0.488667 0.631750 0.481000 0.631750 0.476000 0.632750
0 0.460333 0.659250 0.460333 0.662750 0.462000 0.664750 0.465000 0.666750 0.469333 0.668500 0.478667 0.669750 0.487667 0.670000 0.490000 0.669500 0.495667 0.666500 0.497333 0.663500 0.497333 0.661250 0.494000 0.657750 0.490000 0.656500 0.481333 0.655250 0.470667 0.655000 0.462333 0.657000
0 0.541333 0.663500 0.538333 0.664500 0.536667 0.666250 0.536000 0.674500 0.540000 0.686500 0.541333 0.687250 0.545000 0.687500 0.548667 0.685250 0.550000 0.682750 0.550333 0.674250 0.546000 0.665500 0.544667 0.664500
0 0.475000 0.678250 0.471000 0.681000 0.470000 0.683500 0.470000 0.694000 0.471333 0.696750 0.474000 0.699000 0.478000 0.699500 0.482000 0.697250 0.484000 0.692000 0.484000 0.687750 0.482000 0.680500 0.479000 0.678250
0 0.521667 0.694750 0.517000 0.695500 0.514333 0.697750 0.512333 0.701000 0.510333 0.709000 0.510000 0.714250 0.510667 0.717500 0.513000 0.721500 0.517000 0.724250 0.521333 0.724000 0.525667 0.721000 0.527667 0.718250 0.529000 0.713750 0.529000 0.704750 0.528000 0.700500 0.526000 0.697000
0 0.449667 0.712000 0.450000 0.714250 0.453333 0.716500 0.459667 0.718250 0.468000 0.719000 0.475000 0.719000 0.482000 0.717750 0.483333 0.716750 0.484667 0.714000 0.484000 0.710500 0.482000 0.708500 0.474333 0.706250 0.467667 0.705500 0.462333 0.705500 0.456333 0.707250 0.453000 0.708750
0 0.470333 0.721500 0.470000 0.725750 0.471667 0.728250 0.477667 0.731750 0.481667 0.733250 0.488667 0.734750 0.496333 0.734750 0.500333 0.734000 0.503667 0.732000 0.504000 0.727750 0.499000 0.722750 0.496333 0.721500 0.483667 0.719000 0.474667 0.719500 0.471000 0.720500
0 0.424000 0.704250 0.422000 0.705500 0.420333 0.711500 0.420667 0.717500 0.424000 0.725500 0.428000 0.729000 0.431000 0.730500 0.432667 0.730500 0.436333 0.729000 0.438000 0.725250 0.438333 0.716250 0.437667 0.712500 0.436000 0.708250 0.432333 0.704500 0.429667 0.704000
0 0.413000 0.703250 0.411000 0.703250 0.407333 0.704500 0.403667 0.710500 0.402333 0.714750 0.402333 0.718000 0.403333 0.720500 0.404333 0.721250 0.409000 0.721250 0.411667 0.719500 0.413667 0.717000 0.416000 0.709750 0.415667 0.705000
0 0.409333 0.741750 0.407333 0.741750 0.404333 0.742750 0.399333 0.747500 0.397667 0.754250 0.397667 0.760500 0.399000 0.763250 0.400667 0.764500 0.404667 0.764750 0.407000 0.763500 0.409333 0.761500 0.412667 0.756000 0.413667 0.750250 0.413333 0.744250 0.412000 0.742500
0 0.359667 0.737250 0.357667 0.737500 0.352667 0.742250 0.352000 0.743750 0.351667 0.750250 0.353000 0.756750 0.356667 0.763000 0.359333 0.764250 0.362333 0.764250 0.366000 0.762500 0.368000 0.759750 0.369667 0.755500 0.370000 0.748250 0.369333 0.744500 0.366000 0.739250 0.362333 0.737500
0 0.532667 0.767000 0.529333 0.769250 0.526000 0.775500 0.525667 0.781000 0.526333 0.784500 0.528667 0.789250 0.531667 0.791500 0.534000 0.791750 0.537667 0.789250 0.539333 0.786750 0.540667 0.781250 0.540000 0.774250 0.538000 0.768500 0.536333 0.767250
