0 0.521667 0.309750 0.517000 0.310000 0.512000 0.313750 0.509000 0.318000 0.507667 0.321750 0.507333 0.328000 0.508000 0.331000 0.509667 0.334000 0.513667 0.336250 0.518000 0.335250 0.522000 0.331750 0.524667 0.325500 0.526000 0.319500 0.526000 0.314750 0.525000 0.312750
0 0.463333 0.359250 0.461333 0.360750 0.460000 0.364000 0.460000 0.369250 0.461667 0.374500 0.467667 0.381500 0.470333 0.382750 0.474333 0.382750 0.476333 0.381000 0.477000 0.377750 0.476333 0.368250 0.475000 0.364500 0.471333 0.360500 0.467333 0.359000
0 0.400000 0.353000 0.396000 0.355250 0.393333 0.360250 0.393667 0.370000 0.395000 0.374000 0.396667 0.376500 0.401000 0.379250 0.404667 0.379250 0.407333 0.377250 0.410333 0.373750 0.411667 0.368500 0.409667 0.360750 0.405333 0.354250 0.404000 0.353250
0 0.464667 0.403000 0.461667 0.403750 0.458333 0.407250 0.457333 0.411500 0.457667 0.416750 0.460000 0.421750 0.463667 0.423750 0.467000 0.424250 0.469667 0.423000 0.472333 0.420500 0.473000 0.415750 0.472667 0.410750 0.471333 0.406750 0.467333 0.403250
0 0.451667 0.424750 0.450333 0.425000 0.446667 0.427500 0.443667 0.432000 0.442667 0.435000 0.442667 0.440500 0.444333 0.446750 0.445667 0.449000 0.449000 0.450500 0.452000 0.450500 0.454333 0.449000 0.457000 0.443750 0.458000 0.437750 0.457667 0.431250 0.456000 0.427500 0.454000 0.425750
0 0.467000 0.438500 0.463667 0.439750 0.462333 0.441250 0.460667 0.446250 0.459667 0.455000 0.462000 0.461250 0.465667 0.464000 0.468667 0.464250 0.471667 0.463000 0.475333 0.458750 0.476000 0.447000 0.474667 0.443000 0.472333 0.440250 0.470333 0.439000
0 0.541667 0.417750 0.537000 0.419000 0.533333 0.422250 0.530667 0.431000 0.530667 0.437250 0.532333 0.442500 0.533333 0.444000 0.536667 0.446250 0.540000 0.447000 0.544333 0.445500 0.546000 0.443500 0.549000 0.433000 0.548333 0.423750 0.545333 0.419000
0 0.410000 0.448250 0.408333 0.447250 0.402000 0.447250 0.392667 0.450250 0.385333 0.456000 0.384000 0.458250 0.384333 0.460500 0.386667 0.462000 0.391000 0.462250 0.397000 0.461000 0.403667 0.458750 0.408667 0.455500 0.411000 0.451750
0 0.372667 0.471000 0.371000 0.473500 0.371667 0.479250 0.377333 0.488250 0.388000 0.496250 0.392667 0.496250 0.395000 0.493750 0.395000 0.488000 0.390000 0.477750 0.385333 0.474000 0.381333 0.472000 0.377333 0.471000
0 0.372333 0.491750 0.370667 0.493500 0.371000 0.498000 0.376667 0.506000 0.385333 0.511000 0.389333 0.511500 0.392667 0.510750 0.393667 0.509500 0.394000 0.505000 0.392000 0.501000 0.389333 0.498250 0.381667 0.493250 0.376333 0.491750
0 0.419000 0.510500 0.416333 0.512250 0.414667 0.517000 0.415333 0.527500 0.416333 0.529750 0.419000 0.532000 0.424000 0.532750 0.427333 0.531250 0.428667 0.529000 0.429333 0.524000 0.428333 0.517500 0.425000 0.512500 0.421000 0.510500
0 0.471000 0.520000 0.466333 0.520500 0.462333 0.523500 0.459000 0.529500 0.458000 0.532500 0.458000 0.538250 0.459667 0.541750 0.462000 0.543500 0.464333 0.543500 0.467333 0.542250 0.471333 0.536750 0.474000 0.529750 0.474333 0.525250 0.473333 0.522250
0 0.519667 0.505750 0.517000 0.506000 0.512333 0.509000 0.510000 0.513000 0.509333 0.516500 0.509333 0.524000 0.510333 0.527750 0.513000 0.530750 0.517000 0.531500 0.520667 0.531000 0.522667 0.530000 0.524333 0.526750 0.526333 0.519250 0.526333 0.513500 0.525000 0.509750 0.523000 0.507250 0.521333 0.506000
0 0.541667 0.540000 0.537333 0.540000 0.535667 0.540500 0.532667 0.543250 0.531667 0.546000 0.530667 0.552500 0.531333 0.559750 0.532667 0.562000 0.536333 0.563750 0.538000 0.563750 0.541667 0.562500 0.544000 0.560750 0.545667 0.557000 0.545667 0.544500 0.544000 0.541250
0 0.490667 0.538000 0.488000 0.539500 0.486667 0.541750 0.486333 0.548500 0.487333 0.552250 0.489667 0.556250 0.492000 0.558500 0.494000 0.559500 0.498000 0.559750 0.499333 0.558750 0.500333 0.556750 0.501000 0.550250 0.499333 0.541000 0.497667 0.539250 0.495000 0.538250
0 0.469667 0.567750 0.467000 0.569000 0.464333 0.571500 0.463000 0.575000 0.463333 0.580250 0.465667 0.587500 0.468333 0.591500 0.470667 0.592750 0.475000 0.592750 0.477000 0.591250 0.478667 0.587500 0.479667 0.583250 0.479667 0.575750 0.478333 0.572500 0.475667 0.569500 0.472000 0.567750
0 0.504000 0.587250 0.504000 0.588500 0.505667 0.591250 0.508000 0.593000 0.520333 0.597250 0.529000 0.597750 0.533667 0.597000 0.537333 0.595250 0.538000 0.591000 0.536667 0.589000 0.530000 0.585750 0.525333 0.584250 0.518333 0.583000 0.514000 0.583000 0.506333 0.585250
0 0.518333 0.598000 0.514000 0.598250 0.510000 0.600000 0.505000 0.605500 0.502667 0.610500 0.502333 0.615000 0.504333 0.619000 0.505667 0.619750 0.509333 0.620000 0.513000 0.618500 0.518667 0.612250 0.521333 0.608000 0.522000 0.601750 0.521000 0.599750
0 0.451333 0.544250 0.446667 0.549000 0.445667 0.556000 0.446667 0.562250 0.449333 0.565500 0.451333 0.566500 0.455000 0.566750 0.457333 0.565500 0.459000 0.563000 0.459667 0.560500 0.459667 0.550500 0.459000 0.548000 0.456333 0.545250 0.455000 0.544500
0 0.424000 0.541500 0.420333 0.543750 0.419333 0.545250 0.418667 0.547750 0.418667 0.554250 0.420333 0.560000 0.423000 0.564500 0.424000 0.565250 0.427667 0.565500 0.429667 0.564250 0.432333 0.560250 0.433000 0.556750 0.432667 0.549250 0.431667 0.546750 0.428333 0.542500
0 0.396000 0.568500 0.394000 0.571250 0.394000 0.574250 0.396333 0.579750 0.404000 0.589000 0.406000 0.590500 0.408333 0.591250 0.411667 0.590750 0.414000 0.588250 0.414000 0.582500 0.412333 0.578000 0.407000 0.571500 0.404000 0.569250 0.400333 0.568250
0 0.376333 0.579500 0.375667 0.580500 0.375667 0.584500 0.377000 0.586500 0.388667 0.590500 0.392333 0.590750 0.396333 0.592000 0.400667 0.591500 0.402333 0.588750 0.402333 0.587000 0.400667 0.584000 0.396667 0.579500 0.392333 0.578250 0.380000 0.578250
0 0.370667 0.588250 0.369333 0.591000 0.369667 0.592500 0.373333 0.596750 0.377333 0.600000 0.384000 0.601750 0.392000 0.602500 0.397000 0.602250 0.401000 0.600250 0.401000 0.595750 0.398667 0.593750 0.394333 0.592500 0.387000 0.589250 0.380333 0.587500 0.372667 0.587000
0 0.451000 0.615500 0.447333 0.616250 0.444667 0.618500 0.440333 0.627750 0.439333 0.636750 0.440333 0.639750 0.443000 0.642000 0.446333 0.641500 0.450667 0.639250 0.453333 0.635250 0.455000 0.631000 0.456000 0.626250 0.456000 0.619250 0.455000 0.617250
0 0.400667 0.624750 0.399000 0.625250 0.397000 0.627500 0.396333 0.629750 0.396333 0.635500 0.399000 0.642750 0.401000 0.645250 0.404333 0.648000 0.409000 0.648250 0.411667 0.646250 0.413000 0.643500 0.411667 0.635500 0.406333 0.626500 0.404333 0.625250
0 0.376333 0.642000 0.373000 0.643500 0.371000 0.646750 0.370000 0.650500 0.370333 0.657750 0.371333 0.662500 0.375333 0.669750 0.377667 0.671000 0.380667 0.671000 0.382667 0.669250 0.385000 0.661750 0.386000 0.654750 0.385667 0.649750 0.381333 0.643250
0 0.443667 0.665250 0.439333 0.663250 0.433667 0.663750 0.429667 0.665250 0.424000 0.669250 0.421000 0.673500 0.420667 0.677500 0.421333 0.678750 0.424000 0.680250 0.428667 0.680250 0.435333 0.678250 0.440000 0.674500 0.443333 0.670500
0 0.512333 0.663750 0.510000 0.664250 0.507667 0.666500 0.506333 0.670500 0.506000 0.675250 0.507333 0.681250 0.508667 0.683750 0.510000 0.685000 0.512667 0.686000 0.514333 0.686000 0.516667 0.684500 0.518667 0.682000 0.520333 0.678000 0.520667 0.674000 0.518333 0.666250 0.515000 0.664000
0 0.442333 0.704750 0.443000 0.709000 0.444667 0.710250 0.451333 0.712750 0.458667 0.714000 0.466333 0.713500 0.468667 0.712000 0.470333 0.709750 0.470000 0.706000 0.468667 0.704250 0.459000 0.701500 0.450333 0.701500 0.443667 0.703500
0 0.401333 0.690000 0.399667 0.690750 0.398333 0.693250 0.398333 0.698750 0.400000 0.704500 0.404333 0.710250 0.407333 0.712500 0.411667 0.712500 0.413333 0.710750 0.414000 0.708750 0.414000 0.704000 0.412333 0.697750 0.404667 0.690000
0 0.345000 0.711500 0.344333 0.712750 0.344333 0.716500 0.345333 0.718500 0.354333 0.725000 0.360667 0.727250 0.365000 0.728000 0.369333 0.728000 0.372667 0.726500 0.373333 0.725000 0.373000 0.720250 0.370333 0.717250 0.364000 0.713250 0.357000 0.711000 0.350333 0.710000 0.346667 0.710500
0 0.475333 0.714500 0.474000 0.714250 0.470333 0.715500 0.464000 0.720250 0.462333 0.722750 0.460667 0.728000 0.460667 0.732000 0.461667 0.734750 0.463333 0.735750 0.466333 0.735750 0.471333 0.733500 0.475333 0.730000 0.478667 0.720250 0.478000 0.716250
0 0.494000 0.705750 0.490667 0.706250 0.489333 0.707000 0.486333 0.710500 0.485333 0.713250 0.485333 0.717750 0.486333 0.722000 0.487333 0.724000 0.490000 0.725750 0.494000 0.725250 0.495000 0.724500 0.497667 0.718250 0.498000 0.711750 0.497000 0.709000
0 0.521333 0.718750 0.514000 0.718750 0.511000 0.720000 0.509667 0.721000 0.505667 0.728000 0.504667 0.731750 0.504667 0.736500 0.508000 0.742500 0.510000 0.743750 0.513667 0.743750 0.517333 0.741500 0.522000 0.736250 0.524000 0.729250 0.524000 0.723000 0.523333 0.720500
0 0.583667 0.724750 0.581000 0.725250 0.579333 0.726250 0.577667 0.730250 0.577333 0.735750 0.578000 0.739250 0.579333 0.742000 0.580667 0.742750 0.583333 0.742750 0.584667 0.742000 0.588000 0.735000 0.588000 0.728750 0.585667 0.725750
0 0.567000 0.782750 0.567333 0.784500 0.570667 0.787250 0.577667 0.789250 0.583667 0.789750 0.591667 0.789500 0.596667 0.788250 0.598000 0.787000 0.598000 0.784250 0.596333 0.782500 0.592000 0.780750 0.584000 0.779000 0.579000 0.778750 0.575000 0.779250 0.568000 0.781750
0 0.465667 0.739500 0.465667 0.741250 0.467000 0.743750 0.474000 0.746250 0.482667 0.745750 0.487000 0.744500 0.490667 0.744250 0.495333 0.741000 0.495333 0.739500 0.493333 0.736750 0.491000 0.735750 0.483667 0.735000 0.473000 0.735500 0.469000 0.736750
0 0.500333 0.744000 0.498667 0.743000 0.496000 0.743000 0.492333 0.744250 0.484000 0.745250 0.477667 0.747250 0.473333 0.751250 0.473333 0.753000 0.474667 0.755750 0.478000 0.757750 0.483000 0.757750 0.490667 0.755750 0.494000 0.753750 0.497667 0.752500 0.501000 0.748000
0 0.446667 0.731750 0.444000 0.732750 0.441000 0.735500 0.439667 0.741500 0.439667 0.746750 0.441667 0.752750 0.443667 0.754250 0.446333 0.755250 0.448000 0.755250 0.451333 0.753500 0.454667 0.748000 0.455333 0.739500 0.454333 0.735750 0.452000 0.732750 0.450333 0.732000
0 0.475000 0.759750 0.471000 0.760000 0.466000 0.765500 0.462333 0.772750 0.461667 0.775000 0.462000 0.781000 0.463333 0.783750 0.466000 0.785250 0.467667 0.785250 0.471333 0.783750 0.475333 0.780750 0.479000 0.772000 0.480000 0.767250 0.479667 0.763250 0.479000 0.762000
0 0.498000 0.765250 0.494000 0.765500 0.491000 0.766750 0.485667 0.773500 0.484667 0.780000 0.485667 0.783750 0.488000 0.785250 0.491333 0.785500 0.493333 0.784750 0.496667 0.782500 0.499000 0.780000 0.500667 0.775250 0.500667 0.769500 0.500000 0.767000
0 0.506000 0.778250 0.504000 0.779750 0.503000 0.781750 0.503000 0.785750 0.505000 0.791000 0.509000 0.796500 0.513333 0.800000 0.517000 0.801750 0.521000 0.801500 0.523333 0.799250 0.523667 0.793250 0.522333 0.788250 0.519000 0.783500 0.514000 0.780000 0.510333 0.778500
