0 0.273000 0.582250 0.271000 0.582750 0.269000 0.586250 0.268667 0.595500 0.270333 0.600000 0.274000 0.605250 0.275333 0.606000 0.279000 0.606250 0.283667 0.603500 0.284667 0.600750 0.284333 0.595000 0.280000 0.585000 0.276333 0.582500
0 0.426667 0.579500 0.424000 0.580500 0.423000 0.583250 0.424333 0.591250 0.430000 0.600000 0.432667 0.601250 0.436333 0.601500 0.439000 0.600500 0.440333 0.598500 0.440667 0.594750 0.439000 0.588250 0.435333 0.582000 0.431667 0.580000
0 0.560000 0.456500 0.558333 0.458500 0.557667 0.461500 0.559000 0.471000 0.563333 0.479750 0.565000 0.480750 0.568000 0.481000 0.570333 0.479500 0.573000 0.475500 0.573000 0.468250 0.569333 0.460750 0.564333 0.457250
0 0.506333 0.514250 0.502667 0.513250 0.498000 0.513250 0.492000 0.516250 0.485667 0.525250 0.485667 0.531000 0.487333 0.533750 0.489667 0.534500 0.494667 0.533750 0.497667 0.532750 0.502667 0.529750 0.506333 0.525500 0.507667 0.521750 0.508000 0.516750
0 0.474000 0.492750 0.470333 0.494500 0.469000 0.497250 0.468333 0.500500 0.468333 0.509500 0.470000 0.514750 0.474000 0.516750 0.476000 0.516750 0.479000 0.516000 0.482000 0.512750 0.483000 0.510500 0.483667 0.505000 0.483333 0.501000 0.481667 0.497250 0.478667 0.494000
0 0.487667 0.497500 0.487667 0.502250 0.489667 0.505500 0.492667 0.507500 0.505333 0.511250 0.510667 0.511250 0.514000 0.510250 0.518000 0.506500 0.518000 0.501500 0.514333 0.499000 0.510667 0.497500 0.507667 0.497250 0.499000 0.494750 0.493000 0.495000 0.490333 0.495750
0 0.478333 0.477500 0.477667 0.479750 0.478000 0.483500 0.486000 0.489750 0.491333 0.491500 0.497000 0.492250 0.503333 0.492500 0.506333 0.491750 0.507000 0.490750 0.507000 0.486000 0.500333 0.481250 0.497000 0.477750 0.490000 0.475500 0.482333 0.475500
0 0.503667 0.462500 0.502333 0.461000 0.498000 0.458500 0.493000 0.458250 0.486667 0.459000 0.479333 0.460750 0.475667 0.462250 0.471333 0.466250 0.471333 0.467500 0.474333 0.471250 0.482667 0.472000 0.491000 0.471750 0.498333 0.469500 0.502333 0.467250 0.503333 0.466000
0 0.437000 0.443500 0.434667 0.443500 0.432000 0.444500 0.429667 0.446250 0.426000 0.452000 0.425333 0.456500 0.426333 0.462250 0.428000 0.464250 0.431000 0.465250 0.435333 0.464500 0.437000 0.463250 0.440000 0.459250 0.441333 0.455750 0.441000 0.447000 0.439333 0.444750
0 0.455667 0.438250 0.451667 0.438000 0.448333 0.439000 0.445000 0.443000 0.443333 0.446750 0.442000 0.460000 0.443000 0.462500 0.446667 0.464500 0.450667 0.464500 0.453667 0.462750 0.456333 0.460000 0.459667 0.454250 0.460333 0.451500 0.460000 0.443250 0.458667 0.440500
0 0.470333 0.426000 0.467000 0.427500 0.464333 0.430500 0.463333 0.436500 0.465333 0.440250 0.466000 0.447000 0.467333 0.449250 0.469667 0.451750 0.475667 0.453000 0.478667 0.452000 0.480667 0.450500 0.483000 0.447250 0.483000 0.436000 0.481667 0.432000 0.479333 0.429250 0.474667 0.426250
0 0.470000 0.365000 0.466667 0.366250 0.462333 0.369250 0.461667 0.371750 0.462000 0.380250 0.466000 0.386000 0.469000 0.388500 0.470667 0.389250 0.474333 0.389250 0.477000 0.387000 0.481000 0.381500 0.481333 0.375500 0.478667 0.368000 0.474000 0.365000
0 0.337667 0.298500 0.333333 0.299500 0.330667 0.302250 0.328000 0.307500 0.327333 0.312750 0.327333 0.319250 0.328000 0.321750 0.329333 0.323500 0.333000 0.325000 0.334667 0.325000 0.337667 0.323750 0.341333 0.320750 0.343000 0.318000 0.344000 0.309500 0.342667 0.302500 0.341667 0.301000
0 0.490000 0.790500 0.487333 0.789750 0.482333 0.790250 0.478000 0.792000 0.469000 0.797750 0.466333 0.803250 0.466333 0.808000 0.467333 0.810000 0.470000 0.811500 0.475333 0.811500 0.482000 0.809000 0.487333 0.804250 0.490667 0.800000 0.491667 0.796750 0.491667 0.793500
0 0.513667 0.734750 0.510667 0.736250 0.509000 0.738750 0.508000 0.743500 0.508333 0.752250 0.510000 0.756500 0.513333 0.759000 0.518000 0.759250 0.521333 0.757250 0.522667 0.755250 0.524667 0.748500 0.524667 0.742250 0.523667 0.739250 0.521333 0.736250 0.517333 0.734750
0 0.540333 0.642750 0.536667 0.644750 0.533333 0.650000 0.533333 0.659750 0.534333 0.663000 0.539000 0.668500 0.541333 0.669750 0.545000 0.669750 0.548000 0.667500 0.550333 0.663750 0.551000 0.660750 0.550667 0.655000 0.549333 0.649750 0.546333 0.645500 0.544333 0.643750
0 0.478667 0.656500 0.474000 0.656500 0.470333 0.658000 0.467000 0.666000 0.467000 0.672500 0.468000 0.677250 0.470333 0.680000 0.473000 0.680750 0.475667 0.680750 0.480667 0.678750 0.482667 0.676250 0.483667 0.673500 0.484333 0.667500 0.483667 0.661250 0.482000 0.658000
0 0.345000 0.644750 0.341333 0.646500 0.338333 0.650250 0.337333 0.653000 0.337667 0.658250 0.339000 0.662250 0.342667 0.667750 0.345000 0.669750 0.350000 0.670250 0.354333 0.667500 0.355667 0.665500 0.356667 0.662000 0.356333 0.654750 0.355000 0.650250 0.351000 0.646250 0.349000 0.645000
0 0.399667 0.646000 0.396333 0.647750 0.394667 0.650750 0.394667 0.655000 0.397667 0.662500 0.399667 0.665500 0.404667 0.668500 0.407667 0.669500 0.411667 0.669000 0.414333 0.667000 0.415667 0.663250 0.415667 0.657500 0.413000 0.650750 0.412000 0.649500 0.406333 0.646250 0.404000 0.645750
0 0.443000 0.636750 0.441333 0.635000 0.436667 0.633750 0.429667 0.633500 0.422667 0.634500 0.415667 0.638500 0.414667 0.641250 0.415000 0.644500 0.417000 0.646750 0.419667 0.647750 0.426333 0.648000 0.436000 0.646500 0.442333 0.643250 0.443333 0.640750
0 0.371333 0.617250 0.370667 0.618250 0.371333 0.623750 0.377000 0.628750 0.383667 0.631500 0.388000 0.632250 0.392000 0.631500 0.394000 0.630250 0.395000 0.627750 0.394667 0.626000 0.388333 0.618500 0.385333 0.617000 0.378333 0.615750 0.373000 0.616250
0 0.360667 0.604000 0.359667 0.606500 0.360000 0.608500 0.362333 0.611250 0.365667 0.613000 0.370667 0.614000 0.378000 0.614250 0.384333 0.613000 0.386667 0.611000 0.386667 0.606500 0.380667 0.602750 0.375667 0.601750 0.368333 0.601750 0.363000 0.602750
0 0.515667 0.594250 0.512667 0.595000 0.510000 0.597750 0.509333 0.599500 0.509333 0.604500 0.513000 0.612750 0.516667 0.616000 0.519667 0.616250 0.522000 0.615750 0.525333 0.612000 0.526000 0.609500 0.526000 0.602750 0.522000 0.595250 0.518667 0.594250
0 0.479000 0.596500 0.474000 0.597250 0.470667 0.599750 0.468333 0.603250 0.467333 0.607000 0.467333 0.614750 0.468333 0.618500 0.470000 0.621000 0.473667 0.622500 0.479333 0.621500 0.482000 0.619500 0.484000 0.615750 0.484667 0.610000 0.484333 0.602750 0.482667 0.598500
