0 0.499667 0.681000 0.497333 0.681000 0.493333 0.685000 0.493333 0.689750 0.491667 0.695000 0.490333 0.697000 0.491667 0.700500 0.493333 0.701250 0.494667 0.701000 0.496000 0.699250 0.499000 0.698000 0.501667 0.691750 0.502333 0.683500 0.502000 0.682000
0 0.390000 0.646000 0.389000 0.644250 0.384667 0.642000 0.378333 0.641500 0.365667 0.642250 0.361333 0.642000 0.357000 0.644750 0.356000 0.646000 0.356000 0.647250 0.358333 0.651000 0.361000 0.652750 0.378667 0.654250 0.384667 0.653750 0.388333 0.652500 0.390000 0.650500
0 0.513000 0.708750 0.510000 0.710000 0.507333 0.713000 0.506000 0.716750 0.506000 0.721750 0.508667 0.729250 0.511333 0.730750 0.514333 0.731250 0.517333 0.729500 0.521333 0.724000 0.522333 0.719250 0.522000 0.716000 0.520667 0.712750 0.517000 0.709750
0 0.508667 0.680250 0.506000 0.681000 0.504667 0.682750 0.503333 0.688750 0.503667 0.694000 0.504667 0.697250 0.508667 0.701750 0.511667 0.702750 0.514333 0.702750 0.519000 0.697500 0.519667 0.689250 0.518333 0.685250 0.515333 0.681500 0.513667 0.680500
0 0.541333 0.663500 0.537000 0.666250 0.535333 0.670500 0.535333 0.677500 0.536333 0.682250 0.540000 0.686250 0.542333 0.686500 0.544667 0.686000 0.546333 0.684750 0.549000 0.681250 0.550333 0.677500 0.550667 0.672750 0.547333 0.665250 0.545667 0.664000
0 0.556667 0.657250 0.553333 0.658000 0.551333 0.660250 0.549667 0.664500 0.549667 0.668000 0.552000 0.674500 0.554000 0.677250 0.556333 0.678750 0.560333 0.678750 0.562667 0.677250 0.565000 0.673750 0.565333 0.666250 0.564000 0.662500 0.561333 0.658250
0 0.542000 0.734000 0.538667 0.734500 0.535000 0.736500 0.532667 0.739750 0.530667 0.745000 0.530667 0.752000 0.532000 0.755750 0.533667 0.757250 0.537333 0.758500 0.541333 0.758000 0.544000 0.756250 0.547333 0.748750 0.547667 0.739750 0.546667 0.736500 0.545333 0.735000
0 0.606667 0.704750 0.603000 0.706750 0.599667 0.712750 0.599333 0.721500 0.600667 0.725000 0.603333 0.726750 0.608000 0.726750 0.611000 0.725250 0.613333 0.722500 0.614333 0.720000 0.615000 0.712750 0.614000 0.709250 0.612333 0.706500 0.610667 0.705250
0 0.309667 0.611000 0.307000 0.612000 0.305000 0.614000 0.303000 0.619500 0.303000 0.624250 0.306000 0.633250 0.309667 0.636500 0.312000 0.636750 0.315333 0.635500 0.318667 0.631500 0.320000 0.627250 0.320000 0.622000 0.319000 0.617500 0.315333 0.612500 0.313667 0.611500
0 0.299333 0.564750 0.298667 0.567500 0.299000 0.570750 0.301000 0.575500 0.305000 0.580750 0.311000 0.584750 0.315000 0.585250 0.318000 0.584500 0.319667 0.583250 0.321000 0.580500 0.320667 0.576000 0.319000 0.571500 0.312667 0.565250 0.310333 0.563750 0.307333 0.563000 0.302333 0.563000
0 0.442667 0.512250 0.439667 0.513500 0.437333 0.517000 0.436000 0.522250 0.436000 0.527250 0.439000 0.534500 0.442667 0.537000 0.447333 0.537500 0.451333 0.535000 0.452333 0.533500 0.454000 0.528750 0.453667 0.521500 0.451333 0.515250 0.447000 0.512500
0 0.477667 0.532500 0.476667 0.533500 0.476333 0.537500 0.482667 0.544250 0.490667 0.548250 0.492667 0.548750 0.496000 0.548500 0.497000 0.547750 0.497667 0.544750 0.495667 0.541250 0.484000 0.532500
0 0.509333 0.541250 0.506333 0.543000 0.505333 0.544750 0.505000 0.552500 0.509000 0.561750 0.513000 0.563500 0.518000 0.562750 0.520333 0.560000 0.519333 0.549000 0.514333 0.543000 0.511333 0.541500
0 0.582667 0.584500 0.581667 0.587250 0.582333 0.589500 0.585333 0.592750 0.588333 0.593750 0.600333 0.593750 0.607000 0.591250 0.608667 0.588500 0.608667 0.585000 0.607333 0.582500 0.600000 0.580500 0.592667 0.580750 0.587333 0.582000 0.583667 0.583500
0 0.584000 0.555000 0.575667 0.555750 0.573333 0.557250 0.572333 0.559250 0.572333 0.561250 0.574667 0.565250 0.579667 0.568750 0.581000 0.568750 0.585000 0.566750 0.587667 0.560750 0.587000 0.557250
0 0.588333 0.520750 0.586333 0.524000 0.586333 0.527000 0.587333 0.529750 0.590667 0.533500 0.595000 0.536750 0.598667 0.538250 0.604333 0.538750 0.607000 0.538000 0.608333 0.536000 0.608667 0.531750 0.607667 0.528000 0.605000 0.524750 0.595333 0.519750 0.591333 0.519250
0 0.431667 0.665000 0.426667 0.664750 0.424000 0.665500 0.419667 0.669250 0.416333 0.673500 0.415000 0.677250 0.415000 0.682750 0.416333 0.685250 0.419333 0.686750 0.421000 0.686500 0.428000 0.682250 0.432667 0.676500 0.434333 0.671500 0.434333 0.668750 0.433333 0.666250
0 0.424333 0.688000 0.421667 0.689500 0.419000 0.693750 0.418333 0.702500 0.419000 0.705750 0.421000 0.709250 0.423667 0.711000 0.427333 0.711500 0.431333 0.710000 0.433000 0.708750 0.435000 0.705750 0.436000 0.701750 0.436000 0.696250 0.434667 0.691750 0.432333 0.688750 0.429333 0.688000
0 0.463667 0.754250 0.462000 0.755250 0.461000 0.758750 0.462000 0.765000 0.466667 0.773250 0.470000 0.776250 0.472000 0.776250 0.475000 0.774750 0.477000 0.770750 0.477333 0.766750 0.475333 0.760000 0.468000 0.754500 0.466667 0.754000
0 0.497667 0.760250 0.494000 0.760000 0.491667 0.761000 0.488333 0.763500 0.485333 0.767500 0.484667 0.772000 0.485000 0.778250 0.486000 0.780250 0.489333 0.781750 0.494333 0.781500 0.497667 0.780000 0.500000 0.777000 0.501667 0.773250 0.502333 0.767000 0.499000 0.761250
0 0.352667 0.594750 0.349000 0.596500 0.347000 0.599750 0.346000 0.603750 0.346667 0.610250 0.349333 0.616250 0.353333 0.618750 0.357667 0.618750 0.362000 0.615000 0.363333 0.612250 0.364333 0.608000 0.364333 0.603500 0.362667 0.598750 0.361000 0.596500 0.357333 0.594750
0 0.481667 0.671250 0.479000 0.672250 0.477000 0.674250 0.474667 0.681500 0.474667 0.686250 0.477333 0.694000 0.479333 0.695000 0.484333 0.695750 0.487333 0.695250 0.488333 0.694500 0.491000 0.690250 0.492667 0.685500 0.492667 0.679750 0.490667 0.673250 0.485667 0.671250
0 0.419000 0.605000 0.416333 0.606500 0.414333 0.611000 0.415000 0.621750 0.416000 0.624250 0.418333 0.627000 0.421000 0.628500 0.424333 0.628750 0.428333 0.626750 0.430000 0.623500 0.430333 0.616500 0.429000 0.610750 0.426000 0.607250 0.422333 0.605250
0 0.486333 0.512000 0.484667 0.513500 0.483333 0.517250 0.484000 0.524500 0.485667 0.529500 0.489000 0.532250 0.493333 0.534500 0.495333 0.534750 0.497667 0.534250 0.499333 0.532750 0.500667 0.529750 0.500333 0.524000 0.498333 0.517500 0.491000 0.512000
0 0.465667 0.504500 0.462000 0.506000 0.460000 0.509250 0.460667 0.518500 0.462000 0.522750 0.466000 0.527000 0.470000 0.528750 0.471333 0.528750 0.474000 0.527750 0.475667 0.526000 0.476667 0.521500 0.476333 0.516250 0.473333 0.509500 0.468333 0.505000
0 0.466000 0.472750 0.462333 0.473500 0.457667 0.478250 0.456333 0.482750 0.456333 0.488250 0.457667 0.492750 0.459667 0.495750 0.463333 0.498250 0.467667 0.498500 0.473667 0.494000 0.476000 0.485750 0.474333 0.478500 0.472000 0.477000 0.469667 0.474000
0 0.481667 0.491000 0.481000 0.492750 0.481333 0.495250 0.483333 0.497500 0.486333 0.499500 0.494333 0.502500 0.502000 0.503500 0.505667 0.502250 0.506333 0.500750 0.506000 0.497250 0.497667 0.491250 0.491000 0.489250 0.485000 0.489750
0 0.490000 0.464500 0.485667 0.465750 0.483667 0.468500 0.481333 0.470250 0.479000 0.475500 0.478333 0.478500 0.479000 0.482500 0.482000 0.486500 0.486667 0.486250 0.489667 0.485250 0.491333 0.484000 0.494667 0.478500 0.495667 0.475000 0.495667 0.469750 0.493667 0.466250
0 0.448000 0.571500 0.445333 0.571750 0.442667 0.573000 0.439667 0.575750 0.438000 0.579500 0.437667 0.588500 0.438667 0.592500 0.440000 0.593750 0.443333 0.595000 0.447667 0.594500 0.451000 0.593000 0.453000 0.590000 0.454667 0.584750 0.454667 0.580000 0.453000 0.575250 0.451667 0.573250
0 0.492667 0.607250 0.488667 0.608750 0.486333 0.610750 0.485333 0.620250 0.486000 0.623250 0.488000 0.626250 0.494000 0.630750 0.495000 0.630750 0.498000 0.629500 0.499333 0.627250 0.500667 0.621000 0.500667 0.615500 0.499000 0.609750 0.495000 0.607250
0 0.516333 0.595000 0.513333 0.595500 0.509667 0.599000 0.508667 0.602250 0.508667 0.608750 0.510667 0.612500 0.513667 0.615000 0.518333 0.615750 0.522333 0.612750 0.523667 0.608500 0.524000 0.603250 0.523000 0.599000 0.521333 0.596250 0.519000 0.595250
0 0.478000 0.577250 0.476667 0.580000 0.477000 0.585000 0.478333 0.588250 0.481333 0.592000 0.486333 0.595250 0.489333 0.596250 0.494000 0.596250 0.496667 0.595250 0.498000 0.593000 0.498000 0.588250 0.495333 0.583500 0.490000 0.578500 0.483333 0.577000
0 0.498667 0.560250 0.497333 0.559500 0.493333 0.559500 0.481667 0.563750 0.477667 0.567750 0.477333 0.572000 0.478000 0.573250 0.481667 0.574500 0.490000 0.574500 0.497667 0.570250 0.499667 0.568000 0.500333 0.563750
0 0.481667 0.552000 0.479333 0.550750 0.476667 0.550250 0.472667 0.550250 0.468333 0.551250 0.463000 0.553750 0.461333 0.555250 0.460667 0.557250 0.462667 0.560250 0.466667 0.561250 0.475667 0.561000 0.482000 0.557750 0.482333 0.553250
0 0.398667 0.412250 0.397667 0.415750 0.399667 0.419000 0.402000 0.420500 0.407667 0.422250 0.411000 0.422750 0.420333 0.422750 0.427667 0.420500 0.428667 0.419000 0.429000 0.415750 0.428333 0.414750 0.420667 0.410250 0.417000 0.409250 0.413000 0.408750 0.404667 0.409000 0.399667 0.411000
0 0.466000 0.433250 0.462333 0.435000 0.460667 0.438250 0.460333 0.447000 0.462000 0.450000 0.463333 0.451000 0.467667 0.451750 0.469667 0.451000 0.472667 0.448000 0.474000 0.441500 0.473667 0.439000 0.471000 0.435500 0.467667 0.433250
0 0.491000 0.413750 0.486667 0.414500 0.484000 0.416250 0.478667 0.424000 0.478333 0.427500 0.479333 0.430500 0.482667 0.433750 0.484667 0.434250 0.488000 0.434250 0.491000 0.433250 0.494333 0.429250 0.496667 0.424750 0.497000 0.420000 0.495667 0.416250 0.493667 0.414500
0 0.529000 0.414500 0.525333 0.416500 0.523333 0.420000 0.522667 0.424250 0.523333 0.431750 0.525000 0.436000 0.528333 0.438250 0.536667 0.438250 0.538667 0.436500 0.540000 0.432500 0.540333 0.425750 0.539667 0.422500 0.537000 0.417750 0.533667 0.415500
0 0.557000 0.436500 0.552333 0.437000 0.547667 0.440000 0.544667 0.446500 0.544667 0.450250 0.546000 0.453000 0.548333 0.454500 0.553000 0.454750 0.556667 0.453250 0.559333 0.451000 0.561000 0.445000 0.560667 0.440000 0.560000 0.438500
0 0.534333 0.447500 0.532333 0.447500 0.529000 0.449750 0.524667 0.455250 0.523667 0.461750 0.524000 0.465500 0.524667 0.467250 0.528000 0.468750 0.530333 0.468750 0.534667 0.466750 0.537333 0.463500 0.538667 0.460250 0.539333 0.456750 0.538667 0.451500 0.537333 0.449000
0 0.531667 0.471500 0.527333 0.473000 0.524667 0.475500 0.523667 0.478750 0.523667 0.484750 0.526000 0.491000 0.530667 0.495250 0.532667 0.496250 0.534000 0.496250 0.537000 0.494750 0.539667 0.490500 0.541000 0.486500 0.541000 0.482750 0.540000 0.477750 0.538000 0.474000 0.535000 0.472000
0 0.528333 0.499500 0.525667 0.500000 0.523667 0.502500 0.522667 0.507750 0.523000 0.512500 0.525333 0.517750 0.529333 0.520500 0.533000 0.520500 0.535667 0.518000 0.537333 0.515000 0.538000 0.508500 0.534333 0.501750 0.531667 0.500250
0 0.549667 0.503500 0.544667 0.504000 0.541000 0.507250 0.539333 0.511000 0.539333 0.522500 0.541000 0.526250 0.544333 0.528750 0.548000 0.528500 0.552667 0.525750 0.555000 0.522500 0.556333 0.518250 0.556333 0.513000 0.555000 0.508250 0.553333 0.505500
0 0.508000 0.462250 0.505333 0.463250 0.502667 0.467250 0.502667 0.475000 0.504667 0.480500 0.506667 0.483500 0.510000 0.485500 0.514333 0.485750 0.516667 0.484000 0.518000 0.482000 0.518667 0.479250 0.518000 0.470750 0.513667 0.464000 0.510667 0.462250
