0 0.580667 0.500500 0.576667 0.498500 0.572667 0.498500 0.563333 0.501000 0.561000 0.502500 0.556000 0.509000 0.556000 0.511000 0.557000 0.513000 0.560000 0.514750 0.567667 0.514250 0.573667 0.511750 0.576667 0.509750 0.580667 0.505750 0.581333 0.502500
0 0.301333 0.506750 0.298333 0.507750 0.296667 0.509500 0.295333 0.513000 0.295000 0.517750 0.295667 0.521250 0.297667 0.525750 0.300667 0.527500 0.303667 0.527750 0.307333 0.525500 0.310000 0.521000 0.310333 0.516250 0.308000 0.509250 0.306000 0.507750 0.303333 0.506750
0 0.511000 0.543250 0.509000 0.543250 0.506333 0.544250 0.503333 0.546500 0.501333 0.549250 0.500667 0.553500 0.501000 0.560250 0.502333 0.562250 0.505333 0.564250 0.508000 0.564250 0.511667 0.563250 0.513667 0.562000 0.515333 0.559500 0.516333 0.554250 0.516000 0.548500 0.514000 0.544500
0 0.537667 0.554750 0.536667 0.554000 0.534667 0.553750 0.528000 0.554000 0.525000 0.554500 0.522000 0.556000 0.517000 0.560000 0.513667 0.565250 0.513333 0.569000 0.516667 0.570750 0.521333 0.570750 0.529667 0.567500 0.537667 0.561000 0.538333 0.558250
0 0.540000 0.439750 0.539000 0.442250 0.539667 0.446500 0.541000 0.448750 0.544667 0.452250 0.552333 0.455750 0.558667 0.457750 0.564667 0.458250 0.569000 0.456750 0.570000 0.455500 0.570000 0.450500 0.569000 0.448500 0.560667 0.442250 0.555000 0.439750 0.550000 0.438750 0.543000 0.438750
0 0.580667 0.691250 0.575667 0.692750 0.572333 0.695500 0.570667 0.697750 0.569667 0.701000 0.569333 0.706250 0.570000 0.710000 0.572333 0.712750 0.575000 0.713500 0.576667 0.713500 0.581667 0.710500 0.584333 0.707000 0.586000 0.701000 0.585333 0.694500 0.583667 0.692250
0 0.615667 0.731750 0.614333 0.730500 0.611333 0.729250 0.603667 0.730000 0.596333 0.733000 0.593000 0.736250 0.592667 0.740000 0.594667 0.741500 0.598667 0.742500 0.609000 0.741250 0.612333 0.740000 0.615333 0.737750 0.616000 0.736750
0 0.486667 0.626250 0.484333 0.627250 0.481333 0.630250 0.479333 0.634000 0.479333 0.637250 0.481333 0.643000 0.484333 0.647750 0.487000 0.650250 0.489000 0.651000 0.491000 0.651000 0.495333 0.648250 0.496667 0.646250 0.497667 0.642500 0.497333 0.634750 0.495000 0.630250 0.490333 0.626500
0 0.512000 0.634750 0.508667 0.635750 0.506667 0.638000 0.504667 0.642750 0.504667 0.648500 0.505333 0.651750 0.507333 0.655750 0.509000 0.657000 0.513667 0.658250 0.518000 0.656750 0.520333 0.654500 0.521333 0.651250 0.521333 0.646000 0.520667 0.642000 0.518333 0.638000 0.514000 0.634750
0 0.441333 0.610750 0.439333 0.611250 0.436667 0.614250 0.435667 0.617750 0.435667 0.623000 0.439000 0.631250 0.442667 0.634000 0.447000 0.634500 0.449000 0.633750 0.452000 0.631000 0.452667 0.628250 0.452333 0.619000 0.447667 0.612500 0.444333 0.610750
0 0.515000 0.610000 0.512333 0.610000 0.509333 0.611000 0.502333 0.619250 0.501667 0.622750 0.502000 0.628000 0.504000 0.631250 0.506000 0.632250 0.510000 0.632000 0.513333 0.629750 0.515000 0.627750 0.518000 0.621500 0.518667 0.613750 0.517333 0.610750
0 0.541333 0.625250 0.538000 0.624500 0.532667 0.625250 0.529333 0.627500 0.526000 0.631500 0.524000 0.635250 0.524000 0.639750 0.525333 0.642500 0.528000 0.644250 0.530000 0.644500 0.534000 0.643500 0.537333 0.641250 0.539333 0.639000 0.543000 0.631750 0.543000 0.627250
0 0.442000 0.574250 0.440000 0.574750 0.438333 0.576500 0.438000 0.584250 0.438667 0.589000 0.440000 0.591750 0.442000 0.593250 0.446667 0.593750 0.449000 0.593000 0.451000 0.591500 0.452000 0.589500 0.452000 0.579250 0.450667 0.576500 0.448667 0.575000 0.446000 0.574250
0 0.362000 0.647500 0.358000 0.647750 0.353333 0.650750 0.351333 0.653250 0.348667 0.658750 0.347667 0.662250 0.347667 0.667250 0.349667 0.671250 0.353000 0.672750 0.358000 0.672500 0.361667 0.669500 0.366000 0.663000 0.367333 0.657500 0.367000 0.653000 0.365667 0.649500
0 0.467667 0.659250 0.465667 0.659250 0.461667 0.661500 0.458000 0.666000 0.457000 0.669000 0.457667 0.677250 0.460667 0.682250 0.463000 0.683750 0.466333 0.683750 0.469000 0.682250 0.471667 0.678250 0.473000 0.673750 0.472667 0.665250 0.470333 0.661000
0 0.506000 0.668500 0.504667 0.669500 0.503667 0.672500 0.504333 0.678500 0.506000 0.681500 0.510000 0.685000 0.514333 0.685500 0.515667 0.684000 0.516333 0.681250 0.515000 0.672750 0.513333 0.670500 0.511000 0.669000
0 0.534000 0.665500 0.532333 0.665500 0.529000 0.667000 0.525667 0.670500 0.524000 0.674250 0.524667 0.682750 0.526000 0.685500 0.529667 0.688750 0.533000 0.688750 0.537000 0.687500 0.538667 0.685500 0.539333 0.683000 0.539333 0.672750 0.538667 0.670000 0.537000 0.667000
0 0.555333 0.694500 0.551333 0.695750 0.549667 0.697500 0.548333 0.700500 0.548000 0.708000 0.549667 0.713000 0.552667 0.715750 0.557333 0.716000 0.560667 0.713750 0.562333 0.710250 0.562667 0.700750 0.561333 0.696250 0.557667 0.694500
0 0.470667 0.588500 0.466333 0.588500 0.462000 0.590500 0.458000 0.596000 0.457000 0.600000 0.457000 0.604000 0.459000 0.607750 0.461667 0.609000 0.464667 0.609000 0.467667 0.608250 0.471000 0.605000 0.473667 0.600250 0.474333 0.593250 0.473000 0.590250
0 0.513667 0.586250 0.509667 0.586250 0.507000 0.588000 0.504667 0.591000 0.503000 0.594750 0.502000 0.603250 0.503667 0.607500 0.505667 0.609500 0.510333 0.609250 0.513333 0.608250 0.515333 0.606500 0.517667 0.600500 0.518000 0.594000 0.516000 0.587750
0 0.532333 0.594000 0.529000 0.595000 0.527667 0.596000 0.525667 0.600500 0.525333 0.605000 0.525667 0.607250 0.528333 0.611750 0.531000 0.613750 0.534000 0.614250 0.537333 0.612750 0.538333 0.611500 0.540000 0.607500 0.540667 0.602750 0.540000 0.598500 0.538333 0.595000 0.536667 0.594250
0 0.573667 0.593750 0.572000 0.594000 0.570000 0.595250 0.567000 0.600750 0.566333 0.603500 0.566667 0.610500 0.568333 0.615250 0.571667 0.619000 0.574667 0.620250 0.577333 0.620500 0.580333 0.619750 0.584333 0.615750 0.585333 0.612000 0.585333 0.604000 0.584333 0.600750 0.581333 0.596250 0.577333 0.594000
0 0.558000 0.573250 0.553000 0.573750 0.549000 0.576250 0.546667 0.580000 0.544667 0.586500 0.545000 0.591500 0.547000 0.595250 0.548333 0.596500 0.552667 0.597500 0.557000 0.597000 0.560333 0.595000 0.562000 0.592250 0.563000 0.588250 0.563333 0.582750 0.562667 0.578500 0.561000 0.574750
0 0.598667 0.559250 0.595333 0.560000 0.593667 0.562500 0.592667 0.565500 0.592667 0.571750 0.595000 0.578500 0.598333 0.581000 0.600333 0.581250 0.603000 0.580500 0.604667 0.579250 0.606333 0.576750 0.607333 0.571500 0.606000 0.564750 0.604667 0.562500 0.601667 0.560000
0 0.642333 0.562250 0.638000 0.562500 0.633667 0.564750 0.631333 0.570750 0.631333 0.577000 0.632333 0.580750 0.634000 0.583750 0.638667 0.586000 0.642333 0.585500 0.646667 0.582250 0.648333 0.579250 0.649000 0.576000 0.648667 0.571000 0.647000 0.565750 0.646000 0.564250
0 0.537000 0.566500 0.533333 0.567500 0.523667 0.574750 0.521000 0.579500 0.520667 0.583750 0.522000 0.586000 0.524667 0.587250 0.529000 0.587000 0.537000 0.580250 0.540000 0.576000 0.541000 0.571250 0.540000 0.568750
0 0.568333 0.533000 0.565667 0.535500 0.564333 0.540250 0.564667 0.544000 0.566667 0.549250 0.571667 0.554000 0.575000 0.555000 0.580000 0.554750 0.582000 0.553750 0.583333 0.550500 0.583333 0.546000 0.581667 0.540250 0.576000 0.533250 0.573000 0.532500
0 0.553333 0.543250 0.549333 0.543500 0.547333 0.544750 0.544000 0.548500 0.543000 0.552250 0.542667 0.556750 0.543667 0.560750 0.546333 0.565000 0.549000 0.566500 0.552667 0.566250 0.558000 0.562250 0.559667 0.558250 0.559333 0.548250 0.557333 0.545000
0 0.533000 0.407750 0.528333 0.408250 0.525333 0.410250 0.519667 0.416250 0.517667 0.423500 0.519333 0.427000 0.521000 0.428000 0.522667 0.428000 0.526333 0.426750 0.530000 0.423250 0.534333 0.413250 0.534333 0.409750
0 0.509667 0.438500 0.505667 0.439750 0.502333 0.442250 0.499333 0.447500 0.498667 0.455000 0.499333 0.456250 0.501333 0.457500 0.503333 0.457500 0.506667 0.456500 0.512000 0.451750 0.514000 0.448000 0.514000 0.443250 0.513333 0.441500
0 0.503667 0.420750 0.501667 0.420750 0.498000 0.422750 0.497000 0.424500 0.496333 0.432250 0.497333 0.436250 0.502000 0.442750 0.507333 0.440250 0.510000 0.436750 0.510667 0.433500 0.510333 0.429000 0.508667 0.423750 0.506667 0.421500
0 0.482000 0.443000 0.478667 0.444500 0.476667 0.447500 0.476000 0.451500 0.476333 0.457250 0.477333 0.460750 0.480000 0.464000 0.483000 0.466250 0.486333 0.466750 0.491000 0.463500 0.492333 0.459250 0.492000 0.451250 0.489667 0.446000 0.486000 0.443750
0 0.465667 0.462250 0.462333 0.462000 0.459000 0.463250 0.454667 0.466250 0.450667 0.471250 0.449333 0.474000 0.449333 0.478500 0.451333 0.480500 0.454333 0.482000 0.456667 0.482500 0.459667 0.482250 0.467333 0.475000 0.468333 0.471750 0.468667 0.466250 0.467333 0.463000
0 0.400667 0.461750 0.397000 0.462250 0.393000 0.464750 0.391333 0.466500 0.389667 0.470000 0.389333 0.475250 0.390667 0.482000 0.392000 0.484250 0.395667 0.486250 0.400333 0.486000 0.403667 0.484750 0.405000 0.483000 0.406333 0.475500 0.406000 0.468000 0.404333 0.464000
0 0.354000 0.445250 0.348333 0.446250 0.345000 0.449250 0.344000 0.451750 0.343333 0.462500 0.345333 0.466000 0.349000 0.467500 0.353333 0.466250 0.356333 0.464000 0.359000 0.459000 0.359333 0.451500 0.358667 0.448750 0.357333 0.446500
0 0.298667 0.406750 0.296667 0.408000 0.295000 0.412000 0.295333 0.416000 0.297667 0.423250 0.303000 0.429250 0.307000 0.431500 0.310667 0.432000 0.313667 0.428500 0.314333 0.424750 0.313000 0.416500 0.311333 0.412250 0.306667 0.407500 0.303667 0.406750
0 0.521667 0.340500 0.518000 0.342500 0.516667 0.345000 0.517000 0.354500 0.518000 0.357000 0.521667 0.361500 0.525667 0.363750 0.529333 0.363750 0.531333 0.362000 0.533667 0.357250 0.534000 0.353000 0.531667 0.345500 0.529333 0.342000 0.525333 0.340250
0 0.390000 0.353500 0.388000 0.354250 0.386000 0.358000 0.386000 0.363250 0.387667 0.368750 0.392000 0.376250 0.395667 0.378500 0.400667 0.378750 0.404000 0.376500 0.405000 0.372750 0.405000 0.368000 0.403667 0.361500 0.401333 0.358250 0.396333 0.354250 0.392667 0.353250
0 0.369000 0.242750 0.365667 0.242750 0.361333 0.245500 0.357333 0.252000 0.357333 0.259250 0.358333 0.263250 0.360667 0.268250 0.364333 0.269750 0.369333 0.269500 0.372667 0.268500 0.373667 0.267750 0.375000 0.264250 0.375000 0.255250 0.374000 0.248500 0.371000 0.244000
0 0.494000 0.659750 0.490667 0.660000 0.486667 0.662500 0.484667 0.666250 0.484333 0.672750 0.485333 0.678500 0.487333 0.681500 0.490667 0.683500 0.495000 0.682750 0.498667 0.680000 0.500000 0.678000 0.500667 0.674500 0.500000 0.665250 0.499000 0.662750 0.497667 0.661000
0 0.614667 0.416750 0.612000 0.417750 0.609667 0.420500 0.609000 0.423250 0.609333 0.434750 0.611333 0.439000 0.614000 0.441000 0.615333 0.441500 0.619667 0.441500 0.623333 0.439500 0.625333 0.435750 0.625333 0.423500 0.624000 0.419750 0.621667 0.417500 0.619667 0.416750
0 0.373667 0.557250 0.368333 0.559750 0.365333 0.565250 0.363333 0.571500 0.364667 0.577750 0.366333 0.580250 0.369000 0.582000 0.372667 0.581750 0.374333 0.580750 0.378333 0.575500 0.381667 0.569000 0.382000 0.564750 0.380333 0.561000 0.377333 0.558250
0 0.403667 0.541750 0.399667 0.541500 0.397667 0.542250 0.393000 0.545500 0.391667 0.547750 0.390333 0.554000 0.390667 0.560500 0.393000 0.563000 0.395333 0.563750 0.398000 0.563750 0.402333 0.562500 0.405000 0.560250 0.407333 0.553500 0.407333 0.548000 0.406000 0.544250
0 0.450667 0.522000 0.447333 0.522000 0.440333 0.524750 0.438667 0.526250 0.437333 0.529500 0.436667 0.535000 0.437000 0.540500 0.438667 0.542250 0.441333 0.542000 0.444333 0.540250 0.452000 0.531750 0.453000 0.529500 0.453333 0.524750 0.452333 0.523000
0 0.490333 0.489250 0.486667 0.490250 0.482667 0.493750 0.480000 0.501250 0.479667 0.506750 0.480667 0.510500 0.482333 0.513000 0.486333 0.515000 0.489667 0.514500 0.491333 0.513250 0.495333 0.505500 0.496333 0.501500 0.496333 0.498250 0.495000 0.493000
0 0.509000 0.486250 0.505000 0.487750 0.503000 0.490500 0.501667 0.494750 0.503667 0.505750 0.505333 0.508250 0.507333 0.509750 0.510333 0.510500 0.513333 0.509000 0.515000 0.506500 0.515667 0.498250 0.513333 0.489250 0.510333 0.486500
