0 0.384000 0.703250 0.380000 0.704250 0.377000 0.707250 0.376000 0.710000 0.376000 0.716000 0.377000 0.720250 0.380000 0.725250 0.384000 0.727750 0.388667 0.728000 0.391667 0.726500 0.394333 0.724000 0.395667 0.721250 0.395667 0.715750 0.394333 0.711250 0.390333 0.705000 0.388000 0.703750
0 0.451000 0.312500 0.447333 0.312500 0.444000 0.314000 0.440000 0.321500 0.439667 0.326500 0.440667 0.330500 0.443667 0.333500 0.446333 0.334500 0.448333 0.334500 0.451667 0.333000 0.456000 0.326000 0.456333 0.320750 0.454667 0.314750
0 0.536667 0.355250 0.533333 0.357000 0.532000 0.359750 0.531333 0.367000 0.531667 0.372500 0.534667 0.377000 0.536667 0.378500 0.541667 0.380500 0.544333 0.379750 0.545667 0.378750 0.547333 0.374750 0.547667 0.372000 0.546000 0.360750 0.545000 0.357750 0.543000 0.356000 0.541333 0.355250
0 0.357000 0.405000 0.353667 0.405000 0.350000 0.406500 0.348000 0.408000 0.344667 0.414000 0.344000 0.420500 0.345000 0.427000 0.346000 0.428750 0.350000 0.431000 0.353667 0.431000 0.358000 0.429000 0.363000 0.419750 0.363667 0.415500 0.362333 0.409500 0.361000 0.407500
0 0.396000 0.467250 0.391000 0.466750 0.387333 0.467750 0.382667 0.469750 0.377000 0.474500 0.375000 0.477750 0.374333 0.481250 0.375000 0.485750 0.376667 0.487750 0.381667 0.488000 0.388333 0.485750 0.393333 0.481750 0.396333 0.478250 0.398333 0.473250 0.398000 0.469500
0 0.479000 0.466750 0.474667 0.467250 0.471333 0.468500 0.469667 0.469750 0.467667 0.474000 0.466333 0.478500 0.466667 0.483250 0.468000 0.486750 0.470667 0.488750 0.475000 0.489000 0.479333 0.487250 0.482000 0.484750 0.483000 0.482500 0.484000 0.476250 0.483667 0.470250 0.482667 0.468500
0 0.414667 0.525250 0.412333 0.524000 0.408000 0.523250 0.398667 0.523250 0.391000 0.524500 0.384000 0.528750 0.383333 0.533500 0.387667 0.536750 0.393000 0.538500 0.398667 0.538750 0.406333 0.537750 0.412000 0.535500 0.414333 0.533750 0.415667 0.530750 0.415667 0.527500
0 0.435667 0.556000 0.432000 0.556000 0.430000 0.556750 0.427000 0.559500 0.423000 0.565250 0.421333 0.572750 0.422000 0.580000 0.423333 0.582250 0.426667 0.584000 0.429000 0.584000 0.432333 0.582750 0.435333 0.580500 0.438000 0.575750 0.440333 0.567250 0.440333 0.560000 0.439000 0.558000
0 0.496333 0.582750 0.493333 0.583500 0.489667 0.587000 0.489000 0.593750 0.489667 0.597000 0.493333 0.603500 0.496667 0.605250 0.499000 0.605250 0.502333 0.603000 0.503667 0.601250 0.505333 0.596500 0.504333 0.588250 0.503333 0.586500 0.499667 0.583250
0 0.541667 0.593750 0.537333 0.594250 0.533667 0.596500 0.530000 0.602750 0.529333 0.605750 0.529667 0.611750 0.530667 0.614750 0.533000 0.617000 0.538000 0.617250 0.542667 0.614000 0.545333 0.610500 0.546333 0.605750 0.546333 0.598500 0.545333 0.595250
0 0.330667 0.564750 0.326333 0.564250 0.322000 0.565000 0.312667 0.571000 0.309000 0.575500 0.308000 0.578500 0.308000 0.581250 0.310667 0.584500 0.315000 0.584500 0.318333 0.583250 0.327000 0.578000 0.328667 0.576000 0.331000 0.571000 0.331333 0.566750
0 0.303000 0.597250 0.298667 0.597500 0.294333 0.600000 0.291667 0.603500 0.290667 0.606750 0.290333 0.612250 0.291333 0.616750 0.293667 0.620500 0.298333 0.623000 0.302667 0.622500 0.305000 0.620750 0.308000 0.616750 0.309333 0.612250 0.309000 0.603750 0.307000 0.600500
0 0.383333 0.602500 0.379667 0.603750 0.377333 0.607750 0.378000 0.619000 0.379333 0.622500 0.381333 0.625000 0.384667 0.627500 0.389667 0.628750 0.393000 0.627500 0.396000 0.623250 0.396333 0.617500 0.395333 0.612500 0.394000 0.609750 0.389333 0.604000 0.386667 0.602750
0 0.416000 0.615500 0.413667 0.615000 0.408667 0.615250 0.403000 0.618750 0.399667 0.623250 0.398333 0.626500 0.398333 0.630000 0.400000 0.632250 0.404667 0.632500 0.412667 0.628000 0.417667 0.620000 0.417667 0.618000
0 0.479000 0.589250 0.474000 0.590000 0.471000 0.592500 0.469000 0.595750 0.467667 0.605500 0.468667 0.608000 0.471000 0.609250 0.474333 0.609250 0.477000 0.607500 0.481667 0.599750 0.481667 0.592750
0 0.470667 0.622000 0.467000 0.626250 0.467000 0.630500 0.469333 0.638500 0.472000 0.643000 0.474333 0.644750 0.478667 0.646000 0.482333 0.643000 0.483000 0.639500 0.482333 0.635750 0.478333 0.626750 0.475667 0.622750 0.474333 0.621750
0 0.482000 0.617250 0.479333 0.619250 0.478333 0.622500 0.480333 0.630500 0.485333 0.638000 0.486667 0.638750 0.490333 0.638500 0.492000 0.636000 0.491000 0.626000 0.488000 0.620000 0.485000 0.617750
0 0.497000 0.613750 0.494333 0.614250 0.492333 0.615500 0.490667 0.619750 0.494333 0.634750 0.497000 0.637250 0.501333 0.637500 0.504667 0.635750 0.506000 0.634250 0.507333 0.629750 0.507333 0.625000 0.505000 0.619000 0.499333 0.614250
0 0.455000 0.653250 0.451333 0.653250 0.447000 0.656250 0.445667 0.658750 0.444333 0.665250 0.445333 0.674750 0.448000 0.677750 0.451333 0.679000 0.455667 0.677500 0.459333 0.674500 0.461333 0.670250 0.462000 0.666500 0.462000 0.661500 0.461000 0.657000 0.459333 0.654750
0 0.437333 0.650750 0.434333 0.650500 0.429667 0.651750 0.424333 0.654250 0.421000 0.657500 0.418333 0.662500 0.418000 0.666750 0.419333 0.669000 0.421333 0.670500 0.423000 0.671000 0.428333 0.670750 0.436000 0.665750 0.438667 0.662000 0.440333 0.656500 0.440000 0.653000
0 0.416667 0.634250 0.414000 0.634000 0.408667 0.635000 0.405333 0.636500 0.399333 0.640750 0.394333 0.649750 0.394333 0.653750 0.396000 0.656250 0.397333 0.656750 0.404333 0.656500 0.412667 0.650500 0.416667 0.645500 0.418333 0.641750 0.418667 0.637750 0.417667 0.635000
0 0.362667 0.626250 0.360667 0.626750 0.356667 0.630750 0.355333 0.634500 0.355333 0.638500 0.356333 0.643750 0.358333 0.647750 0.360667 0.649750 0.365000 0.650500 0.369667 0.648000 0.371000 0.646500 0.372667 0.642250 0.373000 0.634250 0.369667 0.628500 0.366000 0.626250
0 0.347000 0.639500 0.342000 0.638750 0.338000 0.640000 0.334000 0.642250 0.329667 0.646750 0.328000 0.649500 0.327000 0.654000 0.327667 0.660500 0.329333 0.663000 0.334667 0.663250 0.342667 0.658000 0.347667 0.650750 0.349667 0.645750 0.349667 0.641750
0 0.360333 0.662000 0.357667 0.663750 0.356667 0.666000 0.357000 0.670750 0.360000 0.677750 0.361333 0.679000 0.364333 0.680000 0.370000 0.679500 0.372000 0.677750 0.372333 0.674750 0.370000 0.668000 0.365667 0.663500 0.362000 0.662000
0 0.357667 0.689000 0.354333 0.690000 0.352333 0.692250 0.352000 0.700750 0.352667 0.706000 0.354000 0.709250 0.357000 0.713250 0.360333 0.715750 0.365000 0.716250 0.368333 0.713750 0.370667 0.709750 0.371000 0.704250 0.370000 0.700500 0.365333 0.692000 0.362000 0.689500
0 0.251000 0.694000 0.247333 0.696250 0.246333 0.699750 0.246333 0.702000 0.248667 0.708500 0.252667 0.713750 0.256000 0.716250 0.259000 0.717250 0.263667 0.717000 0.265000 0.716250 0.267000 0.712250 0.267000 0.706500 0.264667 0.700000 0.260333 0.695750 0.255333 0.694000
0 0.584667 0.649750 0.579333 0.651250 0.575333 0.654250 0.572333 0.658000 0.571667 0.665750 0.573667 0.668750 0.576333 0.670250 0.579667 0.669250 0.582000 0.667500 0.586333 0.662000 0.588333 0.655750 0.588333 0.653250 0.587333 0.651000
