0 0.398000 0.576000 0.395000 0.575750 0.393000 0.576250 0.384333 0.580500 0.380000 0.587500 0.380000 0.592250 0.382667 0.595000 0.386000 0.595500 0.389000 0.594750 0.394333 0.592250 0.397667 0.589250 0.400667 0.584000 0.401333 0.580750 0.400000 0.577000
0 0.397000 0.351000 0.393000 0.351750 0.389000 0.354500 0.387333 0.356750 0.386000 0.361250 0.386000 0.366500 0.387333 0.373500 0.389000 0.376250 0.392667 0.379250 0.397333 0.378750 0.401667 0.375250 0.403333 0.373250 0.404667 0.368500 0.405000 0.360750 0.404000 0.356250 0.402333 0.353250 0.400667 0.352000
0 0.313667 0.362750 0.311000 0.365250 0.310667 0.370000 0.311333 0.373250 0.314667 0.380750 0.317333 0.382000 0.319667 0.382000 0.323000 0.380500 0.323667 0.377500 0.323000 0.374250 0.319000 0.366250 0.315000 0.362750
0 0.270333 0.367000 0.266667 0.368500 0.264667 0.372750 0.264667 0.377750 0.266333 0.384000 0.269000 0.388250 0.273000 0.391750 0.275667 0.393000 0.279000 0.392750 0.280333 0.392000 0.283333 0.388250 0.283667 0.381250 0.282667 0.377250 0.280000 0.372250 0.277667 0.369500 0.275000 0.367750
0 0.244000 0.363250 0.241333 0.362500 0.235667 0.362500 0.228000 0.364750 0.222000 0.368750 0.219333 0.372250 0.218667 0.375500 0.219000 0.378500 0.221000 0.381500 0.224667 0.383250 0.230000 0.383500 0.235333 0.381750 0.241000 0.378000 0.246333 0.370000 0.246333 0.365750
0 0.349333 0.392250 0.346000 0.392750 0.337333 0.400000 0.333333 0.408500 0.333333 0.413250 0.334333 0.416250 0.337000 0.418750 0.340000 0.419000 0.342667 0.418250 0.349000 0.412750 0.352000 0.408500 0.353667 0.404500 0.353667 0.399750 0.351333 0.393750
0 0.364000 0.383750 0.361667 0.384250 0.360333 0.385250 0.359000 0.387750 0.358000 0.392000 0.358333 0.398250 0.360333 0.405500 0.364333 0.408000 0.367000 0.408250 0.371000 0.407250 0.374000 0.404500 0.374667 0.401750 0.374667 0.392000 0.373333 0.387750 0.371667 0.385750 0.368667 0.384000
0 0.388000 0.398000 0.383667 0.399000 0.381667 0.401000 0.380000 0.406250 0.380000 0.412250 0.381667 0.416750 0.383667 0.419750 0.386667 0.421250 0.390000 0.421500 0.392667 0.420750 0.394667 0.419250 0.396667 0.416500 0.398333 0.408250 0.395667 0.401250 0.390667 0.398500
0 0.429667 0.378750 0.427333 0.380500 0.427000 0.384500 0.431000 0.395250 0.437333 0.401000 0.439333 0.401750 0.443000 0.401500 0.444333 0.400250 0.445000 0.397750 0.445000 0.393000 0.443333 0.388000 0.441000 0.384250 0.435333 0.379250 0.432667 0.378500
0 0.416667 0.387000 0.413667 0.387250 0.408333 0.389750 0.403333 0.396000 0.403333 0.401000 0.407667 0.405000 0.412333 0.405500 0.419000 0.396750 0.419667 0.390500 0.418667 0.388250
0 0.360000 0.435500 0.359000 0.438000 0.359667 0.443500 0.360667 0.445000 0.365000 0.448000 0.376333 0.452000 0.385333 0.452000 0.387333 0.450500 0.388333 0.448750 0.388333 0.446250 0.386000 0.443250 0.381333 0.439500 0.376667 0.438000 0.371667 0.435250 0.361667 0.434750
0 0.344333 0.427000 0.341667 0.427750 0.339000 0.430500 0.338000 0.433000 0.338000 0.436250 0.340667 0.439250 0.344667 0.449250 0.345667 0.450250 0.349000 0.451500 0.350667 0.451500 0.353667 0.450500 0.356333 0.447500 0.357333 0.443500 0.356667 0.439000 0.355000 0.434250 0.353000 0.431000 0.349000 0.427750
0 0.326000 0.410500 0.322333 0.410250 0.320000 0.411250 0.314667 0.415250 0.312667 0.419250 0.312333 0.425000 0.313000 0.428250 0.315333 0.430000 0.318667 0.430500 0.324667 0.428000 0.327333 0.425000 0.329000 0.420250 0.329333 0.415500 0.328333 0.412500
0 0.306333 0.436250 0.302333 0.437000 0.297667 0.439250 0.294333 0.446500 0.294000 0.451500 0.296667 0.459500 0.298333 0.460750 0.301333 0.461500 0.303333 0.461500 0.308333 0.459000 0.311000 0.455500 0.312000 0.452000 0.312333 0.444000 0.311333 0.439250 0.309667 0.437500
0 0.318000 0.464750 0.315333 0.466500 0.314667 0.468250 0.315000 0.473500 0.317667 0.479250 0.320333 0.483250 0.323333 0.485750 0.327333 0.487500 0.331000 0.487500 0.333333 0.485500 0.334667 0.479750 0.334000 0.475250 0.331333 0.470000 0.325667 0.465500 0.323000 0.464500
0 0.330333 0.455750 0.329667 0.458750 0.332333 0.462500 0.336333 0.464750 0.343000 0.466500 0.348667 0.467250 0.355333 0.466500 0.358000 0.465750 0.360667 0.462750 0.360667 0.458000 0.357667 0.455250 0.353667 0.453750 0.340000 0.453000 0.333333 0.454000
0 0.375000 0.463500 0.373333 0.462500 0.367333 0.463250 0.359667 0.467750 0.354000 0.469750 0.352333 0.472000 0.352333 0.475500 0.353667 0.476500 0.357000 0.477500 0.360000 0.477500 0.365333 0.476500 0.370000 0.474250 0.374000 0.471500 0.376000 0.467750 0.376000 0.465250
0 0.396000 0.516000 0.391333 0.516000 0.388000 0.516750 0.384667 0.519750 0.383000 0.524750 0.383667 0.531750 0.386667 0.536750 0.389333 0.538000 0.393667 0.538000 0.396333 0.537000 0.398667 0.534750 0.401333 0.530000 0.401667 0.523000 0.401000 0.520250 0.399667 0.518000
0 0.467000 0.537250 0.468333 0.540000 0.470000 0.541500 0.477667 0.543500 0.487333 0.544000 0.496333 0.541750 0.498667 0.540500 0.499667 0.538000 0.498667 0.535500 0.494333 0.533500 0.488667 0.532750 0.479333 0.532500 0.470667 0.534000 0.468000 0.535750
0 0.386667 0.540250 0.384667 0.541000 0.383667 0.543250 0.383667 0.551500 0.385333 0.555000 0.388333 0.557250 0.390333 0.557250 0.393333 0.556500 0.394000 0.555500 0.394333 0.548000 0.392667 0.544500 0.389333 0.540500
0 0.310333 0.630750 0.306333 0.630500 0.299000 0.633000 0.295333 0.635250 0.293000 0.639000 0.293333 0.643500 0.295333 0.645500 0.299000 0.645500 0.302667 0.644500 0.310000 0.640250 0.312333 0.636250 0.312333 0.633250
0 0.333333 0.593500 0.331000 0.593000 0.326000 0.593500 0.321333 0.596000 0.319000 0.600000 0.315667 0.603000 0.313667 0.606750 0.314000 0.611000 0.315333 0.612750 0.317000 0.613250 0.322333 0.612750 0.325667 0.611500 0.330000 0.608250 0.333333 0.603750 0.334667 0.600500 0.335000 0.595750
0 0.312667 0.619750 0.310667 0.622000 0.310667 0.624250 0.312000 0.627750 0.314667 0.631250 0.321667 0.636000 0.329000 0.637250 0.333667 0.636500 0.335000 0.635250 0.334667 0.630250 0.332333 0.627250 0.323333 0.620250 0.321000 0.619500 0.314667 0.619000
0 0.341667 0.634750 0.340333 0.635500 0.338667 0.638000 0.338667 0.640250 0.340000 0.646500 0.342000 0.651000 0.344667 0.655250 0.346333 0.656500 0.352667 0.659250 0.355667 0.659000 0.357333 0.658250 0.358667 0.654500 0.358000 0.647500 0.356000 0.642750 0.349333 0.637000
0 0.405333 0.640500 0.403333 0.642250 0.403333 0.647500 0.407333 0.658500 0.412667 0.663250 0.416667 0.664750 0.420667 0.665000 0.423667 0.662500 0.423000 0.653500 0.415667 0.644000 0.412333 0.641000 0.409000 0.640000
0 0.457333 0.705250 0.455000 0.705750 0.450333 0.709750 0.449000 0.712500 0.449000 0.718000 0.450667 0.723250 0.454333 0.728500 0.455667 0.729500 0.459333 0.730000 0.465000 0.724500 0.466000 0.721250 0.466000 0.713250 0.463667 0.708750 0.459667 0.705500
0 0.373667 0.691500 0.371333 0.691750 0.368333 0.693000 0.364667 0.697500 0.363333 0.702000 0.363667 0.708750 0.366000 0.713000 0.368667 0.714750 0.372667 0.714750 0.375667 0.713000 0.378667 0.709750 0.380667 0.705250 0.380667 0.696750 0.377667 0.693500
0 0.385000 0.657250 0.382667 0.658750 0.381333 0.662250 0.381667 0.667000 0.383333 0.672000 0.384667 0.674250 0.389667 0.679250 0.392667 0.680750 0.397000 0.681250 0.400000 0.679500 0.401333 0.677750 0.402000 0.673000 0.401000 0.665750 0.397667 0.660750 0.395000 0.658250 0.389667 0.656750
0 0.439333 0.642500 0.434667 0.642750 0.431000 0.644750 0.425000 0.651000 0.422667 0.657250 0.422667 0.662250 0.424000 0.664500 0.427000 0.666250 0.431333 0.665500 0.436667 0.662750 0.442333 0.654000 0.443333 0.651000 0.443333 0.646750 0.441333 0.643750
0 0.458667 0.630500 0.455333 0.631500 0.452333 0.634250 0.449667 0.637750 0.448667 0.641500 0.448667 0.647000 0.450000 0.651250 0.452333 0.654500 0.456000 0.656250 0.459667 0.656250 0.462000 0.655250 0.464000 0.653750 0.466667 0.648250 0.466333 0.638000 0.463667 0.633500
0 0.462000 0.617500 0.461000 0.619250 0.462000 0.624250 0.469333 0.628000 0.477000 0.629500 0.480667 0.629500 0.486000 0.628500 0.489000 0.626500 0.489333 0.622500 0.487667 0.619500 0.481667 0.615750 0.475000 0.613750 0.470000 0.613500 0.467333 0.614000
0 0.423000 0.597750 0.419333 0.597750 0.416667 0.599000 0.414333 0.601250 0.412333 0.605500 0.411667 0.610000 0.412333 0.614000 0.414667 0.618500 0.416333 0.619750 0.420000 0.620000 0.424667 0.617000 0.427333 0.611250 0.428000 0.603500 0.425333 0.599000
0 0.439333 0.596250 0.435333 0.596750 0.431333 0.599500 0.429333 0.602750 0.427333 0.611500 0.427667 0.619000 0.431000 0.622250 0.434667 0.623000 0.436333 0.622750 0.440000 0.619750 0.443000 0.615000 0.444333 0.610750 0.444667 0.603250 0.444000 0.600250 0.443000 0.598500
0 0.468333 0.596000 0.468000 0.599500 0.470667 0.601500 0.475667 0.602500 0.484333 0.602750 0.487000 0.602250 0.488333 0.601000 0.488667 0.599000 0.487000 0.596000 0.485333 0.595250 0.478667 0.594000 0.473667 0.593750 0.470000 0.594750
0 0.428667 0.574750 0.426667 0.576750 0.426333 0.580500 0.427667 0.584500 0.431000 0.589750 0.435333 0.593500 0.438333 0.594500 0.443000 0.594250 0.444000 0.593250 0.444667 0.590500 0.444667 0.586250 0.443000 0.580500 0.439333 0.576500 0.436000 0.574250 0.431000 0.574000
0 0.372333 0.548000 0.369333 0.547750 0.366333 0.548750 0.361667 0.552750 0.359667 0.556500 0.359333 0.562500 0.360000 0.568500 0.361667 0.571500 0.364667 0.573000 0.367333 0.572500 0.371333 0.570000 0.374333 0.565750 0.376333 0.560500 0.377000 0.557250 0.376667 0.552500 0.374667 0.549250
0 0.399000 0.559750 0.395667 0.558250 0.385333 0.560250 0.377667 0.564750 0.371667 0.575500 0.372000 0.577750 0.373667 0.580250 0.377333 0.581250 0.380667 0.581250 0.384000 0.579250 0.388667 0.578250 0.390667 0.576750 0.391667 0.575000 0.397333 0.571000 0.401000 0.565250 0.400333 0.561000
