0 0.465333 0.293750 0.462333 0.294750 0.460667 0.298500 0.460333 0.304250 0.461000 0.310750 0.462333 0.313750 0.469000 0.319000 0.472000 0.319250 0.475000 0.318250 0.477333 0.314750 0.478000 0.305750 0.474333 0.297000 0.470333 0.294250
0 0.370333 0.325750 0.366333 0.324000 0.361000 0.324000 0.356667 0.325250 0.348667 0.328750 0.346000 0.330750 0.344667 0.333000 0.344333 0.337750 0.345000 0.339000 0.347333 0.340250 0.350667 0.340750 0.361333 0.338000 0.366000 0.335250 0.370333 0.330250
0 0.408667 0.370000 0.404000 0.370000 0.401000 0.370750 0.391667 0.375750 0.388667 0.381250 0.389333 0.384000 0.391333 0.385750 0.395333 0.386500 0.397667 0.386250 0.404333 0.383500 0.408667 0.380500 0.412000 0.376250 0.412000 0.372750
0 0.435667 0.380750 0.431667 0.381750 0.428667 0.384000 0.423000 0.390500 0.422000 0.395500 0.422000 0.401000 0.423333 0.403750 0.427000 0.405500 0.432333 0.405000 0.434333 0.404000 0.437000 0.401500 0.440333 0.395500 0.441000 0.393250 0.440333 0.385250 0.438667 0.383000
0 0.442667 0.360500 0.440667 0.361750 0.438667 0.365000 0.438000 0.367750 0.438333 0.376250 0.441333 0.382000 0.445000 0.385000 0.446667 0.385750 0.450667 0.385250 0.452000 0.384250 0.453667 0.380500 0.454000 0.372250 0.452000 0.366000 0.448000 0.361250 0.445333 0.360500
0 0.489667 0.382000 0.487000 0.383000 0.485333 0.385250 0.484667 0.392250 0.485667 0.397250 0.489333 0.403250 0.491000 0.404750 0.494000 0.405750 0.498000 0.405500 0.500333 0.404250 0.502333 0.400000 0.501333 0.392750 0.499000 0.387250 0.496667 0.384250 0.493000 0.382500
0 0.470000 0.403500 0.467000 0.406000 0.466000 0.407750 0.466333 0.412500 0.470000 0.421500 0.473667 0.424250 0.478333 0.424500 0.480667 0.422500 0.482333 0.417000 0.482000 0.413500 0.480333 0.408750 0.479333 0.407250 0.474667 0.403750
0 0.348667 0.438250 0.348667 0.440000 0.353000 0.444250 0.357667 0.445500 0.366333 0.445750 0.375000 0.445000 0.377667 0.444250 0.379333 0.443000 0.380667 0.440750 0.380667 0.438250 0.377333 0.434750 0.372000 0.433000 0.368000 0.432500 0.360333 0.432500 0.353333 0.433750 0.350000 0.435750
0 0.307000 0.496500 0.306000 0.497500 0.305667 0.499250 0.306000 0.503000 0.307333 0.505500 0.314000 0.513000 0.320667 0.516750 0.323667 0.517000 0.326000 0.516500 0.327333 0.514500 0.327333 0.508750 0.323000 0.501750 0.316667 0.497500 0.313667 0.496250 0.309667 0.495750
0 0.432000 0.501500 0.429667 0.502750 0.427000 0.507000 0.426333 0.509000 0.426667 0.515500 0.427333 0.518000 0.431000 0.523500 0.436000 0.524500 0.440333 0.521750 0.442000 0.517750 0.441667 0.510250 0.440000 0.505750 0.437333 0.502750 0.435333 0.501750
0 0.459000 0.495500 0.454333 0.496250 0.446000 0.502250 0.443000 0.509000 0.443000 0.512500 0.443667 0.515250 0.446333 0.517750 0.449333 0.517750 0.452000 0.517000 0.456000 0.515000 0.459667 0.511750 0.464333 0.502750 0.464333 0.499250 0.462667 0.497000
0 0.518000 0.482750 0.514000 0.483250 0.509000 0.485750 0.505000 0.494000 0.505000 0.499250 0.506000 0.502000 0.510000 0.505500 0.513000 0.506000 0.518000 0.504500 0.521333 0.502500 0.524333 0.494750 0.524333 0.489000 0.523333 0.485500 0.521333 0.483500
0 0.387333 0.544750 0.386333 0.548000 0.387000 0.551250 0.389000 0.553500 0.392667 0.554750 0.397667 0.555750 0.408667 0.556250 0.416000 0.553500 0.417333 0.551750 0.418000 0.548250 0.416667 0.546250 0.413000 0.544000 0.404667 0.541750 0.393667 0.541750 0.389000 0.543250
0 0.432000 0.556250 0.427667 0.556500 0.423000 0.559500 0.419667 0.565000 0.418667 0.570250 0.419000 0.574500 0.420000 0.576750 0.423333 0.578500 0.428000 0.578500 0.432667 0.575500 0.435667 0.571500 0.436667 0.566500 0.436333 0.561250 0.435000 0.558500
0 0.489333 0.602750 0.486667 0.604000 0.485667 0.606250 0.485667 0.612500 0.486667 0.615250 0.492000 0.622750 0.494000 0.624500 0.498000 0.626250 0.502333 0.626000 0.505333 0.624500 0.506667 0.621500 0.506667 0.618500 0.503333 0.611750 0.497667 0.605000 0.494333 0.603250
0 0.527667 0.603500 0.528000 0.607250 0.529333 0.608750 0.534000 0.610750 0.539333 0.611500 0.545000 0.611500 0.552667 0.610250 0.558333 0.608250 0.561333 0.604750 0.561333 0.602250 0.559333 0.599250 0.556667 0.598000 0.551000 0.596750 0.540000 0.596750 0.533667 0.598250 0.528667 0.601750
0 0.583333 0.588500 0.579333 0.590750 0.577000 0.596000 0.577000 0.604750 0.577667 0.607500 0.579000 0.609250 0.581333 0.610500 0.584667 0.611000 0.588000 0.609750 0.590667 0.607000 0.592333 0.602750 0.592667 0.596250 0.592000 0.593250 0.590667 0.591250 0.587667 0.589250
0 0.368000 0.625250 0.363667 0.625500 0.360667 0.627250 0.357333 0.635000 0.357333 0.639000 0.359333 0.646750 0.361333 0.648750 0.364667 0.649500 0.369667 0.648750 0.372000 0.647500 0.373667 0.644750 0.374667 0.640250 0.374667 0.633500 0.373667 0.629250 0.371000 0.626250
0 0.323000 0.620500 0.319000 0.620750 0.314000 0.623250 0.310333 0.627500 0.307000 0.633000 0.306000 0.636500 0.306333 0.640000 0.308333 0.643250 0.310667 0.645250 0.314667 0.645000 0.318000 0.643250 0.325333 0.631000 0.326000 0.623500
0 0.253000 0.617000 0.248333 0.617250 0.245667 0.619000 0.243000 0.622000 0.242000 0.626000 0.242000 0.635250 0.243000 0.638250 0.244667 0.639750 0.249333 0.640000 0.252333 0.639500 0.255333 0.637500 0.256667 0.635750 0.258333 0.627750 0.258333 0.623000 0.256667 0.618250
0 0.280333 0.657250 0.274667 0.657250 0.273667 0.657750 0.269000 0.662500 0.266667 0.666250 0.266000 0.671000 0.266333 0.680750 0.267667 0.683250 0.271333 0.685500 0.275333 0.685000 0.279333 0.682500 0.284333 0.673750 0.284667 0.665250 0.284000 0.661500 0.282667 0.658500
0 0.299667 0.649500 0.295000 0.649500 0.290333 0.651750 0.288000 0.654000 0.285333 0.658500 0.285333 0.663250 0.287000 0.669500 0.288333 0.671750 0.291667 0.673750 0.295667 0.674000 0.299333 0.673000 0.303333 0.670750 0.305000 0.667250 0.305667 0.663000 0.305000 0.654250 0.303000 0.651250
0 0.318667 0.651000 0.314667 0.653250 0.313667 0.655000 0.313667 0.660500 0.314667 0.666250 0.316333 0.670750 0.319000 0.674750 0.322000 0.677250 0.325333 0.677250 0.327000 0.676250 0.330333 0.670500 0.331000 0.668000 0.330667 0.661250 0.326000 0.652500 0.322667 0.651000
0 0.365667 0.666750 0.360667 0.669000 0.359667 0.672750 0.360000 0.678500 0.361000 0.681500 0.363667 0.684750 0.365667 0.686250 0.369667 0.686750 0.373333 0.685250 0.374667 0.682500 0.375333 0.672750 0.374000 0.669000 0.372333 0.667750 0.369667 0.666750
0 0.427333 0.652750 0.424000 0.653750 0.422333 0.656250 0.421000 0.665250 0.421333 0.670250 0.422333 0.674000 0.423667 0.676000 0.427667 0.678250 0.430000 0.678250 0.433000 0.677500 0.436000 0.674500 0.437000 0.671250 0.437000 0.663000 0.436000 0.657500 0.434333 0.654500 0.431667 0.653000
0 0.459333 0.682250 0.454667 0.683000 0.445667 0.688750 0.442000 0.696500 0.442667 0.700000 0.444000 0.701750 0.446333 0.702500 0.450333 0.702500 0.452667 0.701750 0.459667 0.695000 0.461333 0.690250 0.461333 0.685000
0 0.343667 0.715750 0.343667 0.719250 0.345000 0.722000 0.353333 0.724500 0.363667 0.725000 0.369000 0.724250 0.373000 0.723000 0.375333 0.721250 0.376333 0.718500 0.376333 0.716500 0.373333 0.713250 0.369000 0.711750 0.363667 0.711000 0.355333 0.711000 0.345667 0.713250
