0 0.564000 0.317500 0.559333 0.321250 0.558333 0.327500 0.559667 0.333500 0.562333 0.338500 0.564000 0.340000 0.568333 0.340750 0.570667 0.339000 0.573333 0.334750 0.574333 0.326500 0.573333 0.322500 0.572000 0.320750 0.568333 0.318000
0 0.548000 0.344250 0.547667 0.347500 0.549000 0.350500 0.557333 0.356250 0.564333 0.358000 0.572000 0.357500 0.573667 0.357000 0.576667 0.354250 0.576667 0.352250 0.575000 0.349250 0.568333 0.345000 0.563000 0.344000 0.560667 0.343000 0.554333 0.342250 0.550333 0.342750
0 0.580667 0.329750 0.579000 0.330500 0.577667 0.333500 0.576667 0.338000 0.577000 0.345500 0.579333 0.351000 0.583000 0.352250 0.584667 0.352250 0.588667 0.349250 0.589667 0.345500 0.589667 0.338250 0.588333 0.334500 0.585333 0.330500 0.584000 0.329750
0 0.611667 0.368000 0.608000 0.368500 0.606333 0.369500 0.603000 0.372750 0.601333 0.376250 0.600333 0.385250 0.601667 0.388000 0.603667 0.389500 0.607667 0.389500 0.609333 0.388500 0.611000 0.384250 0.615667 0.377250 0.616333 0.374250 0.616000 0.371750 0.614667 0.369500
0 0.564000 0.368250 0.560333 0.369750 0.556333 0.376000 0.556000 0.385000 0.557000 0.387750 0.559667 0.390750 0.562333 0.392250 0.565667 0.393000 0.569000 0.392000 0.571333 0.388500 0.573333 0.381750 0.573333 0.376250 0.569333 0.369500 0.567667 0.368500
0 0.638667 0.374000 0.636333 0.372750 0.634000 0.372500 0.627333 0.373750 0.620667 0.376500 0.613333 0.385000 0.612333 0.388500 0.614333 0.391000 0.615667 0.391750 0.623000 0.391500 0.631000 0.389250 0.639000 0.381250 0.639667 0.376000
0 0.647333 0.363750 0.643667 0.365500 0.642000 0.367250 0.641333 0.369000 0.641667 0.376250 0.648000 0.385250 0.650667 0.387000 0.654333 0.387500 0.658333 0.386000 0.660333 0.384250 0.660333 0.376250 0.658000 0.369750 0.655333 0.366000 0.651000 0.363750
0 0.721667 0.385250 0.720000 0.385250 0.717333 0.386250 0.712333 0.390500 0.711000 0.392750 0.709000 0.399750 0.708667 0.404000 0.710000 0.408000 0.712667 0.410500 0.716000 0.411250 0.721333 0.409250 0.724667 0.405000 0.726333 0.400000 0.726667 0.393000 0.726000 0.390000 0.724333 0.386750
0 0.739000 0.364500 0.736667 0.365250 0.731667 0.369250 0.730667 0.372500 0.730667 0.378500 0.731667 0.381750 0.734333 0.385250 0.737000 0.386750 0.741000 0.387250 0.744333 0.385750 0.748000 0.382750 0.749000 0.381000 0.749333 0.375000 0.748667 0.370250 0.747000 0.367250 0.744000 0.364750
0 0.662667 0.387250 0.661000 0.387000 0.658000 0.387750 0.655000 0.389250 0.650000 0.390500 0.643000 0.396750 0.640667 0.400750 0.640667 0.405000 0.642667 0.408000 0.646333 0.408750 0.653667 0.407000 0.662333 0.401500 0.665667 0.393750 0.665333 0.390250
0 0.595000 0.396500 0.593667 0.399500 0.594333 0.404250 0.595333 0.406250 0.599333 0.410000 0.602000 0.410750 0.603333 0.411750 0.606667 0.412250 0.610667 0.414000 0.615000 0.415000 0.620000 0.415500 0.622667 0.414500 0.623667 0.413000 0.623333 0.407750 0.615000 0.400000 0.611333 0.399000 0.607667 0.396750 0.603667 0.395750 0.597333 0.395500
0 0.601667 0.413250 0.600333 0.414500 0.600667 0.419500 0.605333 0.425750 0.611333 0.429500 0.616000 0.430000 0.618333 0.429000 0.619667 0.427250 0.620000 0.423500 0.615333 0.416500 0.606333 0.413250
0 0.559667 0.419750 0.557000 0.421250 0.555333 0.424000 0.555000 0.433250 0.555667 0.436250 0.559333 0.440750 0.563333 0.444000 0.568000 0.444250 0.570000 0.443000 0.572667 0.439500 0.573000 0.431000 0.569333 0.423000 0.564000 0.420250
0 0.545000 0.418750 0.540000 0.419500 0.535667 0.423000 0.533667 0.427000 0.532667 0.430500 0.532667 0.436750 0.534000 0.440250 0.537000 0.442250 0.541667 0.442250 0.544333 0.441000 0.546333 0.439500 0.549333 0.435500 0.550667 0.428250 0.550333 0.423000 0.548667 0.420500
0 0.600000 0.429750 0.599000 0.431000 0.599000 0.436250 0.604000 0.443000 0.608000 0.445500 0.614333 0.448000 0.616667 0.448000 0.620000 0.446750 0.622333 0.444250 0.622000 0.439000 0.620667 0.437250 0.616333 0.434750 0.615000 0.432000 0.612333 0.431500 0.606667 0.429000 0.602333 0.429000
0 0.672667 0.439750 0.670667 0.440500 0.668667 0.442750 0.668333 0.447000 0.669667 0.451000 0.673333 0.456000 0.677667 0.459250 0.681000 0.460750 0.685667 0.461250 0.687667 0.460000 0.689000 0.456250 0.688333 0.450750 0.686667 0.446500 0.682667 0.442500 0.678333 0.440000
0 0.626667 0.446750 0.623333 0.448250 0.618667 0.453250 0.618000 0.463000 0.619333 0.467000 0.622000 0.470000 0.626333 0.471750 0.629333 0.471750 0.631667 0.471250 0.635667 0.467250 0.637333 0.462000 0.637333 0.456250 0.635000 0.451500 0.631333 0.447750
0 0.752000 0.410250 0.748333 0.410000 0.744000 0.411500 0.737667 0.416500 0.735667 0.418750 0.732000 0.427000 0.733000 0.430250 0.737000 0.430750 0.743000 0.428250 0.748667 0.424500 0.752333 0.419500 0.753667 0.416500 0.753667 0.411750
0 0.717333 0.433750 0.715333 0.435750 0.714667 0.438500 0.716333 0.444250 0.720000 0.450500 0.724000 0.452750 0.728000 0.452500 0.730000 0.451250 0.731333 0.448000 0.731000 0.444000 0.729333 0.439750 0.723667 0.434500 0.721333 0.433500
0 0.540333 0.476500 0.536000 0.478500 0.534333 0.481500 0.533333 0.484750 0.533333 0.491250 0.534333 0.494250 0.537667 0.498250 0.540333 0.500000 0.545333 0.500250 0.547333 0.498750 0.549667 0.494250 0.550000 0.485500 0.545667 0.477500 0.543667 0.476750
0 0.545667 0.505250 0.540667 0.505500 0.535333 0.509250 0.532667 0.513250 0.531667 0.516750 0.532000 0.521750 0.534333 0.526000 0.537333 0.528500 0.541667 0.528000 0.545333 0.526000 0.550000 0.518250 0.550333 0.509750 0.548667 0.507000
0 0.520667 0.514750 0.516667 0.515750 0.513333 0.518750 0.512000 0.524000 0.513000 0.530000 0.518000 0.536500 0.520667 0.538000 0.525667 0.538000 0.527667 0.536750 0.530000 0.533250 0.530667 0.524500 0.529667 0.521000 0.527000 0.516750 0.524667 0.515500
0 0.587667 0.521250 0.584333 0.521250 0.579667 0.524250 0.577667 0.528750 0.578000 0.536500 0.579333 0.542000 0.580667 0.544250 0.584333 0.546250 0.588000 0.546000 0.591333 0.544250 0.593000 0.541500 0.594000 0.537000 0.594000 0.530000 0.593000 0.525500 0.591667 0.523500
0 0.629333 0.544500 0.626333 0.545500 0.623667 0.549500 0.622333 0.554750 0.622333 0.557750 0.626667 0.568250 0.631000 0.570250 0.635000 0.570250 0.638000 0.569250 0.639333 0.568000 0.640667 0.562000 0.640667 0.556000 0.639333 0.551000 0.638000 0.548750 0.631667 0.544750
0 0.661667 0.551250 0.657333 0.551250 0.651667 0.556000 0.649000 0.560750 0.648333 0.563500 0.649000 0.570500 0.650333 0.573500 0.653667 0.576000 0.655667 0.576000 0.658667 0.575000 0.662667 0.571500 0.664667 0.568000 0.666000 0.562750 0.666000 0.558000 0.665000 0.554750 0.663000 0.552000
0 0.786333 0.475500 0.783333 0.476500 0.781333 0.478500 0.780000 0.483250 0.780000 0.487750 0.780667 0.490500 0.782333 0.493000 0.785333 0.494750 0.788000 0.495000 0.791333 0.493750 0.794000 0.490500 0.794667 0.483500 0.792333 0.478250 0.789333 0.476250
0 0.695667 0.520750 0.692667 0.521750 0.690000 0.524750 0.690000 0.530750 0.691333 0.536250 0.696333 0.544750 0.700333 0.546500 0.703333 0.546500 0.705667 0.546000 0.707333 0.544750 0.709000 0.541750 0.708667 0.533000 0.706333 0.528250 0.702000 0.522750 0.698333 0.520750
0 0.612000 0.585250 0.607667 0.585250 0.603667 0.587750 0.602000 0.590750 0.601000 0.594750 0.600667 0.604500 0.601333 0.607000 0.603667 0.609750 0.607667 0.611250 0.612000 0.610000 0.615000 0.608000 0.617333 0.602500 0.617667 0.593750 0.616000 0.587250
0 0.544333 0.599250 0.541333 0.600250 0.538667 0.603000 0.536667 0.609500 0.536667 0.615250 0.537667 0.619000 0.540000 0.623000 0.544000 0.624750 0.547000 0.624750 0.550000 0.624000 0.553000 0.621250 0.554333 0.616000 0.554333 0.610500 0.552333 0.603500 0.549667 0.601000
0 0.494667 0.587250 0.493000 0.588500 0.491333 0.591250 0.490333 0.595000 0.491333 0.603250 0.492667 0.607500 0.494000 0.609000 0.498333 0.610500 0.502667 0.610500 0.505667 0.609250 0.507000 0.607000 0.507333 0.595250 0.506667 0.593250 0.503000 0.588750 0.498667 0.586750
0 0.661667 0.598500 0.657667 0.598250 0.655000 0.598750 0.649667 0.602500 0.648000 0.607250 0.648000 0.616500 0.648667 0.619500 0.650667 0.621750 0.655000 0.622250 0.657667 0.621250 0.662667 0.617250 0.664000 0.615250 0.665000 0.612000 0.665333 0.605000 0.664000 0.600500
0 0.788000 0.633250 0.785000 0.634500 0.783000 0.637750 0.783000 0.643000 0.784000 0.646500 0.789667 0.655750 0.795000 0.659250 0.798000 0.660000 0.801333 0.659500 0.804000 0.657500 0.805333 0.653250 0.805333 0.649500 0.803333 0.642500 0.800333 0.638000 0.796000 0.633750 0.793333 0.633000
0 0.701333 0.679500 0.696667 0.681250 0.695333 0.684500 0.694667 0.690250 0.695667 0.698250 0.697333 0.701750 0.701667 0.705000 0.704667 0.706000 0.708667 0.706000 0.710667 0.705000 0.713667 0.700250 0.714333 0.697250 0.714000 0.689000 0.711667 0.685000 0.708667 0.682000 0.705000 0.680250
