0 0.287000 0.644250 0.283000 0.644500 0.279000 0.647750 0.274000 0.653750 0.272333 0.658500 0.272333 0.661500 0.273667 0.666750 0.275667 0.668250 0.279333 0.668750 0.283333 0.667250 0.287667 0.663000 0.292000 0.653750 0.292333 0.649250 0.290667 0.646500
0 0.368333 0.456250 0.365000 0.456250 0.361667 0.458750 0.360000 0.461750 0.359000 0.465750 0.359000 0.471250 0.360000 0.475500 0.361667 0.477000 0.364667 0.478000 0.368333 0.476750 0.371000 0.475000 0.374000 0.469500 0.374333 0.462250 0.373667 0.459750 0.372667 0.458250
0 0.283667 0.552500 0.281333 0.552750 0.278333 0.554250 0.274667 0.558000 0.271333 0.564000 0.271333 0.570750 0.272333 0.573000 0.274667 0.574750 0.280000 0.574250 0.285333 0.569250 0.288000 0.565000 0.288667 0.561250 0.288333 0.555500 0.286333 0.553500
0 0.393667 0.500750 0.389333 0.501000 0.385333 0.503500 0.382667 0.507500 0.380667 0.513500 0.380667 0.518000 0.382333 0.523500 0.384000 0.526250 0.388000 0.528000 0.392000 0.527500 0.394667 0.526000 0.398000 0.522250 0.399667 0.514750 0.399000 0.506000 0.397000 0.502000
0 0.392333 0.477250 0.386333 0.477250 0.384333 0.477750 0.380667 0.481500 0.378667 0.485250 0.378333 0.495000 0.380333 0.499000 0.383333 0.500250 0.386333 0.500250 0.390000 0.498750 0.394000 0.490500 0.395333 0.482500 0.394333 0.479250
0 0.392333 0.453250 0.388667 0.453000 0.384667 0.453750 0.383000 0.455000 0.379667 0.461250 0.379333 0.468000 0.380000 0.470500 0.382333 0.474250 0.384667 0.475750 0.388667 0.475750 0.393000 0.474000 0.396667 0.471250 0.398667 0.467250 0.398667 0.460500 0.397333 0.456000 0.395667 0.454250
0 0.459000 0.438000 0.456333 0.438500 0.454333 0.439750 0.451333 0.447000 0.451333 0.453500 0.453000 0.459500 0.455333 0.462250 0.458333 0.463250 0.460333 0.462250 0.463333 0.459250 0.465667 0.455000 0.466000 0.446250 0.464667 0.441750 0.462000 0.438750
0 0.433333 0.443750 0.431333 0.444250 0.427333 0.447500 0.426000 0.450750 0.425667 0.459750 0.426333 0.462750 0.428667 0.467000 0.431667 0.469000 0.437000 0.469500 0.440333 0.468500 0.443000 0.465500 0.444333 0.460000 0.444000 0.453750 0.441000 0.446500 0.436000 0.443750
0 0.386667 0.421750 0.383667 0.423000 0.381333 0.427250 0.380667 0.430500 0.381000 0.435500 0.385000 0.443750 0.389333 0.448000 0.391667 0.449000 0.394000 0.449000 0.397333 0.447750 0.400333 0.443500 0.401333 0.439750 0.401000 0.431250 0.395667 0.423250 0.391667 0.421750
0 0.392333 0.394000 0.388000 0.394500 0.384333 0.397250 0.382667 0.399500 0.381333 0.403500 0.381000 0.409000 0.382000 0.412750 0.384000 0.416750 0.387667 0.418500 0.389667 0.418500 0.393667 0.416250 0.397000 0.411750 0.398000 0.408750 0.398333 0.402000 0.397667 0.399000 0.396000 0.396500
0 0.340667 0.363250 0.337667 0.364000 0.333667 0.368250 0.332333 0.373500 0.332333 0.379000 0.334000 0.384750 0.336333 0.387750 0.338333 0.389250 0.342667 0.390250 0.347667 0.389250 0.350333 0.387250 0.353000 0.381250 0.353333 0.375000 0.352000 0.369000 0.350333 0.366500 0.345667 0.363500
0 0.231667 0.325500 0.229000 0.326500 0.225000 0.330250 0.223667 0.334000 0.223333 0.339000 0.224667 0.344500 0.227667 0.350500 0.232000 0.352000 0.234333 0.352000 0.238000 0.351000 0.240667 0.348500 0.241667 0.345750 0.241667 0.337000 0.238667 0.329250 0.236333 0.327250
0 0.290667 0.303250 0.286667 0.305500 0.285667 0.307250 0.285000 0.313750 0.286333 0.319000 0.290333 0.325750 0.295333 0.329750 0.298333 0.330750 0.302333 0.330250 0.305333 0.327500 0.306667 0.324000 0.306667 0.320750 0.304000 0.311000 0.302333 0.308250 0.299333 0.305500 0.294667 0.303250
0 0.396000 0.561750 0.391000 0.561250 0.384333 0.562750 0.382333 0.564500 0.378333 0.572250 0.378667 0.579750 0.381000 0.584000 0.384000 0.585500 0.389000 0.585000 0.393333 0.581500 0.397333 0.576250 0.398667 0.572500 0.399000 0.566500 0.398333 0.563750
0 0.478000 0.582000 0.475667 0.583500 0.472333 0.587500 0.471333 0.591750 0.471333 0.596000 0.473667 0.600750 0.476667 0.602250 0.479667 0.602500 0.481667 0.601750 0.483667 0.599750 0.486333 0.592000 0.486333 0.587750 0.484333 0.583750 0.482667 0.582500
0 0.532333 0.563000 0.528333 0.563000 0.525333 0.564250 0.524000 0.566500 0.522667 0.571500 0.523333 0.579750 0.525333 0.583000 0.528333 0.584250 0.530000 0.584000 0.533333 0.580750 0.536667 0.573250 0.536667 0.567500 0.536000 0.565500 0.534000 0.563500
0 0.464333 0.505500 0.459667 0.503000 0.457000 0.502500 0.447333 0.503000 0.437333 0.505750 0.434667 0.508500 0.434667 0.510000 0.438667 0.514250 0.442667 0.516000 0.451667 0.515750 0.458333 0.514000 0.463667 0.510000
0 0.376667 0.524250 0.372333 0.523500 0.368333 0.524750 0.361333 0.530250 0.359000 0.532750 0.356333 0.537500 0.356333 0.540500 0.357667 0.542000 0.360333 0.542750 0.365000 0.542250 0.373000 0.537500 0.377333 0.530000 0.377333 0.525000
0 0.303000 0.523250 0.300333 0.524750 0.298667 0.527250 0.298000 0.529500 0.298000 0.537750 0.299000 0.540750 0.302000 0.544500 0.303333 0.545500 0.308000 0.546000 0.310667 0.544500 0.312333 0.541000 0.312333 0.529500 0.310000 0.525750 0.306333 0.523750
0 0.330333 0.504500 0.327333 0.503750 0.322000 0.504000 0.313667 0.509000 0.309667 0.514500 0.308000 0.519250 0.308000 0.521750 0.311333 0.525000 0.314000 0.526000 0.318000 0.525000 0.323000 0.522500 0.326000 0.520000 0.328333 0.516000 0.331000 0.513250 0.332000 0.510500 0.332000 0.506250
0 0.185333 0.413500 0.180000 0.413500 0.173000 0.415500 0.169667 0.420000 0.168667 0.423000 0.168333 0.428750 0.170333 0.434000 0.172000 0.436000 0.173667 0.436750 0.178333 0.437000 0.182000 0.435500 0.186333 0.430250 0.188000 0.425000 0.188333 0.418500 0.187667 0.415250
0 0.216667 0.399750 0.214667 0.401250 0.212667 0.404250 0.212333 0.409000 0.213333 0.412500 0.220333 0.424250 0.223667 0.426500 0.227667 0.427750 0.229667 0.427750 0.233333 0.426000 0.234333 0.424500 0.235000 0.420500 0.234000 0.415000 0.231333 0.408000 0.224000 0.400750 0.221000 0.399750
0 0.287333 0.451500 0.286333 0.452250 0.285333 0.455000 0.285667 0.458500 0.290333 0.466500 0.299000 0.474000 0.303667 0.475250 0.308000 0.475000 0.310333 0.472500 0.310667 0.469750 0.307667 0.461500 0.303667 0.456750 0.301000 0.454500 0.294667 0.451750 0.292000 0.451250
0 0.291333 0.594750 0.289333 0.596000 0.287667 0.599500 0.287333 0.604500 0.288667 0.611000 0.291333 0.616000 0.295667 0.618500 0.299667 0.619000 0.303667 0.617500 0.305333 0.615500 0.306667 0.612250 0.306333 0.607250 0.305000 0.602750 0.302667 0.599250 0.298667 0.595500 0.294667 0.594500
0 0.341000 0.597750 0.338000 0.598750 0.335333 0.603500 0.334667 0.608000 0.335667 0.612500 0.337667 0.616500 0.341333 0.619000 0.343667 0.619000 0.346333 0.618250 0.348667 0.616000 0.349000 0.612750 0.346333 0.607000 0.346000 0.603250 0.344667 0.599500 0.343000 0.598000
0 0.351667 0.590500 0.349667 0.591000 0.348000 0.592250 0.346000 0.595000 0.345667 0.600750 0.347000 0.607500 0.349667 0.614250 0.352667 0.616750 0.355000 0.616750 0.358000 0.615750 0.360333 0.612250 0.361000 0.610000 0.361000 0.604000 0.359000 0.595000 0.357333 0.592000 0.354333 0.590500
0 0.361667 0.591750 0.359667 0.594750 0.360333 0.601250 0.363333 0.607750 0.368667 0.611500 0.373000 0.612000 0.375667 0.611250 0.378000 0.608250 0.378333 0.603750 0.373667 0.595250 0.365667 0.591500
0 0.381000 0.607500 0.379333 0.609750 0.379000 0.612500 0.379667 0.616000 0.381667 0.619750 0.383667 0.622000 0.389000 0.625250 0.392667 0.626250 0.397000 0.626250 0.399333 0.624000 0.399667 0.621750 0.399000 0.618250 0.396333 0.614000 0.392667 0.610500 0.388333 0.608250 0.384667 0.607250
0 0.466333 0.648000 0.463000 0.648000 0.459000 0.649500 0.454667 0.653000 0.451667 0.658250 0.450667 0.661000 0.450667 0.665500 0.451667 0.667750 0.454667 0.670250 0.459667 0.670000 0.467333 0.662250 0.468667 0.657250 0.468667 0.651750 0.468000 0.649500
0 0.513333 0.736750 0.510333 0.738000 0.508667 0.740250 0.508333 0.744750 0.509667 0.748750 0.513000 0.752500 0.517333 0.756000 0.521667 0.757750 0.526333 0.758000 0.529000 0.756250 0.529667 0.753000 0.529000 0.749500 0.526333 0.744250 0.521000 0.739500 0.516000 0.737250
0 0.400000 0.703750 0.397333 0.703000 0.388000 0.704250 0.383667 0.707250 0.379000 0.712250 0.376667 0.717250 0.376333 0.721500 0.377333 0.723250 0.379333 0.724750 0.384333 0.725500 0.388333 0.724250 0.396333 0.717250 0.401000 0.709500 0.401333 0.705000
0 0.393667 0.658250 0.389000 0.659000 0.385000 0.662000 0.379333 0.670500 0.378333 0.673750 0.379000 0.681500 0.380667 0.683500 0.383667 0.684500 0.386667 0.684500 0.389333 0.683750 0.394667 0.679250 0.397667 0.674750 0.398667 0.669750 0.398333 0.662500 0.396333 0.659000
0 0.330667 0.655500 0.327000 0.656000 0.324000 0.658000 0.320000 0.665000 0.319000 0.672500 0.319667 0.674750 0.321667 0.676250 0.323333 0.676250 0.327000 0.675000 0.331667 0.670750 0.333667 0.667250 0.334333 0.663250 0.333667 0.657500
0 0.298333 0.629500 0.294667 0.631500 0.293333 0.634000 0.293333 0.639500 0.297000 0.647250 0.302000 0.650500 0.306000 0.650250 0.308667 0.648750 0.310333 0.645000 0.310333 0.641500 0.308333 0.635750 0.306667 0.633250 0.303000 0.630250
