0 0.504667 0.344250 0.502333 0.345000 0.500667 0.346500 0.498000 0.352750 0.498000 0.354750 0.501333 0.367000 0.505333 0.369500 0.508333 0.369500 0.512667 0.368000 0.515000 0.365000 0.515667 0.359000 0.515333 0.353250 0.514333 0.349250 0.512333 0.346250 0.509333 0.344500
0 0.442667 0.436750 0.439667 0.437250 0.437000 0.440000 0.435667 0.444750 0.435667 0.449500 0.439000 0.458750 0.440000 0.459500 0.444667 0.460250 0.448000 0.459750 0.451333 0.456500 0.452333 0.453000 0.452333 0.446750 0.451333 0.442500 0.449000 0.438750 0.446667 0.437500
0 0.428333 0.651500 0.424333 0.651500 0.420333 0.652750 0.417667 0.655750 0.416333 0.659750 0.416000 0.666250 0.416667 0.669000 0.419333 0.674000 0.423000 0.675750 0.424667 0.675750 0.428667 0.674250 0.432667 0.670500 0.434333 0.665750 0.434333 0.659000 0.433667 0.656500 0.432000 0.653500
0 0.404000 0.626500 0.400667 0.629000 0.398667 0.632750 0.398000 0.637250 0.398333 0.642750 0.400667 0.647250 0.404333 0.649000 0.406667 0.649000 0.410000 0.647750 0.412667 0.644250 0.413667 0.640250 0.413667 0.633750 0.412667 0.631250 0.409333 0.627250 0.407667 0.626500
0 0.354000 0.614750 0.352333 0.615750 0.349000 0.619500 0.348000 0.623250 0.348000 0.629250 0.349667 0.634250 0.353000 0.639250 0.358000 0.640250 0.361000 0.639250 0.363667 0.636250 0.365000 0.632250 0.365667 0.626500 0.362333 0.618750 0.358000 0.615250
0 0.389333 0.602750 0.385333 0.602750 0.383333 0.603500 0.379000 0.606750 0.376000 0.610500 0.374667 0.619750 0.377333 0.622750 0.379667 0.623250 0.382333 0.623000 0.385000 0.621750 0.389667 0.617750 0.391333 0.613750 0.391667 0.606250
0 0.416333 0.609500 0.415000 0.610750 0.415000 0.615000 0.415667 0.616500 0.419000 0.619750 0.424000 0.623000 0.429667 0.624000 0.433667 0.623500 0.435333 0.621750 0.435333 0.618000 0.433333 0.615000 0.428000 0.610750 0.420667 0.609250
0 0.447667 0.601500 0.443333 0.601500 0.440000 0.603000 0.438000 0.606250 0.436333 0.611500 0.436000 0.618750 0.436667 0.621250 0.438333 0.623750 0.442333 0.625250 0.447000 0.624500 0.449667 0.622750 0.451667 0.620000 0.453000 0.615750 0.453333 0.609750 0.452667 0.606500 0.450667 0.603000
0 0.401000 0.507500 0.399667 0.507500 0.396333 0.509500 0.392333 0.517750 0.391667 0.523000 0.392000 0.529000 0.392667 0.530250 0.396000 0.532000 0.400000 0.531500 0.403000 0.529750 0.405333 0.524750 0.406000 0.513000 0.404667 0.509500
0 0.424667 0.509250 0.422333 0.509500 0.419333 0.510750 0.415333 0.517000 0.414667 0.529000 0.415333 0.530500 0.419333 0.532750 0.424667 0.532000 0.428667 0.530000 0.432333 0.522250 0.432333 0.516500 0.431333 0.514250 0.428667 0.510750
0 0.443667 0.550750 0.440667 0.552500 0.439333 0.555250 0.439000 0.561000 0.439667 0.563000 0.442667 0.568000 0.447333 0.572250 0.451333 0.572750 0.455333 0.570750 0.457000 0.568500 0.457333 0.563250 0.455000 0.556000 0.450667 0.551750 0.448000 0.550750
0 0.515333 0.595250 0.512667 0.595000 0.509000 0.595750 0.502667 0.603250 0.502333 0.607500 0.503667 0.611750 0.506000 0.613250 0.510000 0.613000 0.513000 0.612000 0.517667 0.607250 0.519000 0.603750 0.519000 0.599250 0.517333 0.596000
0 0.513667 0.615250 0.511333 0.617000 0.510000 0.619500 0.509333 0.623250 0.510000 0.629000 0.513000 0.635000 0.514667 0.636000 0.518333 0.636500 0.520667 0.635500 0.522333 0.633500 0.523667 0.627500 0.523333 0.623000 0.521667 0.618500 0.517333 0.615500
0 0.497667 0.659500 0.494000 0.659500 0.492667 0.660500 0.489000 0.665500 0.488000 0.669250 0.487667 0.674000 0.488667 0.677500 0.490667 0.680750 0.493333 0.682500 0.495000 0.682500 0.497667 0.681250 0.499667 0.678250 0.500333 0.675750 0.500333 0.664500 0.499333 0.661250
0 0.538000 0.678250 0.534333 0.678500 0.531333 0.680250 0.529667 0.682000 0.528000 0.686250 0.528000 0.694000 0.529667 0.697250 0.532667 0.700000 0.537000 0.699750 0.543000 0.694250 0.544667 0.690750 0.544667 0.684250 0.543667 0.681250 0.542000 0.679750
0 0.571333 0.653500 0.571333 0.658250 0.573000 0.661500 0.575667 0.664250 0.580333 0.667500 0.586667 0.670500 0.590333 0.671250 0.592667 0.671250 0.595667 0.669750 0.597333 0.667000 0.597000 0.663500 0.594333 0.658750 0.591667 0.656500 0.584333 0.653000 0.581000 0.652250 0.575333 0.652000
0 0.646333 0.630250 0.643000 0.627250 0.639333 0.626500 0.632667 0.626500 0.626667 0.627250 0.620000 0.630250 0.614000 0.634000 0.613333 0.635250 0.613333 0.638750 0.615000 0.640500 0.620333 0.642000 0.625000 0.642750 0.631000 0.642250 0.639667 0.639500 0.645333 0.635500 0.646333 0.634000
0 0.651000 0.656500 0.646667 0.656750 0.643333 0.657750 0.640667 0.660750 0.639333 0.665000 0.639333 0.670750 0.640667 0.676250 0.641667 0.678250 0.645667 0.680250 0.650000 0.680250 0.654000 0.678750 0.656000 0.674750 0.656667 0.670000 0.656333 0.661500 0.655000 0.658250 0.653667 0.657250
0 0.443000 0.487000 0.441000 0.489500 0.441000 0.494250 0.442333 0.498250 0.446333 0.502500 0.447333 0.503000 0.451000 0.503000 0.452000 0.502250 0.452667 0.499500 0.451667 0.494000 0.448000 0.489250 0.444667 0.487250
0 0.443333 0.509000 0.440667 0.510000 0.438000 0.513000 0.437333 0.522750 0.439000 0.527500 0.442667 0.530250 0.444667 0.530250 0.447667 0.529250 0.451333 0.526250 0.452333 0.522750 0.452333 0.518000 0.451667 0.514000 0.450333 0.511750 0.447667 0.509750
0 0.433333 0.545250 0.435000 0.547750 0.439667 0.551000 0.447000 0.550000 0.454667 0.550000 0.458667 0.548500 0.462333 0.545500 0.463000 0.544250 0.463000 0.541000 0.460333 0.539000 0.454333 0.537250 0.445000 0.536750 0.439667 0.537500 0.435667 0.539750 0.434000 0.541500
0 0.556000 0.565750 0.552333 0.568000 0.551000 0.569750 0.549333 0.575500 0.549333 0.580500 0.551667 0.587500 0.555667 0.590500 0.558000 0.590750 0.561000 0.590000 0.562667 0.588250 0.565000 0.583500 0.565667 0.577500 0.564667 0.572000 0.560333 0.566500
0 0.509667 0.529750 0.506333 0.531000 0.503667 0.533500 0.502333 0.540250 0.504000 0.549250 0.506000 0.552250 0.509333 0.554250 0.514000 0.554500 0.518333 0.552500 0.520000 0.549750 0.520667 0.545500 0.520333 0.540000 0.518000 0.533000 0.514000 0.530000
0 0.489667 0.527250 0.486667 0.528000 0.485333 0.529000 0.482667 0.533000 0.482333 0.539500 0.483667 0.544500 0.485667 0.548500 0.489667 0.551500 0.493000 0.551750 0.496333 0.550250 0.498667 0.548000 0.500000 0.543000 0.499667 0.537250 0.498333 0.532750 0.495333 0.529000
0 0.488000 0.497250 0.485333 0.498250 0.482667 0.502250 0.482667 0.509500 0.485667 0.516000 0.489667 0.519250 0.493000 0.519250 0.497000 0.517250 0.498333 0.515000 0.499000 0.511750 0.498667 0.505500 0.497667 0.502500 0.495667 0.499750 0.491000 0.497250
0 0.528667 0.515000 0.526000 0.517500 0.526000 0.522000 0.529333 0.532750 0.532333 0.535000 0.534000 0.535000 0.536333 0.534000 0.537667 0.532500 0.538333 0.529500 0.538000 0.523500 0.534333 0.517250 0.530333 0.515250
0 0.598667 0.498750 0.595333 0.500500 0.594000 0.503000 0.592667 0.509000 0.593000 0.516750 0.595667 0.523000 0.599333 0.526000 0.604333 0.526750 0.607000 0.525000 0.609000 0.521250 0.609667 0.516750 0.609000 0.506000 0.608000 0.502750 0.605667 0.500250 0.603000 0.499000
0 0.417333 0.376000 0.415333 0.376500 0.413667 0.377750 0.411333 0.381500 0.410667 0.384250 0.411000 0.391250 0.413000 0.396750 0.415333 0.400000 0.419333 0.402000 0.422000 0.402000 0.425333 0.400750 0.428333 0.397000 0.429333 0.392500 0.429000 0.384500 0.427333 0.380750 0.423333 0.376750 0.421000 0.376000
0 0.438333 0.356750 0.435667 0.358500 0.434333 0.360750 0.434667 0.365500 0.436667 0.370250 0.437333 0.374000 0.440000 0.377500 0.442333 0.378500 0.446333 0.378500 0.449333 0.377000 0.450333 0.374250 0.450667 0.368500 0.447667 0.361000 0.443333 0.357750 0.440667 0.356750
0 0.482667 0.380250 0.479000 0.382750 0.478000 0.384500 0.477667 0.390000 0.479000 0.396250 0.482000 0.400750 0.485000 0.403750 0.486667 0.404750 0.490000 0.405250 0.493667 0.403500 0.495333 0.401000 0.496000 0.397750 0.495667 0.392250 0.491333 0.383500 0.487000 0.380750
0 0.605000 0.412750 0.599333 0.413250 0.595333 0.415750 0.591667 0.423000 0.591000 0.427000 0.591667 0.431000 0.592667 0.432750 0.595667 0.434750 0.600000 0.434250 0.605333 0.430500 0.607667 0.427750 0.608667 0.422500 0.608667 0.416500 0.607667 0.414000
0 0.537333 0.386000 0.532667 0.386000 0.529333 0.387000 0.521667 0.392250 0.517000 0.399250 0.517000 0.401250 0.520000 0.404250 0.522667 0.404750 0.529667 0.402750 0.537667 0.396750 0.539333 0.392750 0.539333 0.389000
0 0.455000 0.317750 0.450667 0.319500 0.447333 0.322750 0.446000 0.329000 0.446333 0.335500 0.447333 0.338500 0.451333 0.343000 0.454333 0.344000 0.458667 0.344000 0.462000 0.342000 0.464333 0.338750 0.465333 0.335250 0.465333 0.329750 0.462333 0.321000 0.458667 0.317750
0 0.304333 0.403000 0.301667 0.403750 0.299000 0.406250 0.298000 0.410750 0.298333 0.416250 0.299333 0.419250 0.302000 0.422750 0.304000 0.423750 0.307333 0.424000 0.310667 0.422500 0.312333 0.419750 0.312667 0.411250 0.312000 0.407750 0.310333 0.404750 0.307333 0.403000
0 0.546333 0.516250 0.544000 0.516750 0.540333 0.520500 0.539333 0.524250 0.539333 0.528750 0.541667 0.536500 0.545667 0.540500 0.548333 0.541750 0.552667 0.541000 0.556000 0.537750 0.557667 0.533250 0.557333 0.524750 0.553667 0.518000 0.552333 0.517000 0.549333 0.516250
0 0.525667 0.461000 0.523000 0.462500 0.521667 0.466000 0.522667 0.470250 0.524667 0.474000 0.529333 0.478500 0.532667 0.480750 0.537333 0.481750 0.539333 0.480500 0.540667 0.478500 0.541333 0.474000 0.540333 0.471000 0.537000 0.466000 0.529667 0.461000
0 0.439667 0.462750 0.438000 0.465250 0.438000 0.468000 0.440000 0.472250 0.446667 0.479000 0.451000 0.479250 0.452000 0.478250 0.452667 0.475750 0.452667 0.471500 0.451000 0.467500 0.444000 0.463250
0 0.552000 0.460250 0.549333 0.461500 0.547667 0.463500 0.546667 0.466250 0.546333 0.472000 0.547000 0.475500 0.549000 0.479000 0.552333 0.482000 0.555000 0.482000 0.557000 0.481500 0.560333 0.479000 0.562000 0.474750 0.562000 0.467750 0.560000 0.462250 0.557000 0.460500
0 0.595000 0.451750 0.593333 0.450250 0.591333 0.449500 0.587333 0.449500 0.580333 0.450750 0.570667 0.454500 0.568667 0.457500 0.568667 0.459750 0.571333 0.461250 0.575000 0.462000 0.580667 0.462000 0.591000 0.459750 0.595667 0.455500
0 0.311333 0.456500 0.307000 0.459250 0.306000 0.461000 0.305333 0.465250 0.305667 0.470250 0.307000 0.474250 0.311000 0.478750 0.313667 0.480750 0.315000 0.481000 0.317667 0.480500 0.319667 0.478750 0.323000 0.471500 0.323000 0.468250 0.321000 0.461750 0.318333 0.458250 0.315000 0.456500
0 0.400667 0.429750 0.395333 0.430500 0.392000 0.433500 0.391000 0.436500 0.390667 0.443000 0.391333 0.447000 0.393333 0.450250 0.396667 0.452500 0.401333 0.452500 0.402667 0.452000 0.405000 0.450000 0.406333 0.445500 0.406667 0.438000 0.405667 0.433750 0.404333 0.431250
