0 0.429000 0.580250 0.426333 0.580250 0.424333 0.581000 0.422333 0.582750 0.419000 0.587500 0.417667 0.595250 0.419000 0.599000 0.420000 0.600000 0.423667 0.600250 0.427000 0.598500 0.429000 0.596750 0.432000 0.591250 0.432667 0.583750 0.431667 0.581750
0 0.428000 0.604250 0.424333 0.605000 0.421667 0.606750 0.420000 0.609250 0.419000 0.612500 0.418333 0.618250 0.419000 0.624750 0.420333 0.627250 0.423667 0.629500 0.427667 0.629500 0.431333 0.627250 0.433667 0.623750 0.435000 0.619250 0.435333 0.613250 0.433667 0.608000 0.431333 0.605750
0 0.538000 0.497000 0.535333 0.497250 0.532667 0.498500 0.529667 0.502750 0.527667 0.508000 0.527333 0.513500 0.528333 0.518750 0.530000 0.522250 0.532333 0.523750 0.534333 0.523750 0.538000 0.521750 0.542000 0.517250 0.544667 0.512000 0.544333 0.502000 0.542333 0.498500 0.540667 0.497500
0 0.403667 0.755000 0.400667 0.757250 0.399667 0.759000 0.399667 0.766000 0.406333 0.776000 0.408333 0.777500 0.412000 0.778000 0.414667 0.776250 0.416667 0.772750 0.416667 0.766250 0.412667 0.758500 0.408000 0.755500
0 0.474333 0.753750 0.470667 0.754250 0.466333 0.757750 0.463000 0.759000 0.461000 0.762500 0.461000 0.768000 0.462000 0.772500 0.466333 0.775750 0.470667 0.774750 0.474333 0.772250 0.475333 0.770750 0.476667 0.764750 0.476667 0.759000
0 0.431000 0.740750 0.428000 0.742250 0.425000 0.745250 0.423667 0.748000 0.423667 0.753500 0.425000 0.760500 0.426333 0.763250 0.428667 0.765000 0.432667 0.765500 0.436000 0.764500 0.437667 0.761750 0.439000 0.756500 0.439333 0.750000 0.438000 0.744000 0.436333 0.741750 0.435000 0.741000
0 0.442667 0.736750 0.441667 0.739500 0.442667 0.742750 0.447000 0.747250 0.455333 0.753000 0.461667 0.754750 0.464667 0.754750 0.468000 0.754000 0.470667 0.752500 0.470667 0.747750 0.468333 0.744000 0.466333 0.742250 0.459333 0.738500 0.452333 0.736000 0.445667 0.735750
0 0.544333 0.752000 0.540333 0.751750 0.537667 0.753000 0.531333 0.759500 0.527667 0.768750 0.528000 0.774000 0.529000 0.776000 0.530000 0.776500 0.533333 0.776750 0.536667 0.775250 0.541667 0.770750 0.544333 0.767250 0.546333 0.759500 0.546333 0.755500 0.545333 0.752750
0 0.595000 0.697250 0.591667 0.700750 0.590667 0.704250 0.590667 0.713250 0.591333 0.716250 0.593333 0.720500 0.595667 0.723500 0.599333 0.725750 0.603333 0.725750 0.605667 0.724000 0.608000 0.720250 0.608000 0.712000 0.606667 0.705500 0.604333 0.701000 0.600667 0.697750 0.599333 0.697250
0 0.508667 0.689000 0.505667 0.691000 0.504333 0.694000 0.504000 0.698750 0.505667 0.705500 0.508667 0.710000 0.514000 0.713500 0.517667 0.715000 0.521667 0.714750 0.523333 0.713250 0.524333 0.709250 0.523667 0.702250 0.522333 0.697750 0.515667 0.689750 0.512333 0.688750
0 0.470000 0.720750 0.467667 0.721750 0.466000 0.723750 0.465333 0.726750 0.465667 0.733000 0.466667 0.736750 0.470667 0.744000 0.474000 0.747000 0.475333 0.747000 0.479000 0.744250 0.481000 0.741500 0.482000 0.737750 0.481667 0.733500 0.480333 0.729000 0.479000 0.727000 0.473667 0.721750
0 0.431333 0.698000 0.427000 0.698000 0.423000 0.700250 0.419667 0.705750 0.418333 0.710500 0.418333 0.716500 0.419333 0.719000 0.423000 0.721750 0.428333 0.721000 0.432667 0.716000 0.434333 0.710000 0.434667 0.703250 0.434333 0.700750
0 0.374667 0.665000 0.372667 0.665750 0.371000 0.669750 0.372000 0.679000 0.376000 0.687000 0.380333 0.689750 0.385333 0.690500 0.389000 0.689000 0.390667 0.685250 0.389333 0.674500 0.386667 0.670250 0.381333 0.665500 0.377667 0.664750
0 0.381667 0.614500 0.379000 0.615750 0.377333 0.618500 0.379000 0.627500 0.383667 0.634500 0.384667 0.635250 0.388333 0.635750 0.389667 0.635000 0.392333 0.630000 0.392667 0.626500 0.392000 0.623250 0.389333 0.617000 0.385000 0.614500
0 0.528667 0.662500 0.526333 0.665000 0.526333 0.667250 0.532000 0.676000 0.540333 0.684250 0.544000 0.687000 0.546000 0.687000 0.548333 0.685250 0.548333 0.681250 0.545667 0.672750 0.539667 0.668000 0.537667 0.665500 0.530000 0.662250
0 0.529333 0.681750 0.527667 0.683750 0.527000 0.686250 0.528000 0.690000 0.530333 0.694000 0.540000 0.701500 0.542333 0.701750 0.545667 0.701000 0.547333 0.699000 0.548000 0.696750 0.544667 0.688750 0.538000 0.684500 0.536667 0.682000
0 0.474667 0.641750 0.471333 0.642000 0.469667 0.643000 0.465667 0.649750 0.464333 0.653500 0.464333 0.658500 0.465667 0.661500 0.467333 0.663000 0.469667 0.663500 0.471667 0.663250 0.474667 0.661500 0.477000 0.658500 0.479000 0.654000 0.479333 0.648750 0.478667 0.645750 0.477000 0.643000
0 0.509000 0.628250 0.506333 0.630250 0.504333 0.634500 0.505333 0.642500 0.509333 0.651000 0.512667 0.652250 0.515667 0.652250 0.518000 0.651500 0.519000 0.650500 0.520333 0.646750 0.520667 0.642250 0.517667 0.635000 0.515000 0.631250 0.512667 0.629250 0.510667 0.628250
0 0.501333 0.611750 0.500667 0.613500 0.501000 0.618250 0.502333 0.620750 0.506000 0.624750 0.519333 0.628250 0.527000 0.628500 0.530000 0.627250 0.530667 0.622750 0.528667 0.619000 0.516000 0.611750 0.511333 0.610500 0.503667 0.610750
0 0.490000 0.614250 0.486333 0.616500 0.484333 0.619250 0.483667 0.622500 0.484333 0.634000 0.485667 0.639500 0.489667 0.643000 0.493333 0.643250 0.496000 0.642500 0.498000 0.641000 0.499667 0.638250 0.500333 0.634500 0.500333 0.623000 0.498000 0.617500 0.494667 0.615250
0 0.449000 0.611250 0.448333 0.615000 0.450333 0.618000 0.454667 0.621000 0.461000 0.623500 0.467000 0.624750 0.474000 0.624750 0.479000 0.623500 0.481667 0.620500 0.481667 0.618000 0.479667 0.614750 0.475000 0.611500 0.466667 0.609000 0.457333 0.608000 0.450667 0.609750
0 0.309333 0.559750 0.307000 0.558250 0.301667 0.558500 0.294333 0.560000 0.286000 0.563000 0.283000 0.564750 0.282000 0.566500 0.281667 0.569250 0.282667 0.571000 0.285667 0.572000 0.288333 0.572000 0.299667 0.569750 0.308333 0.564250 0.309667 0.561250
0 0.412333 0.313500 0.407333 0.313000 0.400667 0.314500 0.391667 0.320250 0.390000 0.323000 0.389667 0.326500 0.392333 0.329750 0.397000 0.329750 0.404000 0.328000 0.406667 0.326500 0.411333 0.322000 0.413333 0.318500 0.413333 0.314750
0 0.466000 0.313500 0.463000 0.315000 0.461667 0.318250 0.461667 0.331000 0.462667 0.334500 0.466000 0.338500 0.469000 0.339500 0.471333 0.339500 0.473667 0.337750 0.475333 0.333500 0.476000 0.328250 0.475667 0.321750 0.470000 0.315000 0.468333 0.313750
0 0.486333 0.326250 0.481667 0.330000 0.479333 0.337000 0.479333 0.342500 0.480333 0.346000 0.483000 0.350750 0.487000 0.354250 0.491000 0.355250 0.495667 0.352250 0.497333 0.350000 0.498667 0.346250 0.498333 0.338750 0.494667 0.329750 0.491000 0.326750
0 0.567667 0.377750 0.568000 0.381750 0.572333 0.385000 0.580333 0.388000 0.587667 0.389250 0.596000 0.389250 0.600000 0.388000 0.603667 0.384750 0.602333 0.380250 0.599000 0.378000 0.594000 0.376250 0.588000 0.375250 0.578000 0.375000 0.569667 0.376250
0 0.406667 0.361000 0.404333 0.361000 0.402667 0.361750 0.400000 0.364500 0.395667 0.375500 0.396667 0.380500 0.399667 0.385500 0.403333 0.386500 0.404667 0.386250 0.409000 0.382250 0.411333 0.377250 0.412000 0.374000 0.412000 0.368250 0.410667 0.364500 0.409000 0.361750
0 0.422333 0.420750 0.418667 0.421750 0.416667 0.423250 0.415333 0.425500 0.414333 0.430000 0.414667 0.439750 0.416333 0.444000 0.420333 0.447250 0.422667 0.448000 0.427333 0.448000 0.431667 0.444750 0.433000 0.443000 0.434667 0.437750 0.434667 0.431500 0.433000 0.427250 0.428333 0.422000 0.424667 0.420750
0 0.403333 0.442250 0.400000 0.444000 0.398667 0.446500 0.398667 0.455000 0.403667 0.464000 0.408000 0.466250 0.411667 0.464500 0.413000 0.462250 0.414000 0.456250 0.413667 0.451750 0.412000 0.446500 0.407667 0.443000 0.405667 0.442250
0 0.425333 0.463000 0.423000 0.463500 0.421000 0.465000 0.418667 0.469250 0.418667 0.475750 0.420333 0.482250 0.422333 0.486250 0.424333 0.487500 0.428333 0.487750 0.432333 0.486000 0.434333 0.483750 0.435667 0.478250 0.435667 0.473250 0.435000 0.469500 0.433000 0.465750 0.428333 0.463000
0 0.490000 0.461250 0.488000 0.463000 0.488000 0.468000 0.489000 0.471750 0.493333 0.479750 0.497333 0.482250 0.501000 0.482000 0.502667 0.481000 0.504333 0.478000 0.504000 0.473250 0.503000 0.470250 0.500667 0.468000 0.497667 0.462500 0.494667 0.461250
0 0.517333 0.434500 0.513333 0.434750 0.509667 0.437500 0.508667 0.439500 0.508667 0.451250 0.510000 0.453750 0.513000 0.455750 0.514333 0.455750 0.518333 0.453750 0.520667 0.451000 0.522000 0.447250 0.521667 0.438750 0.519000 0.435250
0 0.558333 0.477500 0.555667 0.477750 0.552667 0.480250 0.549333 0.485750 0.549000 0.494000 0.550667 0.500000 0.552333 0.502500 0.556333 0.504250 0.560000 0.503750 0.561667 0.502750 0.564333 0.498500 0.565000 0.495750 0.564667 0.485750 0.561000 0.478250
0 0.521667 0.512000 0.517000 0.512250 0.509333 0.517750 0.507333 0.524750 0.507000 0.530250 0.507667 0.533000 0.510000 0.534750 0.513667 0.534750 0.517000 0.533250 0.520667 0.529750 0.524333 0.521500 0.524333 0.516000 0.523667 0.514000
0 0.461667 0.490250 0.457667 0.491250 0.455000 0.493750 0.454000 0.497250 0.454667 0.505250 0.456333 0.510000 0.459333 0.514500 0.462000 0.516000 0.466333 0.516500 0.468667 0.515250 0.470333 0.512750 0.471333 0.502250 0.467667 0.492750 0.466333 0.491500
0 0.399667 0.527500 0.398000 0.529000 0.397333 0.532500 0.399667 0.539750 0.404667 0.545500 0.408000 0.546750 0.411667 0.546000 0.413000 0.544500 0.413333 0.540250 0.410333 0.533750 0.403667 0.528000
0 0.338333 0.508250 0.334000 0.509000 0.331667 0.510750 0.329000 0.513750 0.327333 0.518000 0.326000 0.524750 0.326000 0.529500 0.328000 0.533000 0.330333 0.534750 0.334333 0.535000 0.336667 0.534000 0.339667 0.531750 0.341667 0.528500 0.343000 0.522750 0.343333 0.514250 0.341667 0.509250
0 0.560333 0.541750 0.556000 0.542250 0.549333 0.546250 0.547333 0.548750 0.545667 0.557000 0.545667 0.562500 0.548667 0.568250 0.550333 0.568250 0.553000 0.567250 0.560667 0.561500 0.562000 0.558750 0.563000 0.553000 0.563000 0.546000 0.562333 0.544000
0 0.572667 0.559750 0.566667 0.559750 0.556000 0.566250 0.551333 0.572000 0.551333 0.576750 0.552000 0.577500 0.554333 0.578250 0.559667 0.578000 0.564667 0.576250 0.568000 0.574000 0.572333 0.568750 0.574333 0.564750 0.574000 0.561500
0 0.515000 0.570000 0.512667 0.570000 0.509000 0.571500 0.504667 0.580000 0.504333 0.585250 0.505000 0.588750 0.507000 0.591500 0.509000 0.592750 0.514333 0.592250 0.517000 0.588500 0.519333 0.583250 0.520000 0.578500 0.519333 0.572500 0.517667 0.570750
0 0.466000 0.578500 0.462667 0.580500 0.461667 0.582250 0.460333 0.588000 0.460333 0.592000 0.462333 0.595750 0.464333 0.597000 0.467000 0.597500 0.471333 0.591500 0.472333 0.587750 0.472333 0.584000 0.471333 0.580500 0.470333 0.579500 0.467667 0.578500
