0 0.583667 0.288250 0.579000 0.289250 0.575333 0.291500 0.572333 0.295750 0.571000 0.299000 0.571000 0.307500 0.572333 0.309500 0.576000 0.311750 0.580000 0.312000 0.584333 0.310000 0.588333 0.302250 0.589000 0.299500 0.588333 0.291250 0.586333 0.289250
0 0.596000 0.329250 0.594000 0.330750 0.592000 0.336750 0.593000 0.346000 0.595667 0.350500 0.599667 0.353250 0.602000 0.355750 0.607333 0.358500 0.609667 0.356750 0.612000 0.353250 0.612333 0.348000 0.611000 0.342000 0.608667 0.336500 0.604000 0.331000 0.600333 0.329250
0 0.588000 0.350500 0.586667 0.351500 0.585667 0.353500 0.586000 0.357500 0.587333 0.361500 0.590000 0.365500 0.596333 0.371000 0.601000 0.372500 0.604333 0.372250 0.608000 0.369000 0.608333 0.364500 0.607000 0.360250 0.605000 0.358500 0.601333 0.356750 0.599333 0.353000 0.596333 0.352500 0.592333 0.350000
0 0.618667 0.356500 0.614333 0.360000 0.613667 0.361250 0.612667 0.370500 0.613333 0.373000 0.615333 0.375750 0.619333 0.378250 0.623000 0.378250 0.624667 0.377250 0.628000 0.372750 0.627667 0.364000 0.626667 0.361000 0.623667 0.358000 0.621333 0.356750
0 0.618333 0.395250 0.615667 0.396000 0.613000 0.399250 0.612667 0.401500 0.613667 0.409000 0.617667 0.414500 0.620667 0.417000 0.622667 0.418000 0.627000 0.418250 0.630333 0.416000 0.631667 0.413250 0.632000 0.406750 0.629333 0.400500 0.623333 0.395500
0 0.584000 0.375000 0.580333 0.374750 0.577333 0.376000 0.572667 0.380500 0.571000 0.383500 0.570333 0.386500 0.570667 0.393500 0.572333 0.396500 0.575667 0.398000 0.580000 0.397500 0.584667 0.393500 0.587333 0.385250 0.587333 0.380750 0.586000 0.376750
0 0.524000 0.380250 0.524000 0.385250 0.528000 0.389250 0.532000 0.390500 0.537333 0.391250 0.549000 0.391000 0.553667 0.389000 0.555667 0.385500 0.555333 0.382750 0.553667 0.380250 0.548667 0.377500 0.544000 0.376250 0.531333 0.376500 0.526333 0.378250
0 0.512333 0.378500 0.507667 0.379500 0.503333 0.382500 0.502333 0.384500 0.502333 0.390500 0.503667 0.397000 0.505667 0.400000 0.509667 0.403250 0.514333 0.404000 0.518667 0.402000 0.522000 0.397500 0.522667 0.390500 0.521000 0.385250 0.518000 0.381500 0.515333 0.379250
0 0.466000 0.380250 0.462667 0.381500 0.459000 0.385250 0.458000 0.388000 0.458000 0.394750 0.458667 0.397500 0.462333 0.404500 0.466333 0.406000 0.470333 0.406000 0.474000 0.405000 0.475333 0.404000 0.476667 0.401250 0.477333 0.397250 0.477000 0.389250 0.475333 0.384250 0.470333 0.381000
0 0.451000 0.415500 0.448667 0.414750 0.443667 0.415000 0.440667 0.416250 0.438667 0.418000 0.435333 0.423250 0.434333 0.427500 0.434333 0.432750 0.436000 0.435000 0.438333 0.435500 0.444000 0.435000 0.447667 0.433250 0.450667 0.430500 0.452667 0.424000 0.452667 0.418750
0 0.450333 0.436250 0.446667 0.435500 0.439000 0.436750 0.437000 0.438000 0.434000 0.444000 0.431333 0.447250 0.430333 0.450250 0.430333 0.455000 0.432333 0.457250 0.434667 0.458000 0.439000 0.457500 0.443333 0.455750 0.449333 0.451000 0.451333 0.447750 0.452333 0.443000 0.452000 0.438250
0 0.424667 0.426000 0.420000 0.426500 0.415000 0.430750 0.413667 0.434750 0.414000 0.448000 0.415333 0.451000 0.419000 0.452750 0.422000 0.452750 0.424667 0.452000 0.427333 0.449250 0.430667 0.439500 0.430667 0.434250 0.429667 0.430000 0.428333 0.427750
0 0.506333 0.457250 0.502333 0.459500 0.500667 0.462000 0.499667 0.466750 0.499667 0.472000 0.500333 0.475250 0.502000 0.478250 0.505333 0.481250 0.509667 0.481750 0.513667 0.479250 0.515333 0.475750 0.516333 0.467750 0.516000 0.464250 0.514333 0.459500 0.512667 0.458250 0.510000 0.457250
0 0.467000 0.469250 0.463000 0.469500 0.460667 0.470750 0.456667 0.478500 0.456333 0.487000 0.458333 0.491500 0.462333 0.493750 0.466000 0.493750 0.471333 0.491000 0.474333 0.486000 0.475000 0.483500 0.475333 0.477250 0.474333 0.474500 0.471000 0.470500
0 0.475000 0.494500 0.471333 0.494750 0.466667 0.497500 0.462667 0.498750 0.455333 0.504500 0.454000 0.507750 0.454000 0.510750 0.455333 0.513250 0.458000 0.515250 0.460667 0.515500 0.466333 0.514500 0.475000 0.508250 0.477667 0.503000 0.477667 0.498500
0 0.471333 0.514500 0.463333 0.515750 0.461000 0.517750 0.455000 0.525250 0.454000 0.528250 0.453667 0.533250 0.455000 0.535750 0.458333 0.537500 0.460000 0.537500 0.462667 0.536500 0.466333 0.534000 0.471667 0.526250 0.473667 0.521500 0.473667 0.517750
0 0.508667 0.510250 0.505000 0.512000 0.503667 0.514250 0.503667 0.526000 0.504667 0.529000 0.506667 0.531500 0.510333 0.534000 0.514333 0.534500 0.518000 0.532750 0.520000 0.529000 0.520000 0.524000 0.518667 0.517750 0.514667 0.511750 0.513333 0.510750
0 0.491667 0.538250 0.488333 0.538500 0.485000 0.540250 0.480667 0.548250 0.480333 0.557500 0.481667 0.561250 0.482667 0.562250 0.484667 0.562750 0.490667 0.562500 0.495000 0.558000 0.497000 0.553500 0.497667 0.544500 0.496667 0.541500 0.494333 0.539000
0 0.508667 0.548500 0.506333 0.549250 0.503333 0.552500 0.502667 0.557250 0.504000 0.563000 0.509000 0.570000 0.513333 0.573250 0.517667 0.573500 0.521333 0.571250 0.522667 0.569000 0.523000 0.563250 0.522333 0.560750 0.520000 0.556000 0.514333 0.549500 0.511333 0.548500
0 0.478000 0.570750 0.477667 0.573000 0.478333 0.574500 0.481667 0.577750 0.490667 0.580000 0.497667 0.579500 0.505333 0.577250 0.507000 0.575750 0.507667 0.571750 0.505000 0.569000 0.500333 0.566000 0.496000 0.565000 0.489667 0.565000 0.484333 0.566000 0.480667 0.567750
0 0.465667 0.565250 0.463333 0.565750 0.461333 0.568500 0.460333 0.576500 0.460667 0.581000 0.462333 0.585250 0.466333 0.588250 0.467667 0.588250 0.471000 0.584500 0.471000 0.576000 0.469000 0.568000 0.467667 0.566000
0 0.450667 0.560000 0.449000 0.559500 0.444000 0.560000 0.439667 0.561750 0.435667 0.565250 0.430667 0.572000 0.430333 0.577250 0.432000 0.581250 0.434667 0.582250 0.439333 0.582250 0.442333 0.581500 0.449667 0.576500 0.452000 0.573000 0.453667 0.567500 0.453667 0.564000 0.452000 0.561000
0 0.591333 0.556250 0.589333 0.557500 0.588000 0.559750 0.589667 0.567750 0.594667 0.575500 0.597333 0.576500 0.600333 0.576500 0.602333 0.575000 0.603667 0.572000 0.601667 0.564250 0.599000 0.560000 0.594667 0.557000
0 0.502000 0.590000 0.499667 0.591250 0.498667 0.594750 0.499000 0.604500 0.500000 0.607750 0.501667 0.610250 0.504000 0.612000 0.506333 0.612750 0.510333 0.612750 0.513333 0.611000 0.514333 0.606000 0.514000 0.601500 0.512333 0.596000 0.510333 0.593000 0.506667 0.590250
0 0.482333 0.581500 0.479000 0.583250 0.477667 0.585000 0.476667 0.588250 0.476667 0.592500 0.479000 0.599250 0.484000 0.603000 0.487000 0.604000 0.489667 0.603250 0.492333 0.600250 0.493333 0.596000 0.493000 0.589250 0.492000 0.586250 0.489667 0.583750 0.486667 0.582250
0 0.466333 0.591750 0.462667 0.591250 0.455000 0.595000 0.453667 0.598500 0.453667 0.603000 0.455667 0.605500 0.459667 0.606000 0.466333 0.601250 0.468667 0.596250 0.468333 0.593500
0 0.474333 0.602750 0.470000 0.602250 0.467667 0.603000 0.465000 0.606000 0.462667 0.607500 0.460333 0.610500 0.458333 0.619000 0.459667 0.623250 0.462667 0.625750 0.466333 0.626000 0.470333 0.624500 0.472333 0.623250 0.475000 0.620000 0.476667 0.613750 0.476667 0.607750 0.475333 0.603750
0 0.392667 0.611250 0.389333 0.610000 0.384333 0.610000 0.372667 0.612250 0.368333 0.614500 0.364667 0.617750 0.364000 0.620250 0.365000 0.623000 0.368667 0.624500 0.374000 0.624500 0.380667 0.623500 0.388333 0.621250 0.390333 0.620000 0.393333 0.616250
0 0.473333 0.657500 0.471000 0.656750 0.467000 0.657000 0.464000 0.657750 0.462000 0.659000 0.455000 0.668250 0.454333 0.674750 0.455667 0.676250 0.457667 0.677000 0.460000 0.677000 0.463667 0.675750 0.467333 0.673500 0.471000 0.669500 0.474000 0.664500 0.474667 0.661000 0.474333 0.658500
0 0.415333 0.667500 0.412000 0.668250 0.408667 0.671500 0.407667 0.675250 0.407667 0.681500 0.411000 0.686750 0.413333 0.688250 0.416667 0.688750 0.419667 0.688000 0.420667 0.687000 0.422333 0.681750 0.422333 0.676750 0.419667 0.669250 0.417000 0.667750
0 0.419333 0.691000 0.415667 0.693250 0.414333 0.696000 0.414000 0.705750 0.415333 0.709250 0.419000 0.711250 0.421333 0.711250 0.424000 0.710500 0.425667 0.709250 0.427333 0.706500 0.428000 0.698000 0.424667 0.692500 0.422000 0.691250
0 0.622667 0.634000 0.618667 0.634000 0.617000 0.634750 0.613333 0.637750 0.610667 0.641500 0.609333 0.649750 0.609667 0.652250 0.611000 0.655000 0.614333 0.656000 0.617000 0.655750 0.621000 0.653500 0.623333 0.650500 0.625000 0.646750 0.625667 0.643750 0.625333 0.638000 0.624333 0.635500
