0 0.417000 0.519500 0.414667 0.519750 0.408333 0.523750 0.407000 0.525750 0.406000 0.530750 0.404667 0.533000 0.404667 0.540500 0.407000 0.542500 0.410000 0.543250 0.413000 0.543000 0.419667 0.537500 0.421333 0.534250 0.422000 0.525000 0.420333 0.521000
0 0.381000 0.262750 0.379000 0.264250 0.378000 0.268000 0.379000 0.272500 0.384000 0.281250 0.388000 0.284250 0.391000 0.285250 0.393667 0.285250 0.396333 0.283500 0.396667 0.277500 0.396000 0.274750 0.389667 0.265500 0.385000 0.263000
0 0.411000 0.327250 0.409000 0.328000 0.406667 0.330500 0.404333 0.337250 0.404333 0.343250 0.407333 0.349750 0.412667 0.351750 0.416667 0.350500 0.419667 0.346750 0.420667 0.342250 0.420667 0.337750 0.419667 0.333000 0.418000 0.329500 0.415000 0.327750
0 0.364000 0.316750 0.361000 0.317750 0.357667 0.321500 0.356333 0.328000 0.356333 0.334000 0.357000 0.337750 0.359000 0.342250 0.361333 0.343750 0.365667 0.344000 0.369667 0.341750 0.371667 0.338750 0.372667 0.333750 0.371667 0.321500 0.370333 0.318750 0.366000 0.316750
0 0.371333 0.353750 0.368667 0.354000 0.364000 0.358500 0.362333 0.362000 0.360667 0.368750 0.360667 0.374500 0.361667 0.377750 0.364333 0.381000 0.367333 0.382000 0.370000 0.381750 0.373667 0.378250 0.377000 0.370000 0.376667 0.361000 0.373000 0.354250
0 0.453667 0.398250 0.450667 0.399000 0.448667 0.400500 0.446667 0.403250 0.445667 0.410500 0.446333 0.415500 0.447667 0.418250 0.451333 0.421250 0.456000 0.422000 0.459667 0.421250 0.461333 0.419250 0.463667 0.413500 0.464000 0.407750 0.463000 0.404250 0.460000 0.399750 0.455667 0.398250
0 0.498667 0.404750 0.497000 0.405000 0.493333 0.407000 0.492333 0.411000 0.492333 0.417000 0.493333 0.419750 0.494333 0.420750 0.497333 0.421750 0.499000 0.421500 0.501333 0.419750 0.504000 0.416750 0.506000 0.412750 0.505667 0.407750 0.502667 0.405750
0 0.500333 0.439000 0.497333 0.439750 0.493000 0.445000 0.492333 0.446500 0.492333 0.452750 0.493667 0.457000 0.495333 0.459250 0.498000 0.461000 0.502000 0.461250 0.505667 0.459750 0.506667 0.458500 0.508000 0.454000 0.508000 0.447750 0.505667 0.442000 0.502667 0.439250
0 0.478000 0.462750 0.474667 0.464750 0.472000 0.468000 0.470667 0.471000 0.470333 0.478000 0.471000 0.482000 0.472667 0.485000 0.474667 0.486500 0.478333 0.486750 0.482000 0.485750 0.485000 0.482250 0.487000 0.475750 0.486667 0.468750 0.483667 0.464000 0.482333 0.463000
0 0.430667 0.445750 0.426667 0.447500 0.424333 0.451000 0.423667 0.454500 0.424000 0.458500 0.425667 0.463000 0.428667 0.466750 0.431667 0.468500 0.436333 0.468750 0.440000 0.467750 0.442667 0.464250 0.442667 0.456000 0.437333 0.447500 0.435667 0.446250
0 0.434667 0.473000 0.431333 0.473750 0.429333 0.476250 0.428000 0.479250 0.427667 0.484500 0.428000 0.486750 0.430333 0.491250 0.431667 0.492000 0.436000 0.492750 0.440000 0.490750 0.442000 0.485500 0.440333 0.476750 0.437000 0.473500
0 0.411667 0.481750 0.408333 0.482000 0.404333 0.486000 0.401333 0.493000 0.401667 0.497750 0.403667 0.503250 0.405333 0.505250 0.407333 0.506750 0.408667 0.507000 0.412000 0.506250 0.415667 0.502750 0.417333 0.496250 0.417000 0.490750 0.415667 0.486500 0.413000 0.482500
0 0.388000 0.456500 0.383667 0.458500 0.382000 0.461250 0.381000 0.464250 0.381000 0.471750 0.384000 0.480500 0.388000 0.483250 0.390667 0.483250 0.395333 0.481500 0.397667 0.479000 0.399333 0.474000 0.399667 0.469250 0.398667 0.463500 0.397000 0.460250 0.393000 0.457250
0 0.403333 0.423250 0.400000 0.422000 0.393000 0.423000 0.384333 0.429500 0.382333 0.432000 0.381333 0.434750 0.381667 0.439750 0.383667 0.441750 0.385333 0.442250 0.390000 0.442000 0.396333 0.440500 0.402667 0.435750 0.404667 0.432500 0.405333 0.428500 0.405000 0.425750
0 0.396667 0.407000 0.392000 0.406500 0.387333 0.407750 0.384667 0.409750 0.382333 0.413250 0.380000 0.415250 0.378000 0.420000 0.377667 0.423750 0.378667 0.426750 0.380667 0.429000 0.391333 0.425250 0.396667 0.422000 0.398333 0.418500 0.399000 0.414000 0.398667 0.410000
0 0.373000 0.429250 0.369333 0.429500 0.367667 0.430250 0.361667 0.435750 0.360333 0.438250 0.359333 0.444750 0.359667 0.451500 0.361667 0.454500 0.364333 0.455750 0.368000 0.455250 0.373000 0.452500 0.377667 0.443000 0.378333 0.440250 0.378000 0.434750 0.376000 0.431000
0 0.431667 0.513250 0.430333 0.514500 0.429667 0.516500 0.430000 0.521250 0.431333 0.526000 0.435667 0.532000 0.440667 0.534250 0.444000 0.534500 0.447667 0.530000 0.447667 0.524750 0.444333 0.517250 0.440333 0.514500 0.436333 0.513000
0 0.436333 0.534500 0.431000 0.536250 0.427667 0.541000 0.428000 0.548750 0.429333 0.552500 0.431667 0.556000 0.435000 0.557500 0.436667 0.557250 0.440333 0.555000 0.443000 0.551000 0.444000 0.548000 0.443333 0.539750 0.441000 0.536750 0.439333 0.535500
0 0.407333 0.546000 0.405000 0.547750 0.405000 0.552500 0.407333 0.561000 0.409000 0.562500 0.415000 0.565750 0.417000 0.566000 0.419333 0.565500 0.420667 0.564250 0.421333 0.561250 0.420333 0.555250 0.416000 0.549250 0.413333 0.547250 0.410333 0.546250
0 0.380333 0.539000 0.378667 0.540750 0.378000 0.545750 0.379333 0.552250 0.382667 0.557750 0.385333 0.560000 0.391333 0.562250 0.396333 0.562000 0.398000 0.559750 0.398000 0.555250 0.395667 0.548250 0.390667 0.540250 0.389000 0.539000 0.385667 0.538250
0 0.374000 0.559250 0.369000 0.560000 0.361667 0.565500 0.360000 0.571250 0.360000 0.576500 0.361333 0.579500 0.364000 0.580750 0.369000 0.580500 0.372667 0.579000 0.374667 0.576750 0.378000 0.568000 0.378000 0.563500 0.376667 0.561000
0 0.327000 0.544250 0.324000 0.544250 0.321333 0.545000 0.315333 0.549000 0.311333 0.556250 0.310667 0.559250 0.311333 0.561500 0.313333 0.563000 0.318000 0.563000 0.322333 0.560750 0.326000 0.558000 0.329667 0.553500 0.331000 0.548250 0.329667 0.546000
0 0.253000 0.567250 0.251333 0.566000 0.248000 0.565000 0.243333 0.565000 0.233333 0.568000 0.226667 0.572250 0.224333 0.576000 0.225000 0.580250 0.227333 0.582000 0.231000 0.583000 0.239667 0.582750 0.246667 0.580500 0.252000 0.576750 0.254333 0.573750 0.255000 0.571750
0 0.330000 0.601250 0.326333 0.601500 0.322333 0.604000 0.320333 0.606750 0.318333 0.611750 0.317000 0.617000 0.317000 0.620250 0.318667 0.623500 0.321667 0.624750 0.325333 0.624750 0.328000 0.623250 0.330667 0.620500 0.333667 0.615250 0.334667 0.611250 0.334667 0.606750 0.333333 0.603000
0 0.295333 0.620000 0.294000 0.622250 0.294333 0.625250 0.299000 0.632000 0.306000 0.636250 0.313667 0.638750 0.318000 0.637750 0.319333 0.636750 0.320333 0.633500 0.319000 0.629250 0.317333 0.627250 0.310333 0.622250 0.303000 0.619500 0.298333 0.619250
0 0.221000 0.611750 0.217333 0.611750 0.213333 0.613750 0.207667 0.618750 0.205000 0.622500 0.204000 0.626250 0.204667 0.630750 0.208000 0.633000 0.213000 0.633000 0.217000 0.631500 0.222667 0.624000 0.224333 0.619000 0.224000 0.615500
0 0.310333 0.641250 0.306000 0.640500 0.300667 0.642000 0.298333 0.644000 0.294333 0.649250 0.292333 0.654000 0.292333 0.658750 0.293333 0.661750 0.294667 0.663000 0.299333 0.663250 0.303000 0.662250 0.310000 0.656250 0.311333 0.654250 0.312667 0.648500 0.312667 0.645000 0.312000 0.643000
0 0.351333 0.472750 0.350333 0.474500 0.351333 0.478000 0.352667 0.479750 0.357667 0.483000 0.362000 0.484500 0.371667 0.485750 0.373667 0.485500 0.375333 0.484000 0.376000 0.481750 0.374333 0.477500 0.373000 0.476250 0.365333 0.472500 0.359333 0.471000 0.354667 0.471000
0 0.325667 0.419750 0.323000 0.420000 0.319667 0.422000 0.317333 0.424250 0.313333 0.430500 0.313000 0.436000 0.313667 0.439250 0.316000 0.442500 0.319333 0.444000 0.323333 0.444000 0.326333 0.443000 0.331333 0.434500 0.331667 0.429750 0.330667 0.424000 0.327000 0.420250
0 0.256667 0.403000 0.252000 0.403750 0.247000 0.407750 0.244333 0.413250 0.244333 0.420250 0.245333 0.423500 0.247333 0.426500 0.250667 0.428000 0.255333 0.427500 0.257333 0.426250 0.260000 0.423000 0.262667 0.416750 0.263333 0.412750 0.263000 0.408250 0.260667 0.404750
0 0.297667 0.482750 0.294333 0.484000 0.292667 0.486000 0.291667 0.489000 0.292000 0.495000 0.293667 0.498750 0.297667 0.503250 0.301667 0.505500 0.306333 0.505750 0.309333 0.504250 0.311000 0.502250 0.311333 0.496750 0.310333 0.491250 0.306333 0.485500 0.301667 0.483000
0 0.325667 0.661250 0.322000 0.661750 0.317333 0.665000 0.314333 0.670000 0.313667 0.673250 0.314333 0.680250 0.315333 0.682250 0.318667 0.684500 0.322667 0.684250 0.326000 0.682250 0.331000 0.673250 0.331000 0.665250 0.329667 0.663500
0 0.280333 0.673750 0.278667 0.674250 0.275333 0.677500 0.274333 0.682000 0.274667 0.686500 0.278667 0.694750 0.282333 0.697750 0.285333 0.698000 0.287000 0.697750 0.291667 0.693250 0.292333 0.690250 0.291667 0.683000 0.291000 0.681000 0.287000 0.675500 0.283667 0.673750
0 0.321667 0.690000 0.318333 0.692750 0.318667 0.698000 0.321667 0.705500 0.327000 0.710500 0.330667 0.711750 0.334667 0.711750 0.338000 0.709500 0.339000 0.706000 0.338667 0.703750 0.335333 0.697000 0.329667 0.691750 0.326000 0.690000
0 0.384333 0.655750 0.382667 0.657500 0.383000 0.663000 0.385000 0.666750 0.389000 0.671750 0.393667 0.675750 0.399333 0.677500 0.402000 0.677250 0.404000 0.676250 0.405000 0.674750 0.405000 0.670000 0.404000 0.666500 0.402333 0.664000 0.396333 0.657750 0.388333 0.655250
0 0.454333 0.589500 0.450333 0.591500 0.446667 0.595750 0.445667 0.603250 0.447000 0.608000 0.449667 0.612000 0.453667 0.615500 0.456000 0.616000 0.459333 0.615250 0.462333 0.612000 0.464667 0.605250 0.464667 0.601000 0.463333 0.595000 0.459667 0.590500 0.457667 0.589750
0 0.428667 0.649500 0.428333 0.651000 0.429333 0.654000 0.431000 0.655500 0.441333 0.658250 0.444333 0.658250 0.445333 0.657500 0.446000 0.654500 0.442333 0.650750 0.434333 0.648000 0.431000 0.648000
