0 0.463500 0.412333 0.458250 0.408667 0.454250 0.408333 0.452000 0.409000 0.446750 0.412333 0.444250 0.415333 0.443750 0.420667 0.444750 0.423667 0.447500 0.427000 0.451250 0.428000 0.454750 0.427333 0.459500 0.424667 0.463500 0.419333 0.464500 0.416667
0 0.484000 0.666333 0.483750 0.670667 0.485000 0.674000 0.487500 0.676333 0.492750 0.678333 0.499500 0.678333 0.503000 0.677000 0.506250 0.675000 0.508000 0.671333 0.508000 0.669333 0.506000 0.665667 0.498000 0.661667 0.489500 0.662333 0.486000 0.664000
0 0.549750 0.688667 0.550250 0.692333 0.551750 0.695000 0.555750 0.698000 0.559000 0.698667 0.564750 0.698333 0.568000 0.696667 0.570500 0.694333 0.573000 0.691000 0.573750 0.689000 0.573250 0.686000 0.569000 0.681667 0.565750 0.680667 0.558750 0.680667 0.554500 0.682000 0.550750 0.685667
0 0.620500 0.684333 0.619500 0.681333 0.615250 0.679333 0.609000 0.679000 0.603750 0.680333 0.598000 0.684667 0.595000 0.688000 0.595000 0.694000 0.599500 0.698333 0.603750 0.698333 0.607750 0.697333 0.616000 0.693333 0.619000 0.689667 0.620500 0.686333
0 0.623750 0.640333 0.621500 0.637667 0.617250 0.637000 0.610750 0.638333 0.605750 0.641000 0.602500 0.645000 0.600500 0.649667 0.601000 0.654000 0.603000 0.656000 0.611500 0.656667 0.616750 0.655000 0.620250 0.652333 0.623250 0.648667 0.624000 0.646667 0.624250 0.643333
0 0.714000 0.462333 0.711750 0.460000 0.706500 0.458333 0.697500 0.459333 0.693000 0.461333 0.689750 0.465000 0.688250 0.469667 0.688750 0.474667 0.690000 0.476333 0.693750 0.478667 0.698000 0.478667 0.705750 0.476667 0.709750 0.474333 0.712750 0.470667 0.714250 0.467000
0 0.648500 0.425000 0.647000 0.422000 0.642500 0.420333 0.634750 0.421000 0.630000 0.423333 0.627250 0.427000 0.627250 0.431667 0.629250 0.434333 0.632500 0.436333 0.639250 0.436667 0.641750 0.436000 0.646500 0.433333 0.647750 0.431667 0.648750 0.427667
0 0.727250 0.659333 0.727750 0.663333 0.733000 0.670000 0.736500 0.672000 0.741750 0.673000 0.748750 0.673000 0.751750 0.671000 0.753750 0.667000 0.753250 0.662333 0.751000 0.659000 0.749500 0.657667 0.741250 0.654667 0.732000 0.655333 0.728000 0.657333
0 0.650750 0.665667 0.648500 0.668667 0.648000 0.671333 0.648250 0.682333 0.649250 0.689333 0.650500 0.692333 0.654500 0.696667 0.658500 0.696667 0.660500 0.694667 0.662750 0.687667 0.662750 0.680333 0.661750 0.675667 0.659250 0.670333 0.655000 0.665333
0 0.688000 0.681000 0.686500 0.679000 0.685000 0.678333 0.680000 0.678000 0.676750 0.678667 0.670500 0.682000 0.668000 0.685667 0.668000 0.689333 0.668750 0.691333 0.671250 0.694000 0.673000 0.694667 0.677750 0.694333 0.685250 0.689667 0.687250 0.685667
0 0.330000 0.713000 0.329250 0.718000 0.330250 0.721333 0.332750 0.725000 0.337250 0.729333 0.341500 0.731333 0.346250 0.731333 0.349750 0.728667 0.350500 0.725667 0.349750 0.720333 0.343250 0.712667 0.338500 0.711000 0.333000 0.711000
0 0.503250 0.625333 0.502500 0.622667 0.498750 0.619333 0.494000 0.618000 0.488750 0.618333 0.485250 0.619667 0.478250 0.625667 0.477500 0.627333 0.477750 0.631333 0.483500 0.636667 0.490750 0.638333 0.498500 0.635333 0.502250 0.630333 0.503250 0.627667
0 0.594500 0.579000 0.595000 0.582000 0.598000 0.586000 0.602500 0.588000 0.606500 0.588667 0.615250 0.587000 0.618500 0.584667 0.621250 0.580000 0.620750 0.575667 0.618500 0.571667 0.614500 0.570000 0.609000 0.569333 0.603750 0.569667 0.598750 0.571667 0.595250 0.575333
0 0.625500 0.573000 0.625500 0.577000 0.626000 0.578333 0.628750 0.581333 0.634000 0.585000 0.638500 0.586333 0.643750 0.586667 0.646750 0.586000 0.649000 0.583667 0.649250 0.579667 0.646000 0.574667 0.642750 0.571667 0.638250 0.570333 0.630250 0.570000 0.626750 0.571000
0 0.604500 0.595333 0.604500 0.600333 0.605500 0.603333 0.607750 0.605667 0.612500 0.607667 0.620250 0.607000 0.623500 0.605000 0.626000 0.600000 0.625500 0.595000 0.623000 0.592000 0.619500 0.590000 0.614500 0.589667 0.610500 0.590667 0.605750 0.593333
0 0.601250 0.595000 0.599500 0.592667 0.595500 0.591667 0.592000 0.591667 0.587250 0.593333 0.583500 0.595667 0.579500 0.600000 0.577750 0.604000 0.577750 0.608000 0.579250 0.610333 0.582250 0.611333 0.584500 0.611333 0.594000 0.608000 0.598000 0.604333 0.600000 0.601000 0.601000 0.598000
0 0.566250 0.617667 0.565750 0.620000 0.566750 0.623667 0.569000 0.627000 0.572750 0.630667 0.578250 0.632667 0.581750 0.632667 0.584000 0.631667 0.584250 0.627000 0.576500 0.618667 0.569750 0.616333 0.567500 0.616333
0 0.602250 0.639000 0.600250 0.637000 0.595500 0.636667 0.588500 0.640000 0.586500 0.642333 0.583250 0.649667 0.584000 0.654000 0.589250 0.655000 0.593000 0.654333 0.596750 0.652333 0.598250 0.651000 0.602250 0.644000 0.602750 0.642333
0 0.575250 0.512000 0.575500 0.517333 0.576250 0.518667 0.581000 0.521333 0.589500 0.522000 0.592250 0.521000 0.597250 0.514333 0.597500 0.510000 0.595750 0.507667 0.591500 0.504667 0.583500 0.504333 0.579000 0.506000 0.575750 0.509333
0 0.559500 0.490333 0.560250 0.495000 0.563000 0.498667 0.568750 0.500667 0.577000 0.500667 0.580750 0.499000 0.583750 0.494667 0.583500 0.490667 0.581750 0.486667 0.580250 0.485333 0.575250 0.483667 0.567000 0.483667 0.563750 0.484333 0.560750 0.487000
0 0.562000 0.505000 0.561250 0.502333 0.559750 0.500667 0.556250 0.499333 0.550000 0.499667 0.545250 0.501333 0.542000 0.504333 0.541000 0.506000 0.540750 0.509667 0.544500 0.514667 0.548250 0.516000 0.553250 0.516000 0.557500 0.514333 0.561000 0.511333 0.561750 0.509333
0 0.422750 0.529333 0.420500 0.526667 0.417500 0.525667 0.414250 0.525667 0.408500 0.527667 0.400500 0.534000 0.399750 0.536000 0.400250 0.540667 0.401500 0.542333 0.404500 0.544333 0.410250 0.544667 0.412750 0.544000 0.419750 0.539333 0.421250 0.537667 0.422500 0.533333
0 0.284750 0.463667 0.284000 0.467333 0.285250 0.471333 0.290250 0.479333 0.293500 0.482000 0.298000 0.484000 0.304500 0.484333 0.307750 0.483000 0.309750 0.478333 0.309500 0.473333 0.307750 0.469667 0.296750 0.462333 0.293500 0.461333 0.287000 0.461667
0 0.448000 0.530333 0.447000 0.529667 0.443250 0.530000 0.439500 0.532333 0.433250 0.544333 0.433000 0.545667 0.433750 0.548333 0.435750 0.550000 0.440250 0.550000 0.443500 0.548333 0.445250 0.545667 0.447000 0.540000 0.448500 0.537333 0.449250 0.533333
0 0.431000 0.557000 0.431000 0.560667 0.435000 0.565333 0.439250 0.567667 0.447750 0.568000 0.451000 0.566667 0.452250 0.564667 0.452000 0.559667 0.450750 0.557667 0.447750 0.555667 0.443000 0.554667 0.437250 0.554667 0.432250 0.555667
0 0.539000 0.571667 0.537750 0.569000 0.533750 0.566667 0.525000 0.566667 0.521000 0.568000 0.516000 0.571333 0.514000 0.574333 0.513500 0.577000 0.514000 0.579667 0.518000 0.584333 0.524000 0.585667 0.528000 0.585333 0.532000 0.583333 0.537750 0.578667 0.539000 0.575333
0 0.578000 0.555667 0.577000 0.552333 0.575500 0.550667 0.569000 0.548667 0.563250 0.549000 0.556250 0.552667 0.553500 0.556333 0.553000 0.560333 0.554750 0.563333 0.558250 0.566000 0.563000 0.567667 0.567500 0.567667 0.572500 0.566000 0.575750 0.563667 0.577500 0.560667
0 0.543500 0.577667 0.543500 0.581000 0.544250 0.583000 0.545750 0.584667 0.550250 0.586000 0.558000 0.586000 0.562750 0.584000 0.565250 0.580333 0.565750 0.576000 0.564000 0.574000 0.559750 0.571667 0.552250 0.570667 0.547750 0.571667 0.545500 0.573000
0 0.589750 0.572333 0.587750 0.570667 0.584750 0.569667 0.580500 0.569667 0.574500 0.571667 0.572000 0.573333 0.570500 0.575333 0.569000 0.579667 0.569000 0.584000 0.571500 0.588333 0.574750 0.589667 0.578750 0.589667 0.583500 0.588000 0.588250 0.583667 0.590000 0.580667 0.591000 0.576000
0 0.620500 0.533333 0.621000 0.536667 0.626250 0.541667 0.629750 0.543000 0.633750 0.543000 0.639000 0.541333 0.642750 0.538667 0.645000 0.534333 0.645000 0.532000 0.643000 0.528000 0.638500 0.526333 0.632000 0.526000 0.626500 0.527667
