0 0.547750 0.376667 0.547750 0.381333 0.550750 0.388000 0.556000 0.393667 0.562500 0.397333 0.567500 0.397333 0.569750 0.396000 0.572000 0.392333 0.572500 0.387667 0.571750 0.384000 0.567750 0.378000 0.565250 0.376000 0.560000 0.373000 0.554250 0.372667 0.550500 0.374000
0 0.397500 0.470667 0.398250 0.475000 0.400250 0.477667 0.403750 0.480000 0.406250 0.480667 0.412250 0.480667 0.416750 0.479000 0.420750 0.475333 0.421250 0.471667 0.421000 0.469667 0.419500 0.467000 0.417250 0.465667 0.412750 0.464667 0.403500 0.465333 0.400000 0.467000
0 0.396500 0.470667 0.395250 0.468333 0.393250 0.467000 0.390250 0.466333 0.385000 0.466667 0.377250 0.469333 0.376250 0.475000 0.378000 0.478333 0.380500 0.480333 0.386000 0.481000 0.389250 0.480000 0.394500 0.476667 0.396250 0.474333
0 0.384750 0.433333 0.381750 0.434000 0.379750 0.435333 0.377250 0.438667 0.375750 0.445333 0.375500 0.457000 0.376000 0.462667 0.376750 0.465000 0.380250 0.468333 0.382000 0.468000 0.387000 0.463667 0.388750 0.456667 0.388750 0.440000 0.387000 0.435000
0 0.603750 0.419333 0.604750 0.423000 0.606500 0.425667 0.610250 0.428333 0.614750 0.429667 0.621750 0.429667 0.624500 0.429000 0.627500 0.427000 0.629250 0.424333 0.629750 0.422000 0.629250 0.416333 0.628000 0.414667 0.623000 0.411667 0.619000 0.411000 0.614250 0.411333 0.607500 0.414000 0.604750 0.416667
0 0.476250 0.607333 0.476000 0.612000 0.477000 0.614667 0.478500 0.616333 0.483250 0.618000 0.490000 0.618333 0.493750 0.617000 0.496000 0.615000 0.497250 0.612000 0.496750 0.608000 0.495000 0.605333 0.490250 0.603000 0.481500 0.603000 0.478000 0.604667
0 0.517250 0.557000 0.517250 0.560667 0.519000 0.563333 0.520750 0.565000 0.525250 0.566667 0.530000 0.566667 0.533750 0.565333 0.535500 0.564000 0.537500 0.561000 0.536500 0.557000 0.533750 0.555000 0.530000 0.553667 0.521250 0.554000 0.518250 0.555333
0 0.507000 0.517000 0.507250 0.522000 0.509000 0.524667 0.513250 0.527000 0.516250 0.527667 0.522500 0.527667 0.528500 0.525667 0.531000 0.522667 0.531750 0.518667 0.531000 0.513667 0.529250 0.511000 0.524500 0.509333 0.513500 0.510000 0.509250 0.512667
0 0.480750 0.517000 0.481750 0.521333 0.483000 0.522667 0.489250 0.525000 0.494500 0.525000 0.498000 0.524000 0.500750 0.522000 0.502500 0.518333 0.502500 0.515333 0.502000 0.513333 0.498250 0.509667 0.495750 0.509000 0.489000 0.509000 0.485500 0.510000 0.482500 0.512000 0.481250 0.514333
0 0.523750 0.380333 0.523250 0.385000 0.524750 0.390000 0.528000 0.393667 0.532500 0.396333 0.539750 0.397667 0.545000 0.396333 0.547750 0.393333 0.549000 0.389667 0.548750 0.385667 0.547000 0.381000 0.545750 0.379333 0.542000 0.377000 0.536500 0.376000 0.529250 0.376000 0.525500 0.377667
0 0.538500 0.400333 0.536750 0.398667 0.530000 0.396667 0.525000 0.397000 0.519000 0.399667 0.517250 0.401000 0.515250 0.404667 0.514500 0.407667 0.514750 0.412667 0.517750 0.416000 0.521500 0.417000 0.525500 0.416667 0.530500 0.415000 0.533750 0.413000 0.537750 0.408333 0.539000 0.404000
0 0.482000 0.396000 0.481000 0.398667 0.481500 0.403000 0.485750 0.410667 0.490250 0.415000 0.494750 0.415000 0.496000 0.412333 0.495750 0.409333 0.490250 0.399667 0.486000 0.397000
0 0.479000 0.442333 0.477500 0.439667 0.475250 0.438667 0.469250 0.438667 0.465500 0.439667 0.461750 0.441667 0.457500 0.445667 0.456500 0.447333 0.456250 0.451000 0.458750 0.454667 0.467000 0.456000 0.475750 0.451000 0.478250 0.447333 0.479250 0.444000
0 0.462250 0.466000 0.458500 0.465667 0.456000 0.467667 0.454000 0.471333 0.452250 0.479000 0.452000 0.487333 0.453500 0.494333 0.455250 0.496333 0.458000 0.496000 0.459500 0.495000 0.460500 0.492333 0.464000 0.487000 0.465000 0.483667 0.466000 0.475333 0.465750 0.471000 0.464750 0.468333
0 0.383000 0.561000 0.382750 0.564667 0.384000 0.567667 0.385250 0.569000 0.389500 0.570667 0.395000 0.570667 0.399750 0.569000 0.401000 0.568000 0.402500 0.564667 0.402250 0.561000 0.401000 0.558000 0.399250 0.556333 0.396000 0.555333 0.388500 0.556000 0.384750 0.558000
0 0.365750 0.555000 0.361250 0.552667 0.357500 0.552667 0.352750 0.554000 0.348750 0.556333 0.346000 0.560000 0.345500 0.562667 0.345750 0.565667 0.347500 0.568333 0.349000 0.569333 0.354500 0.569667 0.357750 0.568667 0.362500 0.564667 0.365500 0.561000 0.366250 0.557667
0 0.355750 0.489667 0.356000 0.494000 0.358000 0.497667 0.360500 0.500000 0.368250 0.504667 0.373750 0.505000 0.378000 0.502667 0.379250 0.498333 0.377750 0.493333 0.370500 0.486667 0.367500 0.485667 0.360750 0.485333 0.357750 0.486333
0 0.280000 0.517000 0.278750 0.514000 0.276750 0.513000 0.271000 0.513333 0.267750 0.514333 0.265000 0.516667 0.264000 0.518333 0.263500 0.521333 0.264250 0.522667 0.266000 0.523667 0.272250 0.524333 0.278000 0.522000 0.279000 0.520667
0 0.270250 0.559667 0.270250 0.561333 0.271750 0.564000 0.273750 0.565333 0.275750 0.568000 0.280750 0.569000 0.286750 0.568667 0.291750 0.566333 0.294500 0.563667 0.295250 0.561333 0.295250 0.558333 0.294500 0.556000 0.291500 0.554333 0.287250 0.553667 0.283500 0.552000 0.279000 0.552000 0.271250 0.557000
0 0.284500 0.490667 0.284250 0.495000 0.285250 0.497667 0.287500 0.500333 0.291250 0.502667 0.294250 0.503333 0.302500 0.502667 0.306750 0.500333 0.308500 0.497667 0.308750 0.493667 0.307750 0.490333 0.306500 0.488333 0.302750 0.485667 0.296250 0.484667 0.290500 0.485000 0.287000 0.486667
0 0.283250 0.443000 0.283250 0.447667 0.284750 0.451000 0.287000 0.453667 0.293250 0.457667 0.298000 0.459333 0.301500 0.459000 0.306500 0.456333 0.307750 0.454333 0.308000 0.450000 0.307250 0.447000 0.303250 0.442333 0.299750 0.440000 0.295250 0.438667 0.289000 0.438667 0.285750 0.439667
0 0.405408 0.409890 0.406705 0.408163 0.407460 0.406147 0.408865 0.404560 0.410485 0.403840 0.411890 0.402687 0.413618 0.401823 0.415133 0.400960 0.416645 0.399663 0.418048 0.398367 0.419560 0.397360 0.421183 0.397213 0.423125 0.397213 0.424315 0.395630 0.425827 0.396637 0.427233 0.398080 0.427123 0.400240 0.426692 0.402400 0.425720 0.404273 0.424748 0.406147 0.424098 0.408163 0.423017 0.409890 0.423342 0.412050 0.422262 0.414067 0.420640 0.415077 0.419237 0.416373 0.417832 0.417957 0.416320 0.418823 0.414807 0.419973 0.413077 0.420693 0.411565 0.421847 0.409837 0.422280 0.408217 0.421560 0.406488 0.421990 0.405085 0.420693 0.404220 0.418823 0.403680 0.416660 0.403573 0.414357 0.404543 0.412483 0.404435 0.410323
0 0.558495 0.291487 0.559872 0.289153 0.561247 0.287320 0.562622 0.285320 0.562747 0.282653 0.563122 0.280153 0.563622 0.277653 0.564372 0.275153 0.565873 0.273320 0.567872 0.273487 0.569622 0.274987 0.570997 0.276820 0.571997 0.278987 0.572497 0.281487 0.572247 0.284153 0.571497 0.286487 0.571122 0.289153 0.570747 0.291653 0.570122 0.294153 0.569747 0.296653 0.568997 0.299153 0.568247 0.301487 0.567747 0.303987 0.566122 0.305653 0.564247 0.306653 0.562497 0.307820 0.560872 0.306153 0.558997 0.305320 0.559122 0.301820 0.559122 0.299153 0.557997 0.296987 0.558122 0.294487
0 0.454025 0.295227 0.453485 0.293067 0.454240 0.291050 0.454673 0.288890 0.455753 0.286873 0.457265 0.285577 0.458670 0.284280 0.460290 0.283413 0.461803 0.284423 0.463100 0.286153 0.464288 0.287737 0.465585 0.289320 0.466880 0.291193 0.467745 0.293210 0.467637 0.295370 0.467423 0.297533 0.467097 0.299693 0.467313 0.301853 0.467423 0.304013 0.467637 0.306320 0.467530 0.308480 0.466665 0.310353 0.466340 0.312657 0.465367 0.314817 0.464938 0.317267 0.464397 0.319570 0.463207 0.321157 0.461587 0.321877 0.459967 0.322597 0.458238 0.321877 0.457050 0.320147 0.455753 0.318277 0.454565 0.316690 0.453485 0.314963 0.452295 0.313090 0.451865 0.310930 0.451755 0.308767 0.451865 0.306607 0.451865 0.304303 0.452512 0.302140 0.452728 0.299980 0.452620 0.297820
0 0.351250 0.339993 0.352295 0.339437 0.353342 0.338787 0.354387 0.337950 0.355505 0.337203 0.356550 0.336927 0.357598 0.336367 0.358573 0.335810 0.359550 0.335250 0.360665 0.334787 0.361783 0.334507 0.362827 0.334320 0.363945 0.334230 0.364990 0.334320 0.366175 0.334600 0.367293 0.334507 0.368408 0.334787 0.369385 0.335623 0.370360 0.336460 0.371337 0.337020 0.372383 0.337390 0.373290 0.338133 0.374267 0.338880 0.374267 0.340367 0.373360 0.341483 0.372803 0.342690 0.372245 0.343993 0.371965 0.345387 0.371337 0.346783 0.370430 0.347713 0.369525 0.348643 0.368478 0.349480 0.367363 0.350037 0.366385 0.350597 0.365340 0.350967 0.364363 0.351527 0.363315 0.352083 0.362340 0.352643 0.361225 0.353200 0.360108 0.353667 0.358992 0.353757 0.357737 0.353387 0.356690 0.353107 0.355575 0.353107 0.354527 0.352827 0.353483 0.352363 0.352435 0.351433 0.351460 0.350690 0.350830 0.349480 0.350133 0.348363 0.349575 0.347157 0.349228 0.345760 0.349367 0.344367 0.349785 0.342970 0.350202 0.341670 0.350762 0.340460
0 0.317770 0.395310 0.317072 0.393823 0.316375 0.392613 0.315817 0.391310 0.315748 0.389917 0.315538 0.388520 0.314700 0.387407 0.313935 0.386290 0.313238 0.385173 0.313238 0.383687 0.313375 0.382290 0.314003 0.381080 0.314700 0.379873 0.314910 0.378477 0.315958 0.378107 0.317072 0.378383 0.318188 0.378290 0.319095 0.377360 0.320072 0.378013 0.320908 0.379037 0.321955 0.379313 0.322793 0.380430 0.323560 0.381453 0.324327 0.382477 0.325092 0.383687 0.325790 0.384987 0.326558 0.386197 0.327535 0.387127 0.328512 0.387870 0.329278 0.388987 0.329837 0.390197 0.330605 0.391403 0.331302 0.392520 0.331790 0.393823 0.332137 0.395217 0.332277 0.396707 0.332348 0.398100 0.332207 0.399497 0.331440 0.400610 0.330325 0.400517 0.330465 0.402007 0.329348 0.402470 0.328373 0.401913 0.327535 0.400890 0.326558 0.400053 0.325373 0.400147 0.324465 0.400983 0.323350 0.400983 0.322373 0.400333 0.321467 0.399497 0.320560 0.398750 0.319652 0.397820 0.318748 0.397077
0 0.282268 0.394490 0.281223 0.393933 0.280315 0.392910 0.279268 0.392447 0.278363 0.391703 0.277665 0.390587 0.276687 0.390027 0.275712 0.389470 0.274875 0.388447 0.274317 0.387237 0.274385 0.385843 0.275015 0.384633 0.273967 0.384263 0.274665 0.382960 0.275572 0.382123 0.276548 0.381563 0.277525 0.381007 0.278640 0.380543 0.279618 0.379983 0.280803 0.379613 0.281850 0.379427 0.283035 0.378960 0.284080 0.378773 0.285127 0.378590 0.286172 0.378310 0.287220 0.378123 0.288335 0.378030 0.289382 0.378683 0.290637 0.378590 0.291822 0.378403 0.293010 0.378403 0.294195 0.378497 0.295240 0.378867 0.296357 0.379333 0.297402 0.379703 0.298240 0.380820 0.299217 0.381843 0.299915 0.383053 0.300543 0.384263 0.301100 0.385563 0.301170 0.386960 0.300960 0.388353 0.300402 0.389750 0.299915 0.391050 0.299217 0.392167 0.298520 0.393377 0.297402 0.393747 0.296288 0.394213 0.295173 0.394307 0.294055 0.394400 0.293010 0.394583 0.291892 0.394493 0.290777 0.394957 0.289592 0.395330 0.288545 0.395513 0.287500 0.395237 0.286452 0.394493 0.285337 0.394583 0.283942 0.394770
0 0.257380 0.415460 0.255833 0.412103 0.253507 0.408747 0.250990 0.405650 0.249830 0.402037 0.248280 0.398680 0.247700 0.394550 0.248860 0.390933 0.251765 0.389643 0.254670 0.389387 0.257575 0.391450 0.260092 0.393773 0.261640 0.397387 0.263190 0.401003 0.264545 0.404617 0.264545 0.408747 0.265707 0.412360 0.265320 0.416493 0.262415 0.417267 0.259510 0.417523
0 0.598000 0.512000 0.596750 0.509000 0.592000 0.506667 0.585000 0.507000 0.580000 0.508333 0.575500 0.510667 0.573750 0.514000 0.573000 0.517000 0.573000 0.520667 0.575750 0.525000 0.579000 0.526667 0.585500 0.527000 0.590750 0.525667 0.593250 0.524000 0.596750 0.518667 0.598000 0.515000
0 0.538500 0.512000 0.538500 0.514667 0.540500 0.518667 0.549000 0.521667 0.553750 0.521667 0.558500 0.519667 0.561000 0.517333 0.561750 0.514333 0.561000 0.511333 0.560000 0.510000 0.552250 0.506333 0.547250 0.506333 0.541250 0.508000 0.539000 0.510000
0 0.409750 0.574333 0.408250 0.575000 0.406750 0.579667 0.406750 0.591000 0.408500 0.600333 0.411500 0.603000 0.412750 0.603000 0.417250 0.600333 0.418250 0.595333 0.417500 0.592333 0.417250 0.587000 0.414750 0.579667 0.412500 0.575000 0.411750 0.574333
0 0.495250 0.623333 0.496750 0.627667 0.501250 0.629333 0.506500 0.629333 0.510500 0.628333 0.513250 0.626667 0.514000 0.623667 0.513250 0.620333 0.512000 0.618667 0.507000 0.616667 0.504250 0.616667 0.500750 0.618000
