0 0.539667 0.641750 0.536333 0.643000 0.533667 0.646250 0.532667 0.649000 0.532333 0.654000 0.533667 0.663000 0.536667 0.666750 0.541333 0.667500 0.544667 0.666000 0.546667 0.663000 0.548667 0.657500 0.549333 0.653250 0.548667 0.649000 0.546333 0.644750 0.543333 0.642250
0 0.539667 0.616750 0.536667 0.617500 0.534667 0.619750 0.533333 0.623000 0.533667 0.627250 0.535667 0.632000 0.538000 0.635250 0.540333 0.637000 0.542667 0.637000 0.545333 0.635750 0.547000 0.630250 0.547333 0.622750 0.545333 0.618000 0.542000 0.616750
0 0.539333 0.585000 0.536000 0.585750 0.532333 0.588500 0.531000 0.592250 0.531333 0.600500 0.532667 0.605000 0.534667 0.607500 0.538000 0.609500 0.543333 0.609500 0.546000 0.608750 0.547667 0.607250 0.549667 0.602000 0.550333 0.596000 0.549000 0.591500 0.546333 0.587250 0.541667 0.585000
0 0.555667 0.604500 0.553667 0.606750 0.553333 0.609000 0.554667 0.615500 0.557333 0.619500 0.561000 0.623000 0.565333 0.625750 0.569333 0.626750 0.573000 0.626750 0.575333 0.626000 0.577333 0.623500 0.577000 0.618750 0.572333 0.610000 0.567333 0.608500 0.559333 0.604500
0 0.556000 0.591000 0.555000 0.596750 0.555667 0.601000 0.557000 0.603500 0.561333 0.605750 0.564000 0.608000 0.569667 0.609750 0.573000 0.609500 0.574333 0.607500 0.574667 0.603500 0.569667 0.595000 0.565000 0.592000 0.561667 0.590750 0.557333 0.590500
0 0.422667 0.610500 0.421667 0.611500 0.421333 0.614750 0.423000 0.617750 0.426667 0.620500 0.431333 0.622250 0.436333 0.622500 0.439000 0.619750 0.439000 0.618250 0.437667 0.615000 0.436000 0.613000 0.431333 0.610750 0.428667 0.610250
0 0.516667 0.690500 0.513333 0.691500 0.509333 0.695750 0.508333 0.705000 0.509000 0.709250 0.511667 0.714000 0.515333 0.717000 0.519000 0.717500 0.521333 0.717000 0.524667 0.713500 0.526667 0.708750 0.527000 0.704000 0.525667 0.697500 0.523000 0.693250 0.521000 0.691500 0.518333 0.690500
0 0.458667 0.755000 0.455000 0.755250 0.450333 0.759250 0.446667 0.764750 0.446667 0.772000 0.451000 0.775750 0.455000 0.775500 0.459667 0.772500 0.462333 0.767500 0.463667 0.760000 0.462000 0.757250
0 0.436000 0.725750 0.432000 0.726250 0.428000 0.728500 0.425333 0.732250 0.424333 0.735250 0.425000 0.740500 0.428333 0.747500 0.430667 0.749000 0.434667 0.749000 0.436667 0.748250 0.439333 0.744750 0.441333 0.740500 0.442000 0.735500 0.440000 0.728000
0 0.403667 0.733000 0.401000 0.736000 0.401000 0.739000 0.403333 0.744500 0.406333 0.748750 0.415667 0.757000 0.419333 0.757750 0.424333 0.757000 0.425667 0.755250 0.427000 0.747250 0.426000 0.743750 0.423000 0.739000 0.416667 0.734500 0.411667 0.732750 0.405000 0.732500
0 0.470667 0.717250 0.467333 0.721250 0.465667 0.728250 0.469667 0.737250 0.472000 0.738000 0.474667 0.738000 0.476667 0.737250 0.480000 0.734000 0.481333 0.730000 0.481000 0.724750 0.478667 0.720000 0.474333 0.717250
0 0.451333 0.698500 0.448667 0.701000 0.448000 0.704500 0.450000 0.714000 0.452000 0.717750 0.455000 0.721250 0.458333 0.722500 0.460000 0.722500 0.464000 0.720250 0.465667 0.717750 0.465667 0.712750 0.464000 0.707000 0.462333 0.704000 0.458333 0.699750 0.455333 0.698750
0 0.422333 0.634250 0.419333 0.635500 0.417667 0.638500 0.417667 0.644750 0.418667 0.648500 0.422333 0.654000 0.428000 0.658000 0.432667 0.658750 0.436000 0.657250 0.437333 0.654250 0.437333 0.649500 0.436000 0.643500 0.432333 0.638000 0.428333 0.634750 0.426667 0.634250
0 0.462667 0.659000 0.459000 0.659250 0.454667 0.662750 0.452667 0.666000 0.450333 0.673000 0.450333 0.679000 0.451333 0.682000 0.453667 0.686000 0.457333 0.687500 0.459667 0.687500 0.463667 0.685250 0.466667 0.681750 0.468333 0.677500 0.468333 0.664500 0.467000 0.661250
0 0.322000 0.708250 0.317000 0.712250 0.316000 0.718750 0.317333 0.723250 0.322000 0.729250 0.324667 0.729250 0.326333 0.728750 0.331667 0.725000 0.332667 0.719750 0.331667 0.713000 0.330667 0.711500 0.326667 0.708500
0 0.356667 0.685750 0.354667 0.685000 0.351667 0.685000 0.347000 0.686000 0.340667 0.688500 0.337333 0.690500 0.332333 0.697000 0.332333 0.701500 0.334333 0.704000 0.340667 0.704000 0.346000 0.702500 0.348667 0.701250 0.357000 0.694250 0.358000 0.691500 0.358000 0.688000
0 0.251667 0.718250 0.250333 0.720000 0.250667 0.725000 0.254667 0.732250 0.259333 0.735250 0.263000 0.736250 0.264667 0.736000 0.267333 0.733500 0.267667 0.730250 0.267333 0.728000 0.264000 0.721000 0.260333 0.718750 0.256667 0.717500 0.254000 0.717500
0 0.259667 0.670250 0.259333 0.674000 0.263000 0.677500 0.266000 0.678750 0.273000 0.680000 0.280333 0.680000 0.283333 0.679500 0.285333 0.678500 0.285333 0.673500 0.278667 0.670000 0.271333 0.668250 0.263000 0.668250
0 0.324000 0.649750 0.321667 0.649750 0.318333 0.651250 0.315000 0.654500 0.313333 0.658000 0.312667 0.663750 0.313000 0.670250 0.315000 0.674250 0.318333 0.676250 0.322333 0.676000 0.326000 0.674000 0.329333 0.669500 0.330667 0.666000 0.330667 0.656750 0.327000 0.650750
0 0.407333 0.594750 0.403667 0.596250 0.400667 0.600000 0.400000 0.607250 0.401333 0.612250 0.403333 0.616250 0.407667 0.619750 0.410000 0.619750 0.412667 0.619000 0.416667 0.614750 0.418000 0.611250 0.418333 0.604250 0.416667 0.599500 0.414333 0.596500 0.411667 0.595000
0 0.303333 0.588000 0.299667 0.588500 0.297333 0.590000 0.293667 0.595000 0.292667 0.598250 0.292333 0.604750 0.293000 0.607750 0.295000 0.611250 0.298333 0.613250 0.302333 0.612500 0.304333 0.611250 0.307333 0.608250 0.309000 0.604250 0.309000 0.592000 0.307000 0.589250
0 0.370667 0.548750 0.369000 0.547750 0.360667 0.547500 0.357000 0.548250 0.353667 0.549750 0.344667 0.556000 0.342667 0.559750 0.342667 0.562000 0.344333 0.565750 0.347000 0.566750 0.354000 0.566500 0.357667 0.565250 0.364000 0.561500 0.371000 0.554250 0.371333 0.550750
0 0.407667 0.548000 0.404667 0.549750 0.403000 0.552000 0.401333 0.557000 0.401333 0.561000 0.402667 0.565500 0.405000 0.569000 0.407367 0.572175 0.413233 0.572450 0.414667 0.569000 0.416667 0.565000 0.417000 0.555500 0.415667 0.552000 0.413333 0.549000 0.410667 0.548000
0 0.435333 0.530750 0.431000 0.530750 0.427000 0.532000 0.425000 0.533750 0.422000 0.540500 0.422000 0.549000 0.423333 0.552000 0.427000 0.553750 0.429333 0.553500 0.432667 0.551750 0.435333 0.549000 0.437333 0.544250 0.438333 0.536000 0.437667 0.533000
0 0.507667 0.521750 0.505333 0.524250 0.505333 0.526750 0.509000 0.534250 0.516000 0.539250 0.518333 0.540000 0.522000 0.540000 0.523667 0.538000 0.524000 0.535500 0.523333 0.531500 0.521000 0.527500 0.513333 0.521750 0.510333 0.521000
0 0.650667 0.507500 0.645667 0.507500 0.642333 0.508750 0.640667 0.510500 0.639667 0.513250 0.639000 0.521000 0.640000 0.526250 0.641667 0.529250 0.643000 0.530250 0.646000 0.531000 0.650333 0.530250 0.652667 0.528750 0.655000 0.525750 0.656333 0.521500 0.656333 0.516000 0.655333 0.511500 0.654000 0.509250
0 0.518000 0.500000 0.514000 0.501250 0.512667 0.502750 0.511000 0.509000 0.511333 0.514500 0.513667 0.520000 0.517000 0.522250 0.521000 0.522500 0.523667 0.520500 0.526000 0.516500 0.526667 0.508500 0.526000 0.505750 0.523667 0.501750 0.521667 0.500500
0 0.427333 0.484750 0.424000 0.485750 0.422333 0.488000 0.420333 0.493500 0.420000 0.499000 0.422667 0.506500 0.426000 0.508250 0.429667 0.508500 0.433667 0.507250 0.435667 0.505000 0.437333 0.498000 0.436333 0.490250 0.434333 0.487000 0.431667 0.485250
0 0.455000 0.483250 0.450667 0.484000 0.447667 0.485250 0.444667 0.491250 0.443667 0.494500 0.443667 0.499500 0.444667 0.502500 0.446333 0.505000 0.448000 0.506000 0.452000 0.506250 0.455333 0.504750 0.458667 0.502500 0.460000 0.499500 0.461000 0.493750 0.460333 0.487000 0.458667 0.484250
0 0.471000 0.465250 0.469333 0.466500 0.467000 0.471000 0.466667 0.478250 0.468000 0.483250 0.470000 0.486750 0.471333 0.487250 0.475000 0.487250 0.479000 0.482000 0.479667 0.479750 0.479667 0.473750 0.478667 0.470500 0.475667 0.466250 0.474333 0.465250
0 0.450667 0.458500 0.446667 0.461000 0.445667 0.462500 0.444333 0.466750 0.444000 0.471500 0.444667 0.475000 0.446333 0.478250 0.448333 0.479500 0.451667 0.480000 0.456667 0.475500 0.458000 0.471500 0.458000 0.465750 0.457333 0.463000 0.455667 0.460500 0.453333 0.459000
0 0.405000 0.455500 0.400667 0.456250 0.394000 0.462000 0.392333 0.466250 0.393000 0.474500 0.396667 0.478000 0.399667 0.479250 0.403333 0.478750 0.405000 0.477750 0.408333 0.473250 0.410333 0.468250 0.410333 0.462750 0.409000 0.458750 0.408000 0.457250
0 0.339333 0.442500 0.335667 0.443250 0.331000 0.446250 0.329000 0.450750 0.329000 0.458750 0.330333 0.462750 0.333333 0.465750 0.336667 0.466750 0.340667 0.466250 0.342667 0.465000 0.345667 0.460000 0.347000 0.455500 0.346000 0.447250 0.342333 0.443250
0 0.419333 0.428500 0.415667 0.430750 0.414000 0.434500 0.414000 0.446500 0.416333 0.451500 0.420000 0.453500 0.423333 0.453500 0.427333 0.452250 0.428667 0.450750 0.430000 0.447000 0.430667 0.439250 0.429667 0.434750 0.427667 0.430750 0.423667 0.428750
0 0.514000 0.429500 0.510000 0.431750 0.508333 0.434750 0.507667 0.438250 0.508000 0.446750 0.510333 0.451750 0.513667 0.454250 0.518333 0.455000 0.522000 0.453500 0.523667 0.451500 0.525000 0.447750 0.525333 0.440250 0.524000 0.435000 0.522000 0.431250 0.517667 0.429500
0 0.447000 0.410000 0.444333 0.411500 0.442000 0.415500 0.442667 0.424000 0.445667 0.429250 0.448667 0.432250 0.451667 0.434250 0.455667 0.434750 0.458333 0.433750 0.460333 0.431500 0.460667 0.425250 0.459667 0.420500 0.456333 0.414750 0.453333 0.411500 0.451000 0.410000
0 0.431667 0.388750 0.428000 0.389000 0.423333 0.391750 0.420000 0.399500 0.419000 0.403500 0.419000 0.408250 0.420333 0.411500 0.423000 0.413250 0.425667 0.413250 0.428333 0.412500 0.433000 0.408750 0.435667 0.404500 0.436333 0.400250 0.436000 0.392250 0.435333 0.391000
0 0.569333 0.698000 0.567333 0.696500 0.561000 0.695250 0.556667 0.695000 0.547667 0.696000 0.544667 0.697250 0.540667 0.700000 0.539667 0.701500 0.539667 0.705000 0.541333 0.707000 0.545000 0.708500 0.548333 0.709000 0.552667 0.709000 0.560333 0.708000 0.565333 0.706500 0.568667 0.704500 0.570000 0.701000
