0 0.463333 0.515250 0.458667 0.514750 0.455333 0.515750 0.453333 0.517250 0.447333 0.524750 0.446333 0.527750 0.446333 0.534000 0.447667 0.535500 0.451333 0.536000 0.455333 0.534500 0.461000 0.530000 0.465333 0.522500 0.465333 0.517750
0 0.274667 0.329250 0.271333 0.330000 0.268667 0.333250 0.267333 0.336750 0.267667 0.342000 0.269000 0.345750 0.273000 0.351000 0.276000 0.352750 0.279000 0.353000 0.281333 0.351500 0.283333 0.349000 0.284000 0.346500 0.283000 0.338250 0.279667 0.331750 0.277333 0.330000
0 0.362000 0.327750 0.359000 0.329500 0.357333 0.333000 0.357000 0.338750 0.357667 0.342000 0.361000 0.348750 0.365667 0.351750 0.368667 0.352500 0.371000 0.352250 0.374333 0.350500 0.375667 0.347000 0.375667 0.340250 0.374000 0.333500 0.372333 0.330500 0.370000 0.328750 0.366333 0.327750
0 0.405667 0.335000 0.403000 0.336500 0.401667 0.341000 0.401333 0.346250 0.403333 0.355000 0.406000 0.359500 0.407333 0.360500 0.411333 0.361750 0.416000 0.361750 0.418333 0.360000 0.419333 0.357000 0.419333 0.352250 0.417667 0.345750 0.413000 0.337000 0.409000 0.335000
0 0.426667 0.357500 0.425333 0.360500 0.426667 0.363750 0.430333 0.367000 0.439000 0.371000 0.444000 0.372000 0.448333 0.372000 0.452333 0.371000 0.456000 0.368750 0.456667 0.364000 0.455667 0.361750 0.451667 0.359000 0.444333 0.356750 0.439000 0.356000 0.430667 0.356250
0 0.431333 0.370500 0.428667 0.372000 0.425667 0.376500 0.426000 0.387250 0.428333 0.392750 0.432000 0.394750 0.435667 0.394750 0.438000 0.393500 0.441667 0.389250 0.443000 0.384500 0.443000 0.380500 0.442000 0.376500 0.440667 0.374750 0.436000 0.371000
0 0.406333 0.361500 0.406000 0.365750 0.410667 0.372750 0.418333 0.377000 0.421333 0.377000 0.422667 0.374500 0.422667 0.372000 0.419667 0.366250 0.415667 0.363250 0.408667 0.361250
0 0.388000 0.351500 0.385000 0.353000 0.383000 0.356500 0.382333 0.365500 0.384000 0.370500 0.387333 0.372500 0.390000 0.372750 0.393333 0.371500 0.396000 0.368750 0.397333 0.365250 0.397667 0.360500 0.396000 0.354000 0.392333 0.351750
0 0.454000 0.395500 0.450333 0.397000 0.448000 0.400250 0.447333 0.408500 0.448667 0.412750 0.451000 0.416250 0.455000 0.418500 0.459000 0.418250 0.460667 0.417000 0.463667 0.413250 0.464667 0.410000 0.464667 0.406750 0.463667 0.403250 0.460333 0.398250 0.455667 0.395500
0 0.437000 0.418250 0.434333 0.418250 0.431667 0.419000 0.426667 0.424000 0.424000 0.431000 0.425333 0.439500 0.428000 0.442250 0.431000 0.443250 0.433333 0.443000 0.437000 0.441000 0.441333 0.436250 0.443000 0.432250 0.443000 0.424000 0.440333 0.419750
0 0.361333 0.397250 0.358000 0.398750 0.356667 0.400750 0.356667 0.405250 0.359667 0.413000 0.361667 0.416500 0.365333 0.420250 0.368333 0.421250 0.373000 0.421250 0.374667 0.420000 0.375333 0.417000 0.374667 0.407500 0.373667 0.404250 0.369333 0.399500 0.365000 0.397500
0 0.392333 0.440750 0.388667 0.440750 0.384000 0.443500 0.380000 0.450500 0.379000 0.455250 0.379333 0.462500 0.381000 0.465500 0.384667 0.467500 0.389667 0.466750 0.395333 0.460500 0.397000 0.457000 0.398000 0.451250 0.397333 0.445500 0.395667 0.442750
0 0.350667 0.432750 0.344667 0.432750 0.338000 0.435750 0.334667 0.438500 0.329667 0.446250 0.329667 0.448250 0.330667 0.450250 0.333000 0.452000 0.339333 0.452250 0.342000 0.451750 0.350667 0.444000 0.353000 0.440250 0.353667 0.435250
0 0.364000 0.475500 0.361667 0.476250 0.359000 0.478750 0.359000 0.484250 0.360667 0.492750 0.362000 0.495500 0.365333 0.499000 0.368333 0.500500 0.373000 0.501250 0.376667 0.498500 0.378333 0.494750 0.377667 0.487500 0.371333 0.478000 0.366000 0.475500
0 0.324667 0.476750 0.321667 0.476750 0.318333 0.478000 0.314667 0.483000 0.313667 0.485750 0.313667 0.497000 0.314667 0.499000 0.317667 0.500500 0.322667 0.500000 0.326667 0.497750 0.330000 0.490250 0.330333 0.485500 0.328333 0.479000 0.326667 0.477250
0 0.216667 0.426000 0.213000 0.424750 0.208333 0.425000 0.204667 0.426000 0.196000 0.431000 0.192333 0.435500 0.190000 0.439750 0.190333 0.444000 0.193333 0.447500 0.197333 0.448750 0.201000 0.448250 0.209000 0.444250 0.216333 0.436500 0.217667 0.434000 0.218000 0.428250
0 0.414000 0.477000 0.410333 0.478000 0.407333 0.481250 0.406667 0.493750 0.407667 0.497250 0.409333 0.499000 0.412333 0.500000 0.417000 0.500000 0.419667 0.499250 0.421333 0.497500 0.422333 0.487250 0.421333 0.482000 0.419667 0.478500 0.416667 0.477000
0 0.433667 0.496500 0.430333 0.497750 0.428333 0.500750 0.427000 0.505500 0.426667 0.510250 0.428000 0.516250 0.429333 0.518750 0.432000 0.521500 0.435000 0.522750 0.436667 0.522750 0.440667 0.521500 0.444000 0.517000 0.445000 0.514250 0.445333 0.509250 0.444667 0.505250 0.443000 0.501500 0.437667 0.497250 0.436000 0.496500
0 0.393000 0.509000 0.389000 0.509250 0.384667 0.511750 0.383000 0.514250 0.381333 0.520750 0.381000 0.526250 0.382333 0.530750 0.385000 0.534000 0.388667 0.535250 0.393333 0.534500 0.397333 0.532000 0.399333 0.529250 0.400667 0.524500 0.400667 0.516750 0.399000 0.512750 0.396333 0.509750
0 0.477000 0.550250 0.474667 0.550750 0.471000 0.553750 0.469667 0.556500 0.469333 0.561750 0.470000 0.567000 0.471000 0.569250 0.473667 0.571250 0.478333 0.572000 0.482000 0.570500 0.483333 0.569000 0.485333 0.559750 0.484667 0.556000 0.483000 0.552750 0.480000 0.550750
0 0.368333 0.554250 0.364333 0.554750 0.360667 0.557500 0.359667 0.560250 0.359667 0.568000 0.360667 0.572750 0.362667 0.576000 0.365333 0.578000 0.370000 0.578500 0.372667 0.577750 0.374667 0.575000 0.376333 0.568000 0.376333 0.564000 0.373667 0.556250
0 0.407333 0.597500 0.405333 0.599250 0.404667 0.601000 0.404667 0.605250 0.406667 0.611250 0.408667 0.614000 0.415667 0.618000 0.419667 0.617500 0.421000 0.615250 0.421000 0.608500 0.419667 0.604250 0.413000 0.598500 0.409000 0.597250
0 0.379000 0.616250 0.378333 0.619250 0.380000 0.622000 0.383000 0.624000 0.388333 0.625250 0.395333 0.626250 0.405000 0.626250 0.409667 0.625000 0.412667 0.622750 0.412667 0.619000 0.412000 0.618000 0.404000 0.612750 0.396333 0.611750 0.387667 0.611750 0.384000 0.612500 0.381333 0.613750
0 0.389000 0.632000 0.386667 0.633000 0.384000 0.635500 0.382667 0.641250 0.383000 0.647250 0.384000 0.651000 0.386333 0.654000 0.389667 0.655750 0.394000 0.655750 0.397000 0.655000 0.400000 0.651500 0.401667 0.647000 0.401667 0.641250 0.399000 0.634750 0.396667 0.632750 0.393333 0.632000
0 0.373000 0.665250 0.368667 0.668750 0.367000 0.673250 0.367333 0.678500 0.368667 0.683500 0.371667 0.690000 0.373000 0.691000 0.377000 0.691000 0.378667 0.689750 0.381667 0.684500 0.382000 0.674500 0.381000 0.671250 0.377667 0.666750 0.375000 0.665500
0 0.395667 0.686000 0.392000 0.685750 0.388000 0.687500 0.385667 0.689750 0.384333 0.692250 0.383333 0.696500 0.383667 0.701750 0.386000 0.706250 0.388000 0.707750 0.393000 0.707250 0.396333 0.705250 0.398000 0.702750 0.399333 0.697250 0.399333 0.692000 0.398667 0.688750 0.397667 0.687250
0 0.400000 0.708250 0.396333 0.706500 0.393000 0.706750 0.383667 0.711000 0.376333 0.720000 0.376000 0.725500 0.377333 0.727750 0.380667 0.729000 0.384667 0.728500 0.389000 0.726750 0.396000 0.721250 0.400333 0.714000 0.400667 0.711500
0 0.318333 0.712000 0.317000 0.713000 0.315333 0.716500 0.315667 0.721250 0.317000 0.724750 0.321667 0.733000 0.326667 0.736250 0.330667 0.736500 0.333667 0.734750 0.335333 0.731250 0.335667 0.724500 0.334667 0.720000 0.330667 0.716250 0.324333 0.712250 0.322667 0.711750
0 0.316333 0.636250 0.315000 0.634750 0.309000 0.633250 0.297667 0.634000 0.290000 0.636500 0.286000 0.638500 0.283333 0.640750 0.282667 0.643250 0.285000 0.645750 0.289333 0.647000 0.296333 0.647250 0.306667 0.646250 0.310333 0.645250 0.315000 0.642250 0.317000 0.639250
0 0.235667 0.604250 0.231667 0.603750 0.227667 0.604750 0.220000 0.610750 0.217000 0.619500 0.217000 0.623500 0.219000 0.627500 0.221667 0.629250 0.227667 0.629750 0.232333 0.628000 0.237333 0.623250 0.240000 0.619250 0.241333 0.615500 0.241333 0.610500 0.239333 0.606500
