0 0.427667 0.377500 0.424000 0.379250 0.422333 0.381500 0.421667 0.384000 0.422333 0.392750 0.424000 0.396250 0.429667 0.401000 0.431333 0.401750 0.435333 0.401750 0.439333 0.398750 0.440667 0.396750 0.441333 0.392000 0.440333 0.387750 0.435667 0.379750 0.432333 0.377500
0 0.528667 0.390250 0.526000 0.389500 0.523667 0.389750 0.517000 0.391750 0.515667 0.393000 0.511667 0.399250 0.510000 0.403500 0.511000 0.410750 0.513000 0.413250 0.518000 0.413500 0.521333 0.412750 0.529000 0.405250 0.530000 0.403500 0.531000 0.396500 0.530333 0.392250
0 0.585000 0.320750 0.582000 0.321000 0.579667 0.322250 0.576333 0.330250 0.576333 0.337000 0.578000 0.341500 0.579333 0.342750 0.583000 0.343500 0.585000 0.343250 0.588000 0.341750 0.590000 0.338750 0.591667 0.334000 0.591000 0.326250 0.588667 0.323000
0 0.556667 0.364500 0.553667 0.366750 0.552000 0.369500 0.552000 0.374500 0.553667 0.380500 0.557000 0.386750 0.561000 0.389500 0.565333 0.389750 0.568333 0.388250 0.570333 0.384500 0.570667 0.375750 0.569667 0.372000 0.568000 0.368500 0.564333 0.365750 0.561000 0.364250
0 0.579667 0.373500 0.575667 0.377000 0.574333 0.384250 0.574667 0.387250 0.578000 0.393750 0.580333 0.395250 0.584000 0.395250 0.586667 0.392750 0.588333 0.388000 0.588333 0.380250 0.587333 0.377750 0.583667 0.374000
0 0.592667 0.391750 0.594000 0.395250 0.596000 0.396500 0.598667 0.397250 0.608000 0.397000 0.611667 0.396000 0.616333 0.393250 0.617000 0.388000 0.614667 0.385500 0.612667 0.385000 0.603000 0.384750 0.595000 0.387000
0 0.615000 0.410750 0.611000 0.411000 0.603667 0.415250 0.602000 0.418500 0.601333 0.422000 0.602000 0.430750 0.603333 0.433000 0.607333 0.434750 0.612000 0.434500 0.616333 0.432250 0.620333 0.423750 0.620667 0.418250 0.620000 0.415250 0.617667 0.412500
0 0.561000 0.423250 0.559667 0.424250 0.558000 0.428500 0.558667 0.435250 0.565000 0.443500 0.568333 0.445000 0.572333 0.445000 0.574333 0.444000 0.576333 0.439250 0.575000 0.431250 0.568667 0.423750 0.566000 0.423000
0 0.512667 0.416000 0.509333 0.417750 0.507333 0.423250 0.507000 0.431250 0.509000 0.437250 0.511667 0.438250 0.514333 0.438500 0.519333 0.436750 0.521000 0.434750 0.522333 0.431250 0.522333 0.423750 0.521333 0.420750 0.519000 0.417500 0.515333 0.416000
0 0.502333 0.441500 0.501333 0.443000 0.502000 0.447500 0.504667 0.450500 0.507333 0.452250 0.517667 0.455750 0.526000 0.455500 0.529000 0.454750 0.530333 0.452250 0.530333 0.450250 0.529000 0.446750 0.521667 0.442500 0.514333 0.439750 0.510333 0.439000 0.505667 0.439500
0 0.639333 0.415250 0.634000 0.414750 0.631000 0.415750 0.626333 0.420500 0.624667 0.424000 0.624333 0.427250 0.622333 0.430750 0.622667 0.433500 0.623667 0.435000 0.626333 0.436750 0.630667 0.436750 0.637000 0.434000 0.639333 0.431750 0.642000 0.423750 0.642000 0.419500 0.640667 0.416500
0 0.635333 0.437750 0.631333 0.438750 0.628667 0.440750 0.623667 0.447500 0.622333 0.454750 0.624333 0.458750 0.626667 0.460250 0.631000 0.459750 0.635667 0.455750 0.639333 0.450750 0.640333 0.442500 0.638667 0.439250
0 0.677000 0.456750 0.674000 0.458500 0.669667 0.463250 0.668667 0.466500 0.668667 0.470500 0.669667 0.473750 0.673000 0.479000 0.674667 0.480000 0.678333 0.480750 0.682333 0.479250 0.685667 0.476000 0.686333 0.473500 0.686333 0.467000 0.685333 0.462250 0.682667 0.459000 0.678667 0.456750
0 0.662667 0.475750 0.658667 0.476250 0.656333 0.477500 0.650667 0.483250 0.648667 0.486250 0.647667 0.494750 0.648667 0.498250 0.650333 0.500000 0.654333 0.500250 0.659667 0.498500 0.662667 0.496250 0.667000 0.489750 0.668333 0.486500 0.668333 0.481000 0.667000 0.478250
0 0.608333 0.487750 0.606000 0.490250 0.605333 0.495000 0.610000 0.506000 0.614333 0.509250 0.617667 0.510500 0.620000 0.510500 0.623000 0.509000 0.624000 0.506250 0.623667 0.500250 0.621333 0.494500 0.614667 0.488500 0.612000 0.487500
0 0.592000 0.477750 0.587333 0.478000 0.580667 0.484750 0.579667 0.486500 0.579667 0.497500 0.581000 0.500500 0.583667 0.502500 0.592000 0.502500 0.596667 0.498000 0.598333 0.491000 0.598333 0.486750 0.596000 0.481500
0 0.606667 0.510000 0.603000 0.511750 0.601667 0.514000 0.600667 0.519750 0.600667 0.526000 0.602000 0.530500 0.604000 0.532750 0.607667 0.534750 0.611000 0.534750 0.615000 0.532750 0.616667 0.529750 0.616667 0.517750 0.616000 0.515750 0.613667 0.512750 0.609000 0.510250
0 0.630667 0.351500 0.626000 0.352250 0.623000 0.354000 0.619333 0.360500 0.619333 0.366750 0.620333 0.370000 0.622333 0.373250 0.627333 0.376000 0.631000 0.375750 0.634000 0.373250 0.636333 0.369750 0.637333 0.366750 0.637333 0.362000 0.636333 0.358000 0.633667 0.353000
0 0.645667 0.346000 0.643000 0.347250 0.641000 0.349250 0.639333 0.353250 0.639000 0.358500 0.640000 0.365500 0.641667 0.369250 0.645000 0.371250 0.648333 0.371750 0.652333 0.370750 0.655000 0.368250 0.656333 0.361750 0.655333 0.352500 0.653000 0.349250 0.650000 0.347000 0.647333 0.346000
0 0.716000 0.345500 0.713000 0.343750 0.708333 0.343750 0.698000 0.345000 0.694333 0.346250 0.689667 0.349000 0.685667 0.352500 0.685000 0.355500 0.686000 0.358000 0.692667 0.359500 0.699333 0.359500 0.706667 0.358000 0.710333 0.355750 0.715667 0.351000 0.716333 0.349750
0 0.668667 0.304750 0.665333 0.305750 0.664333 0.307250 0.663333 0.310500 0.663333 0.315000 0.664333 0.319000 0.665667 0.321000 0.668667 0.323000 0.671000 0.323250 0.674333 0.321250 0.676000 0.319000 0.677333 0.313500 0.675000 0.306500 0.671667 0.305000
0 0.664667 0.371750 0.664000 0.373750 0.665333 0.378000 0.669000 0.381500 0.673667 0.384750 0.680333 0.387000 0.683333 0.387000 0.686667 0.386000 0.687667 0.384750 0.687333 0.380250 0.685667 0.377500 0.682667 0.375250 0.677667 0.372500 0.674000 0.371250 0.666333 0.370750
0 0.721333 0.402250 0.717000 0.402000 0.713000 0.403250 0.710333 0.407750 0.709667 0.412000 0.708333 0.415000 0.708333 0.420500 0.710000 0.423500 0.712667 0.425250 0.717000 0.425000 0.722667 0.420500 0.725333 0.416250 0.726333 0.409000 0.726000 0.406500 0.724333 0.403250
0 0.708000 0.438000 0.707333 0.440250 0.709333 0.444500 0.712333 0.448000 0.718000 0.451750 0.727333 0.453750 0.731667 0.453500 0.733333 0.452500 0.734333 0.450750 0.733667 0.446500 0.732000 0.444250 0.726000 0.439750 0.724000 0.438750 0.715333 0.437000 0.709333 0.437250
0 0.720000 0.465500 0.718667 0.466750 0.717667 0.469500 0.717667 0.473000 0.720333 0.482250 0.724667 0.485750 0.727667 0.486500 0.731667 0.486250 0.733333 0.484750 0.734333 0.481750 0.734000 0.474500 0.732000 0.470000 0.727000 0.467750 0.724667 0.466000
0 0.717000 0.487500 0.715667 0.489500 0.716000 0.492500 0.719000 0.498000 0.721000 0.500250 0.729000 0.506000 0.731667 0.506750 0.737333 0.506500 0.739333 0.504500 0.740000 0.501750 0.733000 0.492500 0.724000 0.488000
0 0.713333 0.533000 0.709333 0.531500 0.702667 0.531500 0.695667 0.532500 0.693333 0.533500 0.689333 0.536500 0.686000 0.540750 0.686000 0.542250 0.688000 0.544500 0.692667 0.545500 0.699667 0.545000 0.704667 0.543750 0.707667 0.542250 0.713333 0.537750
0 0.663667 0.556000 0.662000 0.555500 0.654667 0.556000 0.649000 0.559500 0.645000 0.563750 0.642333 0.568500 0.642000 0.574250 0.643000 0.576750 0.646000 0.579250 0.651000 0.579750 0.654333 0.578750 0.662667 0.570750 0.665333 0.564750 0.666000 0.561250 0.665333 0.558000
0 0.662000 0.573750 0.657667 0.575750 0.653333 0.579500 0.649667 0.585000 0.649000 0.587750 0.649333 0.593250 0.651000 0.594750 0.653667 0.595750 0.657667 0.595750 0.661667 0.594250 0.664000 0.592000 0.667333 0.584250 0.666667 0.576750 0.665667 0.575500
0 0.587000 0.587750 0.583667 0.588250 0.579667 0.591250 0.578333 0.596000 0.578333 0.605250 0.579000 0.608250 0.581333 0.612000 0.587000 0.615750 0.589000 0.615750 0.592667 0.613750 0.594000 0.611750 0.596333 0.605500 0.596333 0.600750 0.592667 0.591000 0.589667 0.588500
0 0.520667 0.535000 0.517333 0.536750 0.515667 0.540000 0.515667 0.549000 0.516667 0.553000 0.519667 0.556500 0.521667 0.558000 0.525333 0.558750 0.529333 0.557000 0.531000 0.553250 0.531333 0.546000 0.530000 0.539500 0.527000 0.536250 0.524667 0.535250
0 0.513333 0.507000 0.510000 0.509000 0.508000 0.512750 0.507333 0.516500 0.508000 0.525500 0.509333 0.528000 0.512667 0.530250 0.517333 0.530500 0.521333 0.528000 0.522333 0.526500 0.523667 0.521000 0.523333 0.513500 0.522000 0.510000 0.520333 0.508500 0.517667 0.507000
0 0.505333 0.549500 0.501333 0.549250 0.498667 0.550750 0.493333 0.557000 0.492333 0.560500 0.493000 0.568500 0.494000 0.570250 0.497333 0.572250 0.498667 0.572250 0.503000 0.569500 0.506667 0.565000 0.507667 0.560500 0.507667 0.554250 0.506667 0.550750
0 0.610333 0.607000 0.607667 0.608250 0.604667 0.611250 0.603000 0.614750 0.602667 0.621000 0.603667 0.624500 0.606667 0.629000 0.610667 0.631000 0.612667 0.631000 0.615667 0.630250 0.619000 0.626750 0.620333 0.623750 0.620667 0.618250 0.618333 0.610750 0.614667 0.607500
0 0.662667 0.618500 0.658333 0.618500 0.656333 0.619750 0.652000 0.626250 0.650667 0.631500 0.652000 0.636750 0.654667 0.642750 0.657667 0.644500 0.660667 0.643750 0.662667 0.642000 0.666667 0.630500 0.666667 0.622500
0 0.685667 0.656750 0.682000 0.656500 0.679000 0.658000 0.673667 0.666500 0.674333 0.674250 0.676667 0.677000 0.680000 0.678500 0.682667 0.678500 0.685000 0.677250 0.690000 0.668750 0.690000 0.661750 0.688333 0.658500
