0 0.540333 0.288750 0.538000 0.289750 0.536000 0.292000 0.534667 0.298000 0.535000 0.302750 0.536667 0.307500 0.538667 0.310250 0.541000 0.311750 0.545000 0.312000 0.547333 0.310750 0.550000 0.306500 0.550333 0.298500 0.546333 0.290500 0.544667 0.289250
0 0.607667 0.358500 0.603667 0.360750 0.602667 0.362750 0.602000 0.366000 0.602667 0.375000 0.605667 0.380500 0.607667 0.382250 0.611333 0.384000 0.615667 0.384500 0.620333 0.381500 0.622000 0.376000 0.622000 0.369000 0.619333 0.363500 0.615333 0.359750 0.611667 0.358500
0 0.629667 0.378500 0.626000 0.380250 0.624333 0.383000 0.622667 0.387500 0.622333 0.392500 0.623333 0.397000 0.625333 0.401000 0.627667 0.403000 0.631333 0.404250 0.635333 0.402500 0.639000 0.398750 0.640333 0.393750 0.640333 0.388250 0.639667 0.384000 0.638000 0.381250 0.633333 0.378750
0 0.702000 0.383000 0.697333 0.383000 0.695333 0.383750 0.692667 0.385750 0.688667 0.392500 0.688000 0.401000 0.689000 0.403750 0.693333 0.407750 0.696000 0.408500 0.700667 0.408000 0.704000 0.404750 0.706667 0.397500 0.706667 0.388250 0.705333 0.385000
0 0.631000 0.435250 0.627333 0.437500 0.626333 0.439000 0.625333 0.444500 0.625667 0.450750 0.626667 0.453000 0.629667 0.456000 0.635333 0.457750 0.639333 0.456000 0.641333 0.452250 0.642667 0.447750 0.642333 0.442500 0.639667 0.437750 0.638000 0.436250 0.635333 0.435250
0 0.613667 0.452750 0.611000 0.452750 0.607333 0.454000 0.603000 0.458250 0.601333 0.462000 0.600667 0.465500 0.601000 0.471500 0.602667 0.475000 0.606667 0.476750 0.608667 0.476750 0.612000 0.475750 0.616000 0.472750 0.619000 0.466750 0.619333 0.460500 0.618333 0.456250 0.617333 0.454500 0.615667 0.453250
0 0.570333 0.429750 0.566000 0.429250 0.560333 0.430750 0.555667 0.434250 0.552000 0.439500 0.551000 0.442750 0.551333 0.447250 0.553000 0.448750 0.557333 0.449250 0.561333 0.448250 0.568000 0.442750 0.572000 0.435250 0.572333 0.431750
0 0.587000 0.477500 0.584000 0.478750 0.580333 0.483250 0.579333 0.485750 0.579333 0.491250 0.580000 0.494500 0.582333 0.498500 0.584000 0.499500 0.588667 0.499750 0.592000 0.499000 0.593333 0.497500 0.594333 0.493750 0.594333 0.487750 0.592333 0.480750 0.589000 0.477750
0 0.536333 0.459250 0.535333 0.461500 0.535333 0.463500 0.539333 0.467500 0.543667 0.469000 0.547667 0.471250 0.558333 0.472500 0.561667 0.471750 0.564000 0.470000 0.565000 0.468000 0.565000 0.466000 0.563000 0.463000 0.560000 0.460750 0.553667 0.458500 0.547000 0.457500 0.540333 0.457750
0 0.662667 0.467500 0.657667 0.467500 0.653667 0.469750 0.649667 0.473250 0.646333 0.478000 0.645667 0.480250 0.645667 0.486250 0.646667 0.487250 0.651000 0.488000 0.654333 0.487000 0.661667 0.480000 0.664333 0.474750 0.664333 0.470000
0 0.677000 0.497250 0.673333 0.499000 0.670000 0.503500 0.669000 0.505750 0.669000 0.510750 0.673333 0.519500 0.677333 0.521750 0.680333 0.521750 0.683000 0.521000 0.686333 0.518000 0.687333 0.513500 0.687000 0.507000 0.684667 0.500750 0.681333 0.498250
0 0.696333 0.516750 0.693000 0.518250 0.691333 0.521250 0.691000 0.527000 0.692667 0.531750 0.696667 0.536750 0.701000 0.538750 0.706667 0.538500 0.708667 0.537250 0.710333 0.533500 0.709333 0.525500 0.701667 0.517500
0 0.732333 0.493000 0.727333 0.492500 0.723333 0.493750 0.712333 0.501750 0.710333 0.506000 0.710000 0.510000 0.712667 0.513250 0.717333 0.513750 0.724333 0.510750 0.732667 0.500500 0.733333 0.499000 0.733333 0.494500
0 0.730000 0.524750 0.727000 0.525000 0.723333 0.527500 0.721000 0.528250 0.716333 0.533750 0.714667 0.539500 0.714667 0.542000 0.716000 0.544500 0.720333 0.547000 0.724000 0.547000 0.727333 0.545500 0.729000 0.544250 0.732333 0.539500 0.733333 0.535000 0.733000 0.528250 0.732333 0.525750
0 0.631333 0.500750 0.629000 0.501750 0.627333 0.504500 0.627333 0.512500 0.629333 0.518250 0.634333 0.524000 0.639333 0.525000 0.643000 0.523500 0.644667 0.521750 0.645333 0.517000 0.644000 0.510500 0.639000 0.503000 0.635333 0.501000
0 0.618667 0.518250 0.615667 0.517250 0.610667 0.517750 0.602667 0.523250 0.599000 0.528250 0.598000 0.531250 0.598333 0.535000 0.601000 0.537750 0.602667 0.538250 0.607000 0.537750 0.617333 0.530000 0.620000 0.523500 0.620000 0.520750
0 0.557333 0.530750 0.555333 0.529750 0.551667 0.529500 0.540333 0.533000 0.536000 0.536500 0.535000 0.539500 0.535000 0.541250 0.536000 0.542750 0.540000 0.545000 0.544667 0.545250 0.552667 0.540750 0.557667 0.535750 0.558333 0.532250
0 0.548000 0.509000 0.544000 0.508750 0.541000 0.509750 0.537667 0.513000 0.535000 0.517000 0.533333 0.523250 0.533333 0.527500 0.534000 0.530000 0.536667 0.532750 0.545000 0.531000 0.549667 0.525750 0.551333 0.518250 0.551333 0.513250 0.550000 0.510000
0 0.458000 0.501750 0.455667 0.502750 0.453667 0.505000 0.452000 0.510000 0.452000 0.515000 0.453333 0.520750 0.454667 0.523250 0.458000 0.525500 0.459667 0.525500 0.464000 0.522750 0.467000 0.518500 0.467333 0.509750 0.466333 0.506500 0.463667 0.503250 0.461000 0.502000
0 0.650333 0.534000 0.648667 0.536250 0.648667 0.541250 0.650333 0.545250 0.659000 0.552250 0.665333 0.554500 0.668667 0.555000 0.671667 0.554500 0.674000 0.552250 0.674667 0.548000 0.670667 0.540750 0.661333 0.535250 0.655000 0.533250
0 0.676667 0.559250 0.673333 0.560500 0.670667 0.564750 0.670333 0.571250 0.673333 0.578500 0.676667 0.581000 0.681000 0.582500 0.685000 0.582250 0.687333 0.580250 0.688333 0.577000 0.688667 0.570750 0.687333 0.564750 0.686333 0.563250 0.682333 0.560500 0.678667 0.559250
0 0.778333 0.555750 0.775333 0.554750 0.771000 0.554750 0.767667 0.555500 0.764000 0.558000 0.757333 0.564750 0.756000 0.568000 0.756000 0.572250 0.758667 0.575000 0.762333 0.575750 0.765000 0.575500 0.768333 0.574500 0.772000 0.572000 0.779000 0.563500 0.779667 0.557750
0 0.536333 0.555250 0.535667 0.558000 0.536667 0.561250 0.541333 0.565250 0.547333 0.568750 0.556667 0.571000 0.561333 0.571000 0.566000 0.569000 0.566000 0.564000 0.562333 0.561000 0.560667 0.558750 0.556000 0.556000 0.545000 0.553500 0.538333 0.554250
0 0.496667 0.574750 0.493333 0.576250 0.491667 0.579250 0.491333 0.588250 0.492000 0.591500 0.493667 0.595000 0.495333 0.596250 0.498333 0.597500 0.502333 0.597500 0.505333 0.595500 0.506667 0.593250 0.507333 0.590750 0.507000 0.584000 0.505667 0.580250 0.502667 0.576750 0.499000 0.574750
0 0.544667 0.599250 0.541000 0.597750 0.535333 0.597500 0.533333 0.597750 0.525333 0.600750 0.519667 0.603500 0.517000 0.605500 0.516333 0.606750 0.516667 0.612000 0.518000 0.612750 0.521333 0.613250 0.528000 0.613000 0.536667 0.610750 0.541667 0.608750 0.544333 0.606750 0.545667 0.604500 0.545667 0.601750
0 0.604333 0.603250 0.601333 0.602500 0.598000 0.602500 0.595333 0.603250 0.586667 0.610250 0.582667 0.618500 0.583333 0.623250 0.584667 0.624500 0.586333 0.625000 0.593000 0.624500 0.596667 0.623000 0.600667 0.620000 0.604333 0.615750 0.607333 0.610750 0.607333 0.606750
0 0.667000 0.589750 0.665333 0.589500 0.659667 0.591500 0.657667 0.593000 0.650000 0.603000 0.649333 0.605750 0.649667 0.609500 0.651000 0.611500 0.654333 0.613500 0.657667 0.613500 0.662333 0.611750 0.667333 0.607750 0.669667 0.604750 0.670333 0.601000 0.670000 0.593500 0.669000 0.591000
0 0.669667 0.609250 0.666000 0.608500 0.658333 0.612250 0.653667 0.617750 0.650667 0.623250 0.650667 0.627250 0.653667 0.630500 0.658000 0.630250 0.662667 0.628500 0.668333 0.623500 0.670000 0.621000 0.671000 0.617500 0.671000 0.613000
0 0.677667 0.637250 0.674000 0.639500 0.672667 0.642000 0.672000 0.645500 0.672333 0.652250 0.674000 0.656000 0.679333 0.661500 0.682000 0.663000 0.685667 0.663000 0.689333 0.660500 0.690333 0.659000 0.690667 0.654250 0.690000 0.650750 0.686667 0.642000 0.685000 0.639750 0.681667 0.637500
0 0.654333 0.695250 0.652333 0.696750 0.651000 0.700250 0.653333 0.709000 0.658000 0.714750 0.661667 0.717750 0.666333 0.720000 0.670333 0.720500 0.674667 0.718250 0.676000 0.716000 0.676000 0.712000 0.671000 0.702000 0.668667 0.699250 0.664000 0.696250 0.659333 0.695000
0 0.576000 0.632000 0.572333 0.631750 0.567333 0.634000 0.564000 0.637750 0.560667 0.649750 0.561000 0.654000 0.563667 0.658000 0.567667 0.659750 0.570667 0.659500 0.574000 0.658250 0.576333 0.656500 0.578333 0.652250 0.579000 0.641250 0.578000 0.634250
0 0.544000 0.618750 0.541333 0.619500 0.540000 0.620500 0.538333 0.623500 0.537667 0.627750 0.538333 0.634250 0.540000 0.639750 0.544333 0.643500 0.546000 0.643750 0.549000 0.643250 0.553667 0.638750 0.555333 0.635000 0.555667 0.629000 0.553333 0.622000 0.549667 0.619500
0 0.524333 0.639500 0.521000 0.640500 0.518000 0.643250 0.516000 0.649750 0.516000 0.655250 0.516667 0.658750 0.519000 0.662250 0.522000 0.664000 0.526000 0.664250 0.529000 0.663250 0.530333 0.662000 0.533000 0.654250 0.533000 0.649750 0.530667 0.641750 0.527333 0.639750
0 0.540333 0.682500 0.537000 0.685000 0.535000 0.688250 0.534667 0.693250 0.535333 0.696750 0.539667 0.705750 0.541333 0.707000 0.544333 0.707750 0.548667 0.707500 0.551667 0.705750 0.552333 0.703500 0.552333 0.696250 0.550000 0.689250 0.547333 0.687000 0.545667 0.684500 0.542667 0.682750
0 0.767000 0.619500 0.763000 0.623250 0.762333 0.627500 0.763333 0.629250 0.766667 0.631500 0.773667 0.632750 0.779667 0.632500 0.781667 0.630750 0.781667 0.626750 0.779000 0.622750 0.772000 0.619500
