0 0.466333 0.390750 0.463333 0.391750 0.461667 0.394250 0.461000 0.397000 0.461667 0.405500 0.464667 0.411500 0.468667 0.416000 0.470667 0.417500 0.474333 0.417750 0.479333 0.414750 0.480667 0.412250 0.481000 0.408500 0.479333 0.400750 0.474333 0.393500 0.470667 0.391500
0 0.403333 0.435500 0.400667 0.436250 0.398667 0.439000 0.398667 0.444500 0.399667 0.449750 0.402333 0.455000 0.406000 0.459750 0.408667 0.461000 0.412333 0.461000 0.414667 0.459500 0.417667 0.455250 0.417000 0.447000 0.412667 0.439250 0.408333 0.436500
0 0.432333 0.432000 0.429000 0.432500 0.426333 0.433750 0.423667 0.435750 0.421000 0.439750 0.419667 0.444500 0.419667 0.448250 0.420667 0.451500 0.423000 0.453500 0.427333 0.453500 0.430667 0.452000 0.433000 0.450250 0.436000 0.446000 0.437000 0.440750 0.436667 0.435500 0.435333 0.433250
0 0.541333 0.414000 0.538000 0.415750 0.534000 0.420750 0.533000 0.423250 0.533000 0.428750 0.533667 0.432000 0.536333 0.437000 0.540667 0.439000 0.545333 0.439000 0.548333 0.437500 0.551000 0.434750 0.551667 0.432500 0.551333 0.423500 0.548000 0.416250 0.545333 0.414250
0 0.498333 0.478750 0.498000 0.482750 0.502333 0.488500 0.512000 0.492250 0.516333 0.494750 0.520000 0.494750 0.522333 0.493750 0.524667 0.490250 0.524667 0.486750 0.523000 0.484750 0.512000 0.478750 0.508000 0.477500 0.501333 0.477250
0 0.544667 0.465250 0.540333 0.465250 0.536667 0.467000 0.533333 0.467750 0.529667 0.471000 0.526333 0.478000 0.525667 0.481500 0.526667 0.485000 0.528667 0.487250 0.531667 0.487000 0.536667 0.485250 0.539333 0.483000 0.545000 0.476250 0.546333 0.473500 0.546667 0.469000 0.546000 0.466500
0 0.559667 0.473750 0.557333 0.474750 0.554667 0.477500 0.553333 0.487000 0.554333 0.493750 0.556333 0.498000 0.559667 0.499750 0.562333 0.499750 0.565000 0.499000 0.568333 0.495250 0.569333 0.486250 0.568000 0.480750 0.566333 0.477750 0.561333 0.473750
0 0.589000 0.501250 0.585333 0.501250 0.581667 0.502500 0.574667 0.509000 0.572667 0.514750 0.573333 0.517500 0.575667 0.519500 0.580667 0.518500 0.586333 0.514250 0.591667 0.505750 0.590667 0.502500
0 0.505333 0.513250 0.505333 0.518000 0.510000 0.523000 0.518667 0.526750 0.524000 0.528000 0.529333 0.528000 0.532333 0.526250 0.533333 0.523250 0.533000 0.520750 0.528667 0.516000 0.522333 0.513000 0.514000 0.510500 0.509333 0.511000
0 0.536333 0.527000 0.533000 0.528750 0.532333 0.530250 0.532333 0.533750 0.534333 0.537500 0.541333 0.544000 0.545000 0.545500 0.549667 0.545250 0.552667 0.543250 0.553667 0.541000 0.552667 0.536500 0.550667 0.533500 0.543667 0.527750 0.541667 0.527000
0 0.509000 0.493250 0.506000 0.492250 0.498667 0.493000 0.494667 0.494750 0.486333 0.500750 0.485333 0.502250 0.484667 0.507000 0.485333 0.509750 0.487000 0.511250 0.490000 0.512250 0.494667 0.511250 0.498667 0.509750 0.507333 0.503750 0.510667 0.498750 0.510667 0.495500
0 0.427667 0.477000 0.423667 0.478000 0.421333 0.481500 0.420333 0.485750 0.421000 0.494500 0.422333 0.498750 0.424667 0.501750 0.428333 0.503750 0.432333 0.504500 0.435333 0.503500 0.437000 0.501500 0.438667 0.496250 0.438667 0.489250 0.436667 0.482250 0.435000 0.479750 0.432333 0.477750
0 0.517667 0.554500 0.512667 0.554500 0.510000 0.555250 0.507667 0.557750 0.506667 0.560750 0.506000 0.572500 0.507667 0.576500 0.509333 0.577750 0.512667 0.578750 0.514333 0.578750 0.518667 0.577250 0.522000 0.574750 0.524667 0.568250 0.524667 0.562500 0.523000 0.557000 0.522000 0.555750
0 0.494000 0.550250 0.491333 0.552000 0.488000 0.556000 0.487000 0.565250 0.487667 0.568500 0.490667 0.573750 0.494000 0.576500 0.497667 0.576750 0.501333 0.575000 0.503667 0.571500 0.504667 0.565500 0.504333 0.559250 0.503333 0.556000 0.500333 0.552000 0.498000 0.550500
0 0.467000 0.561500 0.465000 0.563750 0.465000 0.568500 0.470333 0.576750 0.477667 0.581250 0.482333 0.581500 0.483667 0.580250 0.484333 0.578000 0.484333 0.572250 0.482000 0.567000 0.479000 0.563750 0.471000 0.560750
0 0.439000 0.578000 0.439000 0.581000 0.441333 0.583750 0.444667 0.585250 0.451667 0.586500 0.459000 0.586500 0.466667 0.585500 0.469000 0.584500 0.470667 0.581500 0.470667 0.579500 0.467667 0.576000 0.466000 0.574750 0.463333 0.574000 0.456000 0.573750 0.452000 0.573000 0.445000 0.573250 0.443000 0.573750 0.440667 0.575250
0 0.407000 0.569250 0.406000 0.571750 0.407000 0.577000 0.408000 0.578000 0.412333 0.579250 0.417333 0.579500 0.423333 0.581250 0.428000 0.581000 0.435667 0.578250 0.437667 0.576000 0.438333 0.571750 0.436667 0.568750 0.432667 0.566750 0.427667 0.565500 0.421333 0.565250 0.415000 0.565750 0.408667 0.567500
0 0.404667 0.579750 0.403667 0.580750 0.402667 0.584000 0.407000 0.592000 0.416333 0.597500 0.423000 0.598750 0.427333 0.597500 0.428667 0.596000 0.428333 0.590000 0.426667 0.587500 0.422667 0.584500 0.421000 0.582250 0.415667 0.579500 0.407333 0.578500
0 0.274667 0.553250 0.271000 0.554500 0.267333 0.558000 0.266333 0.560750 0.266333 0.568750 0.267000 0.573000 0.268667 0.576500 0.272000 0.579500 0.276333 0.580500 0.279667 0.579750 0.283667 0.575000 0.285667 0.569000 0.285667 0.563250 0.284667 0.559500 0.282667 0.556000 0.278667 0.553500
0 0.307000 0.605000 0.305000 0.607000 0.304667 0.611750 0.306000 0.615500 0.309667 0.620250 0.314000 0.624500 0.322000 0.627000 0.327000 0.627250 0.330667 0.623750 0.330667 0.619750 0.326333 0.611500 0.319333 0.606750 0.315333 0.605000 0.311667 0.604250
0 0.492333 0.593250 0.490333 0.593750 0.488667 0.596000 0.488667 0.606500 0.490000 0.611000 0.493000 0.615000 0.494333 0.616000 0.498667 0.617000 0.502333 0.615500 0.504333 0.612000 0.504000 0.603250 0.498667 0.594500 0.495000 0.593250
0 0.513000 0.606250 0.510333 0.608000 0.509667 0.610000 0.509667 0.616250 0.512333 0.623750 0.516000 0.628750 0.518000 0.630250 0.521667 0.630750 0.524667 0.629500 0.527000 0.627500 0.527000 0.617500 0.522667 0.610250 0.517667 0.607250
0 0.568667 0.592250 0.565000 0.592500 0.561000 0.595000 0.556667 0.602250 0.556000 0.605500 0.556667 0.611000 0.558000 0.612750 0.560333 0.614250 0.564333 0.614250 0.568000 0.612500 0.571000 0.607250 0.572667 0.601000 0.572000 0.595500
0 0.605667 0.634250 0.602667 0.635000 0.598667 0.639000 0.597333 0.642000 0.597333 0.650750 0.598667 0.655500 0.601000 0.658500 0.603667 0.660500 0.609000 0.661500 0.612667 0.660750 0.615667 0.658000 0.617333 0.651000 0.617000 0.645250 0.616000 0.641250 0.613333 0.637500 0.608667 0.634500
0 0.412667 0.664750 0.408333 0.665250 0.406667 0.666250 0.403667 0.670250 0.400667 0.677750 0.400333 0.682500 0.401333 0.685750 0.404000 0.689500 0.408667 0.693250 0.412000 0.693250 0.413333 0.692500 0.418333 0.687500 0.420000 0.683500 0.420333 0.673250 0.419667 0.670250 0.417333 0.666750 0.416000 0.665750
0 0.451667 0.645250 0.447667 0.646500 0.444000 0.650000 0.441667 0.654250 0.441000 0.657750 0.441333 0.662250 0.443333 0.667000 0.446333 0.668750 0.448000 0.668750 0.452333 0.666500 0.455333 0.661750 0.458000 0.654000 0.458333 0.650750 0.456333 0.647000 0.455000 0.646000
0 0.521000 0.646250 0.516667 0.646750 0.512000 0.649250 0.509667 0.655750 0.510000 0.661750 0.511667 0.665500 0.515000 0.669750 0.517667 0.671250 0.522000 0.671250 0.523667 0.670500 0.527000 0.667500 0.529000 0.663000 0.528667 0.654500 0.527000 0.650000 0.524667 0.648000
