0 0.451333 0.268250 0.447667 0.271000 0.446333 0.277250 0.446667 0.283500 0.447667 0.287000 0.450667 0.290250 0.454000 0.292000 0.456000 0.292000 0.459333 0.290000 0.460667 0.287500 0.461333 0.278250 0.459667 0.273250 0.455333 0.269250
0 0.459000 0.359000 0.454667 0.359250 0.451667 0.361250 0.446667 0.369000 0.446333 0.373750 0.447333 0.376250 0.450667 0.380750 0.453667 0.382000 0.456000 0.382000 0.459667 0.380000 0.463667 0.375500 0.465333 0.372000 0.465667 0.364750 0.464667 0.361750 0.462667 0.360000
0 0.481000 0.408750 0.478000 0.410250 0.477000 0.412000 0.475667 0.417750 0.475667 0.423500 0.477667 0.428250 0.482333 0.429750 0.486000 0.427500 0.487667 0.424750 0.488333 0.415000 0.486000 0.410250 0.483333 0.408750
0 0.517000 0.404750 0.514000 0.406000 0.511667 0.407750 0.510333 0.409750 0.509000 0.414250 0.509000 0.418500 0.512667 0.428000 0.516667 0.430250 0.521000 0.430500 0.525000 0.428250 0.526000 0.426500 0.527000 0.422750 0.527000 0.414750 0.525667 0.411000 0.523333 0.407500 0.521000 0.405750
0 0.543333 0.417000 0.541000 0.417500 0.539667 0.418500 0.536667 0.424500 0.536667 0.432000 0.539667 0.440000 0.541667 0.441500 0.545333 0.442000 0.549000 0.441000 0.551000 0.439500 0.552667 0.436000 0.553000 0.431000 0.551667 0.423000 0.550000 0.420250 0.546333 0.417250
0 0.611667 0.390500 0.609333 0.391750 0.607333 0.394750 0.606333 0.398750 0.606667 0.405000 0.610667 0.413750 0.614667 0.416250 0.617000 0.416250 0.620000 0.415500 0.622667 0.412500 0.623333 0.409000 0.622667 0.399750 0.621000 0.395250 0.619333 0.393000 0.616000 0.390750
0 0.572667 0.399000 0.570000 0.398250 0.564667 0.398500 0.560333 0.400250 0.556000 0.403000 0.552000 0.407750 0.550333 0.411750 0.550333 0.416750 0.553000 0.419250 0.557000 0.420500 0.560333 0.420250 0.569000 0.413750 0.573000 0.408500 0.574000 0.405250 0.573667 0.400250
0 0.638333 0.373500 0.634333 0.374250 0.631000 0.376500 0.625000 0.384500 0.624333 0.387500 0.624667 0.393250 0.625667 0.396500 0.627333 0.397750 0.631667 0.398000 0.634000 0.397000 0.639333 0.392250 0.641000 0.388250 0.642667 0.380250 0.642000 0.377000 0.640333 0.374750
0 0.654667 0.388250 0.650000 0.389000 0.645667 0.392250 0.643000 0.398000 0.642333 0.400750 0.642667 0.405000 0.644333 0.407750 0.646333 0.409250 0.650000 0.408750 0.654667 0.406500 0.658667 0.398500 0.659333 0.395250 0.659000 0.391750 0.658000 0.390250
0 0.658333 0.405750 0.655667 0.407500 0.652333 0.413750 0.652333 0.420500 0.653667 0.424750 0.656667 0.429250 0.659000 0.430750 0.662667 0.431250 0.666333 0.429750 0.669000 0.426750 0.670333 0.423250 0.670333 0.416000 0.666667 0.408000 0.662667 0.405750
0 0.696333 0.377250 0.694000 0.375750 0.690333 0.375250 0.685333 0.375500 0.679667 0.377000 0.668667 0.384000 0.666000 0.388000 0.666333 0.390000 0.669667 0.391750 0.677000 0.391250 0.685667 0.389250 0.694000 0.384000 0.696333 0.381750
0 0.650000 0.338000 0.647333 0.340250 0.644667 0.345500 0.644667 0.350250 0.646000 0.356750 0.650333 0.365000 0.654667 0.367000 0.658667 0.366750 0.662000 0.363750 0.664000 0.358000 0.664000 0.350500 0.663000 0.346500 0.662000 0.344750 0.655000 0.338250
0 0.735667 0.383500 0.734000 0.385250 0.733667 0.388750 0.734667 0.393250 0.736333 0.395500 0.747000 0.401750 0.751667 0.403250 0.756000 0.403000 0.757667 0.401250 0.758000 0.399250 0.755667 0.392750 0.752000 0.390000 0.748667 0.386250 0.745333 0.384250 0.741000 0.383000
0 0.736667 0.397500 0.732667 0.400000 0.731333 0.403250 0.731333 0.409000 0.732333 0.412000 0.736667 0.419500 0.739000 0.421500 0.744000 0.423000 0.748000 0.422750 0.750333 0.420750 0.751667 0.417250 0.751667 0.412250 0.750000 0.405250 0.747667 0.402000 0.744667 0.399750
0 0.716000 0.414250 0.713333 0.415000 0.711667 0.417250 0.711333 0.424250 0.712000 0.427500 0.715333 0.432500 0.719000 0.435750 0.722333 0.436750 0.725667 0.436750 0.727333 0.435500 0.728000 0.433000 0.726000 0.421750 0.723000 0.417250 0.720000 0.415250
0 0.697667 0.411500 0.692667 0.414750 0.691667 0.416250 0.691000 0.418750 0.691333 0.426750 0.693000 0.430250 0.696667 0.434000 0.702333 0.434750 0.705000 0.433000 0.706333 0.431000 0.707667 0.426000 0.707667 0.422250 0.705667 0.416500 0.701667 0.412250
0 0.682333 0.439250 0.680333 0.439250 0.677000 0.441250 0.673333 0.446750 0.673333 0.455000 0.674333 0.457250 0.677000 0.459250 0.681333 0.458500 0.684333 0.454000 0.685667 0.447250 0.685333 0.442750 0.684000 0.440250
0 0.646333 0.446000 0.645000 0.447250 0.644667 0.453000 0.645667 0.456250 0.648667 0.461000 0.656667 0.467250 0.662667 0.467250 0.665333 0.465000 0.666667 0.461750 0.666667 0.458500 0.664000 0.453250 0.661000 0.450000 0.655333 0.446000 0.652000 0.445250
0 0.630667 0.439000 0.626333 0.438750 0.624667 0.439500 0.622333 0.441500 0.618333 0.446750 0.617667 0.450000 0.618000 0.453000 0.620667 0.457250 0.622333 0.458500 0.624333 0.458500 0.627333 0.457500 0.632000 0.452250 0.633000 0.448500 0.633000 0.443000 0.632000 0.440000
0 0.610333 0.454250 0.606667 0.456000 0.603667 0.459750 0.602667 0.462250 0.602667 0.467750 0.606333 0.475250 0.610333 0.477250 0.612667 0.477250 0.614667 0.476750 0.617000 0.474250 0.619000 0.465500 0.617667 0.459500 0.615667 0.456250 0.613333 0.454750
0 0.635667 0.458250 0.633333 0.458250 0.629667 0.459750 0.627000 0.461750 0.624667 0.466000 0.623333 0.478250 0.625333 0.482500 0.627667 0.483750 0.632000 0.484000 0.635333 0.483250 0.639000 0.479500 0.641333 0.471250 0.641000 0.463250 0.639000 0.459750
0 0.591667 0.476750 0.587333 0.478000 0.583667 0.483000 0.582333 0.486250 0.581667 0.494750 0.583000 0.498250 0.584667 0.499500 0.589667 0.500750 0.592333 0.500500 0.594000 0.499000 0.597333 0.489250 0.597333 0.485250 0.596000 0.481500 0.594000 0.478000
0 0.548333 0.480750 0.544667 0.480500 0.540000 0.483250 0.537667 0.486750 0.535667 0.492750 0.535667 0.497500 0.537333 0.501000 0.540000 0.502000 0.543000 0.502000 0.545667 0.501000 0.550667 0.493500 0.552000 0.489000 0.552000 0.485500 0.550000 0.481750
0 0.545000 0.512000 0.541333 0.512250 0.538667 0.514000 0.536333 0.517250 0.535000 0.523500 0.535000 0.527250 0.536333 0.532750 0.541000 0.536500 0.544333 0.536000 0.545667 0.535250 0.550000 0.530500 0.552000 0.526000 0.550667 0.517000 0.549333 0.515000
0 0.524000 0.544250 0.524667 0.549250 0.530333 0.553000 0.533000 0.554000 0.539667 0.555000 0.547667 0.555000 0.552667 0.553500 0.553333 0.552500 0.553333 0.548250 0.544667 0.542000 0.536667 0.540500 0.532667 0.540500 0.526000 0.542250
0 0.636000 0.504250 0.633333 0.504250 0.631000 0.505000 0.627000 0.508750 0.626000 0.511250 0.625667 0.517500 0.626333 0.521500 0.630667 0.526250 0.635333 0.525500 0.639000 0.523000 0.640333 0.520500 0.641333 0.515250 0.641333 0.509500 0.639333 0.505500
0 0.632000 0.544250 0.629667 0.545250 0.627667 0.549000 0.627667 0.554750 0.629000 0.560250 0.631667 0.564750 0.635000 0.567750 0.637333 0.568250 0.641333 0.568000 0.644333 0.566250 0.645667 0.563500 0.645667 0.556500 0.642333 0.549000 0.638333 0.545500 0.635333 0.544250
0 0.593000 0.576250 0.590667 0.576500 0.587000 0.578750 0.583000 0.587750 0.583000 0.592750 0.584333 0.595750 0.588667 0.598500 0.591000 0.599000 0.595000 0.597500 0.596667 0.596250 0.599000 0.591750 0.600000 0.587750 0.599333 0.580500 0.595667 0.577000
0 0.583333 0.599500 0.581667 0.600500 0.580333 0.602500 0.580333 0.606750 0.582000 0.611000 0.587667 0.617500 0.592000 0.619500 0.596333 0.619500 0.598667 0.616000 0.598333 0.611250 0.592333 0.603500 0.585333 0.599750
0 0.528667 0.652250 0.528000 0.653750 0.528667 0.656750 0.532333 0.661000 0.535667 0.663000 0.548333 0.666750 0.554000 0.666500 0.559000 0.665500 0.560333 0.664750 0.561333 0.662750 0.560333 0.657750 0.552333 0.652750 0.542000 0.649750 0.537333 0.649250 0.532667 0.649500 0.530333 0.650500
0 0.636667 0.582500 0.634000 0.583000 0.630000 0.587000 0.629000 0.594500 0.630333 0.601500 0.634000 0.607250 0.637667 0.609000 0.640333 0.609000 0.643333 0.608000 0.645667 0.604500 0.647000 0.600750 0.647333 0.594750 0.644667 0.587250 0.639333 0.582750
0 0.685667 0.553500 0.681000 0.553250 0.674333 0.555750 0.666667 0.563750 0.665667 0.566500 0.666000 0.571750 0.669333 0.574750 0.673333 0.574750 0.677333 0.573500 0.682333 0.569000 0.685333 0.564500 0.687333 0.557750 0.687333 0.556000
0 0.684333 0.575000 0.681667 0.575000 0.678333 0.577250 0.675667 0.578250 0.674333 0.579250 0.673000 0.582250 0.672333 0.586500 0.673000 0.594250 0.674000 0.596250 0.678333 0.599000 0.682000 0.599000 0.685667 0.596000 0.687000 0.592750 0.687667 0.589250 0.687667 0.580250 0.686333 0.576250
0 0.701000 0.596250 0.697000 0.598750 0.695667 0.601500 0.694667 0.608000 0.695000 0.614000 0.696667 0.619250 0.698333 0.621250 0.701333 0.623500 0.706000 0.624000 0.709667 0.623000 0.712000 0.620250 0.714000 0.614250 0.713667 0.608000 0.712667 0.603750 0.709333 0.597750 0.705333 0.596250
0 0.709667 0.481000 0.705000 0.481750 0.701333 0.484500 0.697000 0.486500 0.692000 0.494250 0.691333 0.498750 0.693000 0.501000 0.697667 0.501250 0.701333 0.500250 0.709000 0.494500 0.712000 0.490000 0.713000 0.487000 0.712333 0.483250
0 0.697000 0.468500 0.693667 0.468500 0.690333 0.469750 0.688667 0.471500 0.686667 0.478000 0.686667 0.483500 0.687667 0.486500 0.690000 0.489500 0.693667 0.489250 0.696667 0.485750 0.700000 0.483500 0.701667 0.481000 0.702333 0.479000 0.701667 0.472500 0.700333 0.470250
0 0.723000 0.451500 0.720000 0.452250 0.716000 0.455500 0.714333 0.458500 0.713333 0.463500 0.715333 0.471500 0.718000 0.475000 0.721667 0.476500 0.725333 0.476750 0.730000 0.475250 0.732333 0.472000 0.733000 0.469750 0.733000 0.462500 0.732000 0.458750 0.729667 0.454500 0.725333 0.451750
