0 0.452000 0.524500 0.448333 0.525000 0.446333 0.526250 0.443000 0.532750 0.442667 0.537000 0.443333 0.540500 0.445000 0.542750 0.447667 0.544000 0.451000 0.543750 0.452667 0.542750 0.455667 0.537750 0.457000 0.533750 0.456667 0.528000 0.455333 0.526000
0 0.307000 0.359250 0.304667 0.360750 0.301667 0.366250 0.300667 0.369250 0.300667 0.373750 0.301667 0.377750 0.305000 0.382000 0.307333 0.383500 0.310333 0.383750 0.314333 0.380500 0.316333 0.376500 0.317667 0.370000 0.317333 0.365250 0.316333 0.362000 0.314333 0.360000 0.311667 0.359250
0 0.336667 0.401750 0.332667 0.403000 0.329667 0.406000 0.329000 0.407750 0.329000 0.417250 0.329667 0.420000 0.332667 0.423500 0.335000 0.424750 0.339000 0.425250 0.342000 0.424250 0.345667 0.419500 0.346667 0.417000 0.346333 0.408750 0.342667 0.403500 0.340667 0.402250
0 0.402333 0.401750 0.399667 0.401750 0.396667 0.403000 0.394667 0.405250 0.393667 0.407750 0.393333 0.413000 0.394000 0.416000 0.396000 0.419000 0.398333 0.419750 0.401000 0.419750 0.404000 0.417500 0.406000 0.412500 0.406333 0.407250 0.405000 0.403000
0 0.431333 0.403000 0.426667 0.402750 0.424000 0.403750 0.421333 0.407750 0.420333 0.416750 0.421667 0.420500 0.424333 0.421750 0.428333 0.421750 0.432333 0.419500 0.434667 0.415750 0.435333 0.413500 0.435333 0.407750 0.433667 0.404500
0 0.470667 0.409500 0.467667 0.410750 0.463667 0.414750 0.462333 0.419250 0.462333 0.422000 0.463333 0.426750 0.466333 0.431750 0.469667 0.434000 0.472667 0.434250 0.475333 0.433500 0.480000 0.427500 0.481333 0.423250 0.480667 0.415750 0.479000 0.413250 0.474667 0.409750
0 0.455000 0.436500 0.450667 0.436000 0.447000 0.437250 0.443333 0.440000 0.439667 0.445000 0.438667 0.447500 0.438667 0.453750 0.439667 0.456250 0.442667 0.458250 0.447333 0.458500 0.450667 0.457000 0.452333 0.455750 0.457333 0.446750 0.458333 0.443000 0.458000 0.439250
0 0.457000 0.454750 0.456667 0.459250 0.457667 0.460500 0.462333 0.463500 0.467000 0.465250 0.474000 0.466250 0.480000 0.466000 0.483667 0.465000 0.486667 0.463000 0.486333 0.458250 0.483000 0.454750 0.479333 0.453500 0.466000 0.451750 0.462000 0.452250 0.459000 0.453250
0 0.424333 0.461250 0.422333 0.463250 0.422000 0.465250 0.423667 0.475000 0.429667 0.482250 0.432000 0.483250 0.435333 0.483250 0.437333 0.481750 0.438667 0.476500 0.438000 0.471000 0.436333 0.466750 0.433667 0.463250 0.431667 0.461750 0.428667 0.460750
0 0.379667 0.451500 0.377000 0.452750 0.376000 0.454500 0.375667 0.463000 0.376333 0.466750 0.378667 0.471250 0.384000 0.476000 0.389333 0.476500 0.392333 0.474250 0.393667 0.471000 0.392333 0.462500 0.388667 0.454500 0.384667 0.452250
0 0.336667 0.442000 0.332667 0.444000 0.331000 0.446500 0.331000 0.455750 0.332667 0.460000 0.336333 0.464500 0.338667 0.465750 0.342000 0.466500 0.345667 0.464250 0.347000 0.462500 0.348333 0.459000 0.348333 0.454250 0.346000 0.447500 0.342333 0.443000 0.339333 0.442000
0 0.314667 0.430750 0.313000 0.431750 0.311667 0.435000 0.311667 0.439000 0.314000 0.445000 0.318000 0.448500 0.323000 0.449750 0.325333 0.448750 0.326667 0.447250 0.326667 0.439250 0.324333 0.435250 0.319333 0.431000
0 0.432667 0.507750 0.427333 0.507250 0.423667 0.508250 0.420333 0.510250 0.415000 0.516250 0.414000 0.519000 0.413333 0.526000 0.415333 0.529500 0.421000 0.530250 0.424667 0.529250 0.428333 0.526750 0.432000 0.522250 0.435333 0.515000 0.435000 0.510250
0 0.411333 0.514500 0.410000 0.514000 0.404333 0.514500 0.400000 0.516000 0.398000 0.517750 0.392667 0.525750 0.392667 0.530500 0.393667 0.532250 0.395667 0.533750 0.398000 0.533750 0.404333 0.531750 0.408667 0.528500 0.411000 0.525000 0.413000 0.518250 0.412667 0.516000
0 0.450000 0.501000 0.447000 0.501500 0.443333 0.505750 0.442333 0.508500 0.442333 0.513250 0.443667 0.516750 0.447667 0.520000 0.451333 0.520250 0.454333 0.519000 0.456333 0.516750 0.457667 0.514000 0.458000 0.509250 0.456333 0.504750 0.454667 0.502500 0.452333 0.501250
0 0.498333 0.502000 0.494667 0.504500 0.493333 0.506500 0.492333 0.510000 0.492667 0.515250 0.494333 0.520500 0.497667 0.524750 0.500000 0.526250 0.503000 0.526750 0.506667 0.525500 0.509667 0.521000 0.510333 0.518750 0.510000 0.510000 0.505667 0.503500 0.502000 0.502250
0 0.476000 0.524750 0.473333 0.524500 0.469333 0.525750 0.465000 0.529250 0.462333 0.532500 0.461000 0.538750 0.461000 0.543000 0.461667 0.545500 0.463000 0.546750 0.467333 0.547250 0.470333 0.546500 0.473667 0.544500 0.475333 0.542500 0.478000 0.536250 0.479333 0.530750 0.479000 0.528000
0 0.538000 0.540750 0.538000 0.543500 0.539000 0.545750 0.540333 0.546750 0.549000 0.550000 0.555667 0.550750 0.564667 0.550750 0.568333 0.549750 0.569667 0.548250 0.570000 0.544500 0.568667 0.542000 0.560333 0.538000 0.553333 0.537000 0.545667 0.537000 0.540333 0.538500
0 0.454667 0.549500 0.451000 0.549500 0.447667 0.551000 0.442667 0.555750 0.441667 0.558000 0.441000 0.561750 0.442000 0.567500 0.443333 0.569750 0.447333 0.572500 0.450667 0.572500 0.455333 0.570500 0.458333 0.567750 0.460000 0.564750 0.460667 0.561500 0.460333 0.554750 0.459000 0.552250
0 0.411333 0.546750 0.407333 0.546500 0.404333 0.547250 0.402333 0.548750 0.399667 0.552250 0.398333 0.557000 0.398667 0.561500 0.399667 0.564250 0.401333 0.565500 0.403333 0.566000 0.405000 0.565750 0.411667 0.560000 0.413667 0.554000 0.413667 0.549000 0.413000 0.547750
0 0.377333 0.543750 0.375000 0.545250 0.373667 0.548250 0.374000 0.553250 0.376667 0.561500 0.380000 0.563750 0.384667 0.564250 0.387333 0.563250 0.389667 0.560500 0.390000 0.556000 0.388667 0.549750 0.387667 0.548000 0.384667 0.545500 0.381000 0.543750
0 0.412000 0.580250 0.407333 0.580500 0.403667 0.583500 0.400333 0.588250 0.399667 0.590750 0.400000 0.598750 0.400667 0.600250 0.404667 0.602750 0.408000 0.602500 0.411667 0.600250 0.416000 0.591750 0.416667 0.589500 0.416333 0.584000 0.415000 0.582250
0 0.460333 0.579000 0.458333 0.578500 0.452667 0.579750 0.446333 0.584500 0.441000 0.592500 0.441000 0.596750 0.443000 0.599250 0.447000 0.599250 0.450333 0.598000 0.457333 0.592500 0.459333 0.589750 0.461333 0.584250 0.461333 0.580000
0 0.455667 0.598500 0.453333 0.598500 0.447333 0.600750 0.443667 0.604250 0.441333 0.608250 0.440667 0.611250 0.441333 0.619500 0.444667 0.623000 0.448000 0.624250 0.451667 0.624250 0.456000 0.621500 0.460000 0.616250 0.461667 0.608500 0.461000 0.603250 0.460000 0.601250
0 0.442333 0.626750 0.440667 0.628250 0.439333 0.631250 0.440000 0.635500 0.442333 0.639750 0.445333 0.643000 0.451333 0.647000 0.454667 0.648250 0.458667 0.648000 0.460000 0.646750 0.461000 0.643250 0.460333 0.638250 0.458667 0.635000 0.450333 0.627250 0.448000 0.626250
0 0.472000 0.649000 0.469333 0.650500 0.468333 0.653500 0.469667 0.662750 0.471000 0.665000 0.474000 0.667500 0.479000 0.668000 0.481000 0.666500 0.482667 0.662750 0.482667 0.657500 0.479667 0.650750 0.478000 0.649500 0.475333 0.648750
0 0.489667 0.642500 0.486333 0.644750 0.484000 0.650000 0.484333 0.655750 0.486333 0.662250 0.489333 0.666000 0.493000 0.668000 0.495333 0.668000 0.498667 0.666500 0.500667 0.662500 0.501333 0.659000 0.500667 0.651500 0.499000 0.646750 0.496000 0.643750 0.494000 0.642500
0 0.522000 0.635750 0.519667 0.635750 0.516667 0.636750 0.513000 0.642750 0.512667 0.652000 0.513667 0.654250 0.516667 0.655750 0.521667 0.655750 0.524000 0.654250 0.527333 0.647250 0.527667 0.642000 0.526667 0.639250
0 0.516667 0.673750 0.513667 0.674500 0.511000 0.677500 0.510667 0.685250 0.512333 0.690000 0.515000 0.694000 0.517000 0.695750 0.520000 0.695750 0.523000 0.694250 0.525333 0.689500 0.525333 0.682250 0.524000 0.678500 0.522000 0.675500 0.520000 0.674250
0 0.536667 0.678500 0.535333 0.682250 0.537667 0.685500 0.540333 0.687500 0.543333 0.688250 0.549333 0.691000 0.555667 0.692250 0.560333 0.692000 0.562333 0.690750 0.563000 0.688500 0.561333 0.683750 0.556333 0.680000 0.544667 0.676500 0.540667 0.676750
0 0.496667 0.675750 0.494333 0.676500 0.492667 0.678000 0.491333 0.681250 0.491000 0.687750 0.493333 0.694250 0.497667 0.698000 0.499000 0.698250 0.502333 0.697500 0.504333 0.695250 0.506000 0.692000 0.506333 0.688000 0.504667 0.681750 0.500667 0.677250 0.498667 0.675750
0 0.473333 0.693250 0.471000 0.694000 0.467667 0.696500 0.465667 0.700750 0.465667 0.707250 0.467000 0.712500 0.469333 0.716750 0.472000 0.718000 0.476333 0.718250 0.479333 0.717500 0.483000 0.713250 0.484333 0.707500 0.484333 0.701750 0.482333 0.696750 0.478667 0.694250 0.475667 0.693250
0 0.455333 0.682500 0.451667 0.682750 0.447000 0.684750 0.443333 0.688750 0.441667 0.693250 0.441667 0.697500 0.443000 0.699250 0.445333 0.700000 0.449667 0.699500 0.452000 0.698000 0.455333 0.694250 0.457667 0.689750 0.457667 0.685500
0 0.423667 0.704750 0.422667 0.705500 0.421667 0.708000 0.421667 0.713750 0.423000 0.718250 0.431000 0.725000 0.434667 0.726000 0.439667 0.725250 0.442000 0.721500 0.442000 0.719500 0.439000 0.712750 0.435000 0.708000 0.431667 0.705500 0.428333 0.704500
