0 0.490667 0.586500 0.486333 0.587250 0.481333 0.591250 0.477667 0.595500 0.477000 0.600250 0.477333 0.605000 0.478333 0.607000 0.481333 0.608500 0.486333 0.608250 0.489000 0.607000 0.491667 0.604000 0.494000 0.599000 0.496000 0.592000 0.494333 0.588000
0 0.607000 0.243250 0.605667 0.245250 0.605667 0.248750 0.610333 0.257500 0.617000 0.264250 0.618667 0.265000 0.623667 0.264750 0.625000 0.263500 0.626000 0.260250 0.623667 0.250500 0.619667 0.246500 0.615667 0.244000 0.612333 0.243250
0 0.527667 0.268000 0.524333 0.268000 0.521333 0.269000 0.515667 0.274500 0.513667 0.279250 0.513000 0.287750 0.516667 0.294250 0.519333 0.295250 0.522000 0.295250 0.526000 0.293000 0.529000 0.290500 0.531000 0.287000 0.533000 0.275750 0.531333 0.270250 0.529667 0.268500
0 0.477333 0.332000 0.473667 0.334000 0.472000 0.337000 0.472000 0.346000 0.473000 0.349750 0.478000 0.356250 0.482333 0.358250 0.486667 0.358250 0.490000 0.356000 0.491000 0.354500 0.491000 0.344500 0.488333 0.338250 0.482333 0.332250
0 0.546000 0.349750 0.542333 0.351500 0.540333 0.353500 0.539667 0.356250 0.540000 0.365000 0.541333 0.367500 0.545667 0.372250 0.548333 0.373500 0.552667 0.373500 0.554333 0.372500 0.558000 0.365500 0.558333 0.361500 0.557667 0.357750 0.556000 0.354000 0.553333 0.351000 0.549667 0.349750
0 0.567333 0.330500 0.564333 0.332250 0.563000 0.335250 0.562667 0.342750 0.563667 0.346250 0.566333 0.350250 0.571667 0.354750 0.576667 0.354750 0.578667 0.352250 0.579000 0.346500 0.576000 0.337500 0.572667 0.332750 0.569333 0.330500
0 0.587333 0.341250 0.583333 0.342750 0.581000 0.345500 0.580000 0.349250 0.580000 0.355000 0.582667 0.361750 0.584333 0.363000 0.588667 0.364250 0.592000 0.363250 0.593333 0.361750 0.595333 0.356250 0.595667 0.350000 0.594000 0.344750 0.591667 0.342500
0 0.620333 0.343250 0.616333 0.343750 0.612667 0.345750 0.610667 0.349000 0.609667 0.352750 0.609667 0.358250 0.610667 0.361500 0.612000 0.363000 0.615333 0.364500 0.619000 0.364750 0.622333 0.363250 0.624000 0.361500 0.625333 0.358000 0.625667 0.349750 0.624667 0.346000 0.622667 0.343750
0 0.419667 0.339750 0.416333 0.340000 0.414000 0.341500 0.410000 0.345500 0.407667 0.349250 0.406667 0.352750 0.406667 0.358250 0.407333 0.361250 0.409333 0.362750 0.412000 0.363000 0.413667 0.362500 0.418333 0.359750 0.420667 0.357250 0.424000 0.345250 0.422667 0.342000
0 0.364667 0.323750 0.361667 0.324750 0.360333 0.326000 0.358333 0.330500 0.357667 0.334750 0.358000 0.338250 0.360333 0.343500 0.364667 0.346250 0.366000 0.346250 0.370000 0.344750 0.372667 0.342000 0.373333 0.332500 0.372667 0.329500 0.369333 0.325500
0 0.372000 0.349000 0.368333 0.349750 0.365333 0.352000 0.364333 0.354500 0.364333 0.359750 0.368333 0.368750 0.372333 0.371000 0.373667 0.371000 0.377667 0.368250 0.379000 0.365250 0.379333 0.361250 0.377667 0.354000 0.373667 0.349500
0 0.451000 0.365750 0.449000 0.368000 0.449000 0.372000 0.450667 0.376500 0.453667 0.380750 0.462000 0.386250 0.467000 0.386500 0.468667 0.384250 0.469000 0.379000 0.466667 0.372000 0.463667 0.368750 0.460333 0.367000 0.455667 0.365750
0 0.450333 0.383000 0.447333 0.384750 0.446333 0.388000 0.447000 0.390750 0.450333 0.396000 0.454000 0.399500 0.458000 0.401750 0.463000 0.402500 0.466333 0.401250 0.467667 0.397750 0.467333 0.392000 0.466333 0.390250 0.459667 0.384500 0.453667 0.382750
0 0.568667 0.410000 0.566667 0.410750 0.563333 0.414000 0.562333 0.416500 0.562000 0.422500 0.562667 0.428000 0.564667 0.432000 0.567333 0.433750 0.570000 0.434000 0.573333 0.433250 0.575667 0.431750 0.577000 0.430000 0.578333 0.425750 0.577667 0.416000 0.576000 0.412750 0.573333 0.410750
0 0.509333 0.429000 0.505333 0.428750 0.502333 0.429750 0.501000 0.431000 0.499667 0.436250 0.497333 0.439750 0.496000 0.445250 0.496333 0.449750 0.497333 0.451750 0.498333 0.452250 0.501667 0.452750 0.505333 0.451500 0.512000 0.444000 0.513000 0.440000 0.513000 0.432000 0.512333 0.430750
0 0.533667 0.443500 0.528667 0.444250 0.525667 0.446750 0.524000 0.451000 0.523667 0.456750 0.524667 0.462750 0.528667 0.466500 0.530667 0.466500 0.534667 0.464250 0.538667 0.458750 0.539333 0.450500 0.538333 0.447250 0.537000 0.445250
0 0.658333 0.471250 0.654667 0.474250 0.653000 0.477500 0.653000 0.487750 0.653667 0.490500 0.656667 0.494500 0.658333 0.495750 0.663000 0.496250 0.666667 0.494750 0.669333 0.490500 0.670333 0.484000 0.670000 0.479000 0.668333 0.475750 0.665000 0.472750 0.662333 0.471250
0 0.634667 0.514000 0.630667 0.518250 0.629667 0.521750 0.630000 0.526750 0.633667 0.534250 0.635667 0.535500 0.639333 0.536000 0.642333 0.535000 0.644333 0.533250 0.645000 0.525250 0.643333 0.518750 0.641667 0.516250 0.638333 0.513750
0 0.576667 0.485500 0.571000 0.485750 0.567667 0.489000 0.564333 0.494500 0.564333 0.502500 0.566333 0.506250 0.569333 0.507750 0.573000 0.507750 0.576333 0.506000 0.580333 0.498500 0.581000 0.495000 0.580667 0.490250 0.579000 0.487000
0 0.557667 0.513250 0.555667 0.513250 0.552333 0.514500 0.549333 0.516750 0.548333 0.518500 0.546000 0.526000 0.546000 0.530000 0.548000 0.534000 0.550000 0.534750 0.552667 0.535000 0.556333 0.533500 0.560333 0.530750 0.561333 0.529000 0.562333 0.518000 0.560333 0.514000
0 0.524667 0.521750 0.520667 0.524750 0.520333 0.530500 0.521000 0.533000 0.524667 0.540000 0.528667 0.542250 0.532667 0.542000 0.535000 0.540500 0.536000 0.538000 0.535667 0.531750 0.532667 0.525750 0.530000 0.523000 0.526333 0.521750
0 0.505000 0.515000 0.502667 0.515750 0.501000 0.517750 0.500667 0.523000 0.501333 0.526250 0.503333 0.529500 0.507000 0.532750 0.509333 0.533750 0.513333 0.533750 0.514333 0.533250 0.515667 0.530250 0.515667 0.525250 0.514667 0.521500 0.511667 0.517000 0.508333 0.515500
0 0.490333 0.518750 0.486667 0.519000 0.485333 0.520000 0.484000 0.522000 0.480667 0.524750 0.478667 0.529000 0.478667 0.535750 0.481000 0.540500 0.482667 0.542000 0.487000 0.540750 0.490000 0.537750 0.491333 0.535000 0.493000 0.527250 0.493000 0.523500 0.492333 0.521000
0 0.467667 0.518500 0.466000 0.518500 0.462000 0.520500 0.457667 0.528750 0.458333 0.534250 0.460667 0.537750 0.462667 0.539000 0.465333 0.538750 0.467667 0.537750 0.471667 0.532250 0.472667 0.529750 0.473000 0.524750 0.472000 0.521250 0.470333 0.519500
0 0.431000 0.443000 0.429333 0.446500 0.430667 0.451500 0.440667 0.460250 0.447000 0.463750 0.451000 0.463500 0.452333 0.460250 0.452000 0.455250 0.448667 0.450250 0.443667 0.446250 0.439667 0.445250 0.436000 0.443250 0.433333 0.442750
0 0.432000 0.460000 0.431000 0.460500 0.429667 0.463250 0.430000 0.470500 0.432000 0.475750 0.439333 0.483000 0.443000 0.483750 0.448000 0.483250 0.449667 0.482000 0.450667 0.479750 0.450667 0.476500 0.448667 0.470000 0.445333 0.466250 0.444000 0.462750 0.437000 0.459500
0 0.396000 0.443750 0.392000 0.444750 0.388667 0.447750 0.387667 0.450500 0.387667 0.456500 0.388333 0.459750 0.391667 0.466250 0.395000 0.468000 0.397667 0.468250 0.401333 0.467500 0.404333 0.464250 0.405333 0.460500 0.405000 0.450750 0.402667 0.446500 0.400667 0.445000
0 0.455333 0.497500 0.455333 0.501500 0.457333 0.503500 0.458667 0.504000 0.462667 0.503750 0.466333 0.502250 0.466667 0.497500 0.463667 0.495500 0.458667 0.495250
0 0.416667 0.496250 0.414333 0.497750 0.412333 0.502750 0.412333 0.507000 0.413667 0.513250 0.415333 0.516250 0.417667 0.518500 0.422667 0.522000 0.424667 0.522250 0.428333 0.520750 0.430000 0.517750 0.430667 0.510000 0.429333 0.503500 0.428333 0.501000 0.424333 0.497250 0.420667 0.496000
0 0.395667 0.514250 0.392000 0.515750 0.390333 0.518500 0.388667 0.525750 0.389000 0.529750 0.392333 0.537250 0.396000 0.539500 0.401333 0.540000 0.403667 0.539250 0.406000 0.536500 0.407000 0.530750 0.406667 0.523500 0.404333 0.516750 0.400667 0.514750
0 0.419000 0.539000 0.415000 0.541250 0.413333 0.544500 0.413000 0.554000 0.413333 0.556750 0.415333 0.561250 0.418000 0.562500 0.420667 0.562750 0.423333 0.561750 0.426000 0.558750 0.427667 0.554000 0.428000 0.547750 0.427333 0.544250 0.425333 0.540500 0.422667 0.539250
0 0.509667 0.548750 0.505000 0.550500 0.502333 0.553000 0.500667 0.555750 0.500333 0.561500 0.501333 0.568250 0.502333 0.569750 0.505000 0.571000 0.507333 0.571000 0.511000 0.570000 0.513333 0.568000 0.514333 0.565500 0.515000 0.561500 0.514667 0.553500 0.513333 0.551000
0 0.571333 0.572000 0.568333 0.573000 0.565000 0.576250 0.563667 0.580000 0.563667 0.589250 0.564667 0.592500 0.566667 0.595250 0.570333 0.597250 0.573667 0.597500 0.576667 0.596500 0.581000 0.592250 0.582000 0.589000 0.582000 0.582250 0.581333 0.579250 0.577333 0.573500 0.576000 0.572500
0 0.335667 0.520000 0.333667 0.520000 0.329667 0.522250 0.326667 0.525750 0.324667 0.531750 0.325333 0.538000 0.328333 0.542250 0.329667 0.543250 0.332667 0.544000 0.335667 0.543250 0.341333 0.538000 0.342333 0.534500 0.342667 0.528500 0.341667 0.523750 0.338667 0.520750
0 0.291667 0.535750 0.287000 0.535750 0.283000 0.537500 0.279000 0.540500 0.274667 0.546750 0.273667 0.550250 0.274333 0.557000 0.275667 0.558500 0.279333 0.560500 0.283333 0.560250 0.286000 0.558750 0.291333 0.553250 0.294000 0.549500 0.295667 0.544500 0.295667 0.540750 0.294667 0.537750
0 0.376000 0.557000 0.372667 0.558250 0.370667 0.560250 0.369333 0.564000 0.369667 0.569000 0.371667 0.574500 0.375667 0.580250 0.377333 0.581250 0.381333 0.581250 0.382667 0.580250 0.385333 0.576000 0.386333 0.572750 0.385333 0.564750 0.381333 0.558500 0.377667 0.557000
0 0.423667 0.579500 0.420333 0.577250 0.413667 0.576750 0.396667 0.579250 0.393000 0.581000 0.391667 0.582250 0.391000 0.584750 0.392333 0.587250 0.395333 0.588750 0.402667 0.589750 0.408333 0.589250 0.420333 0.585000 0.423333 0.582000
0 0.462667 0.587000 0.455667 0.587500 0.454333 0.588500 0.452667 0.591750 0.452333 0.600000 0.453333 0.605250 0.454667 0.608250 0.458333 0.610500 0.463667 0.609500 0.466333 0.607500 0.468333 0.603000 0.468667 0.596500 0.467667 0.592750 0.465000 0.588250
0 0.496000 0.599250 0.496333 0.603500 0.497333 0.604750 0.505333 0.607000 0.516333 0.606500 0.521333 0.604750 0.523000 0.603000 0.523333 0.599500 0.521667 0.597000 0.519000 0.595750 0.514667 0.594750 0.508667 0.594500 0.498333 0.595500
0 0.552333 0.614750 0.549000 0.615750 0.545667 0.619500 0.544667 0.623250 0.544667 0.627500 0.546667 0.634500 0.549333 0.638250 0.552667 0.640250 0.556333 0.640250 0.560000 0.638500 0.561667 0.635750 0.562667 0.629500 0.562333 0.624000 0.560667 0.618250 0.556667 0.615750
0 0.516333 0.619500 0.515333 0.621750 0.515333 0.624250 0.516667 0.627500 0.523000 0.631750 0.529333 0.633500 0.535000 0.633500 0.538333 0.632250 0.539000 0.631000 0.539000 0.627500 0.538000 0.625250 0.529000 0.619500 0.524000 0.618000 0.519667 0.618000
0 0.470667 0.620750 0.469000 0.621500 0.464333 0.625750 0.463000 0.628750 0.463333 0.635250 0.466000 0.642250 0.467333 0.643500 0.471333 0.643750 0.473333 0.642250 0.475000 0.636500 0.474667 0.625250 0.473333 0.622750
0 0.420000 0.609750 0.418000 0.610750 0.415667 0.614250 0.415000 0.617500 0.415333 0.622750 0.419000 0.628500 0.421333 0.629500 0.424333 0.629750 0.427000 0.628750 0.429000 0.626500 0.430000 0.623500 0.429667 0.616000 0.428333 0.612750 0.426333 0.610750 0.424000 0.609750
0 0.380333 0.612500 0.377333 0.612500 0.376000 0.613500 0.372333 0.619000 0.371667 0.630750 0.373333 0.632500 0.377333 0.632500 0.379000 0.631750 0.382000 0.627750 0.382667 0.617250 0.382000 0.614250
0 0.330000 0.603000 0.326333 0.605250 0.324667 0.607750 0.323333 0.613250 0.323667 0.619250 0.325667 0.624250 0.329333 0.627250 0.331000 0.627750 0.335333 0.627750 0.340000 0.626000 0.342333 0.622750 0.342667 0.616000 0.342000 0.611000 0.340000 0.607000 0.337000 0.604250 0.334667 0.603000
0 0.396333 0.634750 0.393000 0.636500 0.391667 0.638250 0.391000 0.643750 0.392000 0.651000 0.394000 0.654500 0.396667 0.656750 0.399667 0.658250 0.404000 0.658750 0.408000 0.655250 0.409333 0.652500 0.409667 0.646250 0.409000 0.643000 0.405000 0.637250 0.403333 0.636000 0.400333 0.634750
0 0.420000 0.642750 0.416333 0.644500 0.415000 0.646250 0.414333 0.649250 0.415000 0.655750 0.419333 0.662750 0.423667 0.665500 0.426667 0.666500 0.429000 0.666500 0.432333 0.665250 0.434333 0.661500 0.434333 0.655500 0.433000 0.650500 0.427667 0.644750
0 0.490667 0.674000 0.489333 0.674000 0.485667 0.675750 0.481667 0.681000 0.481000 0.684250 0.481000 0.689250 0.482000 0.693000 0.486000 0.697000 0.489000 0.697750 0.490667 0.697500 0.495000 0.694500 0.497667 0.688750 0.497667 0.681250 0.495333 0.677000
0 0.535000 0.665500 0.532333 0.666500 0.528333 0.673250 0.528333 0.675750 0.532000 0.686500 0.533667 0.687750 0.537333 0.688500 0.541333 0.686750 0.542667 0.685000 0.543667 0.682000 0.543333 0.674000 0.542000 0.670500 0.537333 0.665500
0 0.572667 0.677000 0.571333 0.678000 0.570333 0.682000 0.571667 0.688250 0.575667 0.693750 0.580333 0.698000 0.584333 0.699000 0.586667 0.697750 0.588333 0.694250 0.588333 0.689250 0.584333 0.682250 0.577333 0.677000
0 0.568000 0.654500 0.566667 0.657500 0.567333 0.661250 0.571333 0.666500 0.578667 0.671750 0.582333 0.672500 0.585000 0.672500 0.586667 0.671750 0.588333 0.670250 0.588333 0.666500 0.583333 0.658500 0.575667 0.654250 0.571000 0.653750
0 0.381000 0.663500 0.377333 0.664750 0.375333 0.667000 0.374667 0.669000 0.375333 0.678000 0.377000 0.681750 0.379667 0.685250 0.384000 0.688250 0.389333 0.689000 0.394333 0.685250 0.395000 0.682750 0.394333 0.673250 0.389333 0.665500 0.385333 0.663750
0 0.294667 0.675250 0.290000 0.677750 0.288333 0.680250 0.287333 0.683000 0.287000 0.688000 0.289333 0.694500 0.290333 0.695500 0.295333 0.696750 0.298333 0.695500 0.301000 0.693000 0.302667 0.689000 0.303000 0.683250 0.302333 0.680500 0.300000 0.677250 0.298667 0.676250
0 0.314000 0.732000 0.310667 0.734500 0.309667 0.736000 0.309000 0.739500 0.309667 0.747500 0.310667 0.749500 0.314333 0.751750 0.318667 0.751750 0.321667 0.749750 0.322667 0.748250 0.323000 0.742000 0.319333 0.733500 0.317333 0.732250
