0 0.586000 0.490750 0.583333 0.490750 0.579000 0.493500 0.576333 0.498250 0.574333 0.500250 0.573000 0.506250 0.575333 0.508750 0.580667 0.508500 0.584667 0.505000 0.588333 0.496750 0.588333 0.493000 0.587667 0.491750
0 0.581000 0.471750 0.576333 0.472500 0.571333 0.475500 0.568333 0.478750 0.564667 0.485500 0.564667 0.490750 0.566000 0.493500 0.568333 0.495500 0.571667 0.496750 0.574000 0.496500 0.576667 0.495250 0.578667 0.492250 0.584667 0.486500 0.586000 0.482500 0.585333 0.475000 0.584667 0.473500
0 0.591333 0.469000 0.588667 0.470500 0.587333 0.473500 0.588667 0.482250 0.594000 0.491250 0.595333 0.492000 0.599333 0.492000 0.601333 0.490750 0.604000 0.486750 0.603333 0.477500 0.599333 0.470000 0.596000 0.469000
0 0.589333 0.451500 0.590000 0.455750 0.593667 0.458250 0.599667 0.459500 0.608333 0.459500 0.616333 0.457750 0.621000 0.455250 0.622333 0.452000 0.622000 0.450000 0.619667 0.447000 0.609000 0.445750 0.602667 0.445750 0.595333 0.446750 0.590333 0.450000
0 0.556333 0.422500 0.553333 0.424250 0.550000 0.430250 0.550000 0.439000 0.550667 0.441250 0.553333 0.444500 0.555667 0.445750 0.560333 0.446750 0.565333 0.443250 0.567667 0.435500 0.567333 0.431250 0.563333 0.424000 0.560667 0.422500
0 0.544333 0.444750 0.541667 0.447250 0.541667 0.451250 0.546667 0.460500 0.548667 0.462250 0.555000 0.464750 0.558333 0.464750 0.561000 0.464000 0.562333 0.460750 0.562333 0.457000 0.561333 0.453000 0.558667 0.449000 0.554667 0.446250 0.549333 0.444500
0 0.528000 0.455500 0.525333 0.457000 0.524333 0.459000 0.524000 0.464500 0.524667 0.467500 0.532333 0.475500 0.537000 0.475500 0.538333 0.474500 0.539667 0.471500 0.539333 0.466250 0.538000 0.462000 0.533667 0.457750 0.530000 0.455500
0 0.513667 0.448500 0.509667 0.449250 0.508000 0.450750 0.505333 0.454500 0.503333 0.461250 0.503333 0.464500 0.504333 0.468000 0.506000 0.470000 0.509667 0.472250 0.513333 0.472250 0.515333 0.471250 0.518333 0.467750 0.520000 0.463000 0.520000 0.455000 0.518000 0.451000
0 0.500667 0.419500 0.498667 0.422500 0.498667 0.425000 0.500000 0.427750 0.510000 0.434000 0.516667 0.435750 0.521333 0.435750 0.522667 0.435250 0.524000 0.433500 0.524333 0.431250 0.522333 0.428000 0.518000 0.424000 0.513333 0.421750 0.505667 0.420250 0.502667 0.419000
0 0.493667 0.406500 0.489667 0.406000 0.486000 0.406750 0.484333 0.408000 0.481667 0.413000 0.481000 0.415250 0.481667 0.422000 0.482667 0.424250 0.485667 0.427500 0.490000 0.426750 0.492667 0.424500 0.495667 0.420000 0.496667 0.416000 0.496667 0.411250 0.496000 0.408500
0 0.510333 0.395750 0.506000 0.396250 0.502333 0.398750 0.501333 0.400000 0.500333 0.403750 0.500000 0.410250 0.500667 0.415250 0.503000 0.417750 0.506333 0.418750 0.510333 0.418500 0.513000 0.417000 0.515333 0.412000 0.515333 0.400250 0.513333 0.397000
0 0.555333 0.571500 0.552333 0.572250 0.548667 0.576250 0.547667 0.579750 0.548000 0.586500 0.549667 0.591250 0.552667 0.595000 0.556000 0.597000 0.558667 0.597000 0.561333 0.596250 0.564667 0.592250 0.565667 0.588500 0.565000 0.580500 0.561000 0.573750 0.558000 0.571750
0 0.537667 0.611500 0.534333 0.611750 0.531667 0.613750 0.528333 0.618250 0.525667 0.626500 0.526333 0.635000 0.529667 0.638000 0.532667 0.637750 0.536667 0.635500 0.540333 0.631250 0.542333 0.627250 0.542667 0.619500 0.541000 0.614500
0 0.513333 0.616000 0.509667 0.616500 0.506667 0.618750 0.504000 0.625250 0.504667 0.635000 0.507333 0.639500 0.510000 0.640750 0.514000 0.640250 0.517333 0.638250 0.519333 0.633250 0.520000 0.628250 0.519333 0.622250 0.517333 0.618500
0 0.263000 0.554250 0.261000 0.556750 0.261333 0.560250 0.263000 0.564250 0.266333 0.568500 0.274333 0.573000 0.279000 0.573000 0.280333 0.571500 0.281000 0.567750 0.280333 0.563750 0.278667 0.560500 0.272000 0.555250 0.267667 0.554250
0 0.291000 0.578750 0.287333 0.579500 0.283667 0.584000 0.282667 0.588000 0.283333 0.593750 0.285333 0.599500 0.289667 0.604500 0.292333 0.605750 0.296667 0.606000 0.299333 0.605250 0.302333 0.602000 0.304000 0.596000 0.303667 0.591500 0.302667 0.588000 0.298667 0.582250 0.295333 0.579500
0 0.319000 0.607500 0.314667 0.608750 0.312667 0.610500 0.309000 0.619500 0.309667 0.627750 0.312667 0.631500 0.314333 0.632250 0.319000 0.632000 0.324333 0.627500 0.326333 0.623750 0.326667 0.617250 0.325333 0.610750 0.323000 0.608500
0 0.291000 0.710500 0.288667 0.712500 0.287667 0.716000 0.287667 0.721000 0.289000 0.725500 0.291000 0.729000 0.294333 0.731500 0.297000 0.732250 0.299667 0.732250 0.302333 0.731500 0.304667 0.728750 0.305333 0.719750 0.304333 0.716250 0.303000 0.714500 0.298667 0.711500 0.295667 0.710250
0 0.385000 0.657000 0.381000 0.657500 0.377667 0.659250 0.375333 0.664500 0.375333 0.672750 0.376000 0.675750 0.377333 0.678500 0.380667 0.681000 0.385333 0.681000 0.388333 0.679750 0.390667 0.677250 0.391667 0.673250 0.392000 0.665250 0.391000 0.661250 0.389333 0.658250
0 0.410000 0.679000 0.407333 0.679250 0.403667 0.681500 0.400333 0.688500 0.400333 0.694250 0.401333 0.697750 0.403333 0.700500 0.407000 0.702000 0.408667 0.702000 0.412333 0.700000 0.413667 0.698000 0.415667 0.690750 0.415333 0.685250 0.413667 0.681000 0.412667 0.679750
0 0.448333 0.409750 0.446333 0.409750 0.444333 0.410500 0.440000 0.414000 0.438667 0.416250 0.438000 0.420750 0.438333 0.430500 0.439333 0.432750 0.442333 0.434500 0.444333 0.434500 0.448000 0.433000 0.451333 0.430250 0.453000 0.427250 0.454000 0.421000 0.453667 0.415250 0.451667 0.411250
0 0.466667 0.455250 0.463000 0.455500 0.461667 0.456500 0.457333 0.463000 0.457333 0.470750 0.458667 0.473000 0.462333 0.475250 0.464667 0.475000 0.467000 0.473750 0.470333 0.466250 0.470000 0.459500 0.468333 0.456500
0 0.646667 0.557750 0.642000 0.557750 0.639333 0.559000 0.637333 0.560750 0.635333 0.564500 0.635000 0.570000 0.636667 0.575750 0.639333 0.578500 0.642667 0.579500 0.646333 0.579000 0.648000 0.578000 0.651667 0.572250 0.651667 0.563750 0.650000 0.560750
0 0.447000 0.441000 0.445000 0.442250 0.442333 0.445750 0.441333 0.452000 0.442333 0.455000 0.443667 0.456250 0.446667 0.457500 0.449000 0.457500 0.451667 0.456750 0.452667 0.455500 0.453000 0.446250 0.451667 0.442500 0.450333 0.441500
0 0.528667 0.718500 0.525667 0.719750 0.524667 0.721250 0.523667 0.725250 0.524000 0.732250 0.528000 0.738250 0.529667 0.739250 0.533333 0.740000 0.536667 0.738750 0.538000 0.737250 0.539000 0.730000 0.538667 0.726500 0.536000 0.721250 0.534333 0.720000
0 0.440333 0.595250 0.438667 0.596250 0.437667 0.598750 0.437667 0.605000 0.439000 0.609750 0.440667 0.612250 0.446000 0.615750 0.451000 0.616000 0.454000 0.614000 0.455667 0.611250 0.456000 0.607250 0.455000 0.603000 0.451667 0.598250 0.448333 0.596000 0.444333 0.595000
0 0.424333 0.569000 0.419000 0.570500 0.416667 0.573250 0.415000 0.578000 0.414667 0.581250 0.415667 0.587750 0.418667 0.591250 0.420333 0.592000 0.423667 0.591500 0.426667 0.589750 0.428333 0.587750 0.430000 0.583500 0.430333 0.575500 0.429667 0.572500 0.428333 0.570250
0 0.379667 0.569750 0.375333 0.571750 0.373333 0.575500 0.372667 0.584500 0.376000 0.592500 0.380333 0.594500 0.385333 0.594500 0.388000 0.593500 0.390000 0.591000 0.391000 0.585250 0.390333 0.577250 0.388333 0.573000 0.386000 0.571000 0.382000 0.569750
0 0.399333 0.516750 0.397000 0.517500 0.394333 0.520500 0.392333 0.525250 0.392333 0.529750 0.393000 0.533250 0.395000 0.537500 0.399667 0.540750 0.401333 0.541000 0.404667 0.540000 0.407667 0.536500 0.409667 0.531000 0.409667 0.525750 0.408667 0.522500 0.405667 0.517750 0.404333 0.517000
0 0.420000 0.483250 0.416667 0.484750 0.415000 0.486250 0.412667 0.493750 0.412667 0.499500 0.415333 0.506500 0.419667 0.509250 0.423667 0.510000 0.428333 0.507500 0.430333 0.504250 0.432333 0.498500 0.432333 0.492750 0.431667 0.490000 0.429000 0.485250 0.427333 0.484000 0.424667 0.483250
0 0.442333 0.504250 0.438667 0.506000 0.436667 0.509750 0.436667 0.514250 0.438667 0.522750 0.441000 0.526500 0.444000 0.529250 0.448000 0.529750 0.450667 0.528250 0.452000 0.526250 0.453000 0.521750 0.453000 0.517500 0.452000 0.513250 0.450000 0.509250 0.444333 0.504500
0 0.502333 0.503500 0.500667 0.504500 0.496667 0.509750 0.496333 0.514250 0.497000 0.518250 0.502333 0.528500 0.506000 0.530250 0.510667 0.530250 0.513333 0.529000 0.515000 0.525750 0.515333 0.516250 0.514667 0.512750 0.512667 0.509000 0.505667 0.503750
0 0.532667 0.501750 0.529333 0.503750 0.526333 0.509000 0.526333 0.512000 0.528667 0.518250 0.532667 0.521750 0.534000 0.521750 0.538000 0.519250 0.540667 0.513750 0.541000 0.509000 0.538000 0.503250 0.536667 0.502250
0 0.537333 0.527500 0.533667 0.528000 0.532000 0.529000 0.528667 0.532250 0.525667 0.536500 0.524667 0.539250 0.524667 0.542500 0.528000 0.549500 0.530000 0.550750 0.532667 0.551000 0.535333 0.549750 0.537000 0.548250 0.538000 0.545750 0.539000 0.538750 0.541667 0.533500 0.541667 0.529750 0.540333 0.528500
0 0.561667 0.527750 0.556000 0.527750 0.548333 0.530500 0.544667 0.533000 0.543667 0.534750 0.540667 0.537250 0.538667 0.541250 0.539333 0.544500 0.540667 0.546250 0.544333 0.547500 0.548667 0.547250 0.554000 0.545500 0.560333 0.541500 0.564333 0.534250 0.564000 0.529750
0 0.572667 0.510250 0.571000 0.514000 0.571333 0.518500 0.572333 0.521250 0.577000 0.526500 0.579667 0.527750 0.583667 0.527250 0.585000 0.526250 0.586000 0.522500 0.585000 0.515750 0.580667 0.511250 0.577000 0.509750
