0 0.532667 0.329000 0.530333 0.330500 0.529000 0.333000 0.529333 0.337750 0.531667 0.343750 0.535000 0.348000 0.544667 0.350750 0.550000 0.345750 0.550333 0.340500 0.549667 0.337500 0.544333 0.330500 0.540000 0.329000
0 0.536667 0.348250 0.533000 0.350750 0.531333 0.354250 0.531000 0.359000 0.532000 0.368000 0.533333 0.371000 0.536667 0.374000 0.542667 0.374500 0.545667 0.373250 0.547333 0.369250 0.547333 0.357500 0.544667 0.351500 0.539333 0.348750
0 0.641667 0.329750 0.639000 0.331000 0.637667 0.333750 0.637333 0.338500 0.638333 0.342000 0.641667 0.347500 0.644333 0.349750 0.649333 0.352000 0.654333 0.352500 0.658000 0.350000 0.659000 0.347000 0.659000 0.342500 0.656667 0.337250 0.648333 0.331000 0.646000 0.330000
0 0.582000 0.407500 0.579333 0.407500 0.576333 0.409000 0.573333 0.415250 0.573000 0.420750 0.574333 0.427500 0.575667 0.429750 0.579333 0.431750 0.580667 0.431500 0.584667 0.428500 0.588667 0.418500 0.588333 0.411250 0.585333 0.408250
0 0.634667 0.408500 0.629667 0.408500 0.626333 0.411000 0.625000 0.413500 0.622333 0.416250 0.619667 0.422250 0.620333 0.427500 0.622333 0.430000 0.623667 0.430250 0.627333 0.428250 0.631667 0.424500 0.635000 0.418250 0.636333 0.414000 0.636333 0.411250
0 0.619667 0.438250 0.620000 0.439750 0.625333 0.443000 0.631000 0.444500 0.638333 0.445250 0.645333 0.444750 0.649333 0.443750 0.651333 0.442750 0.653333 0.439750 0.652333 0.436000 0.651000 0.435000 0.639667 0.432750 0.632333 0.432750 0.625000 0.433750 0.620667 0.436250
0 0.666667 0.447250 0.664000 0.446750 0.659333 0.447000 0.650333 0.449750 0.646667 0.451750 0.641667 0.453250 0.639667 0.455500 0.638333 0.463250 0.639333 0.464750 0.641333 0.466000 0.647333 0.466750 0.654000 0.465500 0.658333 0.463750 0.663000 0.460500 0.668333 0.454000 0.669333 0.450500
0 0.636000 0.453500 0.634000 0.453250 0.627000 0.455000 0.623333 0.457500 0.618667 0.462000 0.615667 0.469500 0.616000 0.473750 0.617667 0.475500 0.619000 0.476000 0.623667 0.475500 0.629667 0.470750 0.633333 0.466750 0.637333 0.459500 0.637667 0.455250
0 0.678333 0.466500 0.673333 0.466250 0.665333 0.470750 0.661333 0.477750 0.661667 0.481750 0.663333 0.483750 0.665333 0.484500 0.669667 0.484000 0.677000 0.478750 0.680667 0.472000 0.680667 0.469750
0 0.677333 0.484250 0.673000 0.484000 0.668000 0.485500 0.666000 0.487000 0.664667 0.489500 0.663667 0.494000 0.664000 0.502000 0.665333 0.505500 0.669333 0.507500 0.673667 0.507500 0.677333 0.505000 0.678667 0.503500 0.680667 0.498750 0.681333 0.490750 0.679667 0.486500
0 0.701333 0.483750 0.697333 0.484000 0.693667 0.485750 0.687667 0.493250 0.686333 0.503250 0.687000 0.506250 0.689000 0.507750 0.694000 0.507750 0.697333 0.506500 0.702000 0.502500 0.705000 0.495500 0.705667 0.490250 0.704333 0.486250
0 0.735333 0.470000 0.731667 0.471500 0.728667 0.475250 0.727667 0.482750 0.732000 0.489500 0.734667 0.491250 0.737333 0.491500 0.741000 0.489750 0.742333 0.487500 0.743333 0.483750 0.743333 0.478750 0.742333 0.474750 0.740333 0.471000
0 0.713000 0.466000 0.708000 0.469500 0.707333 0.471000 0.707000 0.475500 0.708333 0.481750 0.711000 0.486250 0.713000 0.488000 0.717000 0.489000 0.721333 0.488750 0.723667 0.487750 0.725333 0.486000 0.725667 0.476250 0.725000 0.473500 0.723000 0.470000 0.717667 0.466250
0 0.810333 0.465750 0.806333 0.465750 0.800000 0.470500 0.798000 0.474000 0.797000 0.478500 0.797667 0.485500 0.799000 0.489000 0.802000 0.492000 0.806667 0.493000 0.810667 0.492500 0.813000 0.490750 0.815333 0.487000 0.816000 0.483750 0.816000 0.474250 0.815333 0.471000
0 0.653667 0.507500 0.649667 0.509000 0.648667 0.510500 0.646333 0.517250 0.646333 0.521750 0.647333 0.525500 0.649000 0.527500 0.651333 0.528750 0.655333 0.529250 0.658000 0.528250 0.660333 0.525750 0.662333 0.517000 0.660333 0.512500 0.656000 0.508000
0 0.682333 0.532500 0.679667 0.532500 0.675333 0.533500 0.669333 0.539250 0.666333 0.544750 0.667333 0.548000 0.669000 0.549750 0.673333 0.550250 0.675667 0.549500 0.681000 0.545000 0.683333 0.541250 0.684667 0.537000 0.683667 0.533500
0 0.625000 0.563750 0.622667 0.565000 0.621000 0.568500 0.621000 0.574000 0.622333 0.578250 0.626000 0.584750 0.631333 0.588500 0.635333 0.589250 0.638000 0.587750 0.639667 0.583750 0.639667 0.577000 0.638667 0.572250 0.635333 0.567500 0.631333 0.564000 0.628000 0.563500
0 0.646667 0.550750 0.642667 0.553250 0.641333 0.556000 0.642000 0.566500 0.643667 0.569750 0.648667 0.574500 0.650333 0.575250 0.654333 0.575500 0.657333 0.573750 0.659000 0.570750 0.659667 0.566250 0.659000 0.561000 0.657333 0.556500 0.655333 0.554000 0.651000 0.551250
0 0.599667 0.548250 0.598333 0.550500 0.598000 0.553750 0.599333 0.558000 0.602333 0.562750 0.610667 0.569000 0.616000 0.569250 0.618000 0.565750 0.618000 0.561000 0.616000 0.555750 0.608000 0.548000 0.602667 0.547500
0 0.587333 0.516500 0.583333 0.516750 0.581333 0.518000 0.579667 0.520250 0.578000 0.525000 0.578000 0.529250 0.579333 0.532750 0.583333 0.536750 0.585333 0.536750 0.588000 0.535750 0.590667 0.533750 0.592667 0.529250 0.592333 0.520750 0.590667 0.518000
0 0.561333 0.513750 0.560000 0.513000 0.554000 0.512250 0.545000 0.512250 0.535333 0.514500 0.532667 0.516000 0.531667 0.517750 0.531667 0.522500 0.532333 0.523750 0.536000 0.526000 0.539000 0.526500 0.543333 0.526500 0.553000 0.525000 0.561000 0.521250 0.562667 0.518250 0.562667 0.516500
0 0.513667 0.504000 0.511333 0.506000 0.509333 0.509000 0.509333 0.519750 0.510000 0.522250 0.512667 0.525750 0.515333 0.527250 0.518667 0.527500 0.521333 0.526750 0.523000 0.524750 0.524333 0.519500 0.524333 0.513750 0.522667 0.508750 0.519333 0.505250 0.517333 0.504000
0 0.516667 0.554750 0.512667 0.556250 0.509333 0.560500 0.508333 0.572000 0.509667 0.576000 0.513667 0.580250 0.516000 0.581500 0.518667 0.581500 0.522000 0.580500 0.525667 0.575500 0.526667 0.573000 0.527000 0.563500 0.526000 0.559750 0.523333 0.556000 0.521333 0.555000
0 0.481667 0.540250 0.481000 0.545250 0.482000 0.547750 0.485667 0.553250 0.493333 0.559750 0.498333 0.561750 0.500667 0.562250 0.506000 0.561750 0.507000 0.560500 0.507333 0.556750 0.506667 0.554500 0.503333 0.549250 0.491000 0.540250 0.487000 0.539250
0 0.510667 0.578500 0.509000 0.578500 0.503333 0.580000 0.498333 0.583750 0.490667 0.587000 0.487000 0.591250 0.486667 0.596000 0.488333 0.596500 0.495333 0.596250 0.505000 0.592250 0.513333 0.584250 0.513333 0.580250
0 0.536000 0.607500 0.533667 0.608250 0.531000 0.611250 0.528000 0.618500 0.528000 0.623000 0.532333 0.632500 0.534000 0.633750 0.537000 0.634500 0.541333 0.631250 0.544333 0.627000 0.545333 0.619500 0.544667 0.615000 0.543000 0.611000 0.538000 0.607750
0 0.559667 0.619500 0.556333 0.620750 0.554333 0.622750 0.552667 0.626250 0.552333 0.631250 0.553000 0.635000 0.556000 0.640750 0.560000 0.642750 0.562333 0.642750 0.565000 0.642000 0.568667 0.638250 0.569333 0.636000 0.569333 0.628500 0.568667 0.626000 0.565333 0.622000 0.561000 0.619500
0 0.632000 0.609250 0.627000 0.609750 0.624333 0.611500 0.622000 0.614750 0.620333 0.619000 0.620333 0.623500 0.621667 0.628000 0.624000 0.631250 0.627333 0.633250 0.631667 0.632000 0.636667 0.626000 0.638000 0.622250 0.638000 0.618500 0.636333 0.611500 0.634333 0.609750
0 0.646000 0.591000 0.644667 0.592000 0.643333 0.594750 0.643667 0.600250 0.645667 0.605750 0.650000 0.613000 0.654333 0.615500 0.658667 0.615750 0.661000 0.613750 0.662667 0.610250 0.663333 0.603750 0.662333 0.600500 0.659000 0.595500 0.653667 0.591500 0.651333 0.590750
0 0.720667 0.607250 0.717333 0.607250 0.712333 0.610750 0.710667 0.615500 0.710333 0.620750 0.711333 0.627000 0.713333 0.630500 0.716667 0.632500 0.720667 0.632250 0.722667 0.631000 0.725333 0.628000 0.727000 0.622500 0.727333 0.617750 0.726000 0.611500 0.724333 0.609000
0 0.636000 0.643750 0.634333 0.643250 0.630667 0.643500 0.627333 0.644750 0.618000 0.653000 0.616667 0.656750 0.616667 0.662250 0.619000 0.665500 0.623000 0.666000 0.627333 0.664250 0.630333 0.662000 0.636667 0.654000 0.638667 0.648500 0.638333 0.645250
0 0.587000 0.662750 0.583333 0.663750 0.580333 0.666500 0.579000 0.670750 0.579333 0.678750 0.581333 0.682500 0.585000 0.686000 0.587000 0.686750 0.591667 0.686750 0.594000 0.685250 0.595333 0.682000 0.595333 0.674000 0.592333 0.664750 0.591000 0.663750
0 0.534000 0.661500 0.532667 0.662500 0.531667 0.665000 0.531667 0.669750 0.533333 0.675000 0.536333 0.679750 0.540000 0.684250 0.543000 0.686000 0.548667 0.687250 0.553333 0.687000 0.554667 0.685250 0.555000 0.680750 0.552333 0.673000 0.544333 0.663750 0.538000 0.661000
0 0.557333 0.704500 0.554000 0.703000 0.549667 0.702500 0.542333 0.703000 0.538000 0.704000 0.534333 0.706000 0.532333 0.708500 0.532667 0.712750 0.535667 0.715000 0.539667 0.716000 0.546333 0.716000 0.552333 0.714750 0.555000 0.713250 0.557667 0.710500 0.558000 0.706250
0 0.440333 0.621750 0.438333 0.622750 0.435667 0.627000 0.435333 0.630750 0.437667 0.638750 0.439667 0.642250 0.442333 0.644750 0.446000 0.646250 0.448667 0.646250 0.452000 0.644500 0.453000 0.642000 0.453333 0.633750 0.452000 0.628000 0.450667 0.625750 0.444000 0.621750
