0 0.494000 0.330250 0.488667 0.333500 0.485667 0.337000 0.485333 0.346500 0.486333 0.350500 0.489000 0.354250 0.493000 0.356250 0.498000 0.356250 0.500333 0.354250 0.502667 0.350000 0.503333 0.346000 0.503000 0.338250 0.498667 0.331500
0 0.506000 0.360750 0.504333 0.362500 0.503000 0.365750 0.503000 0.370250 0.505000 0.376500 0.509000 0.382250 0.514000 0.385750 0.517333 0.387000 0.521000 0.387000 0.523333 0.385250 0.525000 0.379750 0.525000 0.376250 0.522333 0.369250 0.513333 0.360750 0.509667 0.360000
0 0.424333 0.490250 0.422000 0.491750 0.420667 0.494500 0.422000 0.506250 0.424000 0.510750 0.426333 0.512250 0.428333 0.512750 0.431667 0.512000 0.434333 0.509500 0.435333 0.505500 0.435000 0.498500 0.432667 0.493750 0.428333 0.490750
0 0.385333 0.467750 0.380667 0.468250 0.376333 0.470500 0.372667 0.478250 0.372333 0.483500 0.373000 0.486000 0.377000 0.490250 0.381333 0.489250 0.385333 0.486500 0.389333 0.480500 0.390000 0.476500 0.389667 0.470500 0.388333 0.468750
0 0.380667 0.492750 0.377000 0.495000 0.375333 0.497750 0.375333 0.503000 0.376667 0.509250 0.379333 0.513750 0.381000 0.515250 0.384667 0.516750 0.389333 0.517250 0.392000 0.516000 0.394000 0.513750 0.395000 0.509500 0.394333 0.502250 0.388000 0.493750 0.384667 0.492500
0 0.495000 0.359750 0.489667 0.360500 0.486667 0.362500 0.485333 0.364250 0.484000 0.368500 0.484000 0.374750 0.485667 0.381250 0.490333 0.384750 0.494667 0.384500 0.497667 0.382500 0.500333 0.374250 0.500333 0.366000 0.498667 0.361500
0 0.349667 0.488750 0.345667 0.489000 0.343000 0.490250 0.338333 0.494000 0.337000 0.496500 0.336000 0.500750 0.336000 0.510250 0.337000 0.512250 0.340667 0.514250 0.345000 0.514000 0.349333 0.511500 0.353333 0.503000 0.354000 0.494250 0.352667 0.491750
0 0.495000 0.389500 0.493333 0.389500 0.489667 0.391000 0.487667 0.392750 0.486333 0.396000 0.485667 0.399500 0.486000 0.404250 0.486667 0.406250 0.490000 0.409500 0.494000 0.409500 0.497667 0.407500 0.499333 0.404750 0.499667 0.396500 0.498333 0.391500
0 0.498000 0.413000 0.494000 0.413000 0.490333 0.414750 0.485667 0.421000 0.485000 0.424000 0.485333 0.432250 0.487667 0.437250 0.490000 0.439750 0.494667 0.439750 0.498333 0.437500 0.502667 0.427500 0.502667 0.421750 0.500333 0.415250
0 0.520333 0.400750 0.516667 0.401000 0.514000 0.402500 0.509667 0.407000 0.508667 0.409250 0.508000 0.413750 0.508333 0.419750 0.509333 0.421750 0.513000 0.424000 0.517000 0.423750 0.521667 0.421000 0.523333 0.417750 0.524333 0.412750 0.524333 0.406500 0.522333 0.401750
0 0.537333 0.430250 0.533333 0.432250 0.532333 0.434250 0.532000 0.448500 0.533000 0.452000 0.535333 0.454750 0.537333 0.456000 0.541333 0.456250 0.544333 0.454750 0.545667 0.452250 0.546667 0.447250 0.546333 0.438250 0.545667 0.435250 0.543667 0.432000 0.541333 0.430500
0 0.513000 0.454250 0.510667 0.455250 0.509000 0.457000 0.507667 0.463250 0.508000 0.469250 0.509667 0.473000 0.512667 0.476000 0.514667 0.477000 0.518333 0.477250 0.522333 0.475250 0.524333 0.472000 0.526000 0.467000 0.525667 0.462250 0.524000 0.458500 0.521333 0.455250 0.518000 0.454250
0 0.475333 0.439250 0.471000 0.439750 0.466000 0.444750 0.464667 0.447250 0.464000 0.451750 0.465333 0.459000 0.466667 0.460750 0.470000 0.462500 0.474000 0.462250 0.478000 0.459750 0.480333 0.456500 0.481333 0.453750 0.482000 0.447250 0.481000 0.443750 0.479667 0.441750
0 0.443333 0.404000 0.443000 0.408750 0.445667 0.412750 0.451333 0.416750 0.454667 0.418500 0.459333 0.419750 0.463333 0.419500 0.466667 0.417500 0.467333 0.416500 0.466667 0.411500 0.464000 0.408500 0.455667 0.403750 0.451333 0.402500 0.446667 0.402500
0 0.416667 0.437250 0.413333 0.436500 0.408667 0.436750 0.405000 0.439250 0.399667 0.445750 0.398667 0.449250 0.399000 0.456500 0.400000 0.458750 0.403667 0.460500 0.407667 0.460250 0.411000 0.458750 0.414000 0.456250 0.417667 0.451000 0.419333 0.447000 0.420000 0.442500 0.419333 0.439250
0 0.435333 0.466750 0.431000 0.466750 0.424000 0.469750 0.423000 0.471000 0.420333 0.478000 0.420333 0.483250 0.421667 0.485500 0.424000 0.487000 0.428333 0.486750 0.436000 0.480750 0.437667 0.475500 0.438000 0.470750
0 0.450000 0.475250 0.446667 0.476000 0.444000 0.478750 0.442000 0.484250 0.442000 0.490750 0.445333 0.498750 0.447333 0.500000 0.452000 0.500500 0.455667 0.499750 0.457667 0.498250 0.459333 0.495750 0.460333 0.491750 0.460333 0.485500 0.459333 0.482000 0.456667 0.478000 0.452333 0.475500
0 0.475333 0.480500 0.470667 0.481000 0.466000 0.485500 0.464000 0.491000 0.463667 0.494750 0.465333 0.499250 0.467333 0.502250 0.470000 0.503500 0.474667 0.502750 0.479333 0.497000 0.482000 0.490000 0.482000 0.485500 0.480667 0.482750 0.479000 0.481500
0 0.440333 0.514000 0.440000 0.517250 0.440667 0.518250 0.446667 0.521250 0.451667 0.522500 0.456000 0.523000 0.466667 0.522750 0.470667 0.521000 0.472000 0.518250 0.471000 0.516000 0.466667 0.513000 0.459667 0.511750 0.452333 0.511000 0.447333 0.511250 0.442667 0.512250
0 0.337000 0.403750 0.333667 0.405000 0.329667 0.408500 0.328000 0.414500 0.327667 0.419750 0.328333 0.423750 0.330333 0.427750 0.334000 0.430500 0.337000 0.431500 0.340000 0.431500 0.343000 0.430250 0.346667 0.425250 0.347667 0.420500 0.347667 0.413500 0.346333 0.408000 0.343000 0.404750 0.341333 0.403750
0 0.368667 0.521750 0.367667 0.526000 0.369333 0.528750 0.377333 0.534000 0.386000 0.537000 0.392667 0.536500 0.395333 0.534250 0.395667 0.532250 0.394333 0.529000 0.388333 0.523750 0.380667 0.520750 0.372333 0.520250
0 0.407667 0.550250 0.404667 0.551750 0.402667 0.556250 0.403000 0.561500 0.407000 0.569000 0.408667 0.570000 0.412667 0.570500 0.415667 0.569000 0.417667 0.564500 0.417333 0.559750 0.416000 0.556000 0.411000 0.551250
0 0.466333 0.532250 0.465000 0.533250 0.463333 0.536500 0.463333 0.539750 0.466667 0.548750 0.470667 0.553250 0.475000 0.554750 0.479333 0.554750 0.482000 0.553250 0.483667 0.549500 0.484000 0.542000 0.482333 0.536500 0.480000 0.533250 0.476667 0.531750 0.470667 0.531250
0 0.492333 0.540250 0.490000 0.541500 0.489000 0.546000 0.490333 0.552000 0.492667 0.556750 0.497333 0.562000 0.500667 0.563000 0.505667 0.563250 0.507667 0.561750 0.508667 0.560000 0.508667 0.555250 0.506667 0.547750 0.499333 0.540500 0.497667 0.540000
0 0.514333 0.524250 0.511667 0.525750 0.509000 0.529000 0.508000 0.533500 0.509000 0.540250 0.510667 0.543250 0.513333 0.546000 0.516667 0.547250 0.521667 0.547500 0.524333 0.545750 0.526333 0.541250 0.526667 0.532750 0.526000 0.530250 0.524000 0.527000 0.521667 0.524750 0.518000 0.524000
0 0.524667 0.559250 0.520667 0.559000 0.518000 0.560000 0.514000 0.564500 0.512667 0.567250 0.511333 0.572250 0.511667 0.577500 0.513000 0.580750 0.516667 0.582500 0.521000 0.582250 0.523000 0.581250 0.526333 0.576250 0.528000 0.569750 0.528000 0.564250 0.526000 0.559750
0 0.446333 0.602500 0.442667 0.604000 0.441000 0.606750 0.441000 0.611250 0.442000 0.615250 0.446333 0.622500 0.451333 0.625250 0.455333 0.625500 0.458333 0.624500 0.460000 0.622000 0.460333 0.618000 0.458667 0.611750 0.452000 0.603750 0.449667 0.602750
0 0.494000 0.647500 0.491333 0.649500 0.489000 0.653500 0.488000 0.656750 0.488000 0.662000 0.491667 0.670000 0.494333 0.671500 0.498667 0.671500 0.502000 0.669750 0.504667 0.666250 0.506000 0.658000 0.504333 0.653250 0.502333 0.650250 0.498000 0.647500
0 0.549000 0.635500 0.545000 0.635750 0.540667 0.637750 0.535667 0.642750 0.533333 0.647500 0.533000 0.652000 0.534333 0.654750 0.537000 0.656250 0.541667 0.656250 0.546000 0.655000 0.549667 0.651500 0.552667 0.647250 0.553667 0.644250 0.553333 0.639000 0.552333 0.637500
0 0.626333 0.656000 0.623333 0.657000 0.619333 0.660750 0.618000 0.664000 0.618000 0.667750 0.619333 0.671750 0.623333 0.677250 0.626000 0.679250 0.629333 0.679500 0.631667 0.679000 0.636000 0.675000 0.637333 0.670500 0.637333 0.665250 0.634333 0.658500 0.630667 0.656250
0 0.415000 0.704500 0.411000 0.704000 0.407667 0.704750 0.403667 0.709250 0.399667 0.715250 0.399000 0.717750 0.399667 0.723750 0.401000 0.725250 0.404000 0.726500 0.408000 0.726500 0.410667 0.725500 0.413333 0.723250 0.417000 0.717750 0.418333 0.714000 0.418333 0.709250 0.416667 0.705500
