0 0.635000 0.300000 0.630667 0.300500 0.627667 0.303000 0.625667 0.306250 0.625000 0.309500 0.625667 0.319250 0.627333 0.321750 0.631000 0.324500 0.635333 0.324500 0.638333 0.322750 0.641000 0.318000 0.642000 0.309000 0.640000 0.303000 0.638333 0.301250
0 0.753000 0.314000 0.750000 0.313250 0.744000 0.313750 0.741667 0.314750 0.735667 0.319250 0.733333 0.322250 0.731333 0.328500 0.731333 0.333250 0.732667 0.335500 0.736000 0.336750 0.740000 0.336500 0.749000 0.329750 0.754000 0.322250 0.754333 0.314750
0 0.756000 0.314000 0.754333 0.315000 0.753667 0.317500 0.753667 0.323750 0.755000 0.327750 0.760000 0.334500 0.763667 0.336750 0.768333 0.336500 0.771333 0.334500 0.772000 0.333250 0.772333 0.328500 0.771333 0.325500 0.769000 0.321750 0.764333 0.316500 0.760667 0.314250
0 0.624000 0.334250 0.624667 0.337500 0.626333 0.339000 0.631667 0.340250 0.637000 0.340250 0.642000 0.339750 0.646333 0.338250 0.648333 0.335750 0.648667 0.333000 0.647667 0.330750 0.645667 0.329500 0.642667 0.328750 0.634000 0.328000 0.627333 0.330250
0 0.553000 0.342000 0.549333 0.342000 0.544333 0.344750 0.540333 0.348750 0.537667 0.353250 0.536667 0.356750 0.537000 0.362000 0.540333 0.366000 0.544667 0.366250 0.549000 0.364500 0.552000 0.362500 0.554667 0.358500 0.557000 0.350750 0.557000 0.347750 0.556333 0.345000
0 0.687333 0.372500 0.687667 0.374500 0.690000 0.377500 0.697333 0.380000 0.701000 0.380250 0.709333 0.379750 0.716667 0.378250 0.719333 0.376500 0.721667 0.373750 0.721667 0.372000 0.720333 0.369750 0.718000 0.368500 0.707000 0.367000 0.699333 0.367000 0.696333 0.367500 0.690000 0.369750
0 0.603333 0.383750 0.600667 0.385500 0.598667 0.390250 0.598667 0.395750 0.601333 0.402750 0.602667 0.405000 0.606333 0.407250 0.610333 0.408500 0.614333 0.408250 0.616000 0.407250 0.617667 0.404250 0.617667 0.395250 0.616000 0.389500 0.614667 0.387750 0.610000 0.384750 0.607333 0.383750
0 0.630667 0.389750 0.626000 0.392000 0.622000 0.400750 0.622333 0.407000 0.624667 0.412500 0.627000 0.414500 0.630333 0.415250 0.635333 0.414500 0.638333 0.412500 0.641333 0.404000 0.641000 0.397500 0.639333 0.393250 0.635333 0.390250
0 0.592000 0.382500 0.587667 0.382500 0.584333 0.383750 0.579333 0.387500 0.577667 0.392750 0.577333 0.401250 0.578667 0.405000 0.580333 0.406500 0.584667 0.407000 0.587667 0.406000 0.589667 0.404750 0.592333 0.401500 0.594000 0.396000 0.594667 0.387750 0.593667 0.384000
0 0.580000 0.409750 0.577667 0.411500 0.576000 0.415250 0.576333 0.419000 0.578000 0.424000 0.580333 0.428500 0.584667 0.431500 0.587000 0.432500 0.589000 0.432500 0.592000 0.431000 0.593333 0.427750 0.592667 0.418750 0.590667 0.415250 0.584667 0.410000
0 0.689667 0.415000 0.688000 0.416500 0.687333 0.419000 0.687333 0.426250 0.688667 0.432500 0.690333 0.435000 0.692667 0.436750 0.695667 0.437500 0.701333 0.437250 0.703667 0.435750 0.705667 0.432250 0.705000 0.423750 0.701667 0.418500 0.698667 0.416000 0.694667 0.414750
0 0.735667 0.403000 0.732667 0.405250 0.731333 0.407750 0.731667 0.412750 0.735000 0.418750 0.737333 0.421250 0.743333 0.424750 0.747000 0.425500 0.749000 0.425250 0.750667 0.424000 0.752000 0.421500 0.752333 0.415250 0.748667 0.407500 0.744667 0.404500 0.741333 0.403000
0 0.719667 0.454000 0.716333 0.454750 0.713000 0.458500 0.712000 0.462000 0.712000 0.471250 0.713000 0.474500 0.716000 0.478750 0.720333 0.482000 0.724333 0.482500 0.726667 0.480500 0.730333 0.474500 0.731000 0.471500 0.730667 0.467250 0.729333 0.462500 0.725000 0.456000 0.722667 0.454500
0 0.681333 0.470500 0.680000 0.472750 0.680667 0.478500 0.683333 0.482750 0.687667 0.487000 0.693667 0.490750 0.697333 0.491750 0.702000 0.492000 0.707000 0.490750 0.708667 0.488000 0.708667 0.485000 0.706333 0.481000 0.702667 0.476750 0.692667 0.471500 0.686333 0.470250
0 0.661667 0.469500 0.657000 0.469000 0.651667 0.470500 0.649333 0.473000 0.646667 0.478250 0.646000 0.481500 0.646333 0.486250 0.648667 0.490000 0.650667 0.491250 0.654667 0.491000 0.659667 0.487250 0.662000 0.484250 0.663333 0.479500 0.663333 0.473000 0.662667 0.470250
0 0.632000 0.459000 0.630000 0.459000 0.626667 0.460500 0.622000 0.467250 0.621000 0.470000 0.621000 0.475250 0.622667 0.478750 0.624000 0.479500 0.627667 0.479750 0.633333 0.475250 0.636000 0.470750 0.636667 0.462250 0.634333 0.459750
0 0.544000 0.440750 0.540333 0.442500 0.537000 0.447500 0.536000 0.450500 0.536000 0.455500 0.539667 0.461000 0.541333 0.462000 0.545000 0.462500 0.550333 0.458750 0.552000 0.455000 0.552667 0.450250 0.552333 0.447000 0.550000 0.443000 0.547667 0.441500
0 0.549667 0.489000 0.545000 0.489750 0.541000 0.493000 0.539000 0.497500 0.538667 0.500250 0.539000 0.504750 0.540333 0.508250 0.543333 0.510750 0.547000 0.511750 0.549333 0.511500 0.553000 0.508500 0.554667 0.505750 0.556333 0.498500 0.556000 0.493750 0.554333 0.491000 0.552333 0.489500
0 0.587000 0.491000 0.584333 0.492000 0.582667 0.493750 0.581667 0.497250 0.582000 0.505500 0.583333 0.508750 0.587333 0.514000 0.590667 0.515000 0.592667 0.515000 0.595333 0.514250 0.598333 0.510750 0.599667 0.505750 0.599667 0.501750 0.597000 0.496750 0.593000 0.493000 0.590333 0.491500
0 0.648000 0.507750 0.645667 0.508500 0.644667 0.509500 0.643000 0.513500 0.643667 0.522000 0.646000 0.526250 0.649667 0.530250 0.654000 0.531750 0.658000 0.531500 0.661000 0.529750 0.662333 0.526750 0.662667 0.521750 0.662000 0.517250 0.658667 0.511500 0.655333 0.508250 0.652333 0.507500
0 0.664667 0.545750 0.663667 0.547500 0.663667 0.549500 0.664667 0.551500 0.666667 0.553500 0.669667 0.555000 0.678000 0.557250 0.682667 0.557250 0.686000 0.556000 0.687000 0.553250 0.685667 0.549250 0.682333 0.547250 0.670333 0.544750 0.666000 0.545000
0 0.764000 0.566250 0.760333 0.568500 0.758667 0.572250 0.759333 0.580250 0.760667 0.583750 0.764333 0.588500 0.766667 0.590500 0.771333 0.591250 0.776333 0.588250 0.778667 0.583500 0.778333 0.579250 0.776000 0.573500 0.772000 0.568000 0.768000 0.566250
0 0.603000 0.558750 0.601333 0.560000 0.600333 0.564250 0.601333 0.568500 0.603333 0.572250 0.607000 0.575750 0.611333 0.578250 0.616333 0.578750 0.619000 0.578000 0.620667 0.576000 0.620667 0.571250 0.616333 0.563750 0.612000 0.560500 0.607333 0.558500
0 0.560667 0.525750 0.558000 0.529250 0.558000 0.534000 0.559333 0.538000 0.564000 0.545000 0.569333 0.549250 0.571667 0.550250 0.575667 0.550000 0.577333 0.549000 0.579000 0.545750 0.579000 0.541250 0.576333 0.533500 0.573333 0.530250 0.568333 0.526500 0.565000 0.525500
0 0.506333 0.521500 0.506667 0.526000 0.509000 0.527750 0.514000 0.529000 0.522667 0.529250 0.529000 0.527500 0.530667 0.525250 0.530333 0.521500 0.529333 0.520000 0.524000 0.518000 0.515000 0.517750 0.509000 0.519000
0 0.493000 0.501750 0.492000 0.502500 0.491333 0.506500 0.493333 0.509750 0.498000 0.514250 0.502667 0.514000 0.505667 0.511750 0.506333 0.509000 0.501333 0.505750 0.498000 0.502000 0.496000 0.501500
0 0.546333 0.541000 0.544000 0.541250 0.540000 0.543250 0.538000 0.549000 0.538000 0.555750 0.539000 0.560250 0.540333 0.562250 0.543333 0.563250 0.546000 0.563250 0.549667 0.562000 0.553000 0.558500 0.554000 0.555250 0.554333 0.549250 0.553333 0.545500 0.552000 0.543500 0.549333 0.541500
0 0.521000 0.542750 0.518000 0.543750 0.516667 0.545500 0.516000 0.548000 0.516000 0.557000 0.518000 0.561500 0.521000 0.563750 0.526000 0.565000 0.529000 0.564250 0.532333 0.560500 0.532667 0.553250 0.531000 0.547250 0.528000 0.544000 0.525667 0.543000
0 0.477667 0.576250 0.473667 0.577250 0.470333 0.580500 0.469000 0.586500 0.469000 0.590500 0.470000 0.594750 0.471667 0.597250 0.474000 0.599000 0.478333 0.599750 0.482333 0.597750 0.486000 0.592250 0.486667 0.583250 0.486000 0.580750 0.483667 0.578000 0.480333 0.576500
0 0.619000 0.609000 0.615000 0.609000 0.612000 0.610250 0.610667 0.611500 0.608333 0.619500 0.608333 0.627250 0.609333 0.631250 0.611333 0.633000 0.615667 0.633000 0.621667 0.627750 0.623667 0.623750 0.623667 0.614500 0.623000 0.612000 0.622000 0.610500
0 0.683667 0.665000 0.680667 0.665250 0.678333 0.666500 0.674000 0.672750 0.673333 0.675250 0.673000 0.683000 0.673667 0.685750 0.676000 0.689250 0.677667 0.690500 0.680333 0.691000 0.682667 0.690750 0.686333 0.688500 0.689000 0.685000 0.691333 0.678250 0.691333 0.672500 0.690000 0.668500 0.686667 0.665500
