0 0.389333 0.439000 0.384000 0.438500 0.380333 0.439500 0.376333 0.442500 0.373667 0.446000 0.370333 0.454250 0.370333 0.459000 0.372667 0.461250 0.377667 0.461500 0.380667 0.460500 0.388333 0.453250 0.390000 0.450000 0.390667 0.442500
0 0.350000 0.412750 0.348333 0.413750 0.347333 0.415750 0.347333 0.421000 0.349000 0.425500 0.355000 0.432750 0.359333 0.436500 0.360667 0.437000 0.365667 0.437000 0.367333 0.435250 0.367667 0.430750 0.365333 0.425000 0.358333 0.415500 0.354333 0.413250
0 0.535000 0.485000 0.531333 0.486250 0.529667 0.488500 0.529000 0.490500 0.529333 0.497500 0.532667 0.506250 0.536333 0.508750 0.540667 0.509250 0.543667 0.507500 0.545000 0.505500 0.546000 0.501750 0.545667 0.494500 0.541000 0.486500 0.538000 0.485000
0 0.609667 0.482250 0.608333 0.483750 0.607667 0.486750 0.610667 0.491750 0.621000 0.498750 0.626333 0.500250 0.631333 0.500250 0.633333 0.498500 0.633333 0.494500 0.631667 0.492000 0.629333 0.490500 0.627000 0.486750 0.623667 0.484250 0.616333 0.482000 0.611000 0.481750
0 0.529667 0.531250 0.528000 0.532500 0.527333 0.537000 0.528667 0.550500 0.529667 0.552750 0.533667 0.557250 0.537333 0.558750 0.541000 0.558750 0.544667 0.556250 0.545333 0.553000 0.545000 0.547750 0.543000 0.541250 0.538000 0.533000 0.534333 0.531750
0 0.522333 0.521000 0.519667 0.520750 0.510000 0.523000 0.507000 0.524750 0.502333 0.529750 0.500333 0.533000 0.500000 0.537000 0.502000 0.539500 0.506333 0.540250 0.511000 0.539000 0.514000 0.537250 0.517667 0.532500 0.522333 0.528250 0.523333 0.526000
0 0.441667 0.557250 0.440000 0.556500 0.433000 0.556500 0.429000 0.557000 0.421000 0.559250 0.417000 0.561500 0.414667 0.564000 0.414333 0.568000 0.415000 0.569250 0.420333 0.570750 0.426000 0.570750 0.435000 0.568500 0.440667 0.564250 0.443000 0.561000
0 0.399000 0.532500 0.395667 0.533750 0.393667 0.537000 0.392667 0.540500 0.393000 0.548500 0.394667 0.553500 0.398333 0.558250 0.400667 0.560000 0.405000 0.560500 0.408333 0.556750 0.409667 0.553000 0.410000 0.548250 0.409000 0.541500 0.405000 0.533750 0.401667 0.532500
0 0.362333 0.567500 0.357000 0.568250 0.353667 0.570500 0.352667 0.572250 0.351667 0.579000 0.352000 0.588500 0.353333 0.591750 0.356333 0.593250 0.359000 0.593250 0.363000 0.591250 0.365333 0.589000 0.368000 0.584250 0.368333 0.578000 0.367333 0.571750 0.365667 0.568750
0 0.321000 0.640500 0.318667 0.640250 0.314333 0.642000 0.309333 0.650750 0.308667 0.653750 0.309000 0.658500 0.310333 0.660750 0.314000 0.663000 0.317667 0.662750 0.319667 0.661500 0.324333 0.655250 0.325667 0.652250 0.326000 0.646000 0.323667 0.641750
0 0.420000 0.630250 0.419000 0.630750 0.417333 0.633750 0.417333 0.638500 0.421000 0.647000 0.424000 0.651000 0.427333 0.652750 0.429667 0.653250 0.434000 0.653000 0.436667 0.651000 0.437333 0.647750 0.437000 0.642000 0.435333 0.637500 0.433667 0.635000 0.428333 0.631500 0.424333 0.630250
0 0.447333 0.615000 0.444000 0.616750 0.442000 0.619000 0.441000 0.626000 0.441333 0.630000 0.443000 0.634250 0.446333 0.638250 0.447667 0.639000 0.451667 0.639500 0.455000 0.637250 0.456333 0.635500 0.457333 0.632000 0.457667 0.626250 0.455333 0.618500 0.451667 0.615500
0 0.472000 0.571250 0.470000 0.571750 0.466000 0.577750 0.465333 0.579500 0.465333 0.587750 0.467000 0.592250 0.470333 0.594250 0.474333 0.594500 0.476667 0.592500 0.480333 0.584750 0.480667 0.578750 0.479667 0.575750 0.476667 0.572500 0.474667 0.571250
0 0.493000 0.589250 0.489000 0.590750 0.485667 0.594000 0.484667 0.597500 0.484000 0.605250 0.484667 0.609000 0.486667 0.612250 0.490000 0.614000 0.494667 0.614750 0.498333 0.612500 0.501000 0.608250 0.502333 0.602500 0.502333 0.598500 0.501667 0.596250 0.498000 0.590750 0.494667 0.589250
0 0.498667 0.610750 0.498333 0.613000 0.499333 0.616250 0.505667 0.620000 0.510333 0.621500 0.514000 0.622000 0.518667 0.621750 0.522667 0.620250 0.523333 0.619000 0.523000 0.614750 0.521000 0.612750 0.517000 0.611000 0.507333 0.609250 0.501667 0.609250
0 0.471333 0.388750 0.467000 0.389250 0.464000 0.391750 0.461000 0.399750 0.460667 0.405750 0.461333 0.408750 0.463000 0.411750 0.466000 0.413500 0.468333 0.413250 0.472000 0.410750 0.474667 0.407500 0.475667 0.404500 0.475667 0.392000 0.474333 0.390000
0 0.483667 0.619750 0.482667 0.621500 0.482667 0.623250 0.487000 0.627750 0.494667 0.630750 0.497333 0.631000 0.501000 0.632750 0.503667 0.633250 0.510000 0.633000 0.512667 0.631500 0.512667 0.629500 0.511000 0.626250 0.504667 0.623750 0.497667 0.620000 0.492333 0.618750 0.486333 0.618750
0 0.498000 0.635000 0.491667 0.637000 0.487000 0.641000 0.486000 0.643750 0.485333 0.652750 0.486333 0.658000 0.489667 0.661000 0.493333 0.661750 0.497333 0.660750 0.499333 0.659250 0.502333 0.654750 0.505000 0.647000 0.505000 0.641250 0.504333 0.639500 0.502333 0.637500
0 0.532333 0.612750 0.529667 0.613750 0.528333 0.615750 0.527667 0.618500 0.528333 0.623250 0.531667 0.632000 0.533667 0.635000 0.537000 0.637500 0.541667 0.638250 0.544333 0.636250 0.545333 0.634250 0.545333 0.626500 0.537333 0.614500 0.534333 0.613000
0 0.560667 0.605750 0.558333 0.607250 0.557000 0.610000 0.556667 0.616500 0.557667 0.621500 0.560333 0.626750 0.564000 0.630500 0.567000 0.631500 0.569000 0.631500 0.572333 0.629500 0.574333 0.626750 0.574667 0.618500 0.572000 0.611750 0.569000 0.607750 0.565000 0.605750
0 0.589333 0.678250 0.589667 0.681500 0.590667 0.682750 0.594333 0.685000 0.598000 0.686000 0.608333 0.686250 0.611333 0.685750 0.613333 0.684500 0.614333 0.682500 0.614000 0.680750 0.612000 0.678750 0.607667 0.676500 0.604667 0.675750 0.594667 0.675250 0.591667 0.676000
0 0.466000 0.663250 0.463333 0.664250 0.462000 0.665500 0.461333 0.668750 0.461667 0.675500 0.462333 0.677500 0.465333 0.680000 0.466667 0.682250 0.469667 0.683750 0.471667 0.683750 0.474333 0.681000 0.474667 0.672250 0.472333 0.665750 0.470333 0.664250 0.467667 0.663250
0 0.498667 0.689750 0.494000 0.690750 0.488667 0.695000 0.487000 0.697250 0.486000 0.702750 0.486333 0.709250 0.487667 0.711750 0.490333 0.713750 0.497333 0.712750 0.503000 0.704500 0.504000 0.701000 0.504000 0.696250 0.502667 0.692750
0 0.502333 0.716000 0.497667 0.715000 0.494667 0.716250 0.491333 0.719750 0.486000 0.728750 0.486000 0.733750 0.487000 0.735750 0.488667 0.736250 0.491000 0.736000 0.498667 0.730750 0.503000 0.720250 0.503000 0.716750
0 0.546000 0.711750 0.544667 0.710750 0.537667 0.710750 0.531000 0.712750 0.520333 0.720250 0.520000 0.724250 0.520667 0.725500 0.524333 0.727500 0.529000 0.727750 0.537667 0.725250 0.543000 0.721000 0.546000 0.717500 0.546667 0.713500
0 0.560667 0.711500 0.556667 0.711500 0.554667 0.712250 0.553000 0.713500 0.549333 0.720000 0.549333 0.728750 0.550333 0.731750 0.552667 0.735500 0.556000 0.736750 0.559000 0.736500 0.561333 0.735500 0.563667 0.732250 0.566333 0.725250 0.565667 0.717000 0.563333 0.713250
0 0.427333 0.717500 0.425000 0.718500 0.422667 0.720750 0.421667 0.726250 0.421667 0.732250 0.422667 0.736500 0.424333 0.739000 0.427333 0.741000 0.431333 0.741750 0.434667 0.740750 0.437000 0.737500 0.438000 0.733750 0.438000 0.726000 0.436000 0.719250 0.432000 0.717500
0 0.419000 0.719500 0.416333 0.718500 0.408667 0.718750 0.405333 0.720500 0.399000 0.727000 0.397667 0.729250 0.397000 0.733500 0.397667 0.736000 0.399667 0.738000 0.404667 0.738750 0.409333 0.737750 0.413000 0.736000 0.416333 0.732500 0.420333 0.725750 0.420667 0.722250 0.420333 0.720750
0 0.464667 0.754750 0.462333 0.753250 0.459667 0.752750 0.456333 0.753000 0.450000 0.755000 0.443667 0.758250 0.441667 0.759750 0.440000 0.763000 0.440000 0.764500 0.441667 0.767000 0.443667 0.767750 0.451333 0.767250 0.460000 0.764250 0.465000 0.759500 0.465333 0.755750
0 0.490333 0.768000 0.487667 0.770250 0.486667 0.772250 0.487333 0.778250 0.490000 0.783000 0.493667 0.787500 0.498000 0.788750 0.501667 0.786750 0.502667 0.784500 0.502667 0.781750 0.500000 0.774750 0.498000 0.771500 0.494667 0.768750
0 0.459000 0.806000 0.455667 0.806000 0.452667 0.807250 0.446000 0.814500 0.444333 0.821500 0.444667 0.825500 0.446000 0.828250 0.447333 0.829250 0.450000 0.830000 0.451667 0.830000 0.454667 0.828750 0.457000 0.827000 0.459667 0.823500 0.461667 0.815250 0.461667 0.810500 0.460667 0.807500
