0 0.357000 0.575250 0.353333 0.576750 0.351000 0.580000 0.349000 0.588750 0.349667 0.592500 0.352667 0.597750 0.356000 0.600000 0.358667 0.600500 0.362000 0.599750 0.365667 0.597000 0.368000 0.591500 0.368333 0.586250 0.367333 0.580500 0.366000 0.578250 0.361333 0.575750
0 0.456000 0.603500 0.451667 0.604000 0.446667 0.606500 0.442333 0.611000 0.439667 0.615250 0.438333 0.619000 0.438667 0.624250 0.440000 0.626500 0.442667 0.628500 0.444000 0.628500 0.447667 0.626500 0.452333 0.625500 0.458667 0.619500 0.460333 0.614000 0.460333 0.609250 0.458667 0.605000
0 0.462000 0.626250 0.459000 0.625000 0.454667 0.625250 0.447333 0.627500 0.439667 0.633750 0.438667 0.635750 0.438333 0.640750 0.439000 0.643250 0.440000 0.644250 0.443667 0.644750 0.450667 0.643250 0.459667 0.637250 0.463667 0.631250 0.463333 0.627750
0 0.517333 0.594000 0.512667 0.596250 0.510333 0.599500 0.509000 0.603750 0.509333 0.612000 0.510333 0.615000 0.513333 0.617750 0.516000 0.618500 0.518333 0.618500 0.522333 0.616500 0.525000 0.611500 0.526000 0.603250 0.523333 0.596250 0.522000 0.594750
0 0.563333 0.580000 0.561333 0.579500 0.557000 0.579500 0.555333 0.580000 0.547667 0.587250 0.546333 0.592000 0.546333 0.596750 0.547000 0.599250 0.549333 0.601500 0.554000 0.602000 0.557667 0.601000 0.560333 0.599500 0.565333 0.591500 0.566000 0.587750 0.565333 0.581750
0 0.478000 0.642500 0.474000 0.642250 0.472333 0.643000 0.470000 0.645000 0.466667 0.650000 0.466333 0.656250 0.467000 0.659500 0.468667 0.663500 0.471000 0.665000 0.475000 0.664750 0.477000 0.663250 0.480333 0.658500 0.481667 0.654500 0.481667 0.646750 0.480000 0.643750
0 0.498667 0.672750 0.495667 0.673500 0.491667 0.676500 0.488333 0.681000 0.485667 0.687750 0.485000 0.697250 0.485667 0.698750 0.488667 0.700000 0.491333 0.700000 0.495000 0.698750 0.497667 0.696750 0.503000 0.689500 0.505333 0.682750 0.505333 0.680750 0.502333 0.674250
0 0.467667 0.702000 0.464333 0.700250 0.457667 0.699750 0.452667 0.700250 0.442000 0.703250 0.437333 0.705750 0.435333 0.710000 0.435000 0.713250 0.438667 0.716500 0.442333 0.717500 0.450667 0.717750 0.455333 0.716500 0.460333 0.714500 0.467667 0.710000 0.469000 0.706000
0 0.426000 0.688500 0.423667 0.689000 0.421000 0.692000 0.419333 0.696000 0.419000 0.701000 0.422333 0.709750 0.424000 0.710750 0.428333 0.711750 0.432333 0.710750 0.434667 0.708250 0.436333 0.704250 0.436667 0.697750 0.435667 0.693250 0.433333 0.690500 0.430667 0.689000
0 0.449667 0.655000 0.446667 0.655250 0.443333 0.657500 0.440000 0.664750 0.440000 0.670000 0.441000 0.673500 0.442667 0.675750 0.446333 0.678000 0.448333 0.678000 0.451333 0.676500 0.455667 0.670750 0.456333 0.668000 0.455667 0.658750 0.454667 0.657250 0.452000 0.655500
0 0.428333 0.645500 0.425000 0.646000 0.423000 0.647000 0.420000 0.649750 0.418333 0.653750 0.419333 0.661250 0.420667 0.664500 0.423333 0.667250 0.425333 0.667750 0.428667 0.667750 0.432333 0.665750 0.434667 0.662500 0.435667 0.658500 0.435000 0.650250 0.432000 0.647000
0 0.400333 0.644250 0.397667 0.646000 0.396000 0.649250 0.395667 0.651000 0.397000 0.656750 0.400333 0.662750 0.405000 0.665000 0.408667 0.665500 0.411667 0.664500 0.413667 0.662000 0.414333 0.657500 0.412667 0.651000 0.408667 0.646500 0.404333 0.644000
0 0.480333 0.399250 0.479667 0.400250 0.480333 0.405000 0.486333 0.409000 0.493000 0.411750 0.502667 0.414000 0.509667 0.412750 0.511333 0.411500 0.511333 0.407750 0.499667 0.399750 0.492667 0.398000 0.487000 0.397500 0.482333 0.398000
0 0.466000 0.419750 0.462667 0.420500 0.460000 0.423250 0.458000 0.428750 0.457667 0.433500 0.459333 0.439000 0.462333 0.443500 0.466000 0.445000 0.468000 0.445000 0.471000 0.444000 0.474333 0.440250 0.475333 0.437000 0.475333 0.430250 0.472000 0.423250 0.467333 0.420000
0 0.462667 0.452000 0.459333 0.454500 0.458333 0.457250 0.457667 0.467250 0.458667 0.470500 0.461333 0.475000 0.462667 0.476000 0.466667 0.477000 0.470333 0.474500 0.473667 0.470250 0.474667 0.463250 0.471000 0.455500 0.469667 0.454000 0.466333 0.452000
0 0.493000 0.450500 0.488333 0.451750 0.486000 0.453250 0.485000 0.455500 0.485000 0.459250 0.485667 0.462250 0.492333 0.468500 0.495333 0.469000 0.497667 0.468000 0.499333 0.464750 0.499333 0.454750 0.497000 0.451500 0.495000 0.450500
0 0.485667 0.465750 0.482667 0.470000 0.483333 0.478000 0.485333 0.483000 0.489667 0.486000 0.491000 0.486000 0.494667 0.483500 0.495000 0.477250 0.492000 0.470000 0.487000 0.465750
0 0.512333 0.461750 0.509000 0.461750 0.506333 0.462750 0.503000 0.465750 0.500000 0.469750 0.499000 0.478250 0.500333 0.482500 0.502333 0.484250 0.505667 0.484750 0.510333 0.483250 0.514333 0.479250 0.516000 0.472750 0.516000 0.466000 0.514667 0.462750
0 0.540333 0.470500 0.536667 0.472500 0.535000 0.475250 0.534000 0.478500 0.534000 0.483750 0.535000 0.487000 0.537333 0.490250 0.539667 0.491750 0.542333 0.492250 0.545333 0.491500 0.546667 0.490000 0.548667 0.482000 0.548333 0.477250 0.547333 0.474000 0.545333 0.471250
0 0.532667 0.505000 0.528667 0.505250 0.525000 0.508000 0.523000 0.513250 0.522667 0.517250 0.524000 0.525250 0.525667 0.527000 0.529667 0.527500 0.534000 0.524000 0.536667 0.520750 0.538000 0.517250 0.537333 0.509500 0.535000 0.506500
0 0.452000 0.470750 0.447667 0.471000 0.446333 0.472000 0.442667 0.477750 0.441333 0.481750 0.441000 0.488000 0.441667 0.490250 0.443000 0.492000 0.447333 0.495000 0.451000 0.494750 0.455333 0.490500 0.457333 0.486750 0.457000 0.477500 0.455333 0.473500
0 0.439667 0.493750 0.437667 0.494750 0.435000 0.497500 0.434667 0.506250 0.437000 0.511750 0.439000 0.513500 0.440667 0.513500 0.443667 0.512500 0.445000 0.510750 0.446333 0.501000 0.444333 0.495750 0.442667 0.494500
0 0.395667 0.456000 0.392333 0.458500 0.392667 0.466000 0.395333 0.471250 0.400000 0.475250 0.404000 0.476750 0.408000 0.477000 0.410000 0.476500 0.412000 0.475250 0.413333 0.471750 0.413000 0.467000 0.410667 0.463000 0.404667 0.456500 0.399000 0.455750
0 0.404667 0.430750 0.400000 0.431000 0.398333 0.432000 0.395000 0.435500 0.392667 0.439250 0.392000 0.447500 0.393667 0.452000 0.396333 0.453750 0.404333 0.453500 0.406333 0.451000 0.408667 0.444000 0.409000 0.437500 0.408333 0.435000 0.406333 0.432000
0 0.373333 0.456250 0.372000 0.457000 0.370667 0.459000 0.371000 0.464500 0.372000 0.468000 0.377333 0.475250 0.383333 0.476750 0.385333 0.476750 0.387333 0.474750 0.388000 0.472000 0.388000 0.467500 0.386667 0.463250 0.381333 0.457750 0.377333 0.456500
0 0.394000 0.485500 0.392667 0.486750 0.392000 0.491000 0.392667 0.494500 0.394667 0.499000 0.404000 0.507000 0.407333 0.508500 0.410000 0.508250 0.412000 0.506750 0.413333 0.503250 0.413333 0.501250 0.412000 0.498000 0.406667 0.491000 0.404667 0.486750 0.400333 0.485000 0.395667 0.485000
0 0.422667 0.501750 0.420667 0.502250 0.416667 0.506250 0.415333 0.509750 0.415333 0.516250 0.416333 0.519000 0.418667 0.522000 0.422667 0.524500 0.425000 0.524750 0.428333 0.523500 0.430667 0.518750 0.430667 0.511250 0.430000 0.507000 0.428000 0.503000 0.425000 0.501750
0 0.419333 0.532750 0.417667 0.533750 0.416000 0.536500 0.416333 0.541000 0.417667 0.544250 0.424000 0.552250 0.427667 0.553500 0.431333 0.553250 0.432333 0.552750 0.434000 0.549250 0.432333 0.540250 0.427000 0.534000 0.424000 0.532750
0 0.440333 0.528750 0.440333 0.530500 0.442000 0.533500 0.447333 0.537750 0.450667 0.539000 0.455333 0.540000 0.459000 0.540000 0.465667 0.538750 0.467333 0.537750 0.467333 0.533500 0.466667 0.532500 0.458667 0.528750 0.448000 0.526500 0.442667 0.526750
0 0.490667 0.540000 0.486667 0.540250 0.484333 0.541250 0.476000 0.548500 0.474000 0.552000 0.473333 0.555250 0.473667 0.557500 0.476000 0.559500 0.478000 0.560250 0.482667 0.559500 0.487000 0.556250 0.490000 0.553000 0.493000 0.546250 0.492667 0.541500
0 0.519000 0.540250 0.514000 0.539750 0.510000 0.541500 0.508667 0.542750 0.504667 0.549500 0.504667 0.553750 0.505333 0.556250 0.506333 0.557000 0.513333 0.556750 0.515000 0.554250 0.517333 0.552750 0.519667 0.547000 0.520000 0.541250
0 0.524333 0.536500 0.523333 0.540750 0.524667 0.544000 0.532333 0.549750 0.539667 0.553500 0.545000 0.554750 0.550000 0.555000 0.554000 0.553500 0.554667 0.552500 0.554667 0.548000 0.552000 0.544500 0.544667 0.538500 0.536667 0.535250 0.529000 0.534500 0.525667 0.535500
0 0.453000 0.555000 0.451333 0.556500 0.451667 0.560250 0.454333 0.565000 0.457667 0.568000 0.462000 0.570500 0.469333 0.573250 0.471667 0.573500 0.475000 0.572750 0.476667 0.571500 0.478000 0.569250 0.477667 0.564250 0.476333 0.562250 0.467000 0.555500 0.460000 0.554000 0.456333 0.554000
0 0.365000 0.501500 0.362000 0.500750 0.356667 0.500750 0.352667 0.502250 0.346667 0.509000 0.344667 0.513000 0.343000 0.524000 0.343667 0.526500 0.345667 0.527750 0.349333 0.528250 0.354333 0.526500 0.357333 0.524500 0.363000 0.518500 0.366000 0.513750 0.367000 0.509250 0.367000 0.505750 0.366000 0.502500
0 0.341667 0.523750 0.337000 0.523500 0.333667 0.524750 0.329333 0.529000 0.327000 0.536250 0.327000 0.541750 0.328333 0.545250 0.330000 0.546750 0.333667 0.547250 0.338667 0.545750 0.342333 0.541750 0.345000 0.533500 0.345667 0.528250 0.343667 0.524750
0 0.479333 0.576750 0.477333 0.576500 0.470333 0.577500 0.466000 0.580500 0.463333 0.583500 0.461667 0.586250 0.461000 0.589000 0.461333 0.594750 0.463000 0.597000 0.465333 0.597750 0.470000 0.597250 0.472333 0.596250 0.476667 0.592500 0.482000 0.584000 0.482000 0.579500
