0 0.562000 0.282250 0.559000 0.283500 0.556333 0.287000 0.555333 0.290250 0.555333 0.296250 0.558667 0.303500 0.560667 0.305000 0.564333 0.305250 0.567000 0.304000 0.569333 0.301500 0.571000 0.295750 0.571333 0.290250 0.569000 0.283500 0.565333 0.282250
0 0.691667 0.302000 0.688667 0.302250 0.684667 0.305250 0.681333 0.311750 0.682000 0.318250 0.685000 0.323250 0.688667 0.325000 0.690333 0.324750 0.693667 0.322750 0.697667 0.314750 0.698333 0.310750 0.698000 0.306250 0.697333 0.305250 0.693333 0.302250
0 0.794667 0.321750 0.791667 0.324500 0.790333 0.327750 0.790000 0.330750 0.791333 0.335500 0.796000 0.342500 0.797667 0.344000 0.803000 0.345750 0.807667 0.345250 0.810333 0.343000 0.811000 0.339000 0.809000 0.330000 0.807000 0.327250 0.802333 0.323000 0.798667 0.321750
0 0.643333 0.339250 0.641333 0.340500 0.640000 0.344250 0.640000 0.349500 0.641333 0.356500 0.642333 0.358500 0.645667 0.362000 0.650333 0.365250 0.655000 0.366250 0.657667 0.365000 0.659333 0.362000 0.659667 0.355750 0.659000 0.352500 0.655333 0.344750 0.653000 0.341750 0.648667 0.339250 0.646667 0.338750
0 0.652333 0.391250 0.652000 0.394750 0.653000 0.397250 0.659667 0.402000 0.668000 0.404000 0.676333 0.404000 0.678667 0.403500 0.681000 0.401250 0.681333 0.399750 0.679333 0.395750 0.676000 0.392500 0.673000 0.391250 0.662667 0.389000 0.654667 0.389500
0 0.722000 0.391000 0.719333 0.388500 0.717000 0.387500 0.709000 0.387250 0.702333 0.388000 0.697667 0.390000 0.695333 0.392000 0.695333 0.396750 0.697667 0.399000 0.704333 0.401000 0.711000 0.401250 0.716667 0.400500 0.722000 0.396750
0 0.732333 0.388000 0.730000 0.389750 0.728333 0.392750 0.728000 0.401250 0.728667 0.403750 0.732000 0.408750 0.736000 0.411000 0.740333 0.410750 0.743000 0.408500 0.744667 0.405000 0.745000 0.399500 0.744000 0.396000 0.741667 0.391500 0.739333 0.389750 0.736333 0.388250
0 0.635000 0.411500 0.632000 0.410500 0.629333 0.410500 0.626667 0.411250 0.621667 0.414750 0.617333 0.419250 0.615667 0.423500 0.615333 0.427250 0.616667 0.431250 0.618333 0.432750 0.623000 0.433000 0.631000 0.429000 0.635333 0.424500 0.638000 0.419750 0.638000 0.415500
0 0.608000 0.417750 0.604333 0.418000 0.600667 0.420250 0.597667 0.423750 0.596000 0.430750 0.596667 0.436000 0.598333 0.439250 0.602667 0.441000 0.604667 0.441000 0.608000 0.440000 0.611667 0.436000 0.613333 0.432000 0.613667 0.423000 0.612333 0.420500
0 0.612000 0.360750 0.608000 0.361250 0.605667 0.362750 0.602667 0.365750 0.600667 0.369750 0.598667 0.376250 0.598667 0.379500 0.599333 0.382000 0.603333 0.384750 0.607333 0.384500 0.612000 0.380500 0.616000 0.374000 0.616000 0.366250 0.613667 0.362000
0 0.591333 0.362500 0.587000 0.362750 0.580333 0.367750 0.575333 0.376250 0.575333 0.385000 0.579667 0.389250 0.584333 0.389000 0.591667 0.383000 0.593333 0.380500 0.594667 0.372500 0.594667 0.367250 0.593667 0.364250
0 0.558667 0.348750 0.555667 0.349500 0.551667 0.353250 0.550667 0.358000 0.550667 0.362750 0.551667 0.367000 0.554000 0.370500 0.557000 0.372500 0.561000 0.372750 0.564333 0.370250 0.566000 0.367500 0.567000 0.363750 0.567000 0.358750 0.566000 0.354000 0.564667 0.351750 0.561333 0.349000
0 0.541667 0.345250 0.539333 0.345500 0.536667 0.347000 0.533667 0.350500 0.532333 0.353250 0.532333 0.360000 0.533000 0.362250 0.534667 0.365000 0.537333 0.366750 0.541667 0.366500 0.544667 0.363750 0.546000 0.361000 0.546333 0.352750 0.545667 0.349250 0.544333 0.347000
0 0.537333 0.372250 0.532667 0.375250 0.531667 0.378750 0.531333 0.385500 0.532333 0.389750 0.535333 0.393250 0.537000 0.394250 0.541000 0.394500 0.545000 0.392250 0.546333 0.389750 0.546667 0.379750 0.545000 0.375000 0.541000 0.372500
0 0.564000 0.374750 0.559667 0.374500 0.557000 0.375000 0.555000 0.377000 0.552000 0.383750 0.551333 0.388000 0.552000 0.392750 0.554000 0.396250 0.556333 0.397750 0.560667 0.397500 0.566333 0.392750 0.569000 0.388500 0.569333 0.383250 0.568667 0.379750 0.566667 0.376250
0 0.537333 0.401250 0.534333 0.404000 0.533667 0.406000 0.533667 0.411750 0.535000 0.418750 0.537333 0.422000 0.540667 0.423500 0.544333 0.423500 0.546000 0.422250 0.547333 0.419750 0.548000 0.413250 0.547333 0.408250 0.544333 0.403000 0.541333 0.401500
0 0.485333 0.428000 0.483000 0.427000 0.479000 0.427500 0.470667 0.432500 0.466667 0.439500 0.467000 0.444000 0.469667 0.445000 0.475000 0.444750 0.483000 0.439750 0.486667 0.435500 0.487667 0.432250 0.487000 0.429500
0 0.513000 0.447750 0.509333 0.450000 0.508000 0.453750 0.508000 0.459750 0.509000 0.464750 0.510333 0.467500 0.513333 0.469500 0.516333 0.470250 0.520333 0.470250 0.522000 0.469750 0.525000 0.466750 0.526000 0.462500 0.525333 0.455750 0.522333 0.451000 0.521000 0.450000 0.517000 0.448250
0 0.650000 0.453750 0.647333 0.456000 0.644333 0.462500 0.643667 0.471750 0.644667 0.474750 0.647667 0.478250 0.649667 0.479750 0.652333 0.480000 0.655000 0.479250 0.659000 0.474500 0.661333 0.468000 0.661333 0.463000 0.657333 0.455500 0.654333 0.453750
0 0.618333 0.466250 0.617000 0.467500 0.616333 0.469500 0.617333 0.474750 0.619000 0.477750 0.626000 0.484250 0.635333 0.488000 0.639000 0.488000 0.641000 0.487000 0.642667 0.485000 0.643000 0.481500 0.639667 0.475000 0.635667 0.470500 0.630000 0.468000 0.623667 0.466250
0 0.623000 0.485750 0.619333 0.488250 0.618333 0.489750 0.617667 0.493250 0.618333 0.499750 0.625333 0.507250 0.628000 0.508000 0.631000 0.508000 0.634333 0.505750 0.636333 0.502500 0.637000 0.497250 0.636000 0.493750 0.630333 0.487750
0 0.609333 0.514000 0.609333 0.517500 0.610667 0.519250 0.620000 0.522750 0.624000 0.523250 0.632000 0.523250 0.634667 0.522750 0.638333 0.520750 0.639333 0.519000 0.639333 0.516750 0.638000 0.515500 0.635000 0.514500 0.630667 0.514250 0.626667 0.513000 0.623000 0.511000 0.617000 0.511000 0.612000 0.511750
0 0.615667 0.526250 0.611667 0.529500 0.610333 0.532250 0.610667 0.545000 0.613000 0.549000 0.615000 0.550500 0.618667 0.552000 0.620333 0.552000 0.623333 0.551000 0.625000 0.548500 0.627333 0.542000 0.627333 0.532750 0.626000 0.529250 0.623000 0.526750
0 0.580333 0.528000 0.575000 0.532000 0.574667 0.537750 0.575667 0.541250 0.578000 0.545500 0.581333 0.548500 0.583333 0.549500 0.584667 0.549500 0.587667 0.548500 0.590000 0.546250 0.591667 0.542250 0.591667 0.539250 0.589000 0.532250 0.584667 0.528500
0 0.788333 0.509250 0.788000 0.513000 0.788667 0.514500 0.793667 0.518000 0.799000 0.520000 0.806000 0.521500 0.814333 0.521750 0.818333 0.520500 0.820333 0.518500 0.820667 0.516750 0.819000 0.512500 0.816333 0.510250 0.811333 0.508250 0.804333 0.507250 0.794000 0.507000 0.790667 0.507750
0 0.748333 0.578250 0.743000 0.579500 0.738000 0.588500 0.736667 0.596750 0.737667 0.600250 0.740333 0.602750 0.744667 0.602250 0.749000 0.599750 0.753667 0.592250 0.754000 0.585750 0.753000 0.581000 0.751333 0.579250
0 0.697667 0.571500 0.695333 0.572750 0.693333 0.577250 0.694000 0.588250 0.696333 0.593500 0.700667 0.596500 0.705667 0.597250 0.709000 0.595250 0.710667 0.591750 0.711000 0.586750 0.709667 0.580500 0.706000 0.574250 0.701667 0.571500
0 0.635000 0.584000 0.630000 0.583750 0.628000 0.584500 0.624000 0.588500 0.623000 0.591750 0.620333 0.595500 0.619667 0.598750 0.621000 0.604000 0.623333 0.605750 0.630333 0.604500 0.634667 0.601250 0.636667 0.598750 0.638333 0.595000 0.638667 0.587750 0.637667 0.585750
0 0.598333 0.573000 0.595667 0.576000 0.595667 0.580250 0.598333 0.585000 0.604000 0.590500 0.608333 0.592750 0.614667 0.595000 0.616000 0.595000 0.619667 0.592500 0.621667 0.588000 0.621000 0.584500 0.618667 0.580750 0.615000 0.577750 0.608000 0.574000 0.603000 0.572500
0 0.615000 0.594500 0.610333 0.592250 0.603333 0.592000 0.596667 0.595250 0.590000 0.603000 0.588333 0.606750 0.588333 0.608750 0.589667 0.612000 0.592333 0.613750 0.596667 0.614250 0.608000 0.609500 0.614000 0.603250 0.615667 0.597000
0 0.615000 0.610000 0.610667 0.609500 0.607333 0.610750 0.603667 0.613500 0.599000 0.619250 0.597667 0.622500 0.597667 0.628000 0.598667 0.631500 0.601000 0.633000 0.604000 0.633500 0.607667 0.632500 0.615667 0.626750 0.617333 0.621500 0.617333 0.614500 0.616333 0.611250
0 0.627333 0.607500 0.623667 0.608750 0.622333 0.610500 0.621000 0.616750 0.621000 0.622000 0.623333 0.627250 0.626000 0.629250 0.631333 0.630250 0.636000 0.629250 0.638667 0.627250 0.640333 0.621750 0.640000 0.615750 0.638333 0.611750 0.634667 0.608500 0.631333 0.607500
0 0.645333 0.606750 0.643333 0.608750 0.643000 0.613250 0.644667 0.619000 0.647333 0.623500 0.650000 0.625500 0.657667 0.628750 0.662000 0.628250 0.663000 0.627250 0.663667 0.623750 0.663000 0.619250 0.658000 0.611500 0.654000 0.607750 0.651000 0.606750
0 0.536333 0.613500 0.533333 0.614750 0.531333 0.618250 0.529667 0.623500 0.529667 0.627500 0.533667 0.639250 0.537333 0.641250 0.540667 0.641250 0.544667 0.640250 0.546333 0.638750 0.547000 0.635750 0.546667 0.626000 0.544333 0.618750 0.539000 0.614500
0 0.497667 0.649250 0.493000 0.654500 0.492000 0.657750 0.491667 0.664500 0.492000 0.666750 0.493667 0.669500 0.497333 0.671250 0.499333 0.671250 0.503000 0.669500 0.505333 0.666000 0.506333 0.658250 0.502667 0.650500 0.501667 0.649750
