0 0.811667 0.366750 0.807667 0.367000 0.804333 0.368500 0.799000 0.374000 0.797667 0.376250 0.797333 0.384500 0.798333 0.388500 0.799333 0.390000 0.803000 0.392000 0.807000 0.391000 0.810333 0.389000 0.816000 0.377750 0.817000 0.374250 0.816667 0.369500 0.814667 0.367750
0 0.678333 0.354250 0.678000 0.357000 0.678667 0.358250 0.680333 0.359250 0.685000 0.360500 0.691000 0.360500 0.697333 0.359750 0.700667 0.358750 0.702667 0.356500 0.703000 0.352750 0.702000 0.351000 0.700667 0.350250 0.694333 0.349250 0.689000 0.349250 0.682000 0.351250 0.679333 0.352750
0 0.608000 0.371750 0.604000 0.372000 0.601667 0.373000 0.597000 0.376500 0.595667 0.378750 0.594000 0.384250 0.594000 0.390000 0.595333 0.393750 0.598667 0.395500 0.603333 0.395500 0.606333 0.394250 0.608000 0.393000 0.612000 0.386500 0.613000 0.382250 0.612667 0.376750 0.611000 0.374250
0 0.513000 0.374000 0.510000 0.375000 0.508000 0.377250 0.507333 0.381000 0.508000 0.388750 0.509000 0.392000 0.513000 0.397250 0.517000 0.399000 0.518667 0.399000 0.522667 0.397750 0.525333 0.393750 0.525333 0.385000 0.521333 0.377000 0.516667 0.374500
0 0.541333 0.447500 0.537000 0.450250 0.534667 0.454500 0.534667 0.463000 0.536333 0.467750 0.539667 0.471250 0.541333 0.472250 0.545000 0.472750 0.548667 0.471250 0.552333 0.467500 0.553333 0.464500 0.553333 0.460500 0.551667 0.455250 0.548000 0.450000 0.545000 0.447750
0 0.651000 0.416250 0.649333 0.417500 0.648000 0.420500 0.648333 0.427250 0.650000 0.432250 0.654667 0.437250 0.658333 0.439000 0.662667 0.439250 0.667000 0.435750 0.667333 0.431000 0.660667 0.419500 0.655000 0.415750
0 0.827000 0.402000 0.822000 0.404750 0.820333 0.407500 0.819000 0.417250 0.822000 0.425250 0.825333 0.428750 0.829000 0.429000 0.830333 0.428750 0.833000 0.426750 0.835333 0.423500 0.837000 0.416750 0.837000 0.410250 0.836333 0.407000 0.834667 0.404000 0.832000 0.402500
0 0.677667 0.428750 0.674000 0.431000 0.672667 0.434000 0.673667 0.444000 0.675000 0.447250 0.677667 0.451000 0.681000 0.452750 0.685667 0.453000 0.688333 0.452000 0.690333 0.449750 0.691000 0.447500 0.691000 0.438750 0.690000 0.436250 0.686333 0.431250 0.681333 0.429000
0 0.667667 0.471000 0.665667 0.473500 0.666333 0.478500 0.669333 0.483500 0.673000 0.487500 0.678000 0.491000 0.681000 0.492000 0.685333 0.491750 0.687333 0.490250 0.688333 0.487250 0.688000 0.482750 0.686000 0.477500 0.677667 0.471000 0.674667 0.470250 0.669667 0.470250
0 0.684000 0.503750 0.681000 0.503500 0.678333 0.504500 0.674000 0.507500 0.672333 0.510000 0.671000 0.516000 0.671000 0.520750 0.672333 0.524500 0.674333 0.525750 0.678667 0.526000 0.682333 0.524750 0.685000 0.523000 0.686667 0.520250 0.687667 0.516250 0.687333 0.508000 0.686000 0.504500
0 0.692667 0.528750 0.690667 0.527000 0.689000 0.526500 0.685333 0.526500 0.678333 0.528250 0.669333 0.528000 0.665333 0.529250 0.661333 0.532250 0.660667 0.533500 0.661000 0.535250 0.662667 0.537500 0.668667 0.539250 0.675667 0.539250 0.682000 0.538500 0.685000 0.537750 0.692333 0.530000
0 0.707333 0.547750 0.706667 0.550000 0.708000 0.554000 0.712667 0.558000 0.718333 0.561000 0.723667 0.562250 0.729000 0.562500 0.732000 0.562250 0.735000 0.560500 0.735000 0.556500 0.733000 0.553500 0.726000 0.548750 0.717333 0.546500 0.714000 0.546250 0.709333 0.546500
0 0.650000 0.537500 0.647667 0.540500 0.647667 0.543500 0.648667 0.548250 0.650667 0.552000 0.658667 0.558500 0.662000 0.559250 0.667000 0.558500 0.669000 0.556500 0.669333 0.554750 0.669000 0.549250 0.667333 0.546000 0.664333 0.543500 0.662000 0.540250 0.659333 0.539750 0.655000 0.537000
0 0.630667 0.523250 0.627333 0.525250 0.626333 0.527250 0.626333 0.536500 0.630667 0.544250 0.634000 0.546000 0.635667 0.546000 0.638667 0.545250 0.641000 0.542000 0.641667 0.538000 0.641333 0.532750 0.638333 0.526000 0.634333 0.523750
0 0.622333 0.495500 0.618000 0.494750 0.611000 0.497250 0.603667 0.503250 0.601000 0.509000 0.601000 0.512500 0.602000 0.515750 0.604000 0.517750 0.608667 0.518250 0.612333 0.517000 0.617333 0.513750 0.621667 0.509000 0.623667 0.505750 0.624333 0.502750 0.624333 0.498250
0 0.568333 0.529000 0.564333 0.529750 0.560333 0.533250 0.558667 0.539000 0.559000 0.544250 0.560000 0.547250 0.562000 0.550000 0.565000 0.552000 0.568333 0.552000 0.570667 0.550500 0.574333 0.545500 0.575333 0.542000 0.575667 0.537250 0.574667 0.533250 0.572667 0.531000
0 0.579333 0.549000 0.577000 0.550750 0.575667 0.554000 0.575667 0.556500 0.579333 0.562250 0.583333 0.565500 0.586667 0.566250 0.588333 0.568000 0.591333 0.568750 0.594667 0.570750 0.596667 0.570750 0.599000 0.569750 0.601000 0.566250 0.601000 0.563500 0.596000 0.556250 0.591333 0.552000 0.584667 0.549250
0 0.580667 0.570000 0.579000 0.572250 0.579000 0.576750 0.580667 0.580750 0.583667 0.584250 0.588667 0.588250 0.595000 0.590250 0.597000 0.589750 0.599667 0.587000 0.600000 0.582250 0.599333 0.579500 0.595333 0.577000 0.591667 0.572500 0.584667 0.569750
0 0.620667 0.565000 0.615333 0.564500 0.610667 0.566250 0.603333 0.573750 0.602000 0.576500 0.601667 0.580750 0.602667 0.584500 0.603667 0.585500 0.608000 0.586000 0.613333 0.584500 0.619667 0.581750 0.622333 0.579250 0.624000 0.575500 0.624333 0.571000 0.623667 0.567500 0.622667 0.566000
0 0.619000 0.585500 0.613667 0.585250 0.611000 0.586000 0.607000 0.588250 0.604000 0.592250 0.603000 0.595500 0.603000 0.600250 0.604667 0.604500 0.607667 0.607500 0.611333 0.607750 0.614667 0.606500 0.620667 0.600000 0.622333 0.595250 0.622333 0.590500 0.621000 0.587000
0 0.584000 0.593250 0.582000 0.595250 0.581333 0.597750 0.581333 0.601500 0.582667 0.607000 0.584333 0.609500 0.588333 0.613250 0.591333 0.614500 0.595333 0.614500 0.598000 0.612750 0.599333 0.611000 0.599333 0.603250 0.596333 0.597750 0.592667 0.593750 0.588667 0.592750
0 0.483000 0.547750 0.479667 0.548000 0.477000 0.549250 0.473667 0.555250 0.473000 0.558750 0.473333 0.564250 0.475000 0.567750 0.478000 0.570750 0.481333 0.571500 0.483667 0.571000 0.488000 0.568500 0.490000 0.565000 0.490667 0.561000 0.490667 0.556750 0.488000 0.550250 0.486667 0.548750
0 0.576667 0.608250 0.571667 0.608500 0.564667 0.610750 0.563333 0.611750 0.557667 0.619000 0.557333 0.623250 0.559667 0.625500 0.563667 0.626250 0.568000 0.625500 0.576000 0.620500 0.579000 0.615750 0.579667 0.612750 0.579333 0.610250
0 0.587333 0.624250 0.583667 0.627250 0.582000 0.633000 0.582333 0.638250 0.583667 0.642000 0.587333 0.646750 0.592667 0.648750 0.596000 0.647750 0.597667 0.645500 0.598667 0.642500 0.598667 0.635000 0.597333 0.630750 0.595000 0.626750 0.591333 0.624500
0 0.654667 0.604000 0.650667 0.606750 0.649000 0.610500 0.649667 0.620500 0.653333 0.625250 0.658333 0.628750 0.661333 0.629500 0.665667 0.629000 0.669333 0.626750 0.670333 0.624500 0.670667 0.618250 0.669333 0.612250 0.666333 0.607750 0.662667 0.605000 0.659000 0.604000
0 0.695667 0.627000 0.696667 0.631500 0.699333 0.632750 0.702333 0.635250 0.709000 0.637500 0.721667 0.638500 0.726333 0.637250 0.729000 0.635250 0.729000 0.634000 0.726000 0.630750 0.720333 0.627250 0.717000 0.626250 0.709333 0.625000 0.702333 0.625000 0.697000 0.625750
0 0.736000 0.641250 0.731333 0.641250 0.728333 0.642000 0.720333 0.648000 0.719000 0.650000 0.717000 0.657250 0.717333 0.661750 0.719667 0.663750 0.721000 0.664250 0.725333 0.664250 0.729333 0.662750 0.732667 0.659750 0.736333 0.653750 0.737667 0.649750 0.737667 0.643000
0 0.665000 0.634000 0.661000 0.634000 0.657667 0.635250 0.655333 0.637500 0.652667 0.642000 0.650333 0.650250 0.650667 0.654750 0.653000 0.657500 0.655667 0.658750 0.659000 0.659000 0.663000 0.657000 0.666667 0.652750 0.669667 0.647250 0.669667 0.638000 0.667667 0.635250
0 0.779667 0.645500 0.774667 0.645750 0.767000 0.649000 0.763333 0.653000 0.760000 0.658000 0.759333 0.661000 0.760000 0.664750 0.762667 0.668500 0.764667 0.669750 0.768667 0.670250 0.771667 0.669250 0.780000 0.663250 0.784000 0.654750 0.783333 0.649000
0 0.619333 0.652500 0.615667 0.652500 0.611000 0.654500 0.609000 0.658250 0.607667 0.665250 0.607667 0.671000 0.609000 0.675750 0.610333 0.678250 0.614333 0.680250 0.618667 0.679750 0.621667 0.678000 0.623667 0.675000 0.624333 0.672250 0.623667 0.657000 0.622333 0.654250
0 0.536667 0.680000 0.536333 0.682250 0.539333 0.686000 0.544333 0.688000 0.550000 0.691750 0.553667 0.692250 0.557000 0.693500 0.562333 0.693500 0.567667 0.692500 0.569667 0.690500 0.569667 0.688500 0.567333 0.684750 0.564000 0.681750 0.558000 0.678750 0.549333 0.676750 0.543667 0.676750 0.540333 0.677250
0 0.654667 0.684500 0.652667 0.687500 0.652667 0.692000 0.656667 0.700750 0.658667 0.702750 0.662333 0.704750 0.666667 0.705250 0.669333 0.703750 0.670333 0.699750 0.670333 0.696500 0.667333 0.689750 0.661667 0.684750 0.658333 0.684000
0 0.552667 0.694000 0.548333 0.694250 0.544667 0.696500 0.540333 0.705000 0.540333 0.708750 0.541667 0.713500 0.544000 0.716500 0.546333 0.717500 0.549333 0.717500 0.553333 0.715500 0.557333 0.709250 0.558667 0.705250 0.559000 0.700250 0.558000 0.696750 0.556333 0.695250
