0 0.362000 0.450000 0.357333 0.450500 0.353000 0.453250 0.348667 0.462500 0.348333 0.467250 0.349000 0.469750 0.352000 0.474250 0.354000 0.475500 0.358333 0.475250 0.365000 0.470500 0.367000 0.467000 0.368000 0.461250 0.367667 0.455000 0.365667 0.451250
0 0.493667 0.466750 0.489667 0.467000 0.485667 0.469500 0.481667 0.477500 0.482000 0.482750 0.484333 0.489500 0.485667 0.491250 0.489000 0.492250 0.490667 0.492250 0.495000 0.490000 0.497667 0.486250 0.498667 0.482750 0.498333 0.471500 0.497000 0.469000
0 0.538000 0.472250 0.535333 0.473000 0.532667 0.475250 0.528667 0.485500 0.528667 0.493750 0.530000 0.496000 0.532667 0.498000 0.536333 0.497750 0.538667 0.496250 0.543333 0.490750 0.544333 0.487500 0.544333 0.477250 0.542333 0.473750 0.540667 0.472750
0 0.560000 0.503000 0.556667 0.505000 0.555333 0.507250 0.554333 0.511250 0.554000 0.517750 0.556000 0.523750 0.559667 0.526250 0.561667 0.526500 0.565000 0.525500 0.568000 0.522500 0.569333 0.518000 0.569333 0.513000 0.568333 0.508750 0.565667 0.505000 0.563333 0.503500
0 0.456333 0.506250 0.453667 0.506000 0.447333 0.507750 0.442333 0.512500 0.440000 0.516500 0.439333 0.522500 0.441000 0.524750 0.444333 0.524750 0.449667 0.522250 0.452333 0.520000 0.457333 0.513750 0.458333 0.510750 0.458000 0.507750
0 0.396000 0.509750 0.392333 0.513000 0.392333 0.515250 0.394667 0.522000 0.399333 0.529000 0.404333 0.533000 0.408667 0.534750 0.412000 0.534750 0.414000 0.533500 0.415000 0.530250 0.414333 0.524750 0.412333 0.520000 0.410333 0.517000 0.403667 0.511000 0.400000 0.509750
0 0.383667 0.514000 0.380667 0.514750 0.377333 0.518000 0.376000 0.525500 0.376333 0.530000 0.377333 0.533000 0.379333 0.535250 0.382667 0.537500 0.386667 0.538000 0.389667 0.536750 0.392667 0.532750 0.393667 0.529250 0.393667 0.524250 0.391667 0.517500 0.390000 0.515250 0.387667 0.514250
0 0.455333 0.543750 0.454333 0.545000 0.454667 0.550250 0.456667 0.553250 0.461667 0.557750 0.468333 0.561750 0.470667 0.562500 0.476000 0.562750 0.480000 0.561250 0.480667 0.558750 0.480333 0.556000 0.476667 0.552250 0.474333 0.548750 0.469000 0.546500 0.465667 0.544250 0.459667 0.543000
0 0.485333 0.533250 0.485333 0.538500 0.492000 0.545750 0.503667 0.550750 0.511333 0.551500 0.514333 0.550250 0.515000 0.547000 0.514667 0.544750 0.513333 0.542500 0.510333 0.539750 0.505000 0.537000 0.500000 0.533500 0.497000 0.532500 0.491000 0.532000 0.486333 0.532500
0 0.471333 0.565000 0.468333 0.566500 0.466000 0.569750 0.464667 0.573250 0.464000 0.578000 0.465333 0.584500 0.467667 0.587500 0.470000 0.588750 0.472000 0.588500 0.475333 0.586250 0.477667 0.581000 0.477667 0.574750 0.476667 0.569250 0.475333 0.566750
0 0.489667 0.570250 0.486000 0.572250 0.484667 0.575250 0.484667 0.588000 0.486667 0.593250 0.490333 0.595750 0.494667 0.595750 0.497667 0.594000 0.498667 0.592250 0.499333 0.588500 0.499000 0.577750 0.498000 0.575000 0.495667 0.572000 0.493333 0.570750
0 0.518333 0.601750 0.514333 0.601750 0.511333 0.603500 0.509000 0.606500 0.507667 0.611250 0.507667 0.623500 0.509000 0.625750 0.513000 0.628000 0.515000 0.628000 0.521333 0.625500 0.522667 0.624000 0.523667 0.621000 0.523667 0.607250 0.522000 0.603500
0 0.566333 0.619250 0.563000 0.619000 0.556000 0.621500 0.551333 0.625000 0.549667 0.627250 0.548000 0.633750 0.548000 0.638750 0.549333 0.642250 0.552000 0.643750 0.557000 0.643000 0.561000 0.640750 0.567333 0.630750 0.569000 0.627250 0.569000 0.622000 0.568000 0.620250
0 0.587667 0.643500 0.583667 0.643750 0.580333 0.645500 0.575000 0.650500 0.573000 0.655250 0.572333 0.659250 0.573000 0.662750 0.576333 0.664750 0.580000 0.664750 0.583000 0.663500 0.584667 0.662250 0.588667 0.655500 0.590000 0.651500 0.590000 0.646000
0 0.525333 0.638500 0.521333 0.638500 0.517667 0.640000 0.510667 0.649250 0.509333 0.654250 0.511667 0.658500 0.513000 0.659500 0.517667 0.659250 0.521333 0.657500 0.525000 0.654000 0.526667 0.651250 0.528667 0.646250 0.528667 0.642750 0.527000 0.639500
0 0.500667 0.639250 0.500000 0.638000 0.497667 0.636500 0.485333 0.636750 0.476000 0.638250 0.471000 0.640500 0.470000 0.641750 0.470000 0.644000 0.471000 0.646000 0.472667 0.647250 0.476333 0.648250 0.482333 0.648500 0.492667 0.646500 0.497667 0.646250 0.500000 0.644750 0.501000 0.643250
0 0.501667 0.646500 0.500000 0.646000 0.494333 0.646500 0.487000 0.648000 0.481667 0.650000 0.475333 0.653500 0.472667 0.657250 0.473000 0.659000 0.475667 0.660500 0.482333 0.660750 0.498333 0.656000 0.500667 0.652500
0 0.446000 0.614250 0.444667 0.611750 0.443333 0.610750 0.439667 0.610000 0.431000 0.609500 0.420667 0.610250 0.417000 0.611000 0.411333 0.613750 0.410000 0.615500 0.410000 0.619000 0.411667 0.620750 0.419333 0.622750 0.436000 0.622750 0.440333 0.621500 0.444333 0.619500 0.446000 0.616250
0 0.333000 0.607500 0.330333 0.609000 0.329000 0.611250 0.329333 0.618000 0.331333 0.623000 0.337667 0.630500 0.341333 0.632250 0.346667 0.632000 0.348333 0.630500 0.349333 0.627750 0.349000 0.623000 0.347667 0.618500 0.342333 0.609750 0.338333 0.607750
0 0.337000 0.701250 0.336333 0.705750 0.337667 0.707750 0.341667 0.710500 0.351333 0.714000 0.360667 0.715750 0.363333 0.715750 0.368667 0.714750 0.372667 0.712500 0.373333 0.707750 0.371667 0.705000 0.369333 0.703500 0.357000 0.699750 0.350667 0.699000 0.342000 0.699000
0 0.473333 0.674750 0.470000 0.674750 0.466333 0.677000 0.462333 0.680750 0.460333 0.685250 0.459333 0.693750 0.460667 0.697750 0.464000 0.699500 0.466667 0.699750 0.469667 0.698000 0.475667 0.690000 0.477000 0.684750 0.477000 0.679750 0.475333 0.675750
0 0.497667 0.664500 0.493333 0.665000 0.491333 0.666500 0.488333 0.670250 0.487000 0.673500 0.488000 0.685500 0.489000 0.687000 0.491333 0.688000 0.497667 0.687750 0.499333 0.686750 0.500333 0.685000 0.500667 0.681250 0.502000 0.678250 0.502333 0.673250 0.499667 0.665750
0 0.514333 0.672500 0.512667 0.673250 0.510667 0.677500 0.510333 0.681750 0.511000 0.685250 0.513000 0.690750 0.515000 0.693000 0.517000 0.694250 0.521333 0.694250 0.523000 0.692750 0.524000 0.689750 0.524000 0.678500 0.522333 0.674000 0.521333 0.673250 0.518333 0.672250
0 0.566000 0.688750 0.560333 0.688750 0.556667 0.690000 0.548333 0.695750 0.544333 0.701500 0.543000 0.705250 0.543000 0.708500 0.544667 0.710750 0.546667 0.711250 0.552667 0.710750 0.561000 0.705750 0.565333 0.700750 0.567667 0.695500 0.568000 0.691750 0.567333 0.689750
0 0.513667 0.696500 0.511667 0.699250 0.511333 0.702000 0.515667 0.713000 0.517000 0.715000 0.521333 0.717500 0.525667 0.717500 0.527333 0.716500 0.529000 0.713250 0.527333 0.704500 0.521333 0.697250
0 0.549667 0.719250 0.546667 0.719250 0.543667 0.720000 0.540333 0.722250 0.538333 0.725000 0.534667 0.728250 0.532667 0.732000 0.532333 0.736750 0.533333 0.738750 0.534667 0.739750 0.538000 0.740250 0.545000 0.736750 0.549333 0.731250 0.552667 0.725500 0.552667 0.720750
0 0.513333 0.726000 0.509333 0.724500 0.502000 0.724250 0.498000 0.725500 0.489000 0.727000 0.486333 0.728000 0.481667 0.732000 0.480000 0.735250 0.480000 0.737250 0.482000 0.739750 0.485667 0.740750 0.491000 0.741000 0.497667 0.739750 0.503000 0.736750 0.505333 0.736250 0.508333 0.734250 0.511333 0.733250 0.513333 0.731750 0.514333 0.729750 0.514333 0.727500
0 0.512667 0.744250 0.510000 0.745750 0.508333 0.748500 0.507667 0.751500 0.508000 0.759500 0.509000 0.762500 0.512667 0.767000 0.514333 0.768000 0.517667 0.768000 0.520333 0.766750 0.522667 0.764250 0.523333 0.761750 0.523000 0.752250 0.521333 0.749000 0.519333 0.747000 0.515333 0.744500
0 0.478667 0.752000 0.476667 0.755000 0.477333 0.758750 0.481667 0.764500 0.487000 0.769000 0.494667 0.772000 0.498333 0.772000 0.501667 0.770750 0.503000 0.769000 0.503333 0.767000 0.501333 0.764000 0.499333 0.758750 0.491000 0.753500 0.487000 0.751750 0.481333 0.751250
0 0.498000 0.774500 0.493667 0.774750 0.486667 0.780750 0.485333 0.782750 0.483667 0.787500 0.481667 0.790250 0.481667 0.792000 0.483000 0.794250 0.485333 0.795500 0.487000 0.795500 0.490667 0.793500 0.497667 0.785500 0.499333 0.780250 0.499000 0.775500
0 0.528000 0.799000 0.526667 0.797750 0.522667 0.797000 0.511000 0.796750 0.502000 0.797750 0.499333 0.798750 0.495000 0.802000 0.494000 0.806250 0.497000 0.809000 0.500000 0.809750 0.504667 0.810250 0.514000 0.810250 0.517667 0.809750 0.521667 0.808500 0.527000 0.804750 0.528333 0.802500
0 0.474667 0.793500 0.469667 0.794250 0.467000 0.796000 0.465000 0.798750 0.462667 0.806000 0.462667 0.811000 0.465667 0.814000 0.467333 0.814750 0.471000 0.814250 0.474333 0.812000 0.475667 0.810250 0.478667 0.802750 0.479000 0.798750
0 0.450667 0.710750 0.446333 0.710500 0.443000 0.712000 0.439000 0.715750 0.434333 0.727750 0.434333 0.729250 0.435667 0.730750 0.438333 0.730500 0.441000 0.729500 0.444333 0.727000 0.450667 0.720250 0.452333 0.716750 0.452667 0.714000 0.452333 0.712250
