0 0.529333 0.626250 0.530000 0.628000 0.532667 0.629750 0.540333 0.631500 0.547333 0.630000 0.549667 0.627750 0.549333 0.625750 0.545333 0.623000 0.542000 0.622000 0.533000 0.622250 0.531000 0.623500
0 0.489333 0.705500 0.486667 0.706000 0.484333 0.709250 0.483667 0.713250 0.484000 0.718000 0.486333 0.725750 0.489667 0.729000 0.492000 0.729250 0.494667 0.728500 0.496667 0.726250 0.497667 0.724000 0.498000 0.719250 0.496000 0.712500 0.491333 0.706500
0 0.603000 0.672750 0.600333 0.673750 0.599000 0.675000 0.596667 0.679500 0.596000 0.683500 0.596667 0.689750 0.598667 0.693750 0.601667 0.695250 0.604667 0.695500 0.607000 0.695000 0.609333 0.692750 0.612000 0.686750 0.612333 0.681750 0.611000 0.677500 0.608333 0.673750 0.606333 0.673000
0 0.535000 0.687250 0.532333 0.688000 0.530000 0.689750 0.528000 0.693000 0.527000 0.697750 0.528667 0.704500 0.531000 0.708000 0.533333 0.709750 0.537667 0.710250 0.542000 0.707750 0.544333 0.704750 0.545667 0.699250 0.545667 0.695500 0.544667 0.692000 0.542333 0.689000 0.538000 0.687250
0 0.470333 0.677250 0.466000 0.680750 0.465333 0.686500 0.466333 0.689500 0.469667 0.694500 0.473667 0.696250 0.475667 0.696250 0.478333 0.695500 0.480667 0.693750 0.481667 0.690750 0.481333 0.686000 0.479000 0.681000 0.474667 0.678000
0 0.603000 0.600250 0.600000 0.601750 0.597667 0.604000 0.596000 0.607750 0.595333 0.612750 0.596000 0.619000 0.598000 0.622750 0.600333 0.624250 0.604667 0.624750 0.608000 0.624000 0.610667 0.620250 0.613000 0.614250 0.613000 0.608500 0.612000 0.605250 0.610333 0.602750 0.607333 0.600500
0 0.556667 0.626500 0.554333 0.628000 0.550333 0.634250 0.550333 0.641000 0.551333 0.644250 0.554333 0.648250 0.556667 0.650000 0.561000 0.650500 0.565000 0.648250 0.566667 0.646000 0.568000 0.642250 0.567667 0.637500 0.564333 0.629500 0.561667 0.627500
0 0.543667 0.614250 0.543333 0.616000 0.549000 0.622500 0.552667 0.625000 0.561667 0.626250 0.566000 0.625500 0.569000 0.623750 0.568333 0.619500 0.560333 0.614000 0.553000 0.611750 0.548000 0.611500 0.545667 0.612500
0 0.492333 0.595000 0.490000 0.595500 0.488333 0.596750 0.485667 0.600250 0.484667 0.603250 0.484667 0.610000 0.485667 0.614750 0.486667 0.616250 0.489667 0.618750 0.494333 0.619500 0.498000 0.617500 0.499667 0.615250 0.501333 0.605250 0.500333 0.599750 0.498333 0.596000 0.495333 0.595000
0 0.446333 0.610750 0.443333 0.612000 0.440000 0.617750 0.440000 0.626750 0.442000 0.630500 0.447000 0.634250 0.451333 0.634500 0.455000 0.631500 0.456000 0.629750 0.457000 0.624500 0.456667 0.620250 0.455000 0.616000 0.452000 0.612250 0.448333 0.610750
0 0.318333 0.613750 0.314333 0.618500 0.314000 0.624000 0.315667 0.630750 0.318000 0.634750 0.321667 0.637250 0.323333 0.637250 0.326000 0.636500 0.327667 0.634000 0.328667 0.629500 0.328667 0.622500 0.328000 0.619500 0.326000 0.616500 0.322000 0.614000
0 0.274667 0.525000 0.274333 0.529750 0.275000 0.530750 0.285667 0.537750 0.295000 0.540000 0.302000 0.539750 0.307000 0.537750 0.307333 0.533500 0.306333 0.532250 0.302667 0.529500 0.295667 0.525750 0.291333 0.524250 0.284333 0.523250 0.279000 0.523250
0 0.405333 0.552000 0.403667 0.552500 0.401333 0.555750 0.400667 0.566000 0.403667 0.574000 0.407000 0.576000 0.409333 0.576000 0.412000 0.574500 0.413333 0.572250 0.414667 0.566250 0.414667 0.560000 0.412333 0.554500 0.408000 0.552000
0 0.442333 0.537750 0.439333 0.538750 0.437333 0.541500 0.436667 0.547500 0.437667 0.553250 0.440333 0.557000 0.446000 0.561500 0.451667 0.562250 0.455000 0.560250 0.456000 0.557750 0.455333 0.549000 0.451333 0.540750 0.447333 0.538500
0 0.521000 0.538500 0.516667 0.538250 0.513667 0.539250 0.510000 0.542000 0.508333 0.544750 0.507667 0.547750 0.508000 0.553500 0.510000 0.556000 0.513000 0.557000 0.517667 0.555500 0.520333 0.553250 0.522333 0.550250 0.523000 0.541250 0.522333 0.539500
0 0.514333 0.567750 0.509333 0.570250 0.508000 0.573000 0.507000 0.578000 0.507333 0.584500 0.508333 0.587500 0.509667 0.589000 0.512667 0.590000 0.514667 0.590000 0.518667 0.585750 0.521333 0.580250 0.521667 0.575500 0.520333 0.571500 0.517333 0.568750
0 0.524667 0.589250 0.522667 0.591750 0.522667 0.594250 0.524333 0.599250 0.525667 0.601000 0.533333 0.607750 0.537333 0.608750 0.541667 0.608750 0.543333 0.608250 0.545000 0.607000 0.546333 0.604000 0.545667 0.599250 0.543333 0.596000 0.541000 0.594500 0.533667 0.592250 0.529333 0.589000
0 0.529667 0.574750 0.529000 0.576000 0.529000 0.580000 0.533000 0.588500 0.538000 0.592500 0.540333 0.593250 0.544667 0.593250 0.546333 0.591250 0.546667 0.586750 0.546000 0.583500 0.544000 0.579750 0.541667 0.577500 0.536333 0.574500 0.531667 0.574000
0 0.554333 0.585000 0.552333 0.585500 0.550000 0.587250 0.547667 0.592000 0.547667 0.596750 0.549000 0.600500 0.552667 0.605750 0.555667 0.607500 0.558333 0.607750 0.561333 0.607000 0.564000 0.604250 0.565667 0.599750 0.565667 0.596000 0.563667 0.590500 0.561667 0.587500 0.557000 0.585000
0 0.552000 0.563000 0.550000 0.565000 0.549333 0.569250 0.550333 0.573250 0.552667 0.578000 0.557333 0.582250 0.560000 0.583000 0.564000 0.586500 0.569000 0.586500 0.571333 0.583500 0.571333 0.578500 0.569000 0.571750 0.561000 0.563750 0.557667 0.562750
0 0.552667 0.540000 0.551000 0.541250 0.549333 0.544250 0.549333 0.549250 0.551000 0.554750 0.553667 0.558250 0.557000 0.561000 0.561000 0.562250 0.565333 0.561750 0.567000 0.560250 0.568333 0.557250 0.567000 0.549000 0.560000 0.540750 0.557333 0.539750
0 0.642000 0.549250 0.638667 0.547500 0.634333 0.547500 0.628333 0.549250 0.617667 0.556000 0.617000 0.558000 0.617333 0.561000 0.619667 0.562000 0.628333 0.562250 0.633000 0.561250 0.637667 0.558500 0.642667 0.554500 0.643333 0.551750
0 0.391000 0.513250 0.390667 0.517500 0.391667 0.519250 0.395333 0.521750 0.399667 0.523250 0.406000 0.524250 0.416333 0.524000 0.420667 0.523000 0.423000 0.521000 0.422667 0.516750 0.419667 0.514250 0.416000 0.512750 0.405333 0.511250 0.398667 0.511250 0.393333 0.512000
0 0.423333 0.494000 0.420333 0.496000 0.419000 0.498750 0.418667 0.506500 0.420333 0.511500 0.422667 0.515500 0.426667 0.518500 0.430667 0.520000 0.435000 0.519750 0.437000 0.517750 0.438000 0.514000 0.437333 0.506250 0.435667 0.501500 0.432667 0.497250 0.428667 0.494250
0 0.472667 0.507500 0.470000 0.508250 0.467333 0.511000 0.465000 0.517000 0.465000 0.521500 0.466333 0.525250 0.469000 0.529000 0.471000 0.530250 0.474333 0.530500 0.476667 0.529250 0.480000 0.524750 0.481333 0.520500 0.481333 0.516750 0.479000 0.509250 0.475333 0.507500
0 0.514667 0.512000 0.513000 0.512000 0.509000 0.514500 0.507000 0.518000 0.505667 0.522750 0.505333 0.526500 0.506000 0.529500 0.507667 0.531250 0.509667 0.532000 0.513333 0.532250 0.516000 0.531250 0.518333 0.529500 0.520333 0.525250 0.521000 0.521500 0.520667 0.516750 0.518667 0.513500
0 0.536333 0.514500 0.532667 0.515500 0.531333 0.517250 0.528667 0.524500 0.528667 0.529750 0.532000 0.538750 0.534667 0.540500 0.537667 0.541000 0.542667 0.538000 0.545333 0.534250 0.546333 0.530250 0.546333 0.524000 0.545000 0.518000 0.543333 0.516000 0.541000 0.514750
0 0.567667 0.516000 0.563667 0.516000 0.560000 0.517000 0.556333 0.519750 0.552000 0.528750 0.552000 0.532750 0.553000 0.534500 0.556667 0.536750 0.561000 0.535750 0.568667 0.529250 0.569667 0.525750 0.570000 0.520250 0.569333 0.517000
0 0.552333 0.499000 0.551000 0.500500 0.551000 0.503000 0.552667 0.506250 0.560000 0.512250 0.563333 0.513250 0.566000 0.512750 0.568667 0.510500 0.568000 0.505750 0.566000 0.502750 0.561000 0.500250 0.555333 0.499000
0 0.549333 0.483250 0.548000 0.485250 0.548000 0.487250 0.549333 0.490500 0.551667 0.493500 0.556333 0.497250 0.559667 0.499000 0.567667 0.501500 0.569333 0.501250 0.571333 0.499250 0.571667 0.497000 0.570333 0.492250 0.566667 0.487250 0.564667 0.485750 0.560333 0.484250 0.553000 0.482750
0 0.533000 0.488250 0.529333 0.491000 0.528000 0.493500 0.528000 0.498500 0.530667 0.506000 0.532333 0.508750 0.534333 0.510000 0.538000 0.510250 0.540667 0.509250 0.542667 0.507250 0.544000 0.502500 0.544333 0.497250 0.543667 0.494250 0.542000 0.491500 0.537333 0.487750
0 0.463000 0.478000 0.462000 0.478500 0.460000 0.482500 0.460667 0.489250 0.462333 0.494500 0.467667 0.500000 0.471333 0.501500 0.474667 0.501750 0.478000 0.498750 0.479333 0.495000 0.479000 0.490250 0.477000 0.485750 0.474667 0.482750 0.470333 0.479250 0.467000 0.477750
0 0.399667 0.427750 0.395333 0.430500 0.393000 0.435000 0.393000 0.440000 0.394000 0.444000 0.396667 0.448500 0.400333 0.451000 0.405000 0.450750 0.408000 0.447500 0.409000 0.444250 0.409000 0.437250 0.406667 0.431250 0.405000 0.429250 0.402333 0.428000
0 0.458667 0.430500 0.456000 0.429750 0.449333 0.430250 0.447000 0.431000 0.443000 0.434750 0.439667 0.438750 0.438667 0.442500 0.439333 0.447250 0.443000 0.449500 0.448333 0.449250 0.450667 0.448250 0.456000 0.443750 0.459000 0.439750 0.460000 0.436500 0.459667 0.431750
0 0.474667 0.451500 0.470333 0.451500 0.466667 0.453250 0.464667 0.455000 0.462333 0.458750 0.461000 0.463000 0.461000 0.468500 0.462333 0.471250 0.466333 0.473250 0.471000 0.471750 0.474667 0.468750 0.476000 0.466500 0.477000 0.456000 0.476667 0.454250
0 0.512667 0.467250 0.510000 0.467750 0.508333 0.469750 0.507000 0.473750 0.506667 0.478250 0.507667 0.482250 0.509000 0.484250 0.513333 0.485250 0.514667 0.484750 0.517000 0.482000 0.518000 0.477750 0.517000 0.470750 0.514333 0.467750
0 0.518333 0.466250 0.518333 0.467750 0.524333 0.474250 0.529333 0.476750 0.537667 0.478750 0.541333 0.478750 0.544333 0.477500 0.545333 0.474250 0.543333 0.471000 0.541333 0.469500 0.528333 0.464750 0.521667 0.464500
0 0.568000 0.459750 0.564667 0.459250 0.558667 0.461250 0.556000 0.462750 0.550000 0.470500 0.550000 0.475000 0.551667 0.477000 0.557333 0.477250 0.559667 0.476500 0.568000 0.469000 0.569667 0.465500 0.569667 0.462000
0 0.575667 0.462000 0.573667 0.463500 0.572333 0.466000 0.572333 0.467500 0.575333 0.474250 0.580333 0.482500 0.584000 0.484500 0.588333 0.484750 0.590333 0.483500 0.591667 0.479750 0.591333 0.475500 0.589667 0.470750 0.585000 0.465250 0.580333 0.462250
0 0.542000 0.417750 0.537333 0.418000 0.533333 0.420500 0.531333 0.423750 0.529333 0.430500 0.529333 0.435000 0.531333 0.439250 0.533333 0.441750 0.537000 0.443500 0.541667 0.442750 0.545333 0.440000 0.547667 0.435250 0.547667 0.424000 0.545667 0.419500
0 0.565000 0.432750 0.560333 0.434000 0.556667 0.437000 0.554667 0.439750 0.552667 0.446750 0.553000 0.451750 0.554333 0.455000 0.557000 0.457000 0.561000 0.456750 0.564667 0.455000 0.566667 0.453500 0.569333 0.448250 0.570333 0.443000 0.570000 0.437500 0.568333 0.434250
0 0.581667 0.431500 0.579333 0.432250 0.577667 0.434750 0.576667 0.440750 0.579333 0.447250 0.580333 0.448000 0.584000 0.448750 0.586000 0.447750 0.588667 0.445000 0.589667 0.439000 0.588333 0.435500 0.585000 0.432000
0 0.607667 0.396500 0.603667 0.398250 0.601000 0.401000 0.599000 0.406250 0.599000 0.412250 0.602667 0.421750 0.606333 0.424500 0.611333 0.425250 0.614000 0.423750 0.616333 0.420250 0.617000 0.417000 0.617000 0.406250 0.614667 0.399750 0.611333 0.397500
0 0.489667 0.383250 0.485333 0.385250 0.484000 0.388000 0.483333 0.391500 0.484000 0.400250 0.485333 0.404750 0.488000 0.407500 0.490667 0.409250 0.493000 0.410000 0.495667 0.410000 0.498667 0.408750 0.501333 0.404750 0.502667 0.400000 0.502333 0.395500 0.498667 0.387250 0.497000 0.385250 0.494000 0.383500
