0 0.353667 0.388250 0.349667 0.392000 0.348667 0.395750 0.348667 0.400500 0.349667 0.404000 0.352333 0.408750 0.354333 0.410000 0.358667 0.410500 0.362667 0.409500 0.364667 0.407500 0.366000 0.403000 0.366000 0.398750 0.364000 0.392000 0.361333 0.389500 0.357667 0.387750
0 0.431000 0.378750 0.428667 0.378000 0.424000 0.378500 0.421333 0.379750 0.415000 0.384500 0.410667 0.392000 0.410667 0.397000 0.412333 0.399250 0.414667 0.400000 0.420000 0.399750 0.424000 0.398250 0.428333 0.395250 0.432333 0.388750 0.433000 0.385750 0.432667 0.380750
0 0.548333 0.325500 0.547000 0.329000 0.547000 0.334750 0.548000 0.338000 0.550667 0.341500 0.557000 0.346500 0.563667 0.350000 0.569000 0.350000 0.573000 0.347500 0.574667 0.345500 0.574667 0.341250 0.573667 0.338500 0.567333 0.330250 0.560000 0.325500 0.556333 0.324750 0.552000 0.324750
0 0.571667 0.310250 0.568667 0.311250 0.567000 0.312500 0.565667 0.314750 0.565667 0.320250 0.567333 0.326000 0.568667 0.328000 0.573667 0.332500 0.577667 0.335250 0.580000 0.336000 0.583667 0.335750 0.585333 0.334500 0.587000 0.330750 0.587000 0.325250 0.585667 0.320750 0.581000 0.314250 0.576333 0.311000
0 0.574667 0.378250 0.571667 0.379000 0.567667 0.383500 0.567000 0.388000 0.567667 0.392500 0.571667 0.398750 0.575333 0.401500 0.580000 0.402250 0.583333 0.401000 0.585333 0.398500 0.586333 0.393000 0.586000 0.389000 0.584667 0.384500 0.581000 0.380500 0.577000 0.378250
0 0.551667 0.403750 0.549000 0.405000 0.547667 0.407750 0.548333 0.417250 0.552333 0.423750 0.556000 0.427750 0.558000 0.428750 0.561000 0.429250 0.564333 0.427250 0.565667 0.424500 0.565000 0.414750 0.561000 0.407250 0.557667 0.405000 0.553667 0.403750
0 0.472000 0.423250 0.468000 0.422000 0.461333 0.422000 0.456000 0.422500 0.452333 0.423500 0.446667 0.428000 0.444000 0.431000 0.443667 0.434250 0.444333 0.436500 0.447333 0.438250 0.454000 0.438750 0.458667 0.438000 0.466333 0.435750 0.471000 0.431750 0.473000 0.429000 0.473333 0.426500
0 0.447000 0.442750 0.443000 0.442500 0.438000 0.445250 0.435667 0.447250 0.431667 0.454500 0.431333 0.459500 0.432000 0.462250 0.435333 0.465750 0.439000 0.467000 0.443667 0.466500 0.450667 0.460750 0.452333 0.458000 0.453000 0.453500 0.452000 0.446500 0.451000 0.445000
0 0.305000 0.470250 0.302000 0.471500 0.298000 0.477500 0.297667 0.486500 0.299667 0.490000 0.306000 0.495000 0.307667 0.495250 0.310667 0.494750 0.314333 0.490250 0.315000 0.482000 0.314333 0.478250 0.311333 0.471750 0.308000 0.470250
0 0.436000 0.538000 0.431333 0.540000 0.429333 0.544500 0.430000 0.557000 0.431000 0.560250 0.433667 0.563250 0.436000 0.565000 0.441000 0.565500 0.444333 0.564250 0.446333 0.561250 0.447333 0.557250 0.447333 0.549000 0.444000 0.540500 0.440000 0.538500
0 0.490667 0.534500 0.487333 0.534750 0.484667 0.536000 0.478667 0.540750 0.477000 0.544250 0.477667 0.552000 0.478667 0.553750 0.482667 0.556750 0.486333 0.557000 0.489667 0.555500 0.492333 0.552500 0.493667 0.549250 0.495333 0.542500 0.495333 0.539500 0.494000 0.536250
0 0.513333 0.502000 0.508333 0.502750 0.501333 0.509000 0.500333 0.513250 0.500333 0.519000 0.501000 0.521500 0.502667 0.522750 0.506667 0.523250 0.509667 0.522250 0.514333 0.517750 0.516333 0.513250 0.517000 0.506250 0.515333 0.503250
0 0.497667 0.571500 0.497667 0.576750 0.501000 0.580750 0.507333 0.584250 0.516333 0.586250 0.521667 0.586250 0.526667 0.583750 0.528333 0.580750 0.528000 0.578750 0.526333 0.576250 0.521000 0.572000 0.514667 0.569750 0.509333 0.569000 0.502333 0.569250
0 0.505667 0.604750 0.501667 0.606750 0.499000 0.611000 0.498000 0.614500 0.498000 0.620500 0.499667 0.625250 0.502333 0.628250 0.504667 0.629000 0.509667 0.629000 0.513333 0.627250 0.514667 0.624250 0.515333 0.611500 0.514333 0.608000 0.512000 0.605750 0.509667 0.604750
0 0.463000 0.602250 0.458333 0.602000 0.455333 0.603250 0.453333 0.606000 0.451333 0.611250 0.451000 0.619500 0.451667 0.622750 0.453667 0.625750 0.455333 0.626750 0.459000 0.626500 0.463000 0.623500 0.465667 0.619750 0.467000 0.616250 0.467333 0.607250 0.465333 0.603750
0 0.411667 0.609750 0.409333 0.611750 0.408333 0.615250 0.408667 0.619000 0.410667 0.624000 0.415333 0.630750 0.420333 0.634250 0.423000 0.635000 0.424667 0.634750 0.427667 0.633250 0.429000 0.630750 0.429333 0.627000 0.428000 0.623000 0.425000 0.618000 0.420000 0.612000 0.416333 0.610000
0 0.387000 0.632000 0.385667 0.634250 0.387000 0.638500 0.391667 0.641500 0.396667 0.643000 0.402667 0.643750 0.407000 0.643500 0.409667 0.642250 0.410667 0.639500 0.410333 0.637750 0.409333 0.636250 0.405000 0.633250 0.400333 0.631750 0.393667 0.630750 0.389000 0.631000
0 0.350667 0.586000 0.347333 0.586000 0.344000 0.587250 0.341333 0.591000 0.339333 0.596500 0.338667 0.603250 0.339667 0.606500 0.342000 0.609250 0.345000 0.610250 0.347000 0.610250 0.350333 0.609250 0.354000 0.605250 0.356667 0.599750 0.357000 0.595250 0.356333 0.591000 0.354333 0.587250
0 0.333667 0.632250 0.329333 0.633000 0.325333 0.635500 0.323333 0.638750 0.322333 0.642500 0.322333 0.646250 0.323667 0.651750 0.325667 0.654750 0.329667 0.656250 0.333667 0.656250 0.337333 0.655000 0.339333 0.653500 0.341000 0.651000 0.342000 0.647500 0.342000 0.640250 0.341333 0.637750 0.339667 0.635000 0.337667 0.633500
0 0.291667 0.644250 0.287333 0.645000 0.283000 0.647500 0.281333 0.649000 0.278667 0.654000 0.278000 0.657250 0.278667 0.665000 0.280667 0.668250 0.283667 0.670000 0.287667 0.670000 0.291333 0.668500 0.294333 0.666000 0.296000 0.663000 0.296667 0.657250 0.296333 0.649750 0.294667 0.645750
0 0.372333 0.653250 0.369333 0.655750 0.368667 0.659750 0.369333 0.662500 0.374667 0.670500 0.384000 0.676750 0.388667 0.676500 0.391000 0.674000 0.391333 0.668500 0.389333 0.662750 0.386333 0.658250 0.377333 0.653750
0 0.371667 0.681000 0.370667 0.684250 0.371000 0.686250 0.377000 0.690500 0.384667 0.692000 0.388667 0.691750 0.393000 0.690250 0.394333 0.688750 0.394667 0.685000 0.393000 0.683500 0.387667 0.680750 0.382000 0.679500 0.375667 0.679500 0.373000 0.680000
0 0.442000 0.657500 0.439333 0.657250 0.436667 0.658500 0.431333 0.665500 0.431000 0.671000 0.432000 0.673500 0.434667 0.675750 0.436667 0.675750 0.438667 0.674750 0.444000 0.669750 0.445000 0.666000 0.445000 0.661500 0.444000 0.658500
0 0.459667 0.646000 0.458333 0.646000 0.455667 0.647250 0.453667 0.649250 0.449333 0.657750 0.449333 0.667500 0.451000 0.670000 0.454333 0.671500 0.456333 0.671500 0.459667 0.670500 0.464667 0.663250 0.466333 0.658750 0.466667 0.653500 0.465333 0.649750 0.462667 0.647250
0 0.490667 0.663250 0.486667 0.663500 0.482333 0.664750 0.476333 0.669250 0.473667 0.673000 0.472333 0.676750 0.473000 0.681000 0.474667 0.683000 0.477667 0.683750 0.482333 0.683000 0.486000 0.681000 0.491000 0.676750 0.493000 0.673250 0.493667 0.667250 0.492667 0.664750
0 0.506667 0.645750 0.504667 0.646250 0.501000 0.648500 0.499333 0.650500 0.497333 0.656250 0.497333 0.661500 0.499000 0.665750 0.501333 0.668000 0.505000 0.669000 0.509333 0.668500 0.513667 0.666250 0.515667 0.662250 0.516000 0.659000 0.515667 0.652750 0.514333 0.648750 0.510333 0.646250
0 0.462000 0.681250 0.460000 0.682000 0.458333 0.683500 0.454667 0.689000 0.454333 0.699250 0.456000 0.704250 0.458000 0.707000 0.462000 0.710000 0.466333 0.710250 0.469000 0.708500 0.472000 0.704250 0.473000 0.701000 0.473000 0.692750 0.471667 0.687750 0.467667 0.682500 0.464333 0.681250
0 0.443000 0.686500 0.439667 0.687500 0.437333 0.690000 0.436000 0.698000 0.438333 0.705500 0.440667 0.708750 0.442667 0.710000 0.448000 0.710000 0.450000 0.708750 0.452333 0.705750 0.453000 0.702250 0.452667 0.693250 0.451000 0.689500 0.448000 0.687250
0 0.424667 0.690000 0.420000 0.689750 0.416333 0.691250 0.409000 0.697250 0.407333 0.700250 0.406667 0.704000 0.406667 0.709000 0.408333 0.711500 0.412333 0.712000 0.417333 0.709750 0.421000 0.707000 0.425333 0.701750 0.427333 0.698000 0.427333 0.694500
0 0.388000 0.707500 0.385333 0.709250 0.384000 0.711750 0.384000 0.717250 0.386667 0.721500 0.391333 0.726000 0.396000 0.728250 0.401000 0.728750 0.403000 0.728000 0.405333 0.725250 0.405333 0.720750 0.404333 0.719000 0.396333 0.710250 0.392667 0.708250 0.389333 0.707250
0 0.438000 0.713500 0.436333 0.712250 0.433667 0.711750 0.428333 0.712000 0.424333 0.713250 0.419333 0.716750 0.416333 0.717750 0.412333 0.720250 0.412333 0.724250 0.413333 0.725250 0.416000 0.726000 0.422000 0.726500 0.428000 0.725750 0.435333 0.723000 0.437333 0.721250 0.439333 0.717500 0.439333 0.715750
