0 0.294667 0.621250 0.291000 0.623500 0.289667 0.626500 0.289333 0.637500 0.290333 0.640500 0.292667 0.642250 0.295333 0.645750 0.298000 0.647000 0.299667 0.647000 0.302667 0.646250 0.305667 0.643750 0.307000 0.641750 0.308333 0.636750 0.308000 0.632000 0.306333 0.626750 0.302667 0.622750 0.299333 0.621500
0 0.335000 0.710000 0.331000 0.710000 0.325333 0.712000 0.321667 0.714750 0.316667 0.720250 0.313667 0.727500 0.314000 0.730250 0.315667 0.732250 0.317667 0.733000 0.323000 0.732250 0.329667 0.729000 0.335000 0.722500 0.337000 0.716750 0.337333 0.713000
0 0.345000 0.715250 0.343000 0.715750 0.341333 0.717000 0.339333 0.720000 0.338667 0.724000 0.339000 0.729250 0.342333 0.735750 0.345000 0.739250 0.346333 0.740250 0.350333 0.741250 0.353333 0.740250 0.356333 0.737000 0.357000 0.734500 0.357000 0.727750 0.355333 0.721500 0.354000 0.719500 0.349667 0.715750
0 0.364333 0.706250 0.362000 0.707250 0.360667 0.708750 0.359333 0.715250 0.359667 0.717750 0.362667 0.722000 0.368000 0.726000 0.373000 0.727000 0.376667 0.725000 0.377667 0.720500 0.374667 0.713250 0.373333 0.711250 0.369667 0.708250 0.366333 0.706500
0 0.357333 0.681000 0.357000 0.684000 0.358000 0.686250 0.361333 0.690000 0.367667 0.693750 0.376333 0.695750 0.380000 0.695500 0.381667 0.694500 0.382333 0.693000 0.381667 0.689250 0.376333 0.685750 0.372333 0.681750 0.366000 0.680000 0.360667 0.680000
0 0.395667 0.632750 0.392000 0.632500 0.388000 0.634250 0.384333 0.638750 0.383000 0.642000 0.384000 0.650000 0.385000 0.652000 0.388000 0.654250 0.392333 0.654000 0.396333 0.652250 0.399000 0.647250 0.399667 0.639000 0.398000 0.634250
0 0.381000 0.644250 0.376667 0.645000 0.374333 0.646000 0.368667 0.650500 0.367000 0.657250 0.367000 0.663250 0.368000 0.665500 0.369667 0.666750 0.373667 0.667250 0.376000 0.666000 0.379333 0.663250 0.381667 0.659250 0.383667 0.654250 0.383667 0.649500
0 0.318333 0.633000 0.315333 0.634750 0.314000 0.637500 0.313667 0.642000 0.314667 0.647250 0.318667 0.652750 0.322000 0.654500 0.326000 0.654500 0.327333 0.653750 0.329667 0.650500 0.329667 0.642500 0.326000 0.635250 0.322667 0.633250
0 0.359333 0.658000 0.358333 0.657250 0.353667 0.656250 0.347333 0.656500 0.341667 0.658000 0.338000 0.659750 0.331333 0.665000 0.330667 0.666250 0.331333 0.670500 0.334333 0.672250 0.342667 0.672750 0.345333 0.671750 0.350000 0.671250 0.354000 0.669750 0.358333 0.666750 0.360000 0.662500
0 0.342667 0.676750 0.341667 0.674500 0.338667 0.672750 0.332667 0.672750 0.330667 0.672250 0.326333 0.672750 0.322667 0.672500 0.315000 0.674750 0.310000 0.679750 0.309333 0.681250 0.311000 0.683250 0.318333 0.686000 0.327000 0.685500 0.333333 0.684000 0.340333 0.680750 0.342667 0.678250
0 0.319000 0.665750 0.315000 0.664000 0.311333 0.663500 0.300667 0.664500 0.297333 0.665500 0.296000 0.666500 0.295333 0.670500 0.297667 0.673250 0.300667 0.674750 0.306667 0.675000 0.309667 0.674500 0.317667 0.671750 0.319333 0.670500
0 0.287667 0.641750 0.282667 0.642750 0.274000 0.653500 0.274000 0.660000 0.276000 0.662250 0.278667 0.663250 0.280667 0.662750 0.286000 0.659500 0.290667 0.654250 0.292000 0.646750 0.290333 0.643750
0 0.251000 0.649000 0.248000 0.650500 0.246333 0.654500 0.249000 0.662750 0.252000 0.667250 0.256667 0.670500 0.260000 0.671500 0.263667 0.671500 0.266000 0.669750 0.266667 0.667500 0.266667 0.664000 0.265333 0.658000 0.261667 0.653750 0.256667 0.650000 0.253333 0.649000
0 0.252333 0.696750 0.251000 0.697750 0.250000 0.700500 0.251667 0.710000 0.255333 0.713500 0.259333 0.716000 0.266333 0.718000 0.270000 0.717500 0.271333 0.716000 0.271667 0.712000 0.269000 0.705750 0.266000 0.702500 0.264333 0.699250 0.262000 0.697250 0.259333 0.696250
0 0.235000 0.677500 0.235333 0.682250 0.237333 0.685000 0.239667 0.686750 0.247000 0.689000 0.252000 0.691500 0.260333 0.691750 0.263333 0.691250 0.265000 0.690250 0.266667 0.686750 0.266667 0.684750 0.265333 0.681750 0.262667 0.679000 0.256000 0.675250 0.249667 0.673500 0.244000 0.673250 0.237000 0.675500
0 0.197000 0.709000 0.193667 0.709250 0.191667 0.710000 0.189000 0.712500 0.188333 0.715500 0.189000 0.725750 0.190667 0.728500 0.193667 0.731000 0.197333 0.731000 0.200667 0.729250 0.202667 0.726250 0.203667 0.722750 0.203667 0.717000 0.202667 0.712000 0.200667 0.710000
0 0.189333 0.655000 0.185000 0.658250 0.183000 0.661500 0.182000 0.666750 0.182667 0.670000 0.185000 0.674750 0.188667 0.677500 0.193667 0.678250 0.197333 0.677000 0.200667 0.674500 0.202667 0.670000 0.202667 0.664500 0.202000 0.661250 0.200000 0.658000 0.196667 0.655750 0.193667 0.654500
0 0.165000 0.586000 0.161667 0.587000 0.158333 0.591000 0.157667 0.598500 0.158667 0.602500 0.161667 0.607500 0.165333 0.609750 0.168667 0.609750 0.170667 0.609250 0.172333 0.608000 0.174333 0.604500 0.175000 0.601000 0.174667 0.595250 0.170333 0.587250 0.167000 0.586000
0 0.278333 0.616000 0.274667 0.617000 0.273000 0.618750 0.271667 0.627000 0.274667 0.635500 0.279667 0.639750 0.284000 0.640000 0.286333 0.638500 0.288000 0.635000 0.288333 0.625250 0.287000 0.619000 0.284000 0.617250 0.280333 0.616000
0 0.251333 0.614250 0.248667 0.615250 0.247000 0.616750 0.246000 0.620000 0.246333 0.624500 0.247333 0.627750 0.250667 0.632500 0.253667 0.634500 0.256333 0.635000 0.259333 0.633000 0.261000 0.630750 0.261667 0.628250 0.261333 0.622500 0.260333 0.619250 0.256667 0.615500 0.254000 0.614500
0 0.431000 0.249000 0.426667 0.251750 0.423333 0.256500 0.422333 0.260250 0.422667 0.270500 0.423333 0.273250 0.425667 0.276750 0.428333 0.278500 0.434000 0.279000 0.436000 0.278500 0.437667 0.277000 0.441333 0.271250 0.442000 0.268000 0.442000 0.259500 0.440333 0.254750 0.438333 0.252000 0.436000 0.250000
0 0.332000 0.381000 0.330333 0.383250 0.330000 0.385750 0.330333 0.388250 0.333000 0.393250 0.337333 0.397500 0.342333 0.399750 0.346667 0.400250 0.350000 0.399500 0.352000 0.397250 0.352333 0.392750 0.349333 0.386750 0.341667 0.381250 0.338000 0.380250 0.333667 0.380250
0 0.398667 0.396250 0.395667 0.395750 0.388667 0.398750 0.383667 0.402500 0.380333 0.408500 0.380667 0.412750 0.383333 0.415000 0.387000 0.415250 0.389667 0.414500 0.397333 0.408750 0.400333 0.402000 0.400333 0.398500
0 0.411333 0.395250 0.408000 0.396000 0.406667 0.397250 0.405667 0.399750 0.405667 0.404750 0.408667 0.411500 0.411667 0.413500 0.416000 0.413750 0.418333 0.412500 0.419667 0.410000 0.419667 0.401750 0.417000 0.397750 0.413000 0.395500
0 0.444000 0.429000 0.439000 0.429500 0.436667 0.431250 0.431000 0.438500 0.430667 0.447500 0.432000 0.449750 0.436000 0.452000 0.440667 0.452000 0.443667 0.450000 0.448333 0.439500 0.449000 0.436500 0.448333 0.432000 0.446667 0.430250
0 0.458667 0.437750 0.454333 0.438000 0.451333 0.439750 0.445667 0.448500 0.444667 0.454500 0.445333 0.459250 0.447667 0.461750 0.450667 0.462750 0.455000 0.461750 0.459000 0.458750 0.461000 0.456000 0.463000 0.451250 0.463667 0.447250 0.463333 0.443250 0.461667 0.439250
0 0.485000 0.470500 0.482000 0.469250 0.477000 0.469250 0.470000 0.470750 0.461000 0.478250 0.460000 0.481500 0.460667 0.486000 0.463000 0.487250 0.467333 0.487250 0.478333 0.483000 0.482333 0.480000 0.485667 0.475500 0.486000 0.473000
0 0.373333 0.430250 0.370333 0.430250 0.367667 0.431000 0.360667 0.436000 0.357000 0.439750 0.355333 0.443250 0.355333 0.447250 0.357000 0.449250 0.361333 0.449750 0.365000 0.449000 0.373667 0.443000 0.375000 0.440000 0.375667 0.434500 0.375000 0.431750
0 0.359667 0.471000 0.358000 0.473250 0.357667 0.475250 0.360333 0.482250 0.368000 0.490000 0.373333 0.492500 0.377000 0.493250 0.380667 0.493000 0.384333 0.491500 0.385667 0.490000 0.385667 0.486000 0.380667 0.479250 0.375667 0.475750 0.372667 0.472750 0.369333 0.471000 0.365333 0.470250 0.361667 0.470250
0 0.283000 0.442000 0.279000 0.441500 0.274667 0.443250 0.270000 0.447000 0.267000 0.450750 0.265000 0.455750 0.264000 0.463500 0.265333 0.466500 0.267333 0.467750 0.271333 0.468000 0.276000 0.466500 0.280333 0.463750 0.284000 0.459750 0.286000 0.454750 0.286667 0.446500 0.285000 0.443500
0 0.216000 0.416750 0.212333 0.416250 0.201333 0.419000 0.197667 0.421500 0.195667 0.423750 0.194333 0.427500 0.191667 0.431500 0.191333 0.436000 0.192667 0.437750 0.196667 0.438750 0.201667 0.438750 0.206000 0.437250 0.209667 0.434750 0.216000 0.427750 0.217667 0.425000 0.218000 0.419000
0 0.196667 0.501500 0.190333 0.501250 0.188667 0.501750 0.181000 0.508250 0.179667 0.510500 0.178667 0.515250 0.179000 0.517750 0.181333 0.521500 0.186333 0.522000 0.194000 0.517000 0.196333 0.513000 0.198333 0.507250 0.198000 0.502750
0 0.413000 0.524750 0.410333 0.525250 0.408000 0.527000 0.404333 0.535750 0.404333 0.541750 0.406000 0.545500 0.407333 0.546750 0.410333 0.547500 0.412667 0.547500 0.415667 0.545500 0.418333 0.542000 0.419667 0.537750 0.418667 0.529000 0.416667 0.526250
0 0.419333 0.558750 0.417000 0.558000 0.413333 0.558000 0.408000 0.559000 0.400667 0.564750 0.396000 0.572750 0.397000 0.577000 0.399667 0.579500 0.402000 0.580000 0.405000 0.579750 0.411333 0.577250 0.413333 0.575750 0.419000 0.569000 0.420333 0.566500 0.420667 0.560000
0 0.459667 0.594250 0.455000 0.594250 0.451000 0.595500 0.447667 0.598250 0.444333 0.602750 0.442333 0.607500 0.441667 0.612000 0.443000 0.616000 0.445333 0.617250 0.448667 0.617500 0.452000 0.616500 0.456000 0.613250 0.459000 0.609250 0.461667 0.600500 0.461667 0.596000
0 0.365333 0.567750 0.359333 0.572250 0.357333 0.581000 0.360667 0.590250 0.362333 0.592500 0.366000 0.594250 0.369333 0.594000 0.372667 0.592250 0.374667 0.587750 0.375667 0.580500 0.374667 0.575250 0.372667 0.571000 0.369667 0.569000
0 0.352667 0.554250 0.349000 0.554250 0.345000 0.556250 0.341000 0.564000 0.340333 0.567250 0.341000 0.572750 0.344333 0.576500 0.346000 0.577250 0.350333 0.577250 0.355667 0.572500 0.358000 0.568250 0.358000 0.557750 0.356333 0.555500
0 0.341333 0.582000 0.339667 0.583500 0.340000 0.588500 0.346333 0.599000 0.353000 0.603500 0.357667 0.603500 0.361000 0.601000 0.362000 0.599250 0.362000 0.595250 0.358000 0.587750 0.349333 0.582000
0 0.337333 0.591750 0.333333 0.594250 0.332333 0.595750 0.331667 0.600000 0.332000 0.606500 0.333667 0.610500 0.338000 0.615000 0.341667 0.615500 0.346000 0.612000 0.347333 0.603500 0.343000 0.594500 0.338667 0.591750
0 0.361667 0.606500 0.360000 0.607750 0.359000 0.610250 0.359667 0.615750 0.361667 0.619500 0.367000 0.623750 0.373000 0.625750 0.378333 0.625000 0.380000 0.623000 0.380000 0.619000 0.375667 0.610750 0.370000 0.606750 0.365000 0.605500
0 0.291333 0.581750 0.290000 0.583250 0.290333 0.588750 0.294333 0.595750 0.298667 0.600250 0.302000 0.601250 0.307333 0.600750 0.309667 0.596750 0.309667 0.594250 0.306667 0.587500 0.303333 0.584750 0.295667 0.580750 0.294000 0.580750
