0 0.476000 0.533250 0.473667 0.533500 0.470000 0.537000 0.468000 0.545750 0.467667 0.552500 0.468333 0.558000 0.469667 0.561000 0.471000 0.561750 0.473333 0.562000 0.476667 0.561250 0.478333 0.560000 0.482000 0.555750 0.483333 0.552000 0.483667 0.543250 0.482333 0.537500 0.479333 0.534000
0 0.474000 0.369250 0.471333 0.371500 0.469667 0.375000 0.468667 0.381000 0.468667 0.386750 0.470000 0.390750 0.472000 0.393250 0.474000 0.394250 0.476333 0.394250 0.479333 0.393500 0.481000 0.392250 0.482333 0.390000 0.483000 0.387500 0.483000 0.376250 0.482333 0.373500 0.480667 0.371000 0.478667 0.369500
0 0.540333 0.398500 0.536000 0.400500 0.533333 0.404000 0.532000 0.407750 0.531333 0.416750 0.532000 0.420750 0.534000 0.423750 0.537000 0.426000 0.541667 0.427000 0.545667 0.424750 0.549000 0.419750 0.550000 0.417000 0.550333 0.412500 0.549667 0.407750 0.546000 0.400250 0.544000 0.399000
0 0.552000 0.467250 0.549333 0.470000 0.549333 0.474750 0.551667 0.481000 0.555000 0.486250 0.560667 0.490750 0.563667 0.491750 0.568333 0.491250 0.569667 0.490000 0.570667 0.487250 0.570667 0.482500 0.569000 0.477000 0.567000 0.475500 0.563000 0.470250 0.560333 0.468250 0.556333 0.467000
0 0.405333 0.426250 0.403667 0.427000 0.399667 0.431000 0.398667 0.439250 0.400000 0.445750 0.403333 0.451250 0.405000 0.452500 0.408667 0.453000 0.411333 0.452250 0.413333 0.450500 0.415667 0.444000 0.416333 0.437750 0.414667 0.431750 0.413333 0.429750 0.409000 0.426500
0 0.459000 0.478500 0.454667 0.478500 0.450333 0.482000 0.447000 0.487000 0.445333 0.497750 0.446667 0.500750 0.450000 0.502000 0.452333 0.502000 0.456333 0.500500 0.459000 0.498500 0.460000 0.496750 0.461667 0.491000 0.462000 0.485000 0.461000 0.481000
0 0.498667 0.488500 0.497333 0.488500 0.493333 0.490500 0.489667 0.494750 0.488333 0.498500 0.488000 0.503500 0.489000 0.509750 0.491000 0.513250 0.493333 0.514750 0.497667 0.514500 0.500000 0.513250 0.504667 0.501750 0.504667 0.496750 0.503667 0.493250 0.501667 0.490250
0 0.518000 0.498250 0.512667 0.501750 0.510333 0.505500 0.509667 0.513250 0.511000 0.518250 0.513000 0.522250 0.516000 0.523750 0.519667 0.524000 0.523000 0.523000 0.526667 0.519000 0.527667 0.515250 0.528000 0.509250 0.525667 0.501250 0.522333 0.498750
0 0.536000 0.562500 0.533667 0.564000 0.533000 0.566750 0.534333 0.576000 0.539333 0.584000 0.541333 0.585250 0.545333 0.585500 0.548000 0.583250 0.549000 0.579750 0.548333 0.574000 0.545333 0.566250 0.542667 0.563750 0.540000 0.562750
0 0.400333 0.515750 0.398000 0.517750 0.397000 0.521750 0.398333 0.530500 0.402000 0.536750 0.404000 0.538250 0.408667 0.538250 0.410667 0.537000 0.412667 0.534000 0.413000 0.528750 0.412333 0.524750 0.405000 0.516000
0 0.365333 0.529750 0.364000 0.532500 0.364667 0.534250 0.368333 0.537750 0.374667 0.540000 0.376667 0.541500 0.384000 0.544000 0.387000 0.544250 0.392667 0.543750 0.396333 0.541750 0.396333 0.539500 0.395000 0.536750 0.389667 0.531750 0.381000 0.528750 0.374000 0.527250 0.368667 0.527750
0 0.418333 0.570250 0.414667 0.569500 0.408667 0.570500 0.405000 0.572000 0.400333 0.576000 0.393333 0.587250 0.394333 0.591500 0.396333 0.593750 0.404000 0.593000 0.407000 0.590000 0.412000 0.586750 0.414333 0.583500 0.417667 0.580500 0.419333 0.577250 0.419667 0.571500
0 0.424667 0.590000 0.420667 0.588250 0.414667 0.588500 0.408000 0.591250 0.405333 0.593000 0.400000 0.594250 0.395000 0.599000 0.394333 0.601750 0.394667 0.604250 0.398000 0.606250 0.404000 0.607250 0.411667 0.605250 0.419333 0.601750 0.422000 0.600000 0.425333 0.596250 0.425667 0.591500
0 0.409000 0.625000 0.406000 0.625250 0.403667 0.626500 0.399333 0.634250 0.398667 0.641500 0.399333 0.646500 0.400667 0.648500 0.404000 0.650750 0.408000 0.649750 0.410000 0.648250 0.412667 0.645000 0.413667 0.642250 0.414333 0.633250 0.412667 0.626500
0 0.428000 0.645000 0.424000 0.647250 0.422000 0.650000 0.421000 0.656750 0.422667 0.666000 0.425667 0.669500 0.427333 0.670500 0.429333 0.670500 0.432333 0.669750 0.435000 0.667500 0.436333 0.665250 0.437667 0.659750 0.437667 0.650750 0.436333 0.647500 0.434667 0.646250 0.432000 0.645250
0 0.474000 0.632750 0.470000 0.634750 0.468333 0.639500 0.467667 0.646500 0.468333 0.650000 0.470333 0.653250 0.474000 0.655250 0.476667 0.655250 0.480333 0.654250 0.482667 0.651750 0.484000 0.646250 0.484000 0.642000 0.483333 0.638000 0.482000 0.635250 0.478333 0.633000
0 0.540333 0.642000 0.537667 0.644000 0.533333 0.649750 0.533000 0.661750 0.535667 0.666750 0.539667 0.669500 0.542000 0.669750 0.544667 0.668750 0.546333 0.666750 0.549667 0.658250 0.550333 0.653250 0.549333 0.648750 0.545667 0.643250 0.542667 0.642000
0 0.588000 0.633500 0.584333 0.634000 0.582333 0.635250 0.579333 0.638500 0.578333 0.642000 0.578333 0.648750 0.579333 0.652500 0.581667 0.655000 0.584000 0.655750 0.587333 0.655500 0.589333 0.654750 0.591667 0.652000 0.592667 0.648750 0.592667 0.638250 0.591000 0.635250
0 0.515333 0.684000 0.513333 0.684500 0.509000 0.688750 0.508333 0.698250 0.509333 0.701750 0.513000 0.707000 0.516667 0.709000 0.521000 0.708500 0.523667 0.705750 0.525000 0.700000 0.525000 0.693500 0.524000 0.689000 0.522000 0.686000 0.518333 0.684000
0 0.494667 0.712000 0.490000 0.713250 0.486667 0.717000 0.485333 0.720000 0.485667 0.729000 0.487000 0.732500 0.489333 0.736000 0.493333 0.736750 0.496333 0.736000 0.498667 0.734250 0.500333 0.727750 0.500333 0.719500 0.499667 0.716750 0.498000 0.714250
0 0.474333 0.735500 0.471000 0.735500 0.468333 0.736750 0.465667 0.740000 0.464000 0.744000 0.463667 0.749250 0.465000 0.754750 0.466667 0.757750 0.470000 0.760750 0.473333 0.760250 0.475667 0.758750 0.478000 0.756250 0.480000 0.752500 0.480333 0.748250 0.479667 0.743000 0.476333 0.736750
0 0.436333 0.726750 0.434667 0.727000 0.431333 0.729000 0.429333 0.732250 0.428667 0.735250 0.429000 0.742500 0.430667 0.748750 0.432000 0.751000 0.435000 0.753000 0.439667 0.752000 0.443000 0.748750 0.444667 0.742000 0.444333 0.735500 0.443000 0.732000 0.440667 0.728250 0.439000 0.727250
0 0.405333 0.699250 0.404000 0.699250 0.402000 0.700250 0.399000 0.703500 0.397333 0.711750 0.397667 0.716500 0.399667 0.719500 0.403667 0.720500 0.405000 0.720250 0.409000 0.717500 0.412667 0.709500 0.412667 0.704500 0.409333 0.700500
0 0.389667 0.721500 0.384000 0.722000 0.376333 0.728000 0.375000 0.732000 0.374667 0.740500 0.375667 0.743000 0.377333 0.744500 0.381667 0.744500 0.388333 0.740250 0.390000 0.738000 0.393667 0.729000 0.393667 0.724000 0.392333 0.722500
0 0.412667 0.748500 0.408333 0.748500 0.405667 0.750500 0.403667 0.752750 0.400667 0.759000 0.400667 0.764250 0.402000 0.768250 0.403667 0.771000 0.407667 0.773000 0.410667 0.772500 0.413000 0.771250 0.415333 0.768000 0.418000 0.761250 0.417667 0.752250 0.417000 0.751000
0 0.377333 0.767250 0.372000 0.766750 0.367333 0.767750 0.353667 0.777500 0.349000 0.783750 0.349000 0.787750 0.353000 0.791000 0.357000 0.791000 0.365667 0.788000 0.372667 0.783250 0.377000 0.778750 0.378667 0.775250 0.379000 0.770250
0 0.380000 0.686000 0.377333 0.688750 0.377333 0.694000 0.379333 0.700500 0.384000 0.708000 0.385667 0.709000 0.389333 0.709750 0.392667 0.708250 0.394000 0.705500 0.392667 0.697250 0.388667 0.689500 0.381667 0.686000
