0 0.498333 0.385500 0.493333 0.385250 0.486667 0.388000 0.481333 0.392250 0.478333 0.395750 0.476000 0.399500 0.475000 0.402750 0.475667 0.407750 0.478000 0.409750 0.483333 0.410000 0.487667 0.408750 0.490333 0.407500 0.498333 0.400750 0.502333 0.393250 0.501667 0.389000
0 0.489333 0.431000 0.486667 0.432250 0.485000 0.436000 0.484667 0.442750 0.485667 0.447500 0.489333 0.453000 0.495000 0.456750 0.498667 0.457250 0.502667 0.454000 0.504000 0.451000 0.504000 0.446750 0.502667 0.441750 0.498667 0.434500 0.494667 0.431750 0.492000 0.431000
0 0.490667 0.460000 0.486667 0.462000 0.485667 0.464000 0.485000 0.467500 0.485333 0.478750 0.487333 0.482500 0.490333 0.485250 0.494667 0.485500 0.499000 0.483250 0.500000 0.481000 0.500667 0.475000 0.500333 0.466000 0.498000 0.461750 0.494333 0.460500
0 0.518333 0.455500 0.517000 0.455500 0.513000 0.458500 0.509667 0.464250 0.509333 0.468250 0.510000 0.472250 0.511333 0.475000 0.513667 0.476500 0.517000 0.476500 0.518333 0.475750 0.522333 0.468000 0.522333 0.459250 0.521000 0.456750
0 0.514000 0.480500 0.512333 0.480500 0.509000 0.481750 0.507333 0.485750 0.507000 0.497750 0.508667 0.501250 0.510000 0.502000 0.514000 0.501750 0.517333 0.498750 0.518333 0.495750 0.518667 0.485750 0.517333 0.483250
0 0.486667 0.495750 0.485333 0.496500 0.484333 0.498250 0.484333 0.503250 0.486333 0.510250 0.489333 0.514000 0.494000 0.517500 0.498333 0.518000 0.500333 0.514000 0.500000 0.508250 0.498333 0.501750 0.493667 0.497750 0.490000 0.496000
0 0.447667 0.489500 0.445000 0.491000 0.442667 0.493750 0.442667 0.506250 0.444333 0.511000 0.446000 0.513250 0.447333 0.514000 0.451333 0.514250 0.453333 0.513250 0.456333 0.510000 0.458333 0.506000 0.458667 0.502000 0.455667 0.493500 0.451667 0.489750
0 0.423667 0.478000 0.421333 0.479000 0.418667 0.481750 0.419667 0.491000 0.423333 0.498750 0.427333 0.501000 0.432000 0.501000 0.435333 0.498750 0.436333 0.496500 0.436667 0.490250 0.436000 0.486500 0.432333 0.481000 0.428333 0.478000
0 0.395000 0.458250 0.394667 0.463250 0.397667 0.467250 0.400333 0.469250 0.403667 0.470500 0.408000 0.473750 0.413000 0.475750 0.418000 0.476250 0.421000 0.475250 0.422000 0.473500 0.422000 0.470000 0.419333 0.465750 0.415667 0.462250 0.404000 0.457000 0.399000 0.456750
0 0.403667 0.480750 0.400000 0.483000 0.398667 0.485750 0.398667 0.498250 0.399667 0.500750 0.401667 0.503000 0.405000 0.505500 0.407333 0.506500 0.409000 0.506500 0.411667 0.505250 0.413667 0.502250 0.414667 0.497250 0.414333 0.490000 0.412333 0.485000 0.408667 0.482250 0.405000 0.480750
0 0.381000 0.482750 0.376667 0.483250 0.374333 0.485500 0.372333 0.489000 0.371333 0.493000 0.372000 0.502000 0.373000 0.503750 0.376333 0.506000 0.378333 0.505750 0.382333 0.503000 0.385333 0.497250 0.386333 0.493750 0.385667 0.486500
0 0.401000 0.514750 0.399667 0.515250 0.397667 0.517750 0.395667 0.524000 0.395333 0.534000 0.396667 0.537750 0.399333 0.541500 0.400667 0.542250 0.404000 0.542250 0.409000 0.537750 0.412000 0.533500 0.412667 0.528500 0.412000 0.524250 0.408667 0.517000 0.404667 0.514750
0 0.345333 0.522500 0.342000 0.522500 0.338000 0.525000 0.336000 0.528250 0.334000 0.533750 0.333333 0.541500 0.336000 0.546250 0.338333 0.547750 0.341667 0.548000 0.346333 0.545000 0.350333 0.537250 0.350333 0.525750 0.349000 0.524000
0 0.404667 0.554000 0.401333 0.553000 0.395333 0.553250 0.386667 0.556000 0.380667 0.560250 0.377333 0.564250 0.377333 0.567750 0.378000 0.568750 0.380333 0.570000 0.385333 0.570250 0.392000 0.569000 0.397000 0.567000 0.405000 0.561000 0.405667 0.556000
0 0.432667 0.569750 0.430667 0.569750 0.424333 0.572250 0.421667 0.574250 0.419333 0.577250 0.415000 0.588750 0.415333 0.594000 0.416333 0.595500 0.418333 0.596500 0.420667 0.596750 0.423667 0.595750 0.428000 0.592750 0.433000 0.584750 0.435333 0.579250 0.436000 0.575000 0.435333 0.571500
0 0.428667 0.623000 0.428667 0.625500 0.429667 0.627500 0.439000 0.632000 0.445667 0.633250 0.451667 0.633250 0.457000 0.632000 0.458667 0.630500 0.457667 0.626500 0.451000 0.622500 0.441667 0.620750 0.436000 0.620500 0.431333 0.621000
0 0.538000 0.575000 0.535000 0.575500 0.532333 0.578500 0.529333 0.590500 0.529667 0.593500 0.531667 0.599000 0.533000 0.600500 0.535667 0.600750 0.537333 0.600500 0.538667 0.599500 0.541667 0.595250 0.544333 0.587500 0.543667 0.579250 0.541667 0.576750
0 0.555333 0.546750 0.553333 0.548500 0.553667 0.552500 0.556000 0.557750 0.559333 0.561250 0.565000 0.565500 0.568000 0.566750 0.572667 0.567250 0.575333 0.566000 0.576667 0.564500 0.577000 0.560000 0.576000 0.557250 0.568667 0.549750 0.566333 0.548250 0.560667 0.546500 0.557000 0.546250
0 0.560333 0.611000 0.557000 0.611000 0.555333 0.612000 0.550333 0.619500 0.549667 0.623250 0.550333 0.632000 0.552000 0.635500 0.555333 0.637000 0.558667 0.636500 0.561000 0.634750 0.565333 0.624000 0.565667 0.619500 0.565000 0.617250 0.561333 0.611500
0 0.537333 0.614000 0.534333 0.614500 0.532667 0.615500 0.529667 0.620000 0.528000 0.624750 0.528667 0.631500 0.531333 0.636500 0.533333 0.638000 0.536667 0.637750 0.538000 0.637000 0.539667 0.634750 0.541667 0.628750 0.541333 0.618750 0.539333 0.615500
0 0.541333 0.649250 0.537000 0.649500 0.534667 0.651500 0.532333 0.655000 0.530333 0.661750 0.530000 0.666750 0.531000 0.669750 0.532667 0.671500 0.536333 0.672750 0.538667 0.672250 0.541333 0.670250 0.544000 0.666250 0.545333 0.662250 0.545333 0.653500 0.543333 0.650500
0 0.544667 0.674000 0.541333 0.674750 0.539667 0.676000 0.529667 0.690000 0.528333 0.693750 0.528667 0.697500 0.532333 0.700000 0.537000 0.699250 0.544667 0.693250 0.546667 0.684000 0.546667 0.677250 0.545667 0.674750
0 0.532000 0.673500 0.530333 0.672750 0.525667 0.672750 0.520667 0.674000 0.517000 0.676000 0.509667 0.681750 0.509000 0.686000 0.510000 0.687250 0.513333 0.688750 0.522333 0.688250 0.528667 0.686000 0.531000 0.683500 0.533667 0.677500
0 0.493000 0.676250 0.489333 0.677500 0.486667 0.680500 0.486667 0.684250 0.488000 0.689500 0.493000 0.698000 0.494333 0.699000 0.502000 0.701500 0.505667 0.697250 0.506000 0.689500 0.501667 0.684250 0.498667 0.678250 0.494667 0.676250
0 0.478667 0.690500 0.475000 0.690750 0.470667 0.692750 0.463000 0.703500 0.462333 0.705500 0.463000 0.709500 0.466333 0.711500 0.469667 0.710250 0.475333 0.705500 0.481667 0.698000 0.482000 0.692750
0 0.455667 0.665000 0.451333 0.666250 0.447333 0.672500 0.446333 0.675500 0.446000 0.682500 0.447667 0.686250 0.451667 0.688750 0.455667 0.688250 0.459000 0.686500 0.461000 0.681500 0.461000 0.669500 0.459667 0.666500
0 0.454667 0.705250 0.451333 0.705250 0.446667 0.708000 0.442667 0.715500 0.441333 0.722750 0.441667 0.728750 0.443333 0.732000 0.445667 0.733000 0.449333 0.732500 0.452333 0.730250 0.455667 0.725250 0.458667 0.717750 0.459333 0.714750 0.459000 0.709750 0.457000 0.706500
0 0.475000 0.720000 0.471667 0.720250 0.469667 0.721250 0.463667 0.727750 0.462000 0.730500 0.461667 0.736500 0.463000 0.740250 0.466667 0.743000 0.470667 0.742750 0.473000 0.741000 0.475667 0.737500 0.478333 0.730000 0.478333 0.723750 0.476667 0.721000
0 0.513667 0.715000 0.510000 0.715250 0.508333 0.716500 0.506000 0.720250 0.504667 0.727250 0.505000 0.732500 0.506000 0.735500 0.509000 0.739750 0.510000 0.740250 0.513667 0.740250 0.514667 0.739750 0.517667 0.736250 0.519333 0.731250 0.519000 0.720250 0.517667 0.718250
0 0.510000 0.694500 0.508333 0.697250 0.509000 0.704250 0.517333 0.715000 0.520000 0.717000 0.522667 0.718000 0.525333 0.718250 0.528667 0.717250 0.531000 0.713500 0.531000 0.708250 0.529000 0.702750 0.522000 0.696250 0.514333 0.693750
0 0.500333 0.701750 0.490667 0.698750 0.483667 0.700500 0.477000 0.704500 0.473000 0.709750 0.472000 0.712250 0.472333 0.713250 0.474000 0.714500 0.476000 0.715000 0.482000 0.715000 0.488333 0.713500 0.498333 0.709500 0.500667 0.706000
0 0.548333 0.728750 0.546667 0.731750 0.546667 0.733500 0.548000 0.738000 0.550000 0.740500 0.557000 0.745250 0.561667 0.747500 0.565333 0.748250 0.568000 0.747250 0.570333 0.744500 0.570333 0.740500 0.568000 0.736250 0.560000 0.730750 0.552333 0.728250
0 0.658000 0.712000 0.654000 0.712000 0.650333 0.713250 0.641000 0.719500 0.638333 0.724250 0.638000 0.726750 0.638333 0.729000 0.640000 0.730500 0.642667 0.731500 0.646667 0.731250 0.655000 0.726000 0.659667 0.717500 0.659333 0.713500
0 0.529667 0.752500 0.529000 0.755250 0.529667 0.756500 0.539333 0.765250 0.545000 0.768500 0.548333 0.769500 0.552000 0.769000 0.553333 0.768250 0.553333 0.762750 0.550333 0.759250 0.544333 0.754500 0.537333 0.752250 0.532000 0.752000
0 0.439333 0.774750 0.434667 0.774250 0.431333 0.775250 0.422000 0.782250 0.419667 0.787000 0.419333 0.792250 0.420333 0.794750 0.422333 0.796250 0.427667 0.796500 0.432333 0.794500 0.435667 0.792000 0.440667 0.783250 0.441000 0.778000
