0 0.491000 0.669500 0.487667 0.670500 0.485333 0.672250 0.481667 0.681750 0.483000 0.689250 0.485667 0.693000 0.488667 0.694250 0.491667 0.694000 0.495333 0.691000 0.497333 0.686500 0.498333 0.681750 0.497667 0.673500 0.494667 0.670500
0 0.333667 0.356250 0.330333 0.358000 0.328667 0.361000 0.328000 0.366500 0.328333 0.374750 0.329333 0.378250 0.331333 0.381250 0.335667 0.383750 0.339000 0.384000 0.341333 0.383250 0.343667 0.380500 0.345333 0.373750 0.345333 0.367750 0.342000 0.359500 0.338333 0.356750
0 0.472667 0.361750 0.470333 0.361750 0.467000 0.364250 0.462333 0.370250 0.461333 0.376000 0.462333 0.385500 0.466000 0.389000 0.470000 0.389750 0.473000 0.388750 0.475333 0.386500 0.479000 0.378000 0.480000 0.373500 0.479667 0.368250 0.475000 0.362500
0 0.508667 0.391250 0.505000 0.392750 0.501333 0.398000 0.500667 0.400250 0.500667 0.406500 0.502000 0.411750 0.504000 0.414750 0.506000 0.416250 0.510667 0.416500 0.513333 0.415000 0.517333 0.405000 0.517667 0.399750 0.514667 0.393000 0.512667 0.391750
0 0.533000 0.419250 0.531333 0.420500 0.529000 0.424250 0.528333 0.428250 0.528667 0.435250 0.532333 0.443250 0.537333 0.446250 0.541000 0.446000 0.544000 0.444000 0.545667 0.440500 0.545667 0.431500 0.541667 0.423250 0.536667 0.419250
0 0.505333 0.419250 0.502333 0.420750 0.501667 0.422500 0.502000 0.428500 0.505333 0.434500 0.508667 0.438500 0.511000 0.440250 0.516667 0.443250 0.519000 0.443250 0.522000 0.441750 0.523000 0.439500 0.523333 0.434500 0.522333 0.430000 0.517333 0.423500 0.514000 0.421000 0.509667 0.419250
0 0.490667 0.428250 0.487000 0.430000 0.485000 0.432250 0.484333 0.434500 0.484667 0.443250 0.485667 0.446750 0.489000 0.451250 0.491667 0.452250 0.495333 0.452250 0.498667 0.450500 0.499667 0.448250 0.500333 0.443000 0.500000 0.434750 0.498667 0.431250 0.494333 0.428500
0 0.471333 0.423000 0.467333 0.423250 0.465667 0.424250 0.462333 0.427750 0.460667 0.432000 0.460333 0.440250 0.461000 0.443250 0.463333 0.445750 0.466667 0.447250 0.470667 0.447000 0.474333 0.444750 0.477000 0.438750 0.477667 0.430750 0.476667 0.427750 0.474667 0.424750
0 0.423333 0.450750 0.419333 0.454250 0.419000 0.459500 0.420333 0.464000 0.424000 0.471500 0.428667 0.475250 0.432333 0.476000 0.435667 0.474500 0.436667 0.472000 0.437000 0.464000 0.436000 0.458500 0.434333 0.455250 0.431333 0.453000 0.427667 0.451250
0 0.427667 0.493000 0.423333 0.493750 0.420333 0.496750 0.417333 0.502250 0.416333 0.506250 0.416333 0.512750 0.419333 0.518500 0.423000 0.520250 0.424667 0.520250 0.428667 0.518250 0.432667 0.509250 0.433333 0.504750 0.433000 0.498250 0.431000 0.494750
0 0.474667 0.514500 0.471333 0.515000 0.468000 0.517250 0.466000 0.520000 0.464000 0.525000 0.464000 0.531750 0.465000 0.536250 0.466000 0.538000 0.469667 0.540000 0.471667 0.540000 0.475333 0.538000 0.479000 0.531250 0.480667 0.526000 0.480333 0.521250 0.479000 0.517750
0 0.517000 0.500000 0.514333 0.501000 0.512667 0.502500 0.511333 0.505500 0.511333 0.511500 0.513000 0.517500 0.515000 0.520750 0.517000 0.522500 0.519333 0.522500 0.522333 0.521500 0.524000 0.518750 0.525333 0.513250 0.525333 0.508250 0.522667 0.501750 0.520667 0.500500
0 0.567333 0.477250 0.563667 0.477000 0.560333 0.478000 0.555667 0.482000 0.553667 0.486250 0.551667 0.493750 0.552000 0.499750 0.553000 0.502250 0.557000 0.504500 0.561000 0.504000 0.566667 0.499250 0.569333 0.495250 0.571000 0.488500 0.571000 0.482750 0.569667 0.479000
0 0.444000 0.548750 0.440000 0.549250 0.438667 0.550250 0.435000 0.555250 0.434000 0.559000 0.434333 0.565500 0.435667 0.569500 0.438667 0.573750 0.440000 0.574500 0.442667 0.574750 0.444000 0.574500 0.449000 0.570000 0.451000 0.563750 0.451000 0.556000 0.448333 0.551500
0 0.403000 0.551000 0.399667 0.552000 0.397000 0.556250 0.396667 0.564000 0.398000 0.569000 0.400000 0.573000 0.404000 0.576000 0.408000 0.576250 0.410333 0.574750 0.412333 0.572000 0.413000 0.563000 0.410000 0.555500 0.405000 0.551250
0 0.379000 0.575500 0.376000 0.576500 0.373667 0.580000 0.372667 0.584000 0.373333 0.592000 0.376333 0.598000 0.379667 0.600750 0.384000 0.602000 0.387000 0.601750 0.390000 0.600250 0.391333 0.597750 0.392667 0.593250 0.392333 0.586000 0.389333 0.578250 0.385000 0.575750
0 0.356333 0.629750 0.353667 0.631000 0.353000 0.636500 0.356667 0.645500 0.360333 0.651000 0.362000 0.652250 0.365000 0.653500 0.369333 0.653750 0.372000 0.651500 0.372667 0.648500 0.372333 0.643250 0.370667 0.639250 0.365667 0.633000 0.360333 0.630250
0 0.292000 0.634250 0.289000 0.635750 0.286667 0.639000 0.286667 0.647750 0.289000 0.654750 0.291333 0.658500 0.294333 0.661000 0.299333 0.661500 0.303000 0.659250 0.304333 0.656000 0.304667 0.650000 0.303333 0.643750 0.299333 0.636750 0.295333 0.634250
0 0.373333 0.665000 0.369333 0.664750 0.363333 0.666500 0.359667 0.668500 0.353667 0.673250 0.352000 0.676500 0.352000 0.679000 0.353667 0.681000 0.358333 0.681500 0.365667 0.679000 0.371000 0.675250 0.374333 0.670500 0.374333 0.667500
0 0.389333 0.661750 0.388000 0.661750 0.385000 0.663000 0.383000 0.665000 0.379333 0.675500 0.379333 0.682250 0.380000 0.684000 0.382333 0.686750 0.386667 0.688000 0.390000 0.687500 0.393333 0.685250 0.395000 0.682000 0.396333 0.676750 0.396333 0.670250 0.395000 0.665500 0.392333 0.662750
0 0.403667 0.631500 0.401000 0.632500 0.399667 0.633750 0.399000 0.636500 0.399667 0.643500 0.401000 0.646250 0.406000 0.651750 0.408000 0.652750 0.412333 0.652750 0.414333 0.651250 0.416000 0.647250 0.416000 0.642750 0.412667 0.635750 0.411000 0.634250
0 0.423333 0.595500 0.420333 0.599000 0.418667 0.604000 0.418667 0.608250 0.420333 0.615500 0.422667 0.619750 0.424000 0.620750 0.427667 0.621250 0.433000 0.616750 0.435000 0.610750 0.435667 0.605250 0.435000 0.601500 0.432000 0.596750 0.428333 0.595000
0 0.455000 0.572250 0.451333 0.572000 0.447333 0.573750 0.442667 0.579750 0.440667 0.587000 0.440667 0.591500 0.441667 0.593500 0.443333 0.594750 0.446667 0.594750 0.449000 0.594000 0.452333 0.591250 0.457000 0.580250 0.457000 0.575250
0 0.502000 0.610750 0.498000 0.610500 0.495000 0.611750 0.489333 0.619000 0.488333 0.623250 0.488667 0.630250 0.490000 0.632250 0.494000 0.633500 0.498000 0.633250 0.500000 0.631750 0.503000 0.627500 0.505000 0.623000 0.505667 0.620000 0.505333 0.616750 0.503333 0.611750
0 0.513667 0.595750 0.512333 0.596750 0.510667 0.599750 0.511000 0.608750 0.515333 0.615750 0.517333 0.617250 0.521333 0.618000 0.524333 0.615500 0.525667 0.611000 0.525000 0.603500 0.524000 0.600250 0.521333 0.596250 0.518667 0.595500
0 0.533667 0.577750 0.531667 0.579000 0.530667 0.581750 0.532000 0.593000 0.535000 0.600000 0.537333 0.601750 0.541667 0.602750 0.544333 0.602000 0.546000 0.599500 0.546333 0.591250 0.545667 0.586500 0.544667 0.584500 0.539333 0.579250 0.537000 0.578000
0 0.435000 0.621250 0.433667 0.623000 0.434333 0.627250 0.439333 0.633250 0.446333 0.638750 0.454000 0.640500 0.459000 0.640500 0.461333 0.639250 0.462000 0.638250 0.462000 0.634250 0.459667 0.630500 0.456000 0.626500 0.442667 0.621500 0.440000 0.621000
0 0.479000 0.653000 0.475667 0.653250 0.470333 0.656250 0.469000 0.658500 0.467333 0.665000 0.467333 0.670750 0.469000 0.674500 0.471667 0.676500 0.474667 0.676500 0.475667 0.676000 0.480333 0.670000 0.482000 0.665500 0.483000 0.658500 0.480667 0.654000
0 0.492667 0.642750 0.489667 0.643500 0.486667 0.646750 0.485667 0.649250 0.485667 0.657000 0.488000 0.662500 0.491000 0.666000 0.493333 0.667750 0.497667 0.668000 0.499333 0.666750 0.501667 0.662500 0.501667 0.654750 0.500333 0.649500 0.498333 0.645250 0.495000 0.643000
0 0.521667 0.701000 0.518000 0.701250 0.513000 0.703750 0.509000 0.708000 0.507667 0.713750 0.507667 0.718000 0.508333 0.720750 0.510333 0.722500 0.514333 0.722750 0.518667 0.720500 0.522000 0.717000 0.524000 0.710000 0.524000 0.704500
