0 0.460333 0.756000 0.460333 0.759500 0.462000 0.761500 0.464000 0.763000 0.470333 0.765750 0.478333 0.766750 0.483333 0.766750 0.490000 0.765500 0.493333 0.763250 0.492000 0.759500 0.486000 0.755250 0.482000 0.754000 0.475667 0.753250 0.469000 0.753250 0.463000 0.754250
0 0.488667 0.745250 0.486333 0.747500 0.486667 0.751500 0.493000 0.758000 0.500667 0.764250 0.504333 0.765250 0.510000 0.765000 0.511333 0.763500 0.511667 0.759750 0.506333 0.752500 0.500333 0.749500 0.497667 0.747500 0.491000 0.745000
0 0.497333 0.420250 0.493000 0.420000 0.487000 0.421500 0.483000 0.424250 0.480000 0.428500 0.477333 0.431000 0.475333 0.436000 0.475000 0.440250 0.477333 0.443750 0.479000 0.444250 0.483333 0.443750 0.491000 0.438500 0.497667 0.431250 0.499000 0.428500 0.499000 0.422500
0 0.423000 0.468000 0.419333 0.469000 0.417000 0.470750 0.415667 0.474000 0.415667 0.479000 0.416667 0.482500 0.420667 0.490250 0.424333 0.493250 0.426667 0.494000 0.429000 0.494000 0.433000 0.492500 0.435000 0.490250 0.436000 0.487250 0.436000 0.479000 0.432000 0.471250 0.427667 0.468500
0 0.450667 0.484500 0.448333 0.486750 0.446333 0.493250 0.446000 0.499500 0.447667 0.505000 0.453667 0.509000 0.455667 0.509250 0.459000 0.506750 0.460000 0.504750 0.461000 0.500250 0.461000 0.492500 0.459667 0.487000 0.458667 0.485500 0.455333 0.484000
0 0.415333 0.324500 0.412667 0.326000 0.411667 0.328250 0.412000 0.333500 0.415333 0.341000 0.423000 0.350250 0.426333 0.351250 0.431000 0.350750 0.433000 0.349000 0.433667 0.345250 0.431333 0.336750 0.428667 0.331500 0.426667 0.329250 0.420000 0.325250
0 0.447000 0.508250 0.443667 0.509000 0.442333 0.510000 0.440000 0.513750 0.438667 0.520500 0.438667 0.527250 0.439667 0.530250 0.441667 0.533250 0.443000 0.534250 0.447667 0.534750 0.451000 0.532750 0.452333 0.530000 0.453333 0.524750 0.453000 0.513500 0.451000 0.510250
0 0.517000 0.528250 0.514000 0.528750 0.509333 0.532750 0.508333 0.541750 0.509000 0.546000 0.511333 0.550250 0.514000 0.553250 0.517333 0.554250 0.519333 0.553750 0.522667 0.550500 0.524000 0.543750 0.524000 0.537000 0.523333 0.532750 0.522000 0.530250 0.520333 0.529000
0 0.536000 0.516250 0.533667 0.516750 0.531667 0.519500 0.530333 0.525500 0.530667 0.530250 0.531667 0.534250 0.533667 0.537750 0.536333 0.539750 0.541333 0.540250 0.544333 0.538000 0.545333 0.535750 0.545667 0.526000 0.544667 0.522750 0.541667 0.518250 0.538667 0.516500
0 0.532667 0.542750 0.530000 0.544250 0.528333 0.549000 0.529000 0.556500 0.530667 0.560750 0.534000 0.565000 0.538667 0.568500 0.541000 0.569500 0.544667 0.569250 0.546333 0.568000 0.548667 0.562000 0.548333 0.557000 0.545333 0.549250 0.543333 0.547000 0.537333 0.543000
0 0.602333 0.522000 0.599000 0.523000 0.597000 0.525500 0.596333 0.528250 0.596667 0.537000 0.597667 0.541250 0.600000 0.545500 0.603333 0.547250 0.607667 0.547250 0.609667 0.545500 0.610667 0.542250 0.611667 0.534000 0.611000 0.529750 0.608333 0.524500 0.604667 0.522250
0 0.624000 0.553750 0.622667 0.553750 0.618667 0.555750 0.615333 0.563500 0.615667 0.568500 0.617333 0.572750 0.619333 0.574500 0.621333 0.575000 0.623667 0.575000 0.627000 0.571750 0.629000 0.568500 0.629667 0.565000 0.628333 0.556000 0.626333 0.554500
0 0.536000 0.798500 0.533667 0.799250 0.531000 0.802250 0.529333 0.806250 0.528667 0.812000 0.529333 0.815250 0.531667 0.819250 0.533667 0.820250 0.537000 0.820500 0.540667 0.818000 0.543000 0.814750 0.544000 0.808000 0.543000 0.803750 0.541333 0.800750 0.539000 0.799000
0 0.493667 0.578250 0.491000 0.579750 0.488333 0.587250 0.488333 0.592250 0.489333 0.595250 0.493333 0.600000 0.497667 0.600750 0.499333 0.599750 0.502000 0.595250 0.502667 0.592500 0.502000 0.584500 0.499667 0.579250 0.497667 0.578250
0 0.475333 0.545500 0.471333 0.546250 0.469667 0.547500 0.463333 0.556000 0.462333 0.561000 0.463333 0.562500 0.466333 0.563750 0.471333 0.562250 0.474667 0.560000 0.479000 0.552750 0.479667 0.550000 0.479333 0.547750
0 0.366000 0.559000 0.364000 0.559000 0.361000 0.560000 0.356000 0.564000 0.353000 0.567500 0.351000 0.572250 0.351000 0.577000 0.352000 0.580250 0.353000 0.581250 0.358000 0.581000 0.364000 0.576750 0.370000 0.568250 0.371000 0.563250 0.369667 0.560750
0 0.435667 0.585500 0.431333 0.586000 0.428000 0.587750 0.423667 0.591500 0.421333 0.596000 0.420000 0.604000 0.420667 0.607500 0.423333 0.609750 0.426333 0.610250 0.432000 0.609750 0.434667 0.608750 0.437333 0.605750 0.440333 0.599500 0.441000 0.594250 0.439667 0.588250
0 0.537333 0.595000 0.532667 0.596250 0.529333 0.601500 0.528333 0.605500 0.528667 0.611000 0.530000 0.614500 0.531333 0.616250 0.535333 0.617500 0.538333 0.617000 0.540667 0.615000 0.543000 0.611250 0.544000 0.606750 0.544000 0.602750 0.542667 0.599000 0.540667 0.596500
0 0.598000 0.582000 0.595333 0.583500 0.594333 0.587500 0.594667 0.593500 0.596000 0.597250 0.601667 0.604750 0.603333 0.606000 0.607333 0.607500 0.611000 0.607250 0.613667 0.604000 0.613000 0.595500 0.607667 0.586250 0.603000 0.583000 0.600000 0.581750
0 0.599667 0.607250 0.597000 0.609000 0.595667 0.611750 0.595333 0.622000 0.596000 0.626500 0.598667 0.631250 0.602333 0.633500 0.604333 0.633750 0.607333 0.633000 0.609667 0.630750 0.611333 0.626000 0.611333 0.619750 0.608000 0.609500 0.603667 0.607250
0 0.630333 0.619500 0.626667 0.619750 0.624333 0.622000 0.622333 0.625000 0.620333 0.633500 0.621667 0.639250 0.627333 0.646250 0.630667 0.646000 0.632333 0.644750 0.635333 0.640500 0.636667 0.636500 0.636000 0.626000 0.633667 0.622500
0 0.576000 0.640750 0.574000 0.641750 0.572667 0.644750 0.573000 0.651500 0.575333 0.658250 0.578333 0.662750 0.580333 0.664500 0.584333 0.666500 0.588000 0.666750 0.590667 0.664500 0.592000 0.659500 0.590000 0.650250 0.585000 0.643250 0.583333 0.642000 0.580333 0.641000
0 0.532667 0.645250 0.529667 0.648000 0.528333 0.650500 0.528000 0.655500 0.529000 0.660000 0.532000 0.666750 0.534000 0.669500 0.536667 0.671250 0.540000 0.672250 0.544333 0.672000 0.546000 0.670250 0.546667 0.666000 0.545333 0.654500 0.543000 0.650500 0.536667 0.645750
0 0.560000 0.674750 0.556000 0.676000 0.552667 0.681000 0.552333 0.689000 0.556000 0.698750 0.561000 0.701000 0.564000 0.700000 0.566333 0.697750 0.568000 0.692750 0.568333 0.689000 0.567000 0.681500 0.564333 0.677500
0 0.458667 0.642750 0.454000 0.642250 0.451667 0.643000 0.443000 0.651000 0.438667 0.657750 0.439000 0.662000 0.440667 0.664000 0.443333 0.664750 0.448667 0.662500 0.452000 0.660000 0.453667 0.657500 0.457667 0.654500 0.459333 0.651500 0.460000 0.645500
0 0.472667 0.658000 0.469667 0.659250 0.466000 0.665000 0.465667 0.671750 0.469000 0.681750 0.471667 0.683500 0.475333 0.684000 0.479333 0.681750 0.481333 0.678750 0.482000 0.676000 0.482000 0.667500 0.479333 0.661250 0.475333 0.658000
0 0.436000 0.641250 0.431333 0.641000 0.425667 0.643000 0.419333 0.649250 0.415667 0.655000 0.415333 0.659250 0.417000 0.660750 0.419333 0.661750 0.423000 0.661000 0.428000 0.658000 0.434667 0.652000 0.436667 0.649250 0.437667 0.646000 0.437333 0.642750
0 0.446333 0.667500 0.442667 0.669500 0.442000 0.671000 0.442000 0.677250 0.445000 0.686250 0.448000 0.689500 0.454000 0.692500 0.456333 0.692750 0.458667 0.692250 0.460667 0.690000 0.461333 0.687500 0.461000 0.680750 0.459333 0.676000 0.455333 0.671000 0.451000 0.667750
0 0.426667 0.665750 0.424333 0.666500 0.421667 0.669250 0.421667 0.675000 0.422667 0.679750 0.425667 0.685000 0.428000 0.687500 0.432000 0.690000 0.435333 0.690750 0.437667 0.689250 0.439667 0.686250 0.439667 0.681250 0.437333 0.673000 0.435000 0.669750 0.432000 0.667250 0.428333 0.665750
0 0.419333 0.684750 0.416000 0.687000 0.414667 0.689250 0.414667 0.701000 0.416333 0.705750 0.420000 0.709250 0.424000 0.709250 0.428000 0.706750 0.429000 0.705250 0.430333 0.701000 0.430333 0.696500 0.427333 0.688750 0.423333 0.685750 0.421000 0.684750
0 0.537333 0.747750 0.534667 0.748750 0.531667 0.751750 0.528667 0.760250 0.528667 0.767250 0.532667 0.775250 0.536333 0.777500 0.539000 0.777500 0.542667 0.776250 0.544667 0.774750 0.546667 0.772000 0.548667 0.764000 0.548667 0.759500 0.547000 0.752500 0.545000 0.749500 0.541333 0.748000
0 0.426333 0.721250 0.423667 0.722000 0.422333 0.723000 0.419333 0.727000 0.418333 0.731000 0.418333 0.734750 0.419333 0.741250 0.421667 0.745500 0.423333 0.747250 0.428333 0.748000 0.432667 0.745250 0.435000 0.741250 0.435667 0.730000 0.435000 0.727500 0.432333 0.723500 0.428333 0.721250
