0 0.472333 0.602500 0.469333 0.602750 0.466000 0.604750 0.462000 0.610250 0.460667 0.616250 0.461000 0.622250 0.462000 0.624750 0.465667 0.627750 0.470000 0.628750 0.474333 0.627000 0.476000 0.624750 0.479000 0.615750 0.479333 0.612500 0.478333 0.608000 0.475667 0.603500
0 0.421333 0.505000 0.417333 0.506750 0.414667 0.509250 0.413333 0.513000 0.413333 0.518750 0.415333 0.526500 0.419667 0.528750 0.424333 0.528750 0.428333 0.526250 0.430333 0.521000 0.430667 0.515250 0.429667 0.510250 0.428333 0.507750 0.424667 0.505250
0 0.399333 0.489500 0.396333 0.490500 0.393333 0.493750 0.392667 0.497500 0.393000 0.501750 0.397000 0.507750 0.399667 0.509000 0.404000 0.509750 0.408000 0.506000 0.408667 0.502500 0.408000 0.498250 0.404333 0.491250 0.401333 0.489500
0 0.396667 0.512750 0.395000 0.514000 0.394333 0.516750 0.395000 0.524000 0.399333 0.529750 0.403667 0.532000 0.405000 0.532000 0.408000 0.530750 0.409333 0.529500 0.409667 0.522750 0.409000 0.520000 0.407000 0.516500 0.403333 0.513500 0.401000 0.512500
0 0.392000 0.528750 0.389000 0.531000 0.387667 0.533250 0.387667 0.538000 0.391333 0.548250 0.393667 0.551250 0.397000 0.554000 0.400000 0.555250 0.404000 0.555250 0.406333 0.553500 0.408000 0.549250 0.407667 0.544250 0.404333 0.534750 0.402667 0.532500 0.395667 0.529000
0 0.375333 0.535250 0.372667 0.536000 0.369333 0.540000 0.369333 0.545500 0.371333 0.551000 0.374667 0.556250 0.377333 0.558500 0.381000 0.559000 0.383333 0.557500 0.386000 0.553750 0.386667 0.551000 0.386333 0.545750 0.384333 0.540500 0.381667 0.537250 0.378000 0.535250
0 0.361000 0.530750 0.357000 0.531000 0.354333 0.532250 0.353000 0.533500 0.352000 0.537250 0.352000 0.549250 0.353667 0.552500 0.357000 0.554000 0.362000 0.552500 0.364667 0.548500 0.365333 0.544000 0.365000 0.534250 0.364333 0.532750
0 0.389333 0.563000 0.384667 0.563000 0.382667 0.563750 0.376000 0.567750 0.369333 0.576500 0.368667 0.578750 0.369333 0.583000 0.372667 0.585500 0.377000 0.584750 0.380333 0.583250 0.382667 0.581500 0.389000 0.573000 0.390667 0.568000 0.390333 0.564500
0 0.333333 0.573250 0.329000 0.575250 0.326667 0.579500 0.325667 0.583250 0.325667 0.588250 0.327000 0.592250 0.329333 0.595250 0.331333 0.596500 0.334667 0.597000 0.338667 0.595500 0.341667 0.592500 0.342667 0.589000 0.343000 0.580250 0.342000 0.576750 0.339667 0.574500 0.337000 0.573500
0 0.381667 0.589000 0.377000 0.589500 0.375000 0.591000 0.372000 0.595750 0.371333 0.599000 0.372000 0.607750 0.373333 0.610500 0.376000 0.612000 0.381000 0.611750 0.385667 0.608000 0.387667 0.604000 0.388000 0.596750 0.387333 0.594000 0.385667 0.590750
0 0.357000 0.608500 0.354667 0.609500 0.352333 0.612000 0.351000 0.617750 0.351000 0.623750 0.353333 0.630500 0.356667 0.632250 0.359667 0.632250 0.362000 0.631750 0.366000 0.627750 0.367000 0.623000 0.367000 0.618250 0.364667 0.611000 0.361667 0.609000
0 0.380667 0.614750 0.376333 0.615250 0.373333 0.617750 0.372333 0.620500 0.372000 0.628000 0.374000 0.632750 0.376667 0.635250 0.381333 0.634000 0.384333 0.630750 0.386000 0.627000 0.385333 0.619500 0.383667 0.617000
0 0.405000 0.635250 0.400333 0.636500 0.398667 0.638000 0.396667 0.642000 0.394667 0.649250 0.394667 0.653750 0.395667 0.656500 0.400333 0.661000 0.404000 0.660750 0.405667 0.659750 0.410000 0.654500 0.411000 0.651250 0.411333 0.644750 0.410667 0.641000 0.409333 0.638000
0 0.420667 0.642000 0.419000 0.643000 0.416667 0.646750 0.416333 0.651500 0.417000 0.654500 0.422333 0.662750 0.426333 0.664500 0.429000 0.664500 0.432000 0.663250 0.434333 0.658750 0.433667 0.650250 0.432000 0.647500 0.427333 0.642750 0.424333 0.641750
0 0.447667 0.633250 0.443000 0.634750 0.440667 0.638500 0.440000 0.641500 0.440333 0.650750 0.441667 0.654500 0.443667 0.656750 0.448000 0.658250 0.451000 0.658500 0.455667 0.656500 0.457000 0.655000 0.458000 0.651750 0.458000 0.645250 0.457333 0.641500 0.454667 0.636500 0.452333 0.634250
0 0.389000 0.658250 0.384333 0.658250 0.380667 0.660500 0.377333 0.665250 0.376333 0.668750 0.376333 0.678000 0.377333 0.680000 0.380000 0.682500 0.382000 0.682500 0.384333 0.681000 0.387667 0.680000 0.391000 0.674750 0.392667 0.665250 0.391667 0.661250
0 0.410667 0.667500 0.408667 0.666750 0.404000 0.666750 0.398667 0.668750 0.393667 0.673500 0.392000 0.676250 0.390667 0.680750 0.391000 0.684750 0.392667 0.687000 0.397000 0.688000 0.404333 0.685250 0.407667 0.682250 0.413000 0.674250 0.412667 0.669250
0 0.443000 0.669000 0.440333 0.667750 0.436333 0.667750 0.431000 0.669250 0.428333 0.671000 0.424667 0.672250 0.422667 0.673750 0.420333 0.677500 0.417000 0.681000 0.416667 0.684500 0.417333 0.686000 0.419667 0.687250 0.426000 0.687250 0.435333 0.684000 0.441000 0.678250 0.443000 0.674500
0 0.473000 0.658000 0.474000 0.663000 0.478000 0.665750 0.482667 0.667750 0.492000 0.668250 0.501000 0.667250 0.506667 0.665500 0.509333 0.662750 0.509000 0.658500 0.507333 0.657000 0.496333 0.653750 0.488667 0.653250 0.478333 0.653750 0.474000 0.656500
0 0.521333 0.657750 0.517000 0.657500 0.514333 0.658250 0.508667 0.666000 0.506333 0.673750 0.507333 0.677250 0.509000 0.678750 0.514333 0.678750 0.518667 0.675250 0.522333 0.670250 0.523333 0.666750 0.523333 0.661500 0.522333 0.658500
0 0.481667 0.668750 0.480333 0.670500 0.480000 0.674500 0.481667 0.678500 0.487000 0.685250 0.491667 0.688750 0.496333 0.690750 0.499000 0.691000 0.502667 0.690250 0.504333 0.687000 0.504333 0.683750 0.502000 0.677500 0.499000 0.673500 0.489333 0.669250 0.484000 0.668500
0 0.486667 0.688500 0.485667 0.689750 0.484667 0.693750 0.485667 0.701750 0.493333 0.711250 0.497333 0.713750 0.502000 0.714000 0.504667 0.712250 0.505667 0.710750 0.505667 0.704750 0.500333 0.697750 0.497667 0.692000 0.490667 0.688500
0 0.419333 0.689500 0.418000 0.692500 0.419333 0.696000 0.421333 0.698000 0.427667 0.701750 0.438000 0.703750 0.446000 0.703250 0.450000 0.701750 0.451333 0.698000 0.450667 0.696250 0.442000 0.690250 0.432333 0.687500 0.423000 0.688250
0 0.393000 0.689000 0.391000 0.688500 0.384000 0.688500 0.378667 0.690750 0.376333 0.692500 0.374000 0.696500 0.374000 0.698750 0.375000 0.700750 0.376667 0.701750 0.381667 0.701750 0.388333 0.699250 0.393667 0.693750 0.393667 0.690000
0 0.267000 0.631750 0.262333 0.634750 0.261000 0.638000 0.261000 0.641000 0.262000 0.646500 0.263000 0.648000 0.266000 0.650000 0.268333 0.650250 0.271667 0.648750 0.273333 0.647000 0.275000 0.643000 0.275333 0.638500 0.273333 0.633250 0.271000 0.632000
0 0.466667 0.716500 0.462000 0.720500 0.460667 0.725750 0.460667 0.730000 0.461333 0.733000 0.463000 0.735750 0.466667 0.738750 0.470333 0.739750 0.473333 0.738500 0.475333 0.736500 0.477000 0.729750 0.477000 0.724000 0.475667 0.720000 0.473667 0.718250 0.470667 0.716500
0 0.600667 0.632000 0.598333 0.632750 0.596000 0.635500 0.595333 0.637500 0.595667 0.644000 0.599000 0.650500 0.603000 0.652750 0.607000 0.652750 0.609667 0.651000 0.611667 0.647000 0.611333 0.640250 0.608333 0.634000 0.604333 0.632000
0 0.537667 0.616500 0.533333 0.617750 0.531667 0.619000 0.526667 0.626750 0.526333 0.635500 0.528000 0.638750 0.530333 0.640000 0.533667 0.640250 0.537333 0.638750 0.542333 0.630000 0.543333 0.624750 0.542333 0.619250 0.540667 0.617500
0 0.517667 0.589500 0.514000 0.589250 0.509000 0.592000 0.506667 0.596000 0.505333 0.600750 0.505000 0.604000 0.506333 0.607750 0.509333 0.611000 0.512333 0.611750 0.514333 0.611500 0.519000 0.608000 0.521333 0.603500 0.522000 0.595750 0.520000 0.591250
0 0.481667 0.573000 0.478000 0.574750 0.476333 0.579500 0.477000 0.587750 0.478000 0.590500 0.480333 0.593000 0.482333 0.594000 0.487000 0.594500 0.489667 0.593750 0.491333 0.591750 0.492000 0.588000 0.491333 0.579500 0.490667 0.578250 0.483667 0.573250
0 0.558000 0.579000 0.555000 0.579250 0.552333 0.580500 0.548667 0.585500 0.547667 0.588250 0.547667 0.595250 0.549000 0.599250 0.552333 0.602500 0.555667 0.603250 0.557667 0.603000 0.561333 0.601000 0.564333 0.593250 0.564333 0.586750 0.563333 0.583000 0.561667 0.580000
0 0.509333 0.564750 0.504667 0.567750 0.502333 0.572250 0.502333 0.579250 0.505333 0.584750 0.509000 0.586500 0.512667 0.586500 0.515667 0.584750 0.519333 0.580250 0.520333 0.576750 0.520000 0.572000 0.517333 0.566750 0.513333 0.564750
0 0.489667 0.549750 0.486333 0.550500 0.484667 0.552000 0.482000 0.556250 0.481667 0.561750 0.482333 0.565250 0.485667 0.571750 0.489667 0.575250 0.491000 0.575500 0.494333 0.574750 0.497667 0.571500 0.499000 0.568000 0.499000 0.562250 0.498000 0.557500 0.494333 0.552500
0 0.604667 0.538000 0.599000 0.538000 0.596667 0.539000 0.594667 0.540500 0.590667 0.547000 0.589667 0.550250 0.590000 0.556250 0.591333 0.558750 0.594333 0.560250 0.597667 0.560250 0.600333 0.559500 0.605000 0.556250 0.607667 0.553250 0.608333 0.550250 0.608333 0.540750 0.607667 0.539500
0 0.528333 0.539000 0.526667 0.540250 0.525667 0.542750 0.525667 0.546000 0.527667 0.550750 0.532000 0.556500 0.533333 0.557500 0.537667 0.558250 0.539333 0.557250 0.541667 0.553750 0.541667 0.547750 0.537667 0.542000 0.536000 0.540750 0.532333 0.539250
0 0.508333 0.532250 0.506333 0.532750 0.503667 0.535500 0.502333 0.540000 0.502667 0.545000 0.504000 0.548500 0.507000 0.552000 0.509667 0.553750 0.513333 0.554000 0.516000 0.552250 0.518000 0.549000 0.518000 0.540500 0.514000 0.533250 0.511333 0.532250
0 0.506333 0.507250 0.503000 0.509250 0.501000 0.513000 0.501000 0.521500 0.501667 0.524750 0.503333 0.527500 0.506000 0.530000 0.513667 0.530500 0.516000 0.528750 0.518333 0.525250 0.518333 0.516500 0.514333 0.508500 0.510667 0.507000
0 0.521000 0.479750 0.517000 0.479500 0.514667 0.480750 0.509667 0.485000 0.508333 0.487250 0.506333 0.494250 0.506667 0.498000 0.509333 0.502500 0.512667 0.503750 0.517000 0.503750 0.519000 0.503000 0.521667 0.501000 0.523667 0.497500 0.525333 0.491000 0.525333 0.486000 0.523000 0.481500
0 0.491000 0.481250 0.487000 0.481750 0.482000 0.486750 0.479333 0.493750 0.479333 0.497500 0.480667 0.502500 0.482000 0.504000 0.485667 0.505750 0.490333 0.505500 0.494333 0.502500 0.497000 0.496500 0.497333 0.490000 0.496667 0.486500 0.494333 0.483250
0 0.466000 0.493750 0.463333 0.495000 0.460667 0.497750 0.460000 0.506000 0.460667 0.509750 0.462333 0.513250 0.466000 0.515500 0.468000 0.515750 0.471667 0.515000 0.474333 0.512000 0.475333 0.508000 0.475333 0.501250 0.467333 0.493750
0 0.466333 0.452500 0.463333 0.452750 0.460667 0.454250 0.457000 0.462000 0.457000 0.467250 0.458000 0.470500 0.462333 0.474750 0.465333 0.474750 0.467667 0.473750 0.472000 0.466750 0.472333 0.461000 0.471333 0.456500 0.470333 0.454750
0 0.640667 0.441000 0.639000 0.441250 0.637000 0.442500 0.634000 0.446500 0.633667 0.457500 0.634000 0.459500 0.638000 0.465000 0.642000 0.467250 0.644333 0.467250 0.647333 0.466500 0.651333 0.459750 0.651333 0.447500 0.649333 0.444000 0.646667 0.441500
0 0.597000 0.459500 0.593667 0.461250 0.591333 0.464000 0.589667 0.469250 0.589667 0.474500 0.591333 0.479750 0.593667 0.482750 0.595667 0.484000 0.599333 0.484250 0.602667 0.482250 0.606000 0.478000 0.607333 0.474250 0.607333 0.470250 0.604667 0.462250 0.600000 0.459500
0 0.589000 0.422750 0.587000 0.420750 0.582333 0.419000 0.573333 0.418750 0.564667 0.420250 0.557667 0.423250 0.556333 0.426000 0.556333 0.428500 0.561000 0.433000 0.564000 0.433750 0.572667 0.433750 0.579667 0.432250 0.587667 0.427000 0.589000 0.425000
0 0.508333 0.425250 0.504333 0.427500 0.502000 0.430250 0.501333 0.432000 0.501333 0.438750 0.503667 0.443250 0.505667 0.445000 0.510667 0.445500 0.513000 0.444500 0.514667 0.442500 0.516000 0.437250 0.516000 0.431500 0.514000 0.427000 0.510667 0.425250
0 0.377000 0.403250 0.373333 0.403750 0.369333 0.406500 0.368000 0.408500 0.367000 0.412750 0.367000 0.417000 0.368333 0.421250 0.373333 0.424500 0.377667 0.422750 0.380333 0.420500 0.382667 0.415250 0.382667 0.407500 0.382000 0.406000 0.380333 0.404250
0 0.439667 0.386500 0.437333 0.388000 0.434667 0.392250 0.434000 0.400250 0.435000 0.403750 0.438333 0.407250 0.441667 0.409000 0.444333 0.409000 0.448000 0.406500 0.450000 0.403750 0.450667 0.401500 0.450333 0.393750 0.448333 0.389750 0.446000 0.387750 0.443667 0.386500
0 0.508667 0.368500 0.505333 0.369750 0.503333 0.372750 0.502000 0.377500 0.502000 0.382000 0.502667 0.385500 0.504667 0.389500 0.508333 0.392250 0.510667 0.392750 0.513333 0.392250 0.515667 0.389000 0.516333 0.385250 0.516000 0.377250 0.513333 0.370500 0.511000 0.368750
0 0.552333 0.330500 0.547667 0.333500 0.545000 0.337500 0.544000 0.341250 0.544333 0.349500 0.548333 0.356750 0.552000 0.358750 0.554000 0.358750 0.557000 0.358000 0.561000 0.354250 0.562667 0.349750 0.563000 0.342250 0.562333 0.337750 0.560333 0.333500 0.557333 0.331250
