0 0.500667 0.308000 0.498000 0.308500 0.494333 0.311000 0.493000 0.314000 0.493000 0.317250 0.494667 0.322750 0.497333 0.326500 0.501333 0.329250 0.503000 0.329500 0.505333 0.329000 0.507667 0.326750 0.509333 0.322000 0.509333 0.317750 0.506667 0.310500 0.503333 0.308250
0 0.692667 0.298250 0.690333 0.299250 0.688667 0.301750 0.688667 0.305000 0.689667 0.308000 0.697000 0.317500 0.701000 0.320000 0.705000 0.320000 0.706667 0.319000 0.707667 0.315250 0.707667 0.310250 0.706667 0.307000 0.702000 0.301500 0.698333 0.298750 0.697000 0.298250
0 0.709333 0.328000 0.704000 0.327500 0.700000 0.328250 0.696000 0.330000 0.688667 0.335750 0.685333 0.341000 0.684000 0.345000 0.684667 0.348500 0.686000 0.349750 0.690333 0.350000 0.695667 0.348000 0.701000 0.345250 0.708333 0.338000 0.710333 0.334500 0.710667 0.329500
0 0.690000 0.351750 0.688333 0.353500 0.688333 0.357250 0.689667 0.359750 0.694667 0.362750 0.697667 0.365500 0.704333 0.368000 0.709333 0.368000 0.711333 0.366250 0.712333 0.363750 0.712000 0.360750 0.709667 0.358000 0.701000 0.352500 0.695333 0.351250
0 0.695333 0.365750 0.693667 0.364750 0.689667 0.364250 0.685667 0.365250 0.677667 0.368500 0.671667 0.372500 0.668333 0.376500 0.668333 0.379000 0.669333 0.381250 0.672000 0.382250 0.678333 0.381750 0.686000 0.378250 0.689000 0.375750 0.694000 0.374000 0.696667 0.370000 0.696667 0.367750
0 0.696667 0.374750 0.693333 0.376250 0.692333 0.377500 0.691000 0.384000 0.691667 0.388500 0.693000 0.392250 0.696000 0.396000 0.697667 0.397250 0.700333 0.398250 0.702000 0.398250 0.705333 0.396500 0.707000 0.393250 0.707333 0.384000 0.705667 0.378000 0.704000 0.376000 0.701333 0.375000
0 0.642667 0.376500 0.641333 0.377750 0.641000 0.382250 0.643333 0.388250 0.646333 0.390500 0.657667 0.396000 0.662667 0.396000 0.665667 0.393000 0.665333 0.388500 0.663000 0.383500 0.653667 0.377250 0.648000 0.376250
0 0.665667 0.411500 0.662667 0.410500 0.658000 0.410500 0.648667 0.415250 0.644333 0.419500 0.642333 0.423000 0.643333 0.427750 0.645333 0.430500 0.646667 0.431000 0.654667 0.430500 0.659000 0.428750 0.662667 0.426000 0.666667 0.420750 0.668000 0.417250 0.668000 0.414750 0.667000 0.412500
0 0.623667 0.416250 0.622000 0.419250 0.622667 0.422500 0.626000 0.429250 0.630667 0.435000 0.633333 0.436750 0.637333 0.437500 0.643000 0.436250 0.644667 0.433000 0.644667 0.430500 0.642000 0.424250 0.639667 0.421250 0.635667 0.418250 0.631333 0.416250 0.628667 0.415750
0 0.607333 0.416000 0.603667 0.416750 0.601667 0.418000 0.598667 0.421250 0.597333 0.423750 0.597000 0.432250 0.597667 0.435250 0.599000 0.437250 0.603000 0.439750 0.607333 0.439500 0.611000 0.437250 0.612667 0.435250 0.613667 0.431500 0.614000 0.422500 0.612333 0.419000
0 0.587000 0.430000 0.584333 0.431250 0.581667 0.435250 0.580667 0.441750 0.582000 0.446750 0.583667 0.449250 0.587000 0.451250 0.589667 0.451250 0.592333 0.450000 0.593667 0.447750 0.595333 0.441250 0.595333 0.438000 0.592333 0.431250 0.589000 0.430000
0 0.550000 0.433250 0.548000 0.433250 0.545667 0.434250 0.540333 0.438500 0.536667 0.446750 0.537000 0.451750 0.541333 0.454750 0.544667 0.454500 0.548333 0.451750 0.554000 0.443750 0.554333 0.439250 0.552667 0.434750
0 0.521667 0.416750 0.518333 0.417250 0.516667 0.418250 0.513333 0.423750 0.512333 0.426750 0.512000 0.432500 0.513333 0.436000 0.516667 0.438000 0.518667 0.438000 0.522000 0.436000 0.524667 0.428250 0.524667 0.420250 0.523333 0.418000
0 0.564333 0.395000 0.560667 0.396500 0.559000 0.399750 0.559000 0.405000 0.560000 0.409000 0.564000 0.416000 0.567667 0.418250 0.572333 0.418250 0.574667 0.416500 0.576000 0.413750 0.576333 0.407250 0.575667 0.404250 0.573333 0.399500 0.568000 0.395250
0 0.615667 0.395500 0.611667 0.395000 0.602667 0.397500 0.599000 0.400250 0.595667 0.404250 0.594667 0.407500 0.595333 0.411500 0.596667 0.413250 0.598667 0.414250 0.601000 0.414250 0.606667 0.412750 0.615667 0.405000 0.617333 0.401250 0.617000 0.397250
0 0.624333 0.377500 0.623000 0.376500 0.620000 0.376000 0.607333 0.376750 0.601667 0.380000 0.600333 0.385000 0.602333 0.386750 0.604000 0.387250 0.615333 0.386750 0.622667 0.383250 0.624667 0.380500
0 0.552333 0.383750 0.552000 0.385500 0.553667 0.389250 0.560667 0.392750 0.573000 0.394500 0.579667 0.393250 0.580667 0.392250 0.580667 0.388000 0.578333 0.384500 0.575000 0.382750 0.567000 0.381000 0.559667 0.380500 0.555000 0.381500
0 0.542333 0.364500 0.540333 0.365000 0.536333 0.368250 0.535000 0.373500 0.535000 0.378000 0.536000 0.381500 0.539000 0.385250 0.541667 0.387000 0.545667 0.387500 0.548667 0.385500 0.551333 0.381750 0.553000 0.378250 0.553000 0.375750 0.549667 0.368000 0.545333 0.364500
0 0.574333 0.368250 0.575000 0.372000 0.581333 0.378000 0.590667 0.381750 0.592667 0.381750 0.596000 0.380500 0.598000 0.377750 0.597667 0.375000 0.596333 0.372500 0.591667 0.368500 0.584667 0.366500 0.580667 0.366000 0.576333 0.366250
0 0.630667 0.474750 0.626333 0.475250 0.623667 0.477500 0.621333 0.483500 0.622000 0.490000 0.623333 0.491750 0.627000 0.494250 0.631333 0.492750 0.635000 0.486750 0.633333 0.478500
0 0.669667 0.484500 0.668333 0.486250 0.668000 0.491500 0.669333 0.495750 0.671000 0.498000 0.681000 0.506000 0.682667 0.506250 0.685333 0.505500 0.687000 0.503500 0.688000 0.497500 0.685667 0.492000 0.678667 0.485500 0.674000 0.484250
0 0.700333 0.492000 0.699667 0.495250 0.701000 0.497500 0.706000 0.501500 0.713333 0.505000 0.720000 0.506750 0.722000 0.506750 0.725333 0.505750 0.729000 0.502500 0.729333 0.497750 0.724000 0.493500 0.716667 0.490000 0.708333 0.489250 0.705000 0.489750
0 0.751667 0.538500 0.748333 0.538250 0.743333 0.539750 0.740667 0.542000 0.737667 0.546500 0.736000 0.552500 0.736000 0.557000 0.738333 0.560750 0.740333 0.561750 0.745333 0.562000 0.748667 0.561000 0.755000 0.552750 0.756000 0.549500 0.755667 0.543500 0.754333 0.540500
0 0.822333 0.550000 0.819000 0.551250 0.813667 0.556250 0.813333 0.566250 0.814333 0.570250 0.816667 0.573250 0.819000 0.574500 0.823333 0.575250 0.826333 0.574750 0.828667 0.573000 0.830667 0.570000 0.831667 0.565500 0.831667 0.560000 0.830667 0.556250 0.826000 0.550750
0 0.656667 0.542750 0.653667 0.543500 0.649667 0.547250 0.648667 0.552250 0.648667 0.557750 0.649667 0.562250 0.652667 0.566000 0.656333 0.569000 0.659667 0.569500 0.662667 0.569000 0.667000 0.564500 0.669000 0.561000 0.669333 0.557000 0.667667 0.549000 0.666667 0.547250 0.662333 0.543250
0 0.622667 0.563000 0.621667 0.564250 0.621333 0.569000 0.625667 0.577750 0.634000 0.584250 0.637667 0.585000 0.640333 0.584500 0.642000 0.583500 0.643000 0.579500 0.639000 0.570250 0.634000 0.564750 0.631667 0.563500 0.627667 0.562500
0 0.583333 0.553000 0.581333 0.555750 0.581667 0.560250 0.587000 0.568000 0.595333 0.573250 0.598000 0.573750 0.600667 0.573500 0.603000 0.571500 0.604000 0.567250 0.603333 0.564250 0.599333 0.558250 0.591000 0.553000 0.587667 0.552500
0 0.583333 0.529500 0.580333 0.532500 0.580333 0.538000 0.582333 0.542750 0.586667 0.547750 0.591667 0.550250 0.596000 0.550750 0.598000 0.548750 0.598000 0.543750 0.597333 0.540750 0.594000 0.533750 0.591333 0.531000 0.586667 0.529750
0 0.575667 0.556000 0.573000 0.553500 0.569000 0.552250 0.563333 0.552250 0.556667 0.553750 0.552000 0.555750 0.548333 0.558750 0.547333 0.561000 0.548000 0.564250 0.549333 0.565500 0.556000 0.567250 0.560000 0.567250 0.568667 0.565250 0.573333 0.563000 0.576000 0.561000
0 0.582667 0.583750 0.579667 0.585000 0.576333 0.591000 0.577000 0.600250 0.578667 0.605000 0.580000 0.606750 0.583333 0.609000 0.588333 0.609000 0.591333 0.607250 0.593333 0.603500 0.593333 0.592250 0.591333 0.587750 0.584667 0.583750
0 0.566333 0.597500 0.563000 0.598500 0.559333 0.602250 0.558667 0.604750 0.558667 0.612000 0.560333 0.616500 0.564333 0.619500 0.569000 0.620000 0.573000 0.619000 0.576000 0.616250 0.577000 0.613250 0.577000 0.607250 0.575667 0.603000 0.573000 0.600250 0.569000 0.597750
0 0.587333 0.614250 0.584333 0.616250 0.582000 0.619500 0.581333 0.622000 0.581667 0.630000 0.584333 0.635500 0.587667 0.638000 0.591667 0.638250 0.593667 0.637000 0.596667 0.631500 0.597333 0.627500 0.597000 0.622250 0.596000 0.619500 0.591333 0.614500
0 0.612000 0.618500 0.609000 0.620000 0.606333 0.623500 0.605000 0.630250 0.606000 0.638500 0.608000 0.642000 0.610667 0.644000 0.614333 0.643750 0.617000 0.642000 0.620000 0.637500 0.621000 0.631500 0.620667 0.626250 0.618667 0.622250 0.615333 0.619000
0 0.637333 0.639750 0.633333 0.640500 0.630333 0.642750 0.628667 0.648750 0.628667 0.653000 0.629667 0.657750 0.633000 0.662750 0.634333 0.664000 0.637667 0.665250 0.639333 0.665250 0.643000 0.663000 0.644667 0.660500 0.646333 0.655500 0.646333 0.650750 0.643000 0.642000 0.639333 0.640000
0 0.568667 0.668750 0.564333 0.667000 0.559000 0.666750 0.556667 0.667000 0.548000 0.670250 0.541333 0.674000 0.539000 0.676500 0.538333 0.678000 0.538667 0.682250 0.541667 0.684000 0.550333 0.684250 0.556667 0.683000 0.560000 0.681750 0.565667 0.678000 0.568667 0.674750
0 0.613667 0.711750 0.610333 0.713250 0.608333 0.716750 0.608667 0.721500 0.610667 0.728750 0.613333 0.732750 0.616333 0.735250 0.619667 0.736750 0.623333 0.737000 0.625667 0.734750 0.627667 0.731250 0.628333 0.728750 0.627667 0.722750 0.622667 0.714750 0.619000 0.712250
0 0.622333 0.746750 0.619000 0.747500 0.615333 0.752000 0.614333 0.755000 0.614000 0.759750 0.615667 0.764500 0.618000 0.768500 0.620333 0.769500 0.624000 0.769750 0.626667 0.769250 0.628333 0.768250 0.630333 0.764250 0.631333 0.759250 0.628667 0.751000 0.626000 0.748250
