0 0.495667 0.674250 0.493333 0.674250 0.491000 0.675750 0.486667 0.681000 0.485667 0.684750 0.485667 0.689750 0.486667 0.692250 0.490000 0.695500 0.493333 0.696500 0.495667 0.696000 0.498667 0.694000 0.500333 0.687500 0.500000 0.677750 0.498667 0.675500
0 0.487333 0.306500 0.483333 0.307000 0.481667 0.308000 0.479333 0.311000 0.477667 0.314750 0.476667 0.322000 0.477000 0.326250 0.478000 0.328250 0.482000 0.330500 0.485667 0.329500 0.490000 0.325750 0.492000 0.321750 0.492667 0.318000 0.492000 0.311000 0.490333 0.307750
0 0.513000 0.301250 0.511333 0.303250 0.510667 0.306000 0.511667 0.310750 0.524667 0.326750 0.533333 0.333000 0.539667 0.335000 0.545000 0.335000 0.546333 0.333750 0.546667 0.332250 0.545667 0.323250 0.544333 0.320500 0.540667 0.316750 0.538333 0.313250 0.528000 0.306000 0.514667 0.301000
0 0.505667 0.353750 0.502000 0.356750 0.501333 0.358750 0.501333 0.371750 0.502000 0.373500 0.506000 0.377000 0.510667 0.377500 0.514333 0.375750 0.516333 0.372750 0.516333 0.362250 0.513667 0.356000 0.510333 0.354000
0 0.478000 0.354000 0.475333 0.356000 0.474333 0.358500 0.474667 0.365750 0.477000 0.373000 0.478333 0.375000 0.482000 0.377750 0.484667 0.378500 0.487333 0.378500 0.489333 0.377750 0.490667 0.376000 0.491333 0.372750 0.490667 0.366750 0.488000 0.360750 0.485000 0.358250 0.482000 0.354750
0 0.505333 0.382250 0.502333 0.384500 0.500667 0.389000 0.501000 0.396750 0.502000 0.400250 0.505667 0.405250 0.508667 0.406250 0.514333 0.406250 0.516333 0.405000 0.518333 0.400750 0.519000 0.397000 0.518667 0.391500 0.516667 0.387750 0.512667 0.383000 0.509667 0.382000
0 0.527000 0.390500 0.525333 0.392250 0.526333 0.397000 0.532667 0.403000 0.537667 0.403000 0.539333 0.400750 0.540000 0.395500 0.538667 0.392000 0.537000 0.391000 0.530667 0.390000
0 0.552333 0.365500 0.548000 0.368000 0.545000 0.372750 0.544333 0.374750 0.544333 0.380500 0.547667 0.390000 0.552000 0.392750 0.553667 0.392750 0.558000 0.391250 0.560333 0.388750 0.561333 0.384250 0.561667 0.373000 0.560333 0.368750 0.556333 0.366000
0 0.548333 0.406000 0.545333 0.405000 0.542667 0.405000 0.534000 0.406750 0.532000 0.407750 0.523000 0.416500 0.522000 0.421250 0.522667 0.423500 0.524667 0.425250 0.528667 0.425250 0.533333 0.424250 0.542333 0.419500 0.545667 0.416500 0.549333 0.411500 0.550000 0.408000
0 0.508667 0.417750 0.505000 0.419500 0.502333 0.423000 0.501667 0.432500 0.503000 0.436250 0.505333 0.439250 0.509000 0.440750 0.511000 0.440750 0.514333 0.439500 0.517000 0.435500 0.518333 0.432250 0.518667 0.426250 0.518000 0.423250 0.515000 0.419250 0.513333 0.418000
0 0.485667 0.421250 0.482667 0.421750 0.480667 0.423750 0.480000 0.430750 0.481667 0.436250 0.486000 0.438500 0.490333 0.438000 0.492333 0.435750 0.493000 0.430000 0.490667 0.423500
0 0.509333 0.447000 0.505333 0.447500 0.502000 0.450000 0.500333 0.455250 0.500333 0.461500 0.501333 0.466250 0.502667 0.468000 0.506000 0.469500 0.510000 0.469500 0.513333 0.468750 0.514667 0.467500 0.515667 0.464000 0.515667 0.457250 0.514333 0.451000 0.513333 0.449250
0 0.551667 0.446000 0.548667 0.446750 0.547000 0.448750 0.545333 0.456250 0.546000 0.460000 0.548000 0.464500 0.552667 0.466250 0.555667 0.465000 0.558667 0.461750 0.559667 0.459250 0.560000 0.455000 0.559000 0.451000 0.557000 0.447750 0.553333 0.446000
0 0.529667 0.475000 0.527000 0.477750 0.526000 0.483500 0.528667 0.489750 0.531000 0.490750 0.533667 0.490750 0.535333 0.489500 0.537333 0.486500 0.537667 0.481250 0.537000 0.478250 0.533333 0.474750
0 0.473000 0.486750 0.471667 0.489250 0.471667 0.491250 0.474000 0.495250 0.477333 0.498750 0.487333 0.503750 0.495667 0.504750 0.499333 0.503500 0.500333 0.501750 0.500333 0.497250 0.499000 0.494500 0.490333 0.488000 0.484667 0.485750 0.481667 0.485250 0.475667 0.485500
0 0.513667 0.496250 0.509333 0.497000 0.505333 0.500750 0.504333 0.503250 0.503667 0.507500 0.504333 0.513500 0.506333 0.517000 0.509333 0.518500 0.513333 0.518500 0.515333 0.517250 0.518667 0.514000 0.520000 0.509750 0.520333 0.504500 0.519667 0.501250 0.518333 0.499500
0 0.450667 0.450250 0.448333 0.449500 0.444000 0.450000 0.440667 0.451500 0.436667 0.455250 0.432000 0.462250 0.431333 0.465250 0.432000 0.468000 0.435000 0.469750 0.440333 0.469250 0.443333 0.468250 0.445667 0.466500 0.451667 0.458500 0.452333 0.454250 0.452000 0.451500
0 0.576333 0.515250 0.572667 0.516500 0.571333 0.518000 0.570000 0.522500 0.569667 0.527750 0.571333 0.533500 0.575333 0.536250 0.577333 0.536500 0.580333 0.535750 0.583667 0.532750 0.584667 0.530000 0.584667 0.523500 0.581667 0.517000 0.579333 0.515750
0 0.505667 0.539000 0.502667 0.540000 0.501333 0.541000 0.500667 0.542750 0.500000 0.548500 0.500667 0.554750 0.501667 0.557250 0.505000 0.561750 0.507667 0.562500 0.513000 0.562500 0.515667 0.561250 0.518000 0.557500 0.518000 0.549000 0.516000 0.545750 0.514333 0.541000 0.510333 0.539000
0 0.485333 0.533250 0.482667 0.535750 0.481667 0.539250 0.481667 0.541500 0.483667 0.545750 0.486667 0.549750 0.489667 0.550750 0.494333 0.551250 0.497333 0.548000 0.498000 0.540500 0.495000 0.536000 0.492000 0.533250 0.490667 0.532750
0 0.467000 0.524750 0.462000 0.528500 0.461667 0.530250 0.463333 0.534000 0.470000 0.538500 0.474667 0.539250 0.476333 0.537000 0.476333 0.532000 0.475333 0.528500 0.472000 0.525500
0 0.455000 0.531250 0.453000 0.530750 0.446667 0.531250 0.443000 0.532750 0.439000 0.536750 0.435000 0.543750 0.435000 0.549250 0.436000 0.551250 0.438333 0.553250 0.440667 0.553500 0.447667 0.551000 0.451667 0.548000 0.455667 0.542000 0.456667 0.539000 0.457000 0.533500
0 0.396667 0.477000 0.392667 0.478750 0.391000 0.481500 0.390000 0.486500 0.390000 0.494750 0.392000 0.500000 0.395667 0.501750 0.398000 0.501750 0.401000 0.501000 0.404000 0.498000 0.405333 0.493500 0.405667 0.485750 0.405000 0.482250 0.403000 0.479000 0.400333 0.477250
0 0.403667 0.541000 0.401000 0.542250 0.399000 0.544500 0.398333 0.547250 0.398667 0.553000 0.401000 0.557500 0.404000 0.559750 0.408000 0.560250 0.411333 0.558750 0.412667 0.557250 0.413333 0.549000 0.410000 0.543750 0.406000 0.541500
0 0.444667 0.556500 0.442667 0.557000 0.439333 0.560000 0.439667 0.565500 0.445000 0.576750 0.446667 0.578500 0.451667 0.580250 0.455000 0.579000 0.457000 0.576250 0.457667 0.573250 0.457000 0.567500 0.456000 0.564750 0.453000 0.561750 0.451333 0.558750 0.447667 0.556500
0 0.469000 0.571750 0.470000 0.575750 0.471667 0.577250 0.477667 0.579750 0.486333 0.581750 0.495000 0.581750 0.498000 0.581000 0.500000 0.580000 0.502000 0.576750 0.500667 0.572750 0.498333 0.570750 0.489667 0.568000 0.483667 0.567500 0.475667 0.568000 0.471000 0.569250
0 0.486667 0.553250 0.485000 0.555500 0.485667 0.561750 0.489000 0.565000 0.494000 0.568250 0.498667 0.568250 0.501000 0.565500 0.500333 0.560750 0.498667 0.558000 0.491333 0.553750
0 0.508333 0.579250 0.505333 0.580750 0.502667 0.585250 0.502000 0.588500 0.503000 0.595000 0.505333 0.599000 0.508000 0.601250 0.510000 0.602250 0.513667 0.602500 0.517333 0.599250 0.518333 0.595250 0.518000 0.588000 0.514333 0.581000 0.511667 0.579500
0 0.529000 0.597750 0.526667 0.600500 0.526333 0.604250 0.528667 0.608000 0.533667 0.612250 0.540667 0.616000 0.546000 0.617250 0.552000 0.617250 0.555000 0.615500 0.555667 0.610750 0.553667 0.607000 0.549333 0.602750 0.543667 0.599250 0.537000 0.597000 0.532000 0.597000
0 0.576667 0.632000 0.572333 0.634500 0.571000 0.636750 0.570000 0.641250 0.570000 0.648000 0.571667 0.654750 0.575333 0.656500 0.577333 0.656750 0.582000 0.655750 0.584667 0.653250 0.586333 0.647000 0.586000 0.638500 0.583667 0.634250 0.580333 0.632250
0 0.486333 0.591500 0.483000 0.593250 0.481333 0.595250 0.481000 0.601000 0.481667 0.604250 0.486000 0.612250 0.488667 0.613250 0.492000 0.613250 0.495000 0.612000 0.497333 0.608250 0.498000 0.605250 0.497667 0.599750 0.496333 0.595750 0.494667 0.594000 0.489667 0.591750
0 0.490333 0.615500 0.486000 0.616750 0.483667 0.619750 0.482000 0.623750 0.481667 0.627750 0.483000 0.632500 0.484333 0.635000 0.486667 0.636500 0.490333 0.636500 0.492333 0.635250 0.494667 0.632000 0.495333 0.629750 0.495667 0.622500 0.495000 0.619500 0.493667 0.617500
0 0.389333 0.551500 0.384333 0.552750 0.380667 0.557250 0.377667 0.564250 0.377333 0.572750 0.379333 0.576500 0.381000 0.577750 0.385333 0.578000 0.389667 0.576250 0.393667 0.568000 0.394333 0.564750 0.394333 0.556500 0.392333 0.553000
0 0.353333 0.540500 0.350667 0.542000 0.348333 0.545750 0.348333 0.556500 0.349667 0.561000 0.352333 0.564750 0.353667 0.565750 0.358333 0.566250 0.361000 0.565250 0.365000 0.561250 0.366000 0.556750 0.365667 0.552750 0.364333 0.548250 0.361000 0.542750 0.357333 0.540500
0 0.329667 0.502500 0.325667 0.504250 0.322667 0.509000 0.322667 0.518500 0.325667 0.525000 0.328667 0.526750 0.331000 0.526750 0.334667 0.524250 0.339000 0.518750 0.339667 0.513000 0.338667 0.508750 0.334667 0.503500 0.333000 0.502750
0 0.369333 0.604000 0.368333 0.606000 0.368333 0.608500 0.371333 0.613250 0.374667 0.616250 0.385000 0.620500 0.393333 0.621250 0.396000 0.619500 0.396000 0.615000 0.394667 0.612250 0.388333 0.607500 0.380333 0.604000 0.374333 0.602750 0.372333 0.602750
0 0.474333 0.631750 0.469667 0.631250 0.466667 0.632000 0.462000 0.634750 0.457000 0.642250 0.455333 0.650500 0.457333 0.654500 0.459333 0.655750 0.463667 0.655750 0.467667 0.654500 0.471000 0.652000 0.475333 0.646000 0.476667 0.640500 0.476667 0.635000
0 0.427333 0.675750 0.423333 0.675750 0.421000 0.677000 0.418000 0.681000 0.417000 0.684750 0.417000 0.689500 0.418000 0.693500 0.420333 0.696000 0.424000 0.697250 0.427333 0.696250 0.428667 0.695250 0.431333 0.689750 0.431000 0.681250 0.429667 0.678000
