0 0.618250 0.711667 0.618500 0.715000 0.619750 0.717333 0.622250 0.719000 0.626500 0.720333 0.631750 0.720333 0.638500 0.718667 0.641000 0.716333 0.642250 0.713333 0.641500 0.709667 0.639250 0.706667 0.635500 0.704333 0.627500 0.703667 0.623000 0.705000 0.619000 0.708667
0 0.275750 0.470333 0.276500 0.474333 0.278750 0.478000 0.282000 0.481667 0.287000 0.483667 0.295250 0.483667 0.299250 0.481000 0.301000 0.478667 0.301250 0.477333 0.300750 0.471000 0.299500 0.469333 0.294500 0.466000 0.289250 0.465000 0.282250 0.465000 0.278500 0.466667
0 0.407250 0.471000 0.407250 0.475333 0.408000 0.477000 0.412250 0.482000 0.416250 0.483667 0.424000 0.483667 0.427750 0.482667 0.431500 0.478667 0.433000 0.474667 0.432250 0.470000 0.427500 0.466667 0.422750 0.465333 0.418750 0.465000 0.414500 0.465667 0.408500 0.468667
0 0.280750 0.404667 0.279250 0.402000 0.275750 0.400000 0.267250 0.400000 0.259750 0.404000 0.258000 0.406667 0.257500 0.409000 0.259000 0.414000 0.262250 0.416667 0.265500 0.418000 0.271250 0.418333 0.274750 0.417000 0.280250 0.412667 0.281250 0.408667
0 0.404000 0.399667 0.403250 0.397000 0.399750 0.393667 0.395750 0.392333 0.388500 0.392667 0.384500 0.394000 0.377750 0.399333 0.377000 0.400667 0.376750 0.405333 0.377500 0.408000 0.381000 0.411000 0.384250 0.412333 0.391750 0.412000 0.396750 0.410333 0.401750 0.406000 0.403500 0.403000
0 0.654750 0.555667 0.656000 0.561333 0.658500 0.565000 0.665250 0.568667 0.670750 0.569000 0.677750 0.566333 0.679000 0.564000 0.679000 0.560667 0.677500 0.557000 0.673750 0.553667 0.669750 0.551333 0.664750 0.550333 0.658000 0.550667 0.656250 0.552000
0 0.576000 0.388000 0.577750 0.392667 0.579500 0.394667 0.583500 0.396667 0.586750 0.397333 0.591250 0.397333 0.595750 0.395667 0.598750 0.392667 0.599250 0.389333 0.598500 0.385667 0.597500 0.384000 0.591750 0.381333 0.583250 0.381333 0.580500 0.382000 0.577250 0.384333
0 0.391250 0.450667 0.391750 0.456000 0.394500 0.459333 0.397750 0.461000 0.404500 0.462333 0.411750 0.461000 0.416750 0.457000 0.418250 0.453667 0.418250 0.450333 0.416500 0.446667 0.408500 0.443333 0.402000 0.443333 0.396750 0.444667 0.393000 0.446667 0.392000 0.448000
0 0.640500 0.446667 0.640500 0.451667 0.642000 0.455333 0.648000 0.459333 0.652000 0.460333 0.657500 0.460333 0.662250 0.458000 0.664500 0.455667 0.666750 0.451667 0.667250 0.448667 0.667000 0.446333 0.663000 0.442000 0.658500 0.440667 0.651750 0.440000 0.646500 0.440667 0.643000 0.442000 0.641750 0.443333
0 0.607000 0.536333 0.603750 0.532333 0.599000 0.530667 0.595000 0.530667 0.587000 0.532667 0.583750 0.536333 0.583500 0.539000 0.585500 0.544667 0.587000 0.546000 0.594750 0.547000 0.599500 0.546667 0.602750 0.545000 0.606750 0.540667
0 0.608500 0.500667 0.606250 0.499333 0.602500 0.499333 0.598750 0.500667 0.595250 0.503333 0.587750 0.513667 0.586750 0.517000 0.587250 0.522667 0.590500 0.524667 0.593000 0.524667 0.597000 0.523333 0.600250 0.520667 0.607500 0.510667 0.609000 0.506000 0.609000 0.502000
0 0.619250 0.490667 0.621000 0.495000 0.624250 0.498000 0.627750 0.499667 0.637500 0.499333 0.639000 0.498667 0.640750 0.495333 0.640750 0.493000 0.639250 0.489000 0.635750 0.486333 0.633250 0.485667 0.625500 0.485667 0.622250 0.487333 0.619500 0.489667
0 0.554000 0.516667 0.554500 0.519667 0.556000 0.522667 0.561000 0.526000 0.563250 0.526667 0.568750 0.527000 0.572000 0.526000 0.575250 0.524000 0.577000 0.521333 0.577000 0.517000 0.575500 0.514333 0.572500 0.512000 0.568000 0.510000 0.563000 0.509667 0.557500 0.511333 0.555000 0.513667
0 0.595750 0.575667 0.594750 0.572667 0.592000 0.570333 0.583500 0.571000 0.580000 0.572333 0.576750 0.575000 0.575500 0.576667 0.574500 0.581000 0.575500 0.584667 0.578250 0.587667 0.580500 0.588667 0.584500 0.589000 0.592500 0.584667 0.595250 0.579667
0 0.547750 0.576333 0.547750 0.580667 0.549000 0.584000 0.553500 0.588333 0.558000 0.591333 0.562000 0.592667 0.568250 0.592333 0.570000 0.591333 0.572250 0.587667 0.572250 0.584333 0.570000 0.578667 0.567250 0.576000 0.562000 0.572667 0.558500 0.571667 0.552250 0.572000 0.549250 0.574000
0 0.540250 0.556333 0.537750 0.553333 0.534500 0.552000 0.526000 0.552000 0.518000 0.556000 0.517000 0.557333 0.516000 0.560667 0.516250 0.564000 0.518500 0.568000 0.520750 0.569333 0.523250 0.570000 0.530000 0.570000 0.532250 0.569333 0.537500 0.566333 0.538500 0.565000 0.540250 0.560333
0 0.508000 0.689667 0.507500 0.693333 0.508500 0.697333 0.510250 0.699667 0.514500 0.702667 0.516750 0.703333 0.526000 0.703000 0.529000 0.701000 0.530250 0.698333 0.529750 0.692333 0.528000 0.689667 0.525500 0.688000 0.521750 0.686667 0.516250 0.686000 0.510500 0.687333
0 0.508500 0.645333 0.508000 0.650000 0.509000 0.653333 0.510250 0.655000 0.514500 0.657000 0.522500 0.657333 0.525750 0.656667 0.529500 0.654667 0.531000 0.650000 0.531000 0.645000 0.530000 0.641000 0.528250 0.639333 0.524500 0.638000 0.517250 0.638000 0.510000 0.642000
0 0.536750 0.602667 0.536000 0.600000 0.532500 0.596667 0.528000 0.595333 0.522750 0.595667 0.518000 0.597667 0.514250 0.601333 0.513000 0.603667 0.512750 0.607333 0.514250 0.609667 0.518250 0.612667 0.528750 0.612667 0.534250 0.608667 0.536500 0.604667
0 0.451750 0.583000 0.452500 0.587667 0.455500 0.590667 0.459000 0.592000 0.466500 0.592000 0.471000 0.590667 0.474000 0.588333 0.475250 0.585000 0.475250 0.580667 0.474000 0.578333 0.470500 0.575000 0.467250 0.573667 0.462250 0.573333 0.455250 0.576333 0.452750 0.579667
0 0.462250 0.716667 0.462500 0.720000 0.463250 0.721667 0.467500 0.725333 0.473500 0.727333 0.483250 0.726333 0.487500 0.722000 0.488250 0.718667 0.488000 0.716000 0.485750 0.712667 0.481750 0.710333 0.476250 0.709333 0.471000 0.709333 0.466750 0.711000
0 0.460750 0.692333 0.461250 0.696000 0.462500 0.698333 0.467250 0.702000 0.469750 0.702667 0.475250 0.702667 0.479500 0.701333 0.482750 0.699333 0.484000 0.697667 0.484750 0.695000 0.484250 0.690000 0.482750 0.687667 0.479750 0.686000 0.475750 0.685000 0.470250 0.685000 0.462500 0.688667
0 0.449250 0.626667 0.446750 0.622333 0.443750 0.619667 0.438500 0.618667 0.434250 0.619333 0.430000 0.621333 0.426750 0.625667 0.426500 0.628667 0.427000 0.631000 0.431000 0.636000 0.435750 0.638000 0.439750 0.638000 0.444500 0.636000 0.448500 0.631000
0 0.428250 0.597667 0.427000 0.595333 0.423750 0.594000 0.416250 0.594000 0.410750 0.596000 0.407750 0.599000 0.406500 0.602667 0.406750 0.607000 0.407750 0.608667 0.411750 0.610667 0.419750 0.610333 0.424250 0.607333 0.427000 0.604333 0.428500 0.600333
0 0.430000 0.736333 0.430000 0.741000 0.431000 0.743667 0.434000 0.746667 0.437750 0.748667 0.443750 0.749000 0.448500 0.747000 0.451000 0.744000 0.450750 0.739333 0.448750 0.736333 0.445750 0.734667 0.440500 0.733667 0.435250 0.733667 0.432000 0.734333
0 0.371750 0.696667 0.373000 0.700333 0.377000 0.704667 0.380250 0.706000 0.386500 0.706333 0.391250 0.705000 0.396000 0.702000 0.397750 0.698333 0.397750 0.692667 0.396250 0.689667 0.392250 0.687333 0.389750 0.686667 0.381000 0.686667 0.377500 0.687333 0.375000 0.688667 0.372500 0.692667
0 0.336500 0.673333 0.337000 0.678667 0.340000 0.682000 0.342250 0.683667 0.348750 0.685000 0.354000 0.684000 0.358000 0.682333 0.362000 0.678000 0.362750 0.674667 0.362250 0.671333 0.361000 0.668667 0.358000 0.666000 0.354500 0.665000 0.346500 0.665000 0.342500 0.666333 0.339000 0.669333
0 0.344000 0.600333 0.343750 0.605000 0.344750 0.608333 0.348250 0.612000 0.352500 0.614333 0.361750 0.616000 0.365750 0.615000 0.368500 0.611333 0.368750 0.607333 0.367250 0.603667 0.366000 0.602000 0.361250 0.598667 0.355250 0.596667 0.350500 0.596667 0.345750 0.598000
0 0.363000 0.580000 0.361750 0.577667 0.358250 0.575667 0.353250 0.575667 0.345500 0.578333 0.343750 0.579667 0.341000 0.584000 0.339000 0.588333 0.338750 0.591667 0.341000 0.594667 0.345000 0.597000 0.349500 0.596667 0.357000 0.594000 0.362000 0.586333 0.363000 0.583000
0 0.298000 0.586000 0.298250 0.589000 0.301250 0.592667 0.303000 0.593667 0.311250 0.595333 0.318500 0.594000 0.322000 0.592000 0.324250 0.588333 0.324500 0.583333 0.323000 0.580333 0.320750 0.579000 0.315250 0.577667 0.308250 0.577667 0.302500 0.580000 0.298750 0.583333
0 0.349750 0.537000 0.350000 0.541333 0.353000 0.546333 0.358000 0.549667 0.366000 0.549667 0.369250 0.548333 0.372250 0.546333 0.373500 0.544333 0.374000 0.542000 0.373750 0.537000 0.371500 0.533333 0.367750 0.531667 0.358500 0.531333 0.354250 0.532333 0.352000 0.533667
0 0.319250 0.494333 0.318500 0.492667 0.313250 0.488000 0.310500 0.486667 0.305500 0.486667 0.299250 0.489000 0.294750 0.492333 0.293500 0.494333 0.293500 0.498667 0.295000 0.502667 0.298250 0.504667 0.302750 0.506000 0.309000 0.506000 0.311500 0.505000 0.317500 0.500000 0.319000 0.497667
0 0.652750 0.513333 0.651500 0.510333 0.650250 0.509000 0.647000 0.507667 0.641750 0.507333 0.636250 0.508667 0.634000 0.510000 0.632250 0.513333 0.632000 0.517000 0.633500 0.520667 0.635750 0.522667 0.638250 0.523667 0.646500 0.523333 0.649250 0.521333 0.652000 0.518000
0 0.649750 0.533333 0.646500 0.530333 0.639000 0.528333 0.634250 0.529667 0.629250 0.532333 0.627500 0.535000 0.627250 0.538333 0.628250 0.541000 0.631500 0.544667 0.634250 0.545667 0.642250 0.545667 0.646500 0.543333 0.648000 0.541667 0.650000 0.537333
0 0.653500 0.537000 0.654000 0.540667 0.655000 0.542000 0.659750 0.545667 0.662250 0.546667 0.669750 0.546667 0.675000 0.544333 0.677750 0.540667 0.677250 0.536333 0.675000 0.533667 0.668000 0.531333 0.661750 0.531000 0.657250 0.532000 0.655500 0.533000
0 0.693500 0.513333 0.694250 0.517667 0.697000 0.521333 0.701000 0.523333 0.704000 0.523667 0.709250 0.523333 0.713250 0.521333 0.716750 0.518667 0.717750 0.517333 0.718500 0.514667 0.718000 0.510667 0.717000 0.509000 0.708750 0.506000 0.702250 0.506333 0.697000 0.508000 0.694500 0.510667
0 0.607750 0.474333 0.608500 0.478000 0.611250 0.480333 0.615000 0.481333 0.623750 0.481333 0.626500 0.480333 0.630250 0.477000 0.631750 0.475000 0.632000 0.470333 0.631000 0.469000 0.627000 0.466667 0.619000 0.466000 0.610250 0.469667 0.609000 0.471000
0 0.722000 0.516667 0.722750 0.520333 0.724750 0.522667 0.728250 0.523667 0.733750 0.523667 0.737250 0.522667 0.739500 0.521000 0.741500 0.517667 0.741500 0.513667 0.740000 0.511000 0.737500 0.509667 0.730250 0.509000 0.726750 0.510000 0.723250 0.513000
0 0.671500 0.670333 0.672750 0.672667 0.675500 0.674667 0.679250 0.675667 0.685500 0.675667 0.687000 0.675000 0.692500 0.669667 0.692000 0.666667 0.691000 0.665333 0.685750 0.662667 0.682500 0.662333 0.674250 0.664000 0.671750 0.666333
0 0.659750 0.688667 0.660000 0.691667 0.662000 0.695333 0.665250 0.698667 0.670500 0.700333 0.678000 0.700333 0.684750 0.695667 0.686000 0.693333 0.685250 0.689000 0.682000 0.686667 0.671750 0.684000 0.666750 0.684000 0.661500 0.685667
