0 0.459000 0.424500 0.454333 0.424750 0.450667 0.427750 0.448333 0.432000 0.448000 0.439000 0.449000 0.443250 0.452000 0.447500 0.455333 0.449500 0.459667 0.448000 0.463333 0.443000 0.464667 0.439500 0.464000 0.430750 0.462000 0.427500
0 0.399333 0.745750 0.396000 0.746500 0.393000 0.749250 0.391667 0.755000 0.392000 0.761000 0.394667 0.767750 0.397667 0.771250 0.399667 0.772750 0.404333 0.773000 0.406667 0.771500 0.409333 0.767750 0.410333 0.764000 0.410333 0.759250 0.408667 0.753500 0.404667 0.747750 0.403333 0.746750
0 0.384667 0.719250 0.380000 0.719250 0.377000 0.720500 0.374667 0.724750 0.374000 0.727500 0.374000 0.733750 0.375333 0.739750 0.376333 0.741500 0.380333 0.743500 0.385667 0.742250 0.388333 0.739750 0.390000 0.736250 0.390333 0.727750 0.389667 0.724250 0.388000 0.721000
0 0.396333 0.691500 0.393000 0.693750 0.392000 0.695500 0.391667 0.705000 0.392667 0.708250 0.394667 0.710750 0.396667 0.712000 0.400000 0.712500 0.403667 0.710750 0.405000 0.708500 0.405667 0.705250 0.405333 0.697250 0.404000 0.694500 0.401000 0.691750
0 0.384667 0.679750 0.381000 0.679250 0.376667 0.680250 0.375000 0.681500 0.371333 0.687750 0.370333 0.692750 0.371000 0.697250 0.372667 0.700000 0.376000 0.702250 0.378333 0.702250 0.381333 0.701000 0.387667 0.692250 0.388667 0.689500 0.388667 0.684250 0.387333 0.681500
0 0.403333 0.648500 0.400000 0.649250 0.398000 0.651250 0.396000 0.655500 0.395333 0.661250 0.396333 0.665750 0.399000 0.670750 0.401667 0.672500 0.405333 0.673250 0.409000 0.671500 0.411667 0.666750 0.412000 0.657000 0.410667 0.653750 0.408333 0.650750 0.405333 0.648750
0 0.423333 0.642500 0.419333 0.645250 0.418000 0.650000 0.418333 0.653500 0.422333 0.662000 0.423667 0.663250 0.427667 0.664250 0.431333 0.663000 0.434000 0.660000 0.435000 0.657500 0.434667 0.651750 0.433667 0.648500 0.431000 0.645000 0.428000 0.642750
0 0.417667 0.627750 0.416333 0.631250 0.419667 0.637250 0.422667 0.640500 0.434333 0.643750 0.439333 0.644000 0.443000 0.642250 0.444000 0.639750 0.443333 0.635000 0.435000 0.629250 0.427333 0.627000 0.419333 0.626750
0 0.505000 0.652000 0.504000 0.653500 0.504667 0.657250 0.509333 0.662750 0.515000 0.665250 0.521333 0.667000 0.525000 0.667000 0.529000 0.665750 0.529667 0.664000 0.529000 0.658500 0.523000 0.655250 0.521333 0.653750 0.514000 0.650750 0.507667 0.650750
0 0.491000 0.628750 0.489333 0.628750 0.485667 0.631250 0.482667 0.635250 0.481333 0.638500 0.481000 0.645250 0.481667 0.648000 0.483000 0.650250 0.486667 0.652500 0.489667 0.652250 0.491667 0.651000 0.495333 0.646250 0.496667 0.642750 0.496667 0.634500 0.494667 0.631000
0 0.438667 0.599000 0.435000 0.603000 0.435667 0.606250 0.440000 0.615000 0.443000 0.617250 0.447000 0.618750 0.451000 0.618750 0.452667 0.617500 0.453667 0.615250 0.453333 0.610250 0.451000 0.604500 0.449667 0.602750 0.444000 0.599250
0 0.311333 0.375500 0.306000 0.375000 0.300000 0.376250 0.297000 0.378750 0.293000 0.384250 0.291333 0.389250 0.291333 0.394000 0.292667 0.397500 0.295667 0.399750 0.299333 0.400250 0.303333 0.399250 0.309333 0.395500 0.311333 0.393000 0.313333 0.388250 0.314000 0.384250 0.313667 0.378250 0.313000 0.376750
0 0.424333 0.437750 0.419667 0.438750 0.415667 0.442250 0.413667 0.447500 0.413667 0.455000 0.414667 0.459500 0.416667 0.460750 0.420000 0.461000 0.424000 0.458250 0.426333 0.455500 0.428000 0.452000 0.428333 0.441750 0.427333 0.439250
0 0.399000 0.442500 0.396333 0.443500 0.392667 0.447250 0.392000 0.449500 0.392333 0.455000 0.394333 0.459750 0.399333 0.467250 0.401667 0.468250 0.405333 0.468500 0.408667 0.467500 0.412333 0.463750 0.412667 0.455000 0.410333 0.449000 0.406000 0.444500 0.402667 0.442750
0 0.441667 0.466750 0.439667 0.467000 0.435333 0.471250 0.434333 0.475000 0.434333 0.478500 0.436000 0.485250 0.438667 0.490000 0.441667 0.491500 0.445000 0.491750 0.447333 0.491250 0.448667 0.490250 0.451000 0.486750 0.452333 0.482500 0.452333 0.477000 0.451667 0.474250 0.449667 0.470750 0.444000 0.467000
0 0.466333 0.471500 0.462667 0.471250 0.460000 0.472500 0.454667 0.478750 0.453667 0.485000 0.454000 0.489250 0.456667 0.494750 0.459000 0.496500 0.462667 0.496500 0.466333 0.495000 0.469667 0.489500 0.470667 0.485000 0.470333 0.477750 0.469000 0.473750
0 0.467333 0.584000 0.463667 0.584750 0.461667 0.586000 0.458333 0.591500 0.458333 0.597000 0.460000 0.599500 0.463333 0.601250 0.467000 0.601250 0.469000 0.600000 0.471333 0.596750 0.472667 0.593000 0.472000 0.587000 0.470000 0.585000
0 0.485667 0.458500 0.482333 0.459500 0.479333 0.462000 0.478333 0.467250 0.481667 0.475250 0.486000 0.478750 0.488000 0.478750 0.491000 0.477500 0.494000 0.473750 0.495000 0.471750 0.495000 0.466250 0.493667 0.462500 0.491000 0.459500 0.489333 0.458750
0 0.505667 0.472250 0.502333 0.474000 0.500667 0.477000 0.500333 0.483750 0.501000 0.487250 0.502333 0.490000 0.506333 0.493500 0.510667 0.494250 0.513667 0.493000 0.515000 0.490500 0.516000 0.484250 0.515667 0.479000 0.514000 0.475500 0.512000 0.473750 0.509333 0.472500
0 0.533000 0.460250 0.529667 0.460250 0.525667 0.462500 0.523333 0.467750 0.523333 0.478500 0.525667 0.482750 0.528333 0.484000 0.530333 0.484000 0.533000 0.483000 0.536000 0.480750 0.537667 0.478750 0.539000 0.474000 0.539333 0.469000 0.538333 0.463250 0.537000 0.461500
0 0.511667 0.498500 0.509000 0.498750 0.505000 0.501250 0.502333 0.507750 0.502333 0.512750 0.503667 0.517750 0.504667 0.519250 0.509000 0.521750 0.511667 0.521250 0.514667 0.519000 0.517000 0.513250 0.517667 0.508750 0.517000 0.502000 0.514000 0.499000
0 0.538000 0.501000 0.533667 0.501000 0.530667 0.502250 0.524667 0.510000 0.524333 0.516250 0.525333 0.520500 0.528333 0.523750 0.531000 0.524750 0.533333 0.524750 0.538000 0.522500 0.542000 0.514750 0.542667 0.511750 0.542333 0.505250 0.540667 0.502750
0 0.545333 0.493250 0.544667 0.494500 0.545000 0.497750 0.548000 0.504250 0.551667 0.507000 0.553667 0.507250 0.557000 0.506500 0.558333 0.504750 0.558667 0.501250 0.556000 0.497250 0.552667 0.494000 0.549000 0.492750
0 0.598667 0.487250 0.595667 0.487750 0.593333 0.490000 0.591000 0.494250 0.590333 0.500750 0.591000 0.503500 0.595000 0.508500 0.598667 0.510750 0.600333 0.510750 0.605000 0.507000 0.607000 0.503500 0.607333 0.495500 0.606667 0.493000 0.604667 0.490000 0.602667 0.488500
0 0.615000 0.526000 0.611667 0.528000 0.611000 0.529250 0.611667 0.537000 0.616667 0.544250 0.619333 0.546000 0.623667 0.546500 0.626333 0.545000 0.627667 0.542250 0.627667 0.537500 0.626667 0.534000 0.623333 0.528750 0.619333 0.526500
0 0.542000 0.533250 0.537333 0.533500 0.533667 0.535250 0.525000 0.542750 0.523667 0.545750 0.523667 0.549750 0.524333 0.551750 0.526000 0.553250 0.530000 0.554000 0.538333 0.549500 0.542000 0.544750 0.543667 0.540500 0.544000 0.536000
0 0.514000 0.543000 0.508667 0.544000 0.503333 0.548000 0.502333 0.549500 0.499333 0.558500 0.499667 0.563500 0.501667 0.565250 0.506000 0.565000 0.512000 0.561250 0.514333 0.558500 0.517333 0.551750 0.518000 0.548000 0.517000 0.545250
0 0.486667 0.568000 0.482667 0.572250 0.481333 0.576250 0.481333 0.579750 0.482333 0.584250 0.485000 0.590000 0.486667 0.591500 0.488667 0.592250 0.491000 0.592250 0.493333 0.590500 0.495667 0.587500 0.496667 0.584750 0.497000 0.579250 0.494667 0.571750 0.490333 0.567750
0 0.465333 0.550750 0.462333 0.552000 0.461667 0.553750 0.461333 0.560000 0.462000 0.562750 0.470000 0.572750 0.471667 0.573500 0.474000 0.573500 0.475333 0.572750 0.477000 0.569000 0.477000 0.563250 0.475333 0.556500 0.468333 0.551250
0 0.439667 0.537000 0.436000 0.539750 0.435333 0.541000 0.435000 0.545500 0.437000 0.553000 0.439667 0.558500 0.443667 0.561250 0.448000 0.561500 0.451000 0.559500 0.452333 0.556750 0.452333 0.549250 0.451333 0.545250 0.447667 0.540000 0.444000 0.537750
0 0.440333 0.512750 0.437667 0.514250 0.434667 0.517250 0.434333 0.522250 0.435000 0.525250 0.438333 0.531750 0.441667 0.534250 0.447000 0.535250 0.451000 0.533000 0.452667 0.530000 0.453000 0.524750 0.452333 0.520500 0.451000 0.517000 0.447333 0.514000 0.443333 0.512500
0 0.396667 0.527250 0.394333 0.528250 0.392000 0.530750 0.392000 0.540000 0.395000 0.545000 0.397667 0.547250 0.400333 0.548500 0.404000 0.548250 0.406667 0.545250 0.407333 0.542500 0.407333 0.538750 0.406000 0.532750 0.402667 0.528750 0.400667 0.527750
0 0.353333 0.508500 0.351333 0.510000 0.349333 0.513000 0.348667 0.515000 0.348667 0.522500 0.350333 0.527250 0.352000 0.529750 0.354333 0.530750 0.358000 0.530750 0.360667 0.529000 0.362667 0.526000 0.364000 0.521000 0.364000 0.517000 0.363000 0.513250 0.361000 0.510000 0.358000 0.508250
0 0.337000 0.555250 0.334000 0.555000 0.329667 0.556500 0.326000 0.561250 0.325000 0.563750 0.324667 0.569250 0.325667 0.573250 0.327667 0.576750 0.330667 0.578000 0.334667 0.578000 0.337333 0.577000 0.339667 0.575000 0.342333 0.569750 0.342333 0.560750 0.340000 0.557000
0 0.338667 0.608000 0.333333 0.608250 0.329000 0.610500 0.326333 0.617500 0.326000 0.624000 0.327000 0.627500 0.329000 0.631000 0.333000 0.633000 0.337667 0.632750 0.340667 0.631500 0.342333 0.629500 0.344333 0.623750 0.344667 0.618250 0.343000 0.610750 0.341333 0.609000
0 0.376667 0.588250 0.373000 0.590750 0.371667 0.592500 0.370333 0.596750 0.370333 0.600500 0.371333 0.604500 0.373667 0.608500 0.376667 0.611000 0.380333 0.611500 0.384333 0.609750 0.387000 0.607000 0.388333 0.603500 0.388333 0.596750 0.385667 0.591500 0.381333 0.588250
0 0.421000 0.578000 0.418000 0.579000 0.415333 0.581500 0.414000 0.587000 0.414000 0.591250 0.416000 0.596500 0.419333 0.599250 0.423667 0.600000 0.427000 0.598250 0.429000 0.596000 0.430333 0.588250 0.429333 0.583250 0.427333 0.579500 0.423667 0.578000
0 0.439000 0.569500 0.435667 0.570750 0.434667 0.572000 0.435000 0.578250 0.438667 0.585750 0.443000 0.589000 0.448000 0.590000 0.450333 0.589250 0.452000 0.587500 0.452000 0.578500 0.449667 0.574500 0.443667 0.570000
0 0.451667 0.564750 0.450333 0.566000 0.449667 0.569000 0.454667 0.576500 0.462667 0.581500 0.468000 0.580750 0.468667 0.580000 0.468667 0.575750 0.466333 0.572000 0.458667 0.566000
0 0.529667 0.601750 0.526667 0.603250 0.525000 0.606000 0.524333 0.609750 0.524667 0.615750 0.529000 0.623250 0.531333 0.624500 0.534333 0.624750 0.537333 0.624000 0.539333 0.621000 0.539333 0.609750 0.537333 0.603750 0.533667 0.602000
0 0.375667 0.324500 0.375000 0.325500 0.375000 0.330500 0.376000 0.334000 0.381333 0.339000 0.387667 0.342500 0.391667 0.343500 0.398000 0.343750 0.400667 0.343250 0.402333 0.342250 0.403333 0.337250 0.401000 0.333250 0.396667 0.329250 0.391667 0.327000 0.388333 0.324750 0.381667 0.323000 0.378000 0.323250
0 0.474667 0.367250 0.471667 0.368750 0.469667 0.372500 0.470000 0.376750 0.472000 0.381750 0.477000 0.388250 0.478667 0.389500 0.482333 0.391000 0.488000 0.390750 0.490333 0.389500 0.491667 0.386250 0.491667 0.380000 0.490667 0.376500 0.484333 0.369000 0.482333 0.367500 0.479667 0.366750
0 0.509667 0.378250 0.506333 0.378750 0.503667 0.380500 0.500667 0.384000 0.500000 0.386250 0.499667 0.396500 0.500333 0.400250 0.501667 0.402500 0.505667 0.405000 0.510000 0.405000 0.513333 0.403750 0.515667 0.400250 0.517333 0.393750 0.517000 0.388000 0.515667 0.383500 0.513333 0.380000
0 0.594667 0.433000 0.592000 0.433750 0.590000 0.435500 0.589333 0.437750 0.590000 0.443000 0.595000 0.449500 0.597667 0.450750 0.600333 0.451000 0.603000 0.448750 0.604667 0.444750 0.604333 0.439500 0.599333 0.433500
0 0.485667 0.411000 0.482667 0.411750 0.479667 0.415250 0.478333 0.419750 0.478333 0.426250 0.479000 0.428500 0.484000 0.434500 0.485667 0.435750 0.490000 0.436250 0.492667 0.434250 0.494667 0.430500 0.495333 0.427500 0.495000 0.420250 0.493333 0.415500 0.491000 0.412250 0.489000 0.411250
