0 0.446667 0.398250 0.443333 0.400250 0.441333 0.403750 0.440667 0.407250 0.441000 0.410750 0.442667 0.416000 0.445667 0.421750 0.449000 0.424250 0.452000 0.425000 0.455667 0.423250 0.457667 0.419750 0.457333 0.408500 0.455667 0.403750 0.453333 0.400000 0.451000 0.398500
0 0.563667 0.378750 0.560333 0.381000 0.557333 0.385250 0.556000 0.390250 0.556000 0.396000 0.560000 0.402750 0.562333 0.404500 0.565000 0.405000 0.568333 0.404000 0.570333 0.401500 0.572667 0.396250 0.573000 0.387750 0.572000 0.384000 0.569000 0.380250 0.566333 0.379000
0 0.404000 0.637750 0.401333 0.638750 0.400000 0.640250 0.398333 0.649000 0.398333 0.655250 0.399000 0.656750 0.400333 0.658000 0.404333 0.658500 0.407000 0.655750 0.408333 0.653500 0.409333 0.649250 0.408667 0.642000 0.405333 0.638250
0 0.435667 0.797750 0.432000 0.800000 0.430333 0.802750 0.429667 0.805750 0.430000 0.813750 0.432000 0.819000 0.435667 0.821500 0.439000 0.821500 0.443000 0.819250 0.444333 0.816750 0.445333 0.812250 0.445333 0.806000 0.444333 0.802500 0.442333 0.799250 0.439667 0.797750
0 0.542000 0.697750 0.540333 0.697750 0.537333 0.699000 0.534333 0.701500 0.532333 0.704750 0.531667 0.708750 0.532000 0.717000 0.533667 0.718750 0.536333 0.719500 0.541000 0.718750 0.544000 0.716750 0.546667 0.710500 0.547000 0.703500 0.546333 0.701000 0.545000 0.699000
0 0.513000 0.728750 0.511000 0.727500 0.505333 0.727750 0.502667 0.728750 0.496000 0.733750 0.494000 0.734500 0.489333 0.739500 0.489333 0.744750 0.490333 0.745250 0.495333 0.744750 0.505667 0.740750 0.513333 0.733000
0 0.466333 0.719750 0.463667 0.721500 0.462000 0.724250 0.461333 0.734750 0.462000 0.737250 0.463667 0.739500 0.469333 0.745000 0.471333 0.745750 0.474667 0.744500 0.476667 0.740750 0.477333 0.736750 0.476667 0.728750 0.475000 0.723750 0.473333 0.721500 0.471333 0.720000
0 0.409000 0.732750 0.404333 0.733250 0.400667 0.736000 0.398000 0.743000 0.397333 0.747000 0.398000 0.751500 0.400000 0.754750 0.403667 0.756250 0.410333 0.753000 0.413333 0.748000 0.414000 0.743750 0.413333 0.735750 0.412000 0.733750
0 0.298667 0.627500 0.294667 0.628250 0.291333 0.630750 0.289333 0.634750 0.289000 0.642750 0.289667 0.646500 0.290667 0.648500 0.294333 0.650750 0.298667 0.649750 0.301333 0.647750 0.304333 0.641750 0.304667 0.633750 0.303000 0.629750
0 0.415000 0.672000 0.410667 0.671500 0.404667 0.673250 0.393667 0.681750 0.391000 0.685250 0.390000 0.688750 0.390667 0.691250 0.392000 0.692500 0.393667 0.692750 0.397000 0.692000 0.404000 0.688500 0.412000 0.683250 0.416667 0.675250 0.416667 0.673250
0 0.423000 0.651000 0.420000 0.651500 0.417000 0.654500 0.416000 0.664750 0.417333 0.670750 0.419333 0.674500 0.422000 0.676250 0.425000 0.676500 0.428333 0.675750 0.430000 0.674500 0.432333 0.670750 0.433000 0.661750 0.432333 0.657750 0.429000 0.653500 0.427000 0.652000
0 0.455000 0.654000 0.450667 0.656500 0.446333 0.665000 0.446333 0.670750 0.448000 0.674000 0.451667 0.678250 0.454333 0.680250 0.456667 0.680500 0.458667 0.680250 0.460333 0.679250 0.465000 0.674000 0.466000 0.670250 0.466000 0.662750 0.465000 0.658250 0.463667 0.656250 0.459000 0.654250
0 0.455333 0.642500 0.455667 0.646500 0.458333 0.649000 0.463667 0.650500 0.469000 0.651250 0.474000 0.651000 0.485333 0.648250 0.488333 0.646500 0.489667 0.643750 0.489667 0.641750 0.487667 0.638750 0.485333 0.637500 0.481333 0.636500 0.468000 0.636500 0.464000 0.637250 0.457667 0.640000
0 0.513000 0.636500 0.510000 0.637250 0.508000 0.639000 0.506333 0.642750 0.505667 0.652500 0.506333 0.655250 0.509000 0.660000 0.512333 0.661750 0.514333 0.661750 0.519000 0.658750 0.521667 0.653750 0.522000 0.649000 0.521000 0.642750 0.518333 0.638250 0.516667 0.637250
0 0.603000 0.577000 0.600667 0.579000 0.599667 0.581500 0.598667 0.587000 0.599000 0.592500 0.602333 0.598750 0.603667 0.599750 0.607000 0.600000 0.609333 0.598000 0.612000 0.592750 0.612000 0.583250 0.611000 0.580000 0.608000 0.577250
0 0.583667 0.582250 0.579333 0.582500 0.575667 0.585000 0.574000 0.587750 0.573667 0.596500 0.574333 0.599250 0.577000 0.603500 0.580000 0.605750 0.583000 0.605250 0.585000 0.604000 0.588000 0.599250 0.588667 0.597000 0.588667 0.592250 0.587333 0.587000 0.585333 0.583500
0 0.564000 0.557750 0.560000 0.557500 0.555667 0.559500 0.553000 0.564250 0.550333 0.571750 0.551000 0.580000 0.552667 0.581750 0.556000 0.582750 0.557333 0.582750 0.561000 0.580500 0.566333 0.571000 0.567333 0.566750 0.567333 0.562500 0.566333 0.559500
0 0.489333 0.567250 0.486667 0.568250 0.484333 0.572500 0.484000 0.577750 0.485000 0.584000 0.486000 0.586750 0.489333 0.590750 0.492667 0.592250 0.496000 0.592250 0.498667 0.591500 0.501000 0.589000 0.502667 0.584750 0.502667 0.580250 0.498667 0.571000 0.491667 0.567500
0 0.510000 0.575000 0.509000 0.575500 0.507333 0.579000 0.507333 0.585750 0.509000 0.592500 0.514333 0.600250 0.517667 0.602500 0.521333 0.602500 0.524667 0.599500 0.525667 0.595500 0.525000 0.587750 0.523667 0.583500 0.522000 0.580500 0.520333 0.579250 0.513667 0.576000
0 0.508000 0.559750 0.507000 0.561500 0.507000 0.565000 0.508667 0.568500 0.515000 0.574250 0.516333 0.576250 0.523333 0.579750 0.525333 0.580250 0.529667 0.580000 0.532667 0.577000 0.533000 0.575500 0.529000 0.567500 0.526667 0.564750 0.517333 0.560000 0.510667 0.559000
0 0.380667 0.524250 0.376333 0.524500 0.374333 0.525750 0.372333 0.531500 0.373000 0.543750 0.375000 0.548000 0.376667 0.549750 0.380333 0.549500 0.381667 0.548750 0.386000 0.542750 0.387333 0.537750 0.387333 0.533500 0.385667 0.528500 0.383333 0.525500
0 0.439667 0.551000 0.438000 0.552250 0.436000 0.556250 0.436000 0.560750 0.439000 0.568000 0.442333 0.571250 0.446333 0.573250 0.451000 0.572750 0.452333 0.571500 0.453667 0.568250 0.453333 0.562750 0.451667 0.557000 0.444000 0.551000
0 0.493333 0.516500 0.490333 0.517250 0.487333 0.520500 0.486333 0.524250 0.486667 0.529000 0.489333 0.534000 0.494333 0.538000 0.498000 0.538000 0.499667 0.537000 0.501333 0.534000 0.501667 0.528500 0.499333 0.521500 0.497333 0.518000
0 0.493000 0.540500 0.489667 0.541500 0.486000 0.544500 0.485000 0.548750 0.485000 0.554750 0.486667 0.561000 0.490000 0.563250 0.495333 0.563500 0.498000 0.562500 0.499667 0.559500 0.500333 0.554250 0.500000 0.546500 0.498333 0.542500 0.495333 0.540750
0 0.510000 0.524750 0.507667 0.525750 0.505333 0.529500 0.506000 0.538000 0.509333 0.545500 0.513667 0.548750 0.517000 0.549750 0.519000 0.549500 0.521667 0.548250 0.523000 0.545500 0.523333 0.541000 0.521667 0.533500 0.518333 0.528750 0.513333 0.525000
0 0.622667 0.536000 0.619667 0.538500 0.618333 0.541250 0.618333 0.553750 0.623333 0.561000 0.626667 0.563500 0.630667 0.564000 0.634333 0.561000 0.636000 0.557500 0.635667 0.548500 0.633000 0.540750 0.631333 0.538250 0.627000 0.536000
0 0.584667 0.506000 0.580333 0.506750 0.576333 0.510000 0.572667 0.516750 0.572333 0.522250 0.574333 0.525250 0.576667 0.526500 0.580000 0.526000 0.584667 0.523500 0.588000 0.517750 0.588667 0.514250 0.588333 0.509000
0 0.540667 0.495250 0.537333 0.497500 0.534000 0.501500 0.533333 0.507500 0.534333 0.513000 0.536667 0.517250 0.539667 0.518500 0.542333 0.518500 0.545333 0.517000 0.548333 0.512250 0.549667 0.507500 0.549667 0.501750 0.547000 0.497500 0.544667 0.495500
0 0.492000 0.486250 0.489667 0.487000 0.485667 0.492000 0.484667 0.502000 0.485333 0.507250 0.486667 0.510250 0.490000 0.512750 0.493667 0.513000 0.497333 0.511250 0.498667 0.509500 0.500000 0.505500 0.500333 0.497750 0.499333 0.490750 0.498000 0.488250 0.495000 0.486250
0 0.404333 0.490250 0.400667 0.492500 0.399000 0.495500 0.398000 0.500250 0.398000 0.510000 0.400333 0.514250 0.403333 0.516000 0.405333 0.516250 0.409000 0.515250 0.412667 0.511000 0.413667 0.505500 0.413667 0.500250 0.412000 0.493500 0.408667 0.491000
0 0.451333 0.437250 0.447333 0.437500 0.444333 0.439500 0.441333 0.447750 0.442333 0.456000 0.444333 0.458750 0.447000 0.460250 0.450000 0.460000 0.452000 0.459000 0.456000 0.451000 0.456333 0.443750 0.455667 0.440250 0.454667 0.438750
0 0.480000 0.451250 0.479667 0.455750 0.481667 0.459000 0.486667 0.461000 0.490333 0.461750 0.503667 0.462750 0.513000 0.460750 0.515000 0.458750 0.515333 0.454500 0.514333 0.453000 0.504667 0.448000 0.495667 0.447750 0.486333 0.448500 0.482000 0.449500
0 0.512000 0.423250 0.509000 0.424250 0.507333 0.427750 0.507000 0.432750 0.507667 0.438750 0.509000 0.443250 0.513000 0.447500 0.514333 0.448250 0.518000 0.448500 0.521333 0.446000 0.522667 0.443750 0.523333 0.440000 0.522667 0.435000 0.521667 0.431750 0.516667 0.425250 0.514333 0.423250
0 0.555333 0.406750 0.551667 0.407250 0.549000 0.409250 0.547333 0.415500 0.548000 0.426000 0.549333 0.429000 0.552333 0.432250 0.557333 0.433000 0.560333 0.430750 0.561667 0.428250 0.562333 0.425000 0.562000 0.416500 0.559333 0.408250 0.558000 0.407250
