0 0.368667 0.347250 0.364000 0.350250 0.361667 0.353000 0.361000 0.362500 0.361667 0.365750 0.366000 0.372500 0.368667 0.374000 0.371333 0.374000 0.374667 0.372500 0.376667 0.369000 0.378000 0.365000 0.378000 0.358250 0.376667 0.353250 0.373667 0.348750 0.372667 0.348000
0 0.436000 0.364000 0.433000 0.364750 0.430667 0.366250 0.428000 0.369750 0.426333 0.373750 0.426000 0.377000 0.426667 0.380750 0.428000 0.383000 0.431000 0.384750 0.434667 0.384250 0.436333 0.383250 0.440333 0.377750 0.441667 0.373750 0.441667 0.368500 0.439333 0.365000
0 0.504333 0.370500 0.501667 0.371250 0.497333 0.375750 0.495667 0.381500 0.495667 0.386500 0.497333 0.392750 0.500333 0.396750 0.502000 0.397750 0.506333 0.398250 0.510000 0.395750 0.513000 0.391500 0.513667 0.388750 0.513667 0.381500 0.513000 0.377000 0.511333 0.373500 0.506667 0.370500
0 0.463333 0.408000 0.459000 0.408500 0.455000 0.411500 0.451667 0.416000 0.450333 0.420250 0.450667 0.425250 0.453333 0.432250 0.454667 0.433500 0.458333 0.434750 0.460333 0.434250 0.464667 0.430750 0.466333 0.428500 0.467333 0.424500 0.467333 0.412750 0.466333 0.410500
0 0.443333 0.423750 0.441000 0.424250 0.438667 0.425750 0.434000 0.431250 0.433000 0.434750 0.433333 0.443000 0.435000 0.445500 0.438667 0.447500 0.440667 0.447500 0.443667 0.446500 0.446000 0.444250 0.449000 0.440000 0.450333 0.435250 0.450333 0.432000 0.449000 0.428000 0.447000 0.425500
0 0.388000 0.396000 0.384000 0.398250 0.382667 0.400250 0.381667 0.403750 0.382000 0.413000 0.383333 0.417000 0.384667 0.418750 0.388000 0.421000 0.392667 0.421250 0.395667 0.420000 0.397667 0.417750 0.399667 0.411500 0.399667 0.405500 0.397333 0.399500 0.392667 0.396500
0 0.544000 0.443250 0.542000 0.444500 0.540667 0.446500 0.540667 0.451500 0.543333 0.458750 0.547667 0.464500 0.549667 0.465500 0.553000 0.466000 0.555667 0.464250 0.557333 0.461500 0.557333 0.454000 0.553333 0.447250 0.548667 0.444000 0.546333 0.443250
0 0.452333 0.462250 0.451000 0.463500 0.450333 0.466500 0.454667 0.476750 0.459000 0.479750 0.464000 0.479000 0.465667 0.477750 0.466333 0.476250 0.466333 0.473250 0.464667 0.469250 0.458667 0.462500 0.455667 0.461750
0 0.412000 0.446500 0.408667 0.449000 0.407333 0.451000 0.406667 0.454250 0.406667 0.463250 0.407667 0.466750 0.409000 0.468250 0.412333 0.470000 0.417000 0.470250 0.420000 0.469000 0.421333 0.466500 0.421333 0.454250 0.420333 0.451000 0.416667 0.446750
0 0.337333 0.450500 0.334000 0.455250 0.334000 0.459750 0.336667 0.467000 0.344000 0.472500 0.345333 0.473000 0.349667 0.472750 0.351667 0.471000 0.352333 0.467750 0.352000 0.462750 0.350000 0.457500 0.348000 0.454750 0.342333 0.450500
0 0.392000 0.493750 0.387333 0.496250 0.384000 0.500000 0.383333 0.501500 0.383333 0.511000 0.384333 0.514250 0.387667 0.518250 0.389333 0.519250 0.393667 0.519750 0.397333 0.518750 0.401333 0.514500 0.403000 0.508750 0.403000 0.503500 0.401667 0.499250 0.397333 0.494500
0 0.419667 0.495500 0.416000 0.495750 0.409333 0.501500 0.407667 0.505000 0.407333 0.509250 0.408333 0.513250 0.410667 0.516250 0.413667 0.517500 0.419667 0.517000 0.423000 0.513250 0.424333 0.509750 0.424667 0.502000 0.423000 0.499000
0 0.341333 0.514500 0.339667 0.513250 0.337000 0.512500 0.330000 0.512500 0.326667 0.513250 0.318667 0.516750 0.314000 0.521250 0.312000 0.524750 0.312000 0.527500 0.313000 0.529750 0.317000 0.530750 0.325000 0.530750 0.327667 0.530250 0.333667 0.527500 0.341333 0.520750 0.342333 0.518500 0.342333 0.516500
0 0.294000 0.530750 0.291667 0.531500 0.290000 0.533250 0.290000 0.542500 0.291000 0.545500 0.294333 0.550500 0.297667 0.552750 0.299667 0.553000 0.302000 0.552500 0.304333 0.549750 0.304333 0.539250 0.301333 0.533500 0.299333 0.532000 0.295667 0.530750
0 0.287000 0.507250 0.282667 0.507250 0.278667 0.508500 0.276000 0.510250 0.273333 0.513500 0.271667 0.518000 0.271333 0.521250 0.273000 0.524750 0.275000 0.526000 0.279667 0.525750 0.285333 0.521750 0.288000 0.519000 0.289333 0.514250 0.289333 0.509750 0.288333 0.508000
0 0.338000 0.531250 0.336333 0.533750 0.336667 0.540750 0.338000 0.544250 0.341333 0.549500 0.344667 0.552750 0.348667 0.554250 0.353667 0.553750 0.355333 0.552000 0.356000 0.547750 0.353333 0.540500 0.349333 0.535250 0.347000 0.533250 0.341333 0.531000
0 0.397667 0.531500 0.393333 0.531250 0.390333 0.532000 0.384333 0.536500 0.382000 0.540500 0.382333 0.545000 0.384000 0.546500 0.390000 0.547000 0.393333 0.546000 0.396333 0.544000 0.399667 0.537250 0.399667 0.533500
0 0.419667 0.548250 0.415333 0.548250 0.413000 0.549250 0.407667 0.555000 0.406667 0.562750 0.407000 0.570250 0.408333 0.573000 0.412333 0.572750 0.415667 0.569750 0.421000 0.566500 0.422667 0.564000 0.424667 0.557750 0.424333 0.553000 0.422000 0.549500
0 0.440667 0.551500 0.438667 0.551500 0.436667 0.552250 0.432000 0.555250 0.430000 0.558250 0.428333 0.563750 0.430333 0.573500 0.432000 0.575500 0.435333 0.576750 0.439667 0.575750 0.443667 0.573250 0.446333 0.567500 0.447000 0.563500 0.446333 0.556250 0.444667 0.553250 0.443333 0.552250
0 0.424000 0.569500 0.420333 0.570250 0.416000 0.572000 0.412667 0.575500 0.407667 0.579250 0.406000 0.584500 0.407000 0.587000 0.408333 0.588250 0.412000 0.588250 0.416667 0.586000 0.420333 0.583500 0.424000 0.579750 0.426000 0.575750 0.426000 0.571750
0 0.498000 0.556000 0.495333 0.558250 0.493000 0.562000 0.492000 0.565750 0.492000 0.571000 0.492667 0.573750 0.495000 0.577750 0.498333 0.580500 0.502667 0.581000 0.505667 0.580250 0.507000 0.579250 0.508667 0.576250 0.509333 0.573250 0.509000 0.565250 0.508000 0.561000 0.506333 0.558250 0.502000 0.556000
0 0.467333 0.586500 0.463333 0.587000 0.461333 0.588250 0.458333 0.594000 0.456333 0.602000 0.456333 0.604250 0.457667 0.608000 0.459667 0.610250 0.462667 0.611500 0.466667 0.611500 0.471333 0.607000 0.472667 0.603000 0.473000 0.594750 0.472333 0.591500 0.471000 0.588500
0 0.455333 0.621250 0.453667 0.622250 0.451667 0.626250 0.451667 0.633250 0.452667 0.639000 0.455333 0.645250 0.460667 0.647750 0.463667 0.648000 0.466333 0.647000 0.467667 0.643750 0.468333 0.640250 0.468000 0.629750 0.466333 0.626250 0.459333 0.621750
0 0.414000 0.597500 0.411667 0.597500 0.407667 0.599750 0.405667 0.603000 0.404000 0.610500 0.404000 0.615000 0.405333 0.619250 0.407667 0.622500 0.411000 0.623750 0.412667 0.623750 0.415667 0.622500 0.419333 0.619750 0.421000 0.617250 0.422000 0.613750 0.422000 0.608750 0.420667 0.602000 0.417000 0.598250
0 0.404667 0.630250 0.402333 0.629250 0.396667 0.628250 0.389667 0.628250 0.381000 0.630500 0.376333 0.632750 0.372667 0.635750 0.371000 0.638750 0.372333 0.643000 0.376000 0.645000 0.379667 0.645500 0.388333 0.645000 0.397000 0.643250 0.403000 0.640250 0.405000 0.638250 0.406000 0.633750
0 0.379333 0.610000 0.374333 0.609500 0.370667 0.610500 0.368667 0.611750 0.366000 0.615250 0.361667 0.618500 0.357667 0.626750 0.358000 0.630500 0.360667 0.633500 0.362000 0.633750 0.365667 0.633000 0.373333 0.627500 0.381000 0.615750 0.381000 0.611500
0 0.330000 0.630750 0.329333 0.632000 0.329333 0.635750 0.331000 0.638250 0.334000 0.640250 0.341667 0.643250 0.347000 0.644250 0.353333 0.644250 0.358000 0.642500 0.359000 0.639500 0.358333 0.635750 0.357000 0.634000 0.350000 0.629250 0.345333 0.628250 0.336333 0.628000
0 0.335667 0.608750 0.333333 0.608250 0.328667 0.609500 0.318000 0.619000 0.315000 0.626250 0.315667 0.629000 0.317667 0.631250 0.319333 0.631500 0.325333 0.630000 0.334667 0.624250 0.338333 0.614250 0.338000 0.610500
0 0.334000 0.598750 0.329667 0.596500 0.326000 0.596000 0.321333 0.596250 0.315667 0.598750 0.314000 0.600000 0.313000 0.602250 0.313000 0.604750 0.314333 0.608000 0.317667 0.609500 0.323667 0.609250 0.327333 0.608250 0.333667 0.604000 0.334333 0.602250
0 0.230667 0.592250 0.230667 0.596000 0.233667 0.599750 0.244667 0.605500 0.251333 0.607250 0.255667 0.607250 0.260667 0.606000 0.264000 0.604000 0.264333 0.598750 0.263000 0.596750 0.259333 0.594500 0.246667 0.590500 0.232667 0.590500
0 0.208000 0.609250 0.205667 0.610500 0.205000 0.611750 0.205000 0.616500 0.208000 0.623750 0.212333 0.629000 0.214667 0.630750 0.217333 0.632000 0.221333 0.632000 0.222667 0.631000 0.224333 0.627500 0.224333 0.618750 0.221333 0.614000 0.218333 0.610750 0.213333 0.609250
0 0.298667 0.635750 0.296333 0.637250 0.295333 0.638750 0.295333 0.641500 0.296667 0.646250 0.301333 0.651500 0.305333 0.654250 0.311000 0.655000 0.313000 0.654000 0.315000 0.651250 0.315000 0.647000 0.313667 0.642000 0.311000 0.638750 0.307667 0.637000 0.303333 0.635750
0 0.339333 0.669500 0.338333 0.668750 0.329333 0.669250 0.318000 0.673000 0.314333 0.677500 0.314667 0.682250 0.317667 0.683750 0.323667 0.683750 0.330667 0.681750 0.335333 0.678750 0.340000 0.674000
0 0.262667 0.691500 0.259333 0.692750 0.258000 0.695750 0.257000 0.710250 0.259000 0.715250 0.262667 0.717750 0.264667 0.718000 0.267667 0.717250 0.271333 0.714500 0.272333 0.713000 0.273667 0.707500 0.273667 0.701000 0.273000 0.697250 0.271667 0.695000 0.267333 0.692250
0 0.373000 0.726500 0.369667 0.726250 0.366333 0.727750 0.361667 0.735000 0.361667 0.740500 0.363667 0.744500 0.365333 0.745750 0.369333 0.745750 0.373333 0.742500 0.376000 0.736500 0.376333 0.731500 0.375333 0.728500
0 0.419667 0.749250 0.416000 0.749500 0.413000 0.751500 0.407667 0.760000 0.407333 0.768500 0.408000 0.770750 0.412333 0.774750 0.414667 0.775250 0.417667 0.774750 0.421000 0.772500 0.424333 0.768000 0.425667 0.763750 0.426000 0.755250 0.425333 0.752500 0.423667 0.750500
