0 0.495333 0.611500 0.492667 0.610000 0.483667 0.608500 0.469667 0.609750 0.466000 0.610750 0.462333 0.613750 0.461667 0.615500 0.462000 0.618750 0.463667 0.620250 0.470000 0.621500 0.483000 0.621500 0.486333 0.621000 0.490000 0.619750 0.494667 0.616750 0.495667 0.615500
0 0.503667 0.614750 0.503667 0.618750 0.504333 0.620000 0.508667 0.622500 0.513667 0.623750 0.522667 0.624000 0.529000 0.623250 0.534000 0.620000 0.535667 0.616250 0.534667 0.612000 0.533000 0.610750 0.529000 0.609500 0.522667 0.608750 0.509667 0.609500 0.507000 0.611000
0 0.556000 0.602250 0.553000 0.603750 0.549333 0.608000 0.548333 0.610500 0.548667 0.618250 0.550333 0.622750 0.552000 0.625000 0.556000 0.627500 0.560333 0.627750 0.566667 0.623000 0.567667 0.619500 0.567333 0.611000 0.565667 0.607500 0.562667 0.603750 0.560667 0.602500
0 0.498333 0.691000 0.496000 0.692750 0.493000 0.697000 0.492000 0.701250 0.492000 0.705500 0.493333 0.709750 0.498333 0.715000 0.502000 0.715500 0.505333 0.714500 0.507000 0.713000 0.509667 0.706250 0.509667 0.702500 0.508667 0.697000 0.506333 0.692500 0.502000 0.691000
0 0.365333 0.560000 0.360667 0.560500 0.355667 0.564250 0.353000 0.568250 0.352667 0.573750 0.353667 0.577250 0.356667 0.582000 0.360667 0.584750 0.364667 0.584500 0.366667 0.583250 0.370000 0.579250 0.371000 0.576250 0.371333 0.568750 0.370333 0.565000
0 0.404333 0.537250 0.400667 0.539250 0.399333 0.541000 0.398333 0.547500 0.399000 0.553250 0.400333 0.556250 0.403333 0.559750 0.405333 0.561000 0.408667 0.561500 0.412000 0.560000 0.414000 0.557000 0.415000 0.552250 0.414667 0.545000 0.412667 0.539750 0.408667 0.537250
0 0.439667 0.572750 0.436667 0.575000 0.435333 0.579000 0.435667 0.582000 0.439000 0.590500 0.443667 0.594000 0.451667 0.594250 0.454333 0.592500 0.455000 0.590500 0.455000 0.586500 0.452667 0.580250 0.451333 0.578500 0.447000 0.575250 0.443000 0.573250
0 0.461333 0.552250 0.459000 0.550000 0.453667 0.548000 0.446667 0.547500 0.438333 0.548250 0.432000 0.550750 0.429667 0.552250 0.428000 0.555250 0.428000 0.557250 0.431333 0.560500 0.434333 0.561500 0.438667 0.562000 0.450667 0.561750 0.453333 0.561250 0.460000 0.558250 0.461333 0.555500
0 0.474667 0.560500 0.471000 0.560500 0.465667 0.564000 0.462333 0.569000 0.461667 0.572000 0.462000 0.578000 0.463000 0.580250 0.466000 0.582000 0.467333 0.582000 0.472000 0.577500 0.475333 0.572500 0.476667 0.568000 0.477000 0.563500 0.476000 0.561500
0 0.514000 0.585750 0.510333 0.586000 0.507000 0.588000 0.505000 0.591750 0.504333 0.594750 0.504333 0.601250 0.505333 0.604750 0.509000 0.608750 0.512667 0.609250 0.515667 0.608500 0.519000 0.605750 0.520333 0.603250 0.521333 0.598750 0.521333 0.594500 0.519333 0.588750 0.517667 0.587000
0 0.489000 0.579750 0.485667 0.580250 0.483000 0.583250 0.481333 0.587250 0.481000 0.591750 0.482000 0.595750 0.485667 0.602750 0.489333 0.605750 0.491667 0.606000 0.494000 0.605500 0.496333 0.603250 0.497667 0.599000 0.497000 0.589000 0.495333 0.585000 0.491667 0.580750
0 0.645000 0.579750 0.641667 0.581000 0.638000 0.585250 0.636667 0.589000 0.636333 0.594250 0.637333 0.600000 0.640333 0.604250 0.642000 0.605750 0.647333 0.607000 0.651000 0.606500 0.654667 0.604000 0.658000 0.596750 0.658333 0.591000 0.657000 0.587000 0.655000 0.584000 0.650333 0.580000
0 0.576000 0.574000 0.572333 0.576500 0.570333 0.580000 0.569667 0.588750 0.570667 0.592500 0.573000 0.595000 0.576000 0.596500 0.580333 0.596500 0.584000 0.594250 0.585333 0.591750 0.586000 0.588750 0.585667 0.580000 0.584667 0.577500 0.581333 0.574500 0.580000 0.574000
0 0.528000 0.560000 0.525333 0.558750 0.518333 0.558750 0.512667 0.560750 0.510000 0.561000 0.504333 0.563500 0.501333 0.566750 0.499667 0.571750 0.501333 0.575750 0.505333 0.577500 0.512000 0.577000 0.514000 0.576500 0.520667 0.572750 0.526333 0.568750 0.529000 0.565250 0.529000 0.562000
0 0.557667 0.554750 0.553000 0.555500 0.551000 0.556500 0.548000 0.559750 0.546667 0.564000 0.546333 0.572000 0.547333 0.576000 0.548667 0.577500 0.552000 0.578750 0.557000 0.578500 0.561333 0.576500 0.564333 0.569000 0.565000 0.563500 0.564000 0.560000 0.562000 0.556500 0.560667 0.555500
0 0.580667 0.525750 0.579333 0.528250 0.579333 0.530000 0.588000 0.538000 0.596000 0.541750 0.603333 0.542750 0.608000 0.541500 0.608667 0.538750 0.608333 0.535750 0.607000 0.533250 0.604000 0.531250 0.591667 0.524750 0.586333 0.524250 0.582667 0.524750
0 0.505000 0.538250 0.502667 0.540000 0.502000 0.542000 0.502667 0.549750 0.504000 0.552750 0.507333 0.557000 0.509333 0.558500 0.514000 0.558500 0.516333 0.556500 0.517667 0.552750 0.517000 0.544500 0.514667 0.540750 0.513333 0.539750 0.509667 0.538500
0 0.548667 0.692000 0.544667 0.689750 0.538667 0.689500 0.536667 0.689750 0.530333 0.692250 0.523333 0.697000 0.520667 0.700500 0.520667 0.703250 0.521667 0.705750 0.525667 0.708250 0.530000 0.708500 0.537333 0.706750 0.544000 0.703750 0.546667 0.701500 0.549333 0.697250 0.549667 0.693750
0 0.492667 0.754500 0.489667 0.756000 0.487667 0.760000 0.489000 0.768500 0.493333 0.774750 0.495333 0.776250 0.501333 0.779000 0.505333 0.778750 0.507333 0.776750 0.508000 0.774000 0.508000 0.767000 0.505667 0.761000 0.499000 0.754750 0.497667 0.754250
0 0.462667 0.585750 0.460667 0.587250 0.459333 0.590500 0.459333 0.592500 0.462000 0.598750 0.470333 0.607500 0.475333 0.608000 0.478000 0.605750 0.479333 0.603250 0.479333 0.599500 0.477667 0.595250 0.474667 0.590750 0.469667 0.587250 0.466333 0.585500
0 0.505333 0.513250 0.504000 0.516250 0.504000 0.518500 0.505000 0.521750 0.508667 0.527000 0.513667 0.531000 0.518333 0.532250 0.522000 0.532000 0.523667 0.529000 0.523333 0.525500 0.522333 0.523000 0.520333 0.521250 0.518333 0.518000 0.513333 0.514000 0.509667 0.513000
0 0.463000 0.532750 0.462000 0.533250 0.461000 0.535750 0.461000 0.542000 0.462333 0.546500 0.466000 0.551000 0.470000 0.554500 0.474667 0.554750 0.477333 0.552500 0.478333 0.548750 0.478000 0.545250 0.476333 0.540500 0.469333 0.533500 0.467333 0.532500
0 0.421667 0.526000 0.420000 0.526750 0.418667 0.529250 0.419000 0.533000 0.421000 0.537750 0.423667 0.542250 0.428333 0.545500 0.432333 0.546250 0.435667 0.544500 0.436667 0.542000 0.435333 0.533750 0.432333 0.530000 0.428333 0.526500 0.426000 0.525750
0 0.422667 0.501250 0.419333 0.502750 0.418000 0.505000 0.416667 0.509750 0.416667 0.514750 0.419000 0.522250 0.420667 0.523500 0.424333 0.524250 0.427333 0.522500 0.429667 0.518250 0.430333 0.508500 0.429667 0.505750 0.427667 0.502500 0.425000 0.501250
0 0.434000 0.499750 0.433333 0.502500 0.435333 0.506000 0.439667 0.509500 0.444667 0.511500 0.447667 0.512250 0.456000 0.512750 0.462667 0.511000 0.464333 0.509500 0.464333 0.505000 0.459333 0.501000 0.455333 0.500250 0.450667 0.498250 0.443667 0.497000 0.436667 0.497500
0 0.419667 0.464000 0.416333 0.466250 0.414667 0.469500 0.414333 0.478250 0.415000 0.481500 0.416333 0.484000 0.420333 0.487000 0.425000 0.487500 0.428333 0.486000 0.430667 0.482000 0.431667 0.476750 0.431333 0.472000 0.430667 0.470000 0.427000 0.465500 0.423333 0.464000
0 0.381333 0.478750 0.377000 0.478750 0.373000 0.481750 0.369333 0.488000 0.368333 0.491750 0.368667 0.497250 0.369333 0.499000 0.372667 0.502000 0.376333 0.501500 0.381667 0.499000 0.386000 0.491500 0.386667 0.487500 0.386000 0.483000 0.384667 0.481000
0 0.573333 0.460750 0.571000 0.462250 0.570000 0.465250 0.570000 0.470250 0.571667 0.475250 0.575667 0.480000 0.580000 0.482750 0.584333 0.482750 0.587333 0.480500 0.588667 0.477750 0.588667 0.472250 0.586333 0.466500 0.584667 0.463750 0.581000 0.461500 0.577000 0.460250
0 0.545333 0.480250 0.544000 0.482750 0.545000 0.487000 0.547333 0.490000 0.551333 0.492250 0.561333 0.495000 0.566333 0.495250 0.568333 0.494750 0.573000 0.491000 0.573000 0.485500 0.561333 0.479250 0.555333 0.478000 0.550667 0.478000 0.548000 0.478500
0 0.509000 0.459500 0.504667 0.460500 0.502667 0.462250 0.501667 0.466250 0.502000 0.471500 0.503000 0.475000 0.505333 0.479000 0.509000 0.481750 0.511333 0.481750 0.513000 0.481250 0.515333 0.479000 0.517333 0.474500 0.517667 0.471000 0.514333 0.461500
0 0.481333 0.465250 0.477667 0.467000 0.476333 0.470250 0.476333 0.481000 0.478000 0.484500 0.482000 0.487500 0.487000 0.488000 0.490000 0.486250 0.491667 0.482750 0.491667 0.472750 0.490000 0.469250 0.483000 0.465250
0 0.466000 0.454750 0.463333 0.456500 0.462333 0.458000 0.462333 0.465000 0.466000 0.471250 0.470333 0.475250 0.471333 0.475250 0.472667 0.474250 0.474333 0.471250 0.474667 0.462750 0.468333 0.455500
0 0.441667 0.455250 0.439667 0.456000 0.438333 0.458250 0.437667 0.466500 0.438667 0.470250 0.441000 0.474250 0.444000 0.475750 0.447333 0.475250 0.448667 0.473750 0.450000 0.470500 0.449667 0.462500 0.447333 0.458750 0.444000 0.455250
0 0.400000 0.370000 0.396000 0.371250 0.392000 0.376000 0.391333 0.388250 0.392667 0.393250 0.395667 0.396750 0.399667 0.398750 0.403333 0.398750 0.406667 0.397000 0.409667 0.393250 0.411000 0.383750 0.410000 0.377250 0.408667 0.375000 0.405000 0.371000
0 0.537000 0.652500 0.532333 0.652750 0.528333 0.656250 0.527000 0.658500 0.526000 0.664500 0.526667 0.668750 0.528667 0.672500 0.531667 0.673750 0.534333 0.673750 0.537667 0.672750 0.540333 0.669500 0.541667 0.666250 0.541667 0.657750 0.539000 0.654000
0 0.516667 0.636500 0.514000 0.637250 0.512667 0.638250 0.510333 0.641750 0.509333 0.645250 0.509333 0.651000 0.510667 0.654250 0.513000 0.657000 0.516667 0.658750 0.519000 0.658750 0.521667 0.658000 0.525000 0.654250 0.526000 0.651500 0.526333 0.646750 0.525333 0.642000 0.522333 0.637750 0.520000 0.636750
0 0.493333 0.625750 0.489667 0.627000 0.486667 0.630500 0.486000 0.639250 0.486667 0.642500 0.489000 0.646000 0.493333 0.648250 0.496333 0.648250 0.498333 0.647750 0.499333 0.646500 0.501667 0.638000 0.499667 0.631000 0.497667 0.627500 0.495333 0.626000
0 0.494667 0.649500 0.490667 0.651250 0.487333 0.657750 0.487667 0.665750 0.490667 0.670500 0.493667 0.672000 0.496667 0.671750 0.498667 0.670750 0.501333 0.662750 0.501333 0.657250 0.500333 0.653500 0.498000 0.650250
0 0.447333 0.659500 0.444000 0.661500 0.442667 0.665000 0.444667 0.673750 0.447000 0.677250 0.451667 0.680250 0.454000 0.680750 0.458667 0.680500 0.460000 0.679250 0.461667 0.674750 0.461333 0.669500 0.459667 0.665000 0.456333 0.661500 0.453000 0.659250 0.450667 0.658750
0 0.498667 0.674250 0.493667 0.675250 0.486667 0.680750 0.483000 0.688750 0.483000 0.690000 0.486000 0.692500 0.491333 0.691500 0.498000 0.687250 0.501667 0.678750 0.501667 0.676750
0 0.442333 0.599000 0.439667 0.600500 0.438000 0.604000 0.437667 0.607750 0.439000 0.613250 0.441000 0.616500 0.446000 0.621000 0.451667 0.621750 0.454000 0.621000 0.456333 0.618750 0.457000 0.610750 0.452000 0.602250 0.444333 0.599000
0 0.424000 0.590250 0.419667 0.592500 0.418000 0.595500 0.417333 0.606000 0.419667 0.611250 0.422000 0.613000 0.425333 0.613500 0.427667 0.613000 0.429333 0.611750 0.432000 0.607500 0.432667 0.598500 0.431667 0.594750 0.429000 0.591500 0.427333 0.590500
0 0.403667 0.587500 0.400333 0.588500 0.397000 0.592000 0.395333 0.595500 0.395000 0.601250 0.396333 0.607000 0.399667 0.612000 0.403000 0.613250 0.406000 0.613250 0.408667 0.612500 0.411000 0.610750 0.412667 0.608250 0.414000 0.604250 0.413667 0.596750 0.412667 0.593000 0.410667 0.590500 0.407667 0.588500
