0 0.531000 0.518000 0.530500 0.520000 0.530750 0.524333 0.533500 0.528000 0.536750 0.529000 0.545250 0.528667 0.546750 0.527667 0.548500 0.525000 0.548500 0.518333 0.545000 0.513667 0.537250 0.514000 0.533500 0.515333
0 0.460750 0.650333 0.460750 0.654000 0.461750 0.656000 0.465750 0.659000 0.470250 0.661000 0.476250 0.661000 0.482000 0.659667 0.486750 0.654333 0.487250 0.649667 0.485750 0.646667 0.482750 0.644000 0.478500 0.642333 0.469750 0.642333 0.467000 0.643333 0.462500 0.647333
0 0.485250 0.673667 0.482000 0.669333 0.480000 0.668667 0.473750 0.668667 0.470750 0.669333 0.464500 0.673333 0.463000 0.676000 0.462750 0.678333 0.464750 0.682333 0.467250 0.684667 0.469750 0.685667 0.475500 0.685667 0.482750 0.682333 0.485500 0.677667
0 0.498500 0.698333 0.497750 0.696000 0.493750 0.693333 0.489750 0.692333 0.485000 0.692667 0.481250 0.694000 0.477000 0.696667 0.475500 0.700333 0.475500 0.703667 0.476000 0.705667 0.478500 0.708667 0.482250 0.710000 0.490000 0.710000 0.493750 0.708333 0.497750 0.705000 0.498500 0.702333
0 0.534500 0.739667 0.534750 0.741000 0.537000 0.744333 0.539750 0.746333 0.544000 0.747667 0.551250 0.747333 0.553750 0.746667 0.560000 0.741667 0.560750 0.740000 0.561000 0.735667 0.559250 0.733000 0.556250 0.731667 0.545750 0.731333 0.541000 0.732667 0.536250 0.735333 0.535250 0.736667
0 0.580750 0.692667 0.582250 0.697333 0.583750 0.699333 0.586500 0.701667 0.591250 0.702667 0.595500 0.702333 0.599250 0.700667 0.602000 0.698000 0.604250 0.693667 0.603500 0.690000 0.602500 0.688667 0.600250 0.687000 0.595750 0.685333 0.590000 0.685333 0.583250 0.687333 0.581250 0.689333
0 0.681000 0.665667 0.678500 0.663333 0.675500 0.663667 0.672000 0.665333 0.665250 0.673333 0.665000 0.678333 0.666500 0.680000 0.669000 0.680667 0.674500 0.679333 0.678500 0.675667 0.679750 0.673667 0.681000 0.669667
0 0.583750 0.626000 0.583750 0.627667 0.586750 0.633667 0.592250 0.638333 0.595000 0.639333 0.599250 0.639333 0.600500 0.638667 0.601750 0.636667 0.601750 0.631000 0.600250 0.627000 0.599000 0.626000 0.592250 0.623333 0.587000 0.623333
0 0.561500 0.603333 0.560250 0.600667 0.557000 0.599000 0.553000 0.598000 0.547000 0.598333 0.540500 0.600667 0.538500 0.602333 0.537500 0.604000 0.536750 0.608000 0.537500 0.611333 0.540500 0.613667 0.549500 0.613667 0.554750 0.612333 0.559500 0.609667 0.561000 0.607333
0 0.570500 0.623667 0.568000 0.621000 0.564500 0.620000 0.560000 0.620000 0.556000 0.621333 0.548500 0.627000 0.547000 0.632667 0.547250 0.636667 0.548500 0.639000 0.552500 0.640667 0.557250 0.640667 0.561500 0.639667 0.565500 0.636667 0.569250 0.632333 0.571000 0.627667
0 0.517500 0.541000 0.514750 0.537667 0.511750 0.536333 0.508500 0.536000 0.502000 0.537000 0.498250 0.539333 0.497250 0.540667 0.496750 0.545667 0.498750 0.549667 0.503250 0.551667 0.510000 0.551667 0.513250 0.550667 0.516000 0.548000 0.517500 0.545333
0 0.524500 0.557000 0.521250 0.554667 0.517000 0.554667 0.509750 0.556667 0.506500 0.558333 0.501250 0.563000 0.500250 0.567333 0.500000 0.572000 0.500500 0.573667 0.502750 0.576333 0.508000 0.577667 0.513250 0.577333 0.518000 0.574333 0.521750 0.570667 0.525000 0.565000 0.525500 0.559667
0 0.507750 0.587333 0.508250 0.592333 0.509750 0.594333 0.517500 0.598667 0.525750 0.598667 0.528750 0.597667 0.530750 0.595667 0.531750 0.592333 0.531750 0.587667 0.529500 0.583333 0.522250 0.580667 0.516500 0.580667 0.513250 0.581667 0.509250 0.584333
0 0.563000 0.563667 0.563750 0.569333 0.567000 0.571667 0.571250 0.572667 0.575500 0.572333 0.580250 0.570667 0.582000 0.569333 0.584750 0.565333 0.584750 0.563000 0.583000 0.559667 0.579250 0.557333 0.572750 0.556667 0.567750 0.558333 0.564750 0.560333
0 0.609500 0.580000 0.607500 0.578000 0.603250 0.576667 0.595750 0.577000 0.590750 0.579333 0.588250 0.581333 0.586750 0.584000 0.586750 0.588333 0.588500 0.590667 0.591500 0.592333 0.595500 0.593333 0.600500 0.593000 0.608000 0.587333 0.609500 0.584333
0 0.597000 0.606667 0.597500 0.610333 0.599250 0.613000 0.603250 0.615000 0.606250 0.615333 0.608750 0.615000 0.613250 0.613000 0.615000 0.611000 0.615750 0.608333 0.615000 0.604333 0.614000 0.603000 0.611500 0.601333 0.608750 0.600667 0.603750 0.600667 0.599250 0.602000 0.597750 0.603667
0 0.675250 0.595000 0.673250 0.593333 0.669250 0.592333 0.666000 0.593000 0.661500 0.595667 0.656000 0.603667 0.654750 0.610333 0.655250 0.615333 0.658000 0.617333 0.662500 0.617333 0.666500 0.616000 0.669500 0.613667 0.673500 0.607000 0.675500 0.600333
0 0.654250 0.594333 0.652000 0.592333 0.649750 0.592000 0.641000 0.595333 0.635000 0.604333 0.634000 0.609667 0.634000 0.611667 0.634750 0.613333 0.636750 0.615000 0.639250 0.615667 0.643250 0.614667 0.646750 0.612667 0.653750 0.604000 0.655000 0.599333
0 0.724250 0.561000 0.726250 0.565000 0.728750 0.567000 0.732000 0.568000 0.737500 0.568000 0.741000 0.567000 0.745250 0.564000 0.747750 0.561000 0.748500 0.556000 0.747500 0.554000 0.744750 0.551667 0.740750 0.550000 0.735500 0.550000 0.727750 0.553000 0.725000 0.556000
0 0.724500 0.622333 0.724500 0.624000 0.725750 0.627333 0.727750 0.630667 0.732250 0.633000 0.740250 0.633000 0.743750 0.630667 0.745000 0.628000 0.744750 0.625333 0.741500 0.620667 0.737750 0.618667 0.734750 0.618000 0.728250 0.618333 0.726500 0.619333
0 0.614750 0.556000 0.616750 0.560667 0.620000 0.565000 0.627000 0.568000 0.630500 0.568000 0.635250 0.566000 0.637000 0.564333 0.637750 0.561667 0.637500 0.557000 0.636250 0.555000 0.631500 0.551333 0.626750 0.549667 0.622750 0.549333 0.618500 0.550667 0.615750 0.553333
0 0.641000 0.559667 0.641500 0.563333 0.643000 0.565667 0.647250 0.569000 0.649750 0.570000 0.658750 0.570000 0.663000 0.567333 0.665000 0.564333 0.665000 0.560333 0.662750 0.556667 0.655000 0.553333 0.650750 0.553000 0.645250 0.554000 0.642500 0.555667
0 0.649500 0.536667 0.649000 0.541000 0.650250 0.545667 0.654750 0.549667 0.658000 0.551333 0.667000 0.551667 0.670250 0.550000 0.672000 0.546000 0.671750 0.541667 0.670750 0.539333 0.667000 0.536000 0.663000 0.533667 0.658750 0.532667 0.653750 0.532667 0.651250 0.534000
0 0.607750 0.515667 0.607500 0.518000 0.609000 0.521667 0.610750 0.523667 0.615250 0.526333 0.622750 0.527000 0.625000 0.526000 0.626500 0.523000 0.626500 0.520667 0.625250 0.517333 0.619750 0.512667 0.616250 0.511667 0.611750 0.511667 0.609500 0.512667
0 0.591500 0.490333 0.588250 0.489667 0.583750 0.492667 0.579500 0.499667 0.579000 0.502000 0.578750 0.514000 0.580250 0.516667 0.584750 0.517333 0.588500 0.514333 0.591250 0.510000 0.592500 0.506333 0.593000 0.502333 0.593000 0.493333
0 0.532250 0.536000 0.532500 0.538000 0.534000 0.540000 0.537250 0.542000 0.540250 0.542667 0.545750 0.541667 0.549000 0.539000 0.550250 0.537000 0.550000 0.535000 0.548750 0.532667 0.546000 0.531333 0.541500 0.530667 0.533500 0.531667 0.532500 0.533333
0 0.609250 0.404333 0.609000 0.409333 0.610250 0.413000 0.614250 0.416667 0.618250 0.419000 0.620500 0.419667 0.626000 0.419333 0.630250 0.417000 0.631500 0.415000 0.631750 0.410667 0.631250 0.408333 0.626500 0.403667 0.623500 0.401667 0.620000 0.400667 0.614500 0.400667 0.610500 0.402333
0 0.602500 0.432000 0.600250 0.428667 0.596250 0.426667 0.594750 0.426667 0.588500 0.428667 0.583500 0.431333 0.581750 0.435000 0.581750 0.436333 0.583500 0.440000 0.587500 0.442000 0.595500 0.442000 0.599000 0.440667 0.600750 0.439000 0.602250 0.435667
0 0.443750 0.477667 0.443750 0.479333 0.446500 0.484667 0.450250 0.487000 0.454000 0.488000 0.460500 0.488000 0.464500 0.487000 0.466750 0.484667 0.467750 0.480333 0.467750 0.478000 0.466500 0.474667 0.459000 0.471000 0.450750 0.470667 0.448000 0.471667 0.444750 0.474667
0 0.425750 0.462333 0.423500 0.461000 0.420250 0.461000 0.419000 0.461667 0.415500 0.466333 0.410750 0.478000 0.410500 0.482333 0.411750 0.486667 0.416500 0.486667 0.419750 0.485000 0.422250 0.482000 0.425250 0.475667 0.426250 0.471667 0.426750 0.465667
0 0.457000 0.626333 0.455500 0.624667 0.452000 0.623000 0.446750 0.623000 0.439750 0.626000 0.438000 0.628333 0.435750 0.634333 0.436250 0.638333 0.438250 0.640667 0.441750 0.641667 0.444750 0.641667 0.450750 0.640000 0.453750 0.636667 0.456250 0.632333 0.457000 0.629667
0 0.468250 0.697667 0.466500 0.695000 0.459000 0.692667 0.450750 0.694667 0.446750 0.696667 0.443250 0.701333 0.442000 0.704333 0.442250 0.708667 0.443750 0.711000 0.447250 0.714000 0.455500 0.714667 0.459500 0.713667 0.465750 0.709333 0.467500 0.707000 0.468750 0.702333
0 0.430250 0.657667 0.431000 0.660667 0.432250 0.662667 0.437750 0.666667 0.442000 0.668000 0.447000 0.668333 0.451250 0.666667 0.454250 0.663667 0.455250 0.661667 0.455250 0.658000 0.453750 0.654667 0.451250 0.651667 0.447750 0.649667 0.438750 0.649333 0.435000 0.650667 0.431000 0.654333
