0 0.465667 0.563000 0.465333 0.566250 0.466333 0.568750 0.477333 0.576250 0.483667 0.577750 0.490333 0.577750 0.493667 0.576750 0.495000 0.575750 0.496000 0.571500 0.493667 0.568500 0.488667 0.564250 0.474333 0.560250 0.470000 0.560500
0 0.518000 0.599750 0.513000 0.602000 0.510000 0.606500 0.509333 0.609750 0.509667 0.615500 0.511667 0.620000 0.515000 0.623250 0.517000 0.624000 0.522333 0.624000 0.526667 0.621750 0.529000 0.618250 0.529667 0.615500 0.529333 0.607250 0.528000 0.603750 0.526000 0.601750 0.521667 0.599750
0 0.451333 0.594250 0.447667 0.595250 0.446333 0.596750 0.445000 0.603000 0.445667 0.611000 0.446667 0.613500 0.450000 0.617500 0.453667 0.619750 0.455667 0.620000 0.459667 0.618250 0.461667 0.615250 0.462667 0.611250 0.462333 0.604500 0.461000 0.599500 0.459000 0.596000 0.455667 0.594500
0 0.440333 0.642000 0.436333 0.640750 0.429000 0.640750 0.420667 0.642250 0.416667 0.644500 0.411000 0.650000 0.411667 0.654000 0.415667 0.656000 0.424667 0.656250 0.429333 0.655500 0.435333 0.653500 0.439333 0.650500 0.441333 0.647500 0.441333 0.644000
0 0.459000 0.657750 0.454000 0.658500 0.448000 0.666250 0.446667 0.670250 0.446333 0.675000 0.447000 0.678250 0.451667 0.682250 0.454333 0.683000 0.458000 0.682500 0.459667 0.681500 0.465333 0.673000 0.465667 0.666250 0.465000 0.664250 0.461000 0.659000
0 0.477667 0.723750 0.474333 0.723750 0.470333 0.726000 0.468667 0.728500 0.467000 0.735500 0.467000 0.741750 0.468000 0.745750 0.470000 0.748500 0.473667 0.749500 0.477000 0.749000 0.480333 0.747000 0.483000 0.743750 0.484667 0.739750 0.485000 0.734250 0.484000 0.728500 0.482667 0.726250
0 0.383333 0.712500 0.381667 0.715000 0.381333 0.717250 0.382667 0.720750 0.385000 0.724000 0.392667 0.730000 0.399667 0.732250 0.403667 0.731500 0.405333 0.729000 0.405000 0.723000 0.404000 0.720250 0.396333 0.714000 0.389333 0.711750
0 0.392333 0.642250 0.389333 0.643250 0.384000 0.647250 0.379667 0.653250 0.380000 0.658750 0.382667 0.661500 0.385000 0.662500 0.389333 0.662000 0.393667 0.659000 0.397000 0.654500 0.397667 0.651750 0.397333 0.646500 0.396333 0.644750
0 0.392333 0.626500 0.387667 0.626000 0.384000 0.626750 0.377333 0.633250 0.376000 0.636750 0.375667 0.642500 0.376333 0.646750 0.377667 0.647750 0.381000 0.648000 0.385667 0.644750 0.389000 0.643250 0.392333 0.640000 0.394667 0.633750 0.394667 0.630250 0.393667 0.627500
0 0.315000 0.615000 0.313333 0.617750 0.313333 0.623000 0.315667 0.627750 0.321667 0.634000 0.329333 0.638500 0.334000 0.638000 0.336333 0.635500 0.336333 0.630750 0.334667 0.625750 0.330000 0.619750 0.326667 0.617000 0.320667 0.614750 0.317667 0.614250
0 0.321333 0.663750 0.319000 0.664750 0.317667 0.666250 0.317000 0.669250 0.317333 0.675750 0.318333 0.678250 0.321333 0.682250 0.325333 0.684250 0.327000 0.684250 0.331000 0.681250 0.332000 0.678500 0.332000 0.673000 0.330000 0.668500 0.327333 0.664750 0.324667 0.663750
0 0.295000 0.680500 0.293000 0.682000 0.291667 0.684750 0.292000 0.689750 0.293333 0.694250 0.297667 0.700750 0.299000 0.701750 0.302000 0.702500 0.306333 0.702000 0.308667 0.700500 0.310667 0.697250 0.310667 0.692000 0.309667 0.688500 0.307667 0.685500 0.303333 0.682000 0.299333 0.680500
0 0.352333 0.692000 0.348667 0.693000 0.345000 0.695750 0.343667 0.698750 0.343333 0.703250 0.344000 0.709000 0.346000 0.713750 0.349000 0.716750 0.354333 0.718000 0.358333 0.717250 0.361667 0.714500 0.364000 0.709750 0.364333 0.704500 0.362667 0.699000 0.360667 0.695750 0.357000 0.692500
0 0.346000 0.789000 0.341667 0.791250 0.340000 0.794250 0.339333 0.804750 0.341667 0.811250 0.344667 0.813250 0.349000 0.813500 0.354000 0.810750 0.356333 0.807250 0.357000 0.797250 0.356667 0.795000 0.354333 0.791000 0.349667 0.789000
0 0.465667 0.449750 0.464000 0.451500 0.464000 0.457750 0.466000 0.463500 0.468667 0.468250 0.471667 0.470750 0.474333 0.472000 0.479333 0.472500 0.481667 0.471750 0.483667 0.469250 0.484000 0.464000 0.483000 0.458750 0.481000 0.455000 0.474333 0.450000 0.470333 0.449250
0 0.437667 0.431000 0.435333 0.429500 0.429333 0.429500 0.420000 0.431000 0.415667 0.432750 0.410667 0.436000 0.409000 0.438750 0.409333 0.439750 0.411000 0.441000 0.415667 0.442250 0.423000 0.442250 0.428000 0.441250 0.435333 0.438000 0.437333 0.436500 0.438000 0.435250
0 0.471667 0.474500 0.467000 0.475000 0.462667 0.478000 0.460667 0.482000 0.459667 0.488500 0.459667 0.494750 0.461667 0.498500 0.463333 0.499500 0.466000 0.500000 0.469333 0.499250 0.471667 0.497750 0.475333 0.492750 0.477667 0.486250 0.478000 0.481500 0.476667 0.477750 0.475000 0.475750
0 0.447667 0.417750 0.444667 0.419250 0.441333 0.423000 0.439333 0.430500 0.439333 0.433250 0.441000 0.439250 0.444000 0.443000 0.447000 0.444750 0.451667 0.444750 0.455667 0.442500 0.458333 0.439000 0.459667 0.435750 0.459667 0.428000 0.457333 0.423250 0.453333 0.419250 0.451333 0.418000
0 0.476333 0.345500 0.473000 0.344750 0.466333 0.345250 0.461667 0.347500 0.454667 0.352750 0.452000 0.359500 0.452333 0.363500 0.454000 0.366000 0.457000 0.366750 0.463333 0.366250 0.466667 0.365000 0.471000 0.361750 0.475000 0.358000 0.478333 0.351000 0.478333 0.348000
0 0.427333 0.476500 0.423333 0.477500 0.421667 0.478750 0.419667 0.481750 0.418333 0.486500 0.418333 0.493000 0.419667 0.498000 0.422667 0.502250 0.426333 0.503750 0.429667 0.503750 0.432667 0.503000 0.435000 0.501250 0.436333 0.498750 0.437333 0.492750 0.437333 0.486250 0.436667 0.482500 0.434333 0.479000 0.431333 0.477250
0 0.658333 0.492250 0.654667 0.490250 0.652000 0.490250 0.644000 0.491500 0.639000 0.493250 0.633000 0.497250 0.630000 0.501000 0.629667 0.503750 0.630667 0.506750 0.633667 0.508000 0.642667 0.507500 0.647333 0.506000 0.654333 0.502500 0.658667 0.495750 0.659000 0.493500
0 0.544667 0.516250 0.540333 0.516000 0.536667 0.517000 0.533333 0.520750 0.530667 0.525250 0.530000 0.528000 0.530333 0.534000 0.532333 0.537750 0.536667 0.539500 0.540667 0.539000 0.544000 0.537000 0.548333 0.528750 0.549000 0.521000 0.547667 0.518000
0 0.467000 0.514250 0.465333 0.517000 0.466000 0.520750 0.471000 0.527750 0.477667 0.532750 0.482000 0.533000 0.483000 0.532250 0.483667 0.530250 0.483333 0.526000 0.482333 0.523750 0.475000 0.515750 0.470333 0.514000
