0 0.361333 0.332750 0.359667 0.333500 0.356333 0.337000 0.354667 0.346500 0.356000 0.351250 0.361000 0.357750 0.365333 0.358750 0.367667 0.357500 0.371000 0.352750 0.372000 0.349750 0.372000 0.343250 0.369667 0.336500 0.366000 0.333250
0 0.387333 0.336750 0.384333 0.337250 0.382333 0.338750 0.380667 0.341250 0.379333 0.345250 0.379333 0.350000 0.382333 0.358250 0.385000 0.360750 0.389333 0.362500 0.392667 0.362000 0.396667 0.358000 0.398000 0.353500 0.398000 0.348500 0.397333 0.345000 0.393667 0.338750 0.391000 0.337250
0 0.435333 0.325500 0.431333 0.326000 0.427000 0.329250 0.423667 0.335250 0.423000 0.337500 0.423333 0.342000 0.424667 0.345250 0.427333 0.347250 0.431333 0.347500 0.434000 0.346500 0.436000 0.345000 0.437667 0.341750 0.439333 0.334750 0.439333 0.331000 0.437333 0.327000
0 0.552667 0.358000 0.548000 0.357750 0.540333 0.359000 0.534000 0.360750 0.532000 0.362000 0.528667 0.365750 0.528667 0.369750 0.532333 0.371500 0.537667 0.372000 0.543667 0.370750 0.549000 0.368750 0.554333 0.364750 0.555000 0.363000 0.555000 0.360250
0 0.407333 0.368000 0.404333 0.369500 0.403333 0.371750 0.403333 0.380750 0.406667 0.389500 0.411000 0.392250 0.413333 0.392500 0.416667 0.391500 0.419667 0.388250 0.420333 0.386250 0.420000 0.377250 0.416667 0.371500 0.413000 0.368250
0 0.311000 0.354000 0.307333 0.352500 0.299333 0.353250 0.290333 0.356750 0.287333 0.359000 0.286333 0.360750 0.287667 0.364250 0.290333 0.365750 0.295667 0.366000 0.302333 0.365000 0.307333 0.363250 0.310333 0.361500 0.311333 0.359750 0.311667 0.356000
0 0.268000 0.389000 0.267000 0.389500 0.265667 0.392000 0.266000 0.396500 0.267667 0.400750 0.271333 0.405000 0.274667 0.407500 0.278000 0.408500 0.280000 0.408500 0.284333 0.405250 0.284000 0.400000 0.279333 0.392750 0.278000 0.391750 0.272000 0.389250
0 0.346000 0.407250 0.343667 0.408500 0.340000 0.415500 0.339333 0.424500 0.340333 0.427750 0.343667 0.431500 0.346000 0.433000 0.349667 0.433000 0.353667 0.430000 0.355667 0.427000 0.356667 0.420750 0.356333 0.416250 0.354333 0.411250 0.352000 0.408500 0.349333 0.407250
0 0.361667 0.423000 0.360333 0.424250 0.360333 0.428500 0.366667 0.436000 0.368667 0.437250 0.376333 0.440000 0.381333 0.439750 0.382333 0.437500 0.381667 0.432250 0.377667 0.429000 0.373667 0.424500 0.371667 0.423500 0.366667 0.422500
0 0.383333 0.375500 0.381667 0.373000 0.376333 0.372750 0.372000 0.373750 0.362333 0.374750 0.360667 0.375750 0.360333 0.377750 0.361667 0.379000 0.364333 0.379750 0.373333 0.380000 0.382000 0.378000 0.383333 0.376750
0 0.475000 0.399750 0.471000 0.402000 0.469667 0.404500 0.468667 0.408750 0.468667 0.419250 0.469667 0.421750 0.473000 0.425250 0.475000 0.426500 0.478333 0.427000 0.483000 0.424500 0.484333 0.422250 0.485333 0.418750 0.485333 0.411750 0.484000 0.405750 0.482000 0.401750 0.479000 0.399750
0 0.458000 0.418250 0.455000 0.419500 0.454000 0.422250 0.454000 0.428750 0.455000 0.433000 0.456333 0.435750 0.459000 0.437750 0.461667 0.438250 0.465667 0.438000 0.467333 0.437000 0.468000 0.435500 0.468333 0.430250 0.467333 0.424250 0.463333 0.419750 0.459667 0.418250
0 0.415333 0.438500 0.413333 0.439750 0.410667 0.447750 0.410667 0.453250 0.412000 0.456750 0.415000 0.458500 0.416667 0.458500 0.419333 0.456750 0.420667 0.454000 0.421667 0.448750 0.421667 0.442750 0.419667 0.439500
0 0.497333 0.420250 0.494667 0.421750 0.493000 0.424250 0.492000 0.429750 0.492333 0.436750 0.493333 0.439250 0.496000 0.442250 0.498667 0.444000 0.502667 0.444500 0.506000 0.443500 0.509000 0.439750 0.510000 0.435500 0.509667 0.431000 0.506000 0.423750 0.498667 0.420250
0 0.484000 0.444500 0.481333 0.444500 0.477000 0.446750 0.474333 0.450750 0.473000 0.454500 0.472000 0.461000 0.472333 0.466500 0.473667 0.469500 0.475000 0.470500 0.477333 0.471000 0.480667 0.470500 0.484000 0.468500 0.485333 0.466750 0.488333 0.459250 0.489333 0.450750 0.487333 0.446000
0 0.497333 0.464000 0.493333 0.466250 0.491333 0.470500 0.491000 0.479000 0.492000 0.482500 0.493667 0.485000 0.496667 0.486750 0.498667 0.487000 0.502000 0.485500 0.505667 0.482000 0.507000 0.478000 0.507000 0.472000 0.505667 0.469000 0.498333 0.464000
0 0.567000 0.468250 0.564667 0.469250 0.563000 0.471250 0.560667 0.477500 0.560667 0.483500 0.561333 0.486500 0.563667 0.490500 0.566667 0.491750 0.569000 0.492000 0.572667 0.491000 0.576333 0.487000 0.577333 0.483500 0.577333 0.477500 0.572667 0.470250 0.569333 0.468250
0 0.475000 0.476250 0.472667 0.478000 0.471667 0.481500 0.471667 0.487500 0.472667 0.493000 0.476000 0.498500 0.478000 0.500000 0.481333 0.501250 0.483333 0.501250 0.486333 0.500000 0.488667 0.497750 0.489667 0.494250 0.488667 0.486250 0.482333 0.477250 0.479333 0.476250
0 0.459000 0.481250 0.455333 0.481250 0.451667 0.482500 0.447667 0.485750 0.446667 0.488750 0.446333 0.493750 0.447667 0.498500 0.450667 0.501750 0.454667 0.503750 0.459000 0.503500 0.462667 0.501000 0.464667 0.498750 0.465667 0.495250 0.465000 0.486000 0.463667 0.484000
0 0.427333 0.485500 0.424000 0.487250 0.422333 0.490500 0.421667 0.493250 0.422000 0.503750 0.422667 0.506500 0.425667 0.510000 0.428000 0.511500 0.432333 0.511750 0.435000 0.510750 0.440000 0.506000 0.442000 0.501250 0.440333 0.496250 0.435667 0.487750 0.432333 0.485750
0 0.408667 0.483500 0.404333 0.487000 0.403000 0.492000 0.403333 0.497500 0.407667 0.504000 0.412667 0.505000 0.415667 0.503750 0.417667 0.501500 0.418667 0.498750 0.418667 0.494250 0.417333 0.489750 0.415000 0.485750 0.411667 0.483500
0 0.506333 0.501250 0.503000 0.501500 0.501333 0.502250 0.496667 0.508250 0.494000 0.513000 0.494000 0.521750 0.497333 0.524500 0.500667 0.525750 0.502667 0.525750 0.507333 0.522500 0.510333 0.514000 0.510333 0.506750 0.508333 0.502750
0 0.517667 0.512500 0.516333 0.513500 0.515333 0.517000 0.515333 0.523750 0.516667 0.528750 0.521667 0.533750 0.524667 0.534750 0.529333 0.534250 0.530667 0.533250 0.533000 0.529250 0.532667 0.524750 0.530000 0.517750 0.526333 0.514500 0.522333 0.512500
0 0.408000 0.517250 0.407000 0.520500 0.407667 0.522750 0.415000 0.527500 0.422000 0.529500 0.425333 0.529750 0.431000 0.528500 0.433000 0.526750 0.433333 0.524750 0.432333 0.523250 0.425000 0.517750 0.418667 0.516000 0.411667 0.516000
0 0.317333 0.489750 0.315000 0.491500 0.314000 0.494750 0.315000 0.497750 0.317667 0.501750 0.322333 0.505000 0.328000 0.507250 0.333000 0.508250 0.337667 0.507500 0.339000 0.506250 0.339333 0.501500 0.334333 0.495750 0.330000 0.492500 0.323333 0.489250 0.319000 0.489250
0 0.335000 0.508250 0.329333 0.507750 0.324000 0.509750 0.318667 0.513250 0.315000 0.517000 0.314000 0.519500 0.314000 0.523250 0.315333 0.525250 0.319333 0.525750 0.326667 0.523500 0.334333 0.518000 0.336667 0.513250 0.336667 0.510000
0 0.373333 0.539750 0.368667 0.540000 0.366333 0.541250 0.361333 0.545500 0.359667 0.548000 0.357667 0.555000 0.357667 0.560250 0.361333 0.565500 0.365667 0.566000 0.369333 0.565000 0.372667 0.563000 0.375000 0.560000 0.377667 0.552500 0.378333 0.547750 0.378000 0.545000 0.376333 0.541500
0 0.382333 0.541500 0.381000 0.543500 0.381000 0.545750 0.384000 0.552000 0.392000 0.557500 0.397000 0.558000 0.398667 0.556250 0.399333 0.553750 0.398000 0.548000 0.393333 0.544250 0.388333 0.541500 0.385667 0.541000
0 0.411333 0.546500 0.409000 0.547250 0.407333 0.549500 0.406667 0.561250 0.408333 0.565750 0.411333 0.567750 0.412667 0.567750 0.417000 0.564500 0.418000 0.561500 0.418333 0.556750 0.415000 0.548500 0.413000 0.546750
0 0.438333 0.555500 0.436333 0.555000 0.434667 0.555250 0.431333 0.557500 0.427000 0.565000 0.425000 0.571250 0.425667 0.573750 0.428000 0.575500 0.435000 0.574750 0.436667 0.573250 0.440667 0.562500 0.440333 0.557000
0 0.462667 0.554000 0.459333 0.556250 0.456333 0.564750 0.456333 0.568750 0.458000 0.572000 0.462000 0.577000 0.466667 0.578000 0.468333 0.576500 0.471333 0.571250 0.472000 0.563500 0.471333 0.560250 0.469000 0.556000 0.466333 0.554000
0 0.509667 0.556500 0.502667 0.554500 0.494333 0.554750 0.489000 0.556000 0.486000 0.557250 0.482333 0.560000 0.481333 0.563500 0.481667 0.565250 0.484333 0.568000 0.486333 0.569000 0.495000 0.569250 0.498333 0.568750 0.506333 0.565500 0.510667 0.561250 0.510667 0.558750
0 0.443667 0.571250 0.442333 0.573750 0.442333 0.577000 0.446333 0.583250 0.453333 0.586750 0.459333 0.587250 0.462333 0.586000 0.464000 0.583500 0.463667 0.580000 0.457667 0.574500 0.451667 0.570500 0.447000 0.570250
0 0.431667 0.577000 0.427667 0.579250 0.427000 0.581750 0.427333 0.585250 0.430000 0.592000 0.431667 0.594250 0.436667 0.597000 0.440000 0.597500 0.442333 0.596500 0.444000 0.594500 0.444667 0.592500 0.444000 0.586000 0.441667 0.581500 0.439000 0.578500 0.436000 0.577000
0 0.427667 0.597000 0.426000 0.599000 0.425667 0.603500 0.427000 0.607500 0.430000 0.612000 0.437667 0.618000 0.439333 0.618750 0.443000 0.618500 0.444667 0.616000 0.444667 0.610250 0.441000 0.603750 0.437000 0.600250 0.435000 0.597500 0.432333 0.596500
0 0.387667 0.601250 0.384333 0.602750 0.382667 0.607250 0.383333 0.619000 0.385000 0.622750 0.388667 0.625500 0.393333 0.625750 0.396333 0.625000 0.398333 0.622500 0.399333 0.617250 0.399000 0.610250 0.397667 0.606750 0.395667 0.604250 0.393000 0.602250 0.390000 0.601250
0 0.466000 0.627000 0.463667 0.626000 0.461000 0.626000 0.455667 0.627250 0.447000 0.634750 0.445333 0.638000 0.445333 0.642750 0.447000 0.644250 0.452000 0.643500 0.454667 0.641250 0.460667 0.638250 0.466333 0.631750
0 0.454667 0.670500 0.451667 0.672500 0.451000 0.673750 0.449667 0.682500 0.450667 0.686500 0.454333 0.689500 0.456667 0.689750 0.458667 0.689500 0.460000 0.688500 0.462333 0.685250 0.463000 0.674000 0.461333 0.671750
