0 0.337667 0.313750 0.333333 0.314500 0.328667 0.317750 0.325000 0.323250 0.324000 0.327500 0.324333 0.336000 0.325667 0.339750 0.329333 0.342750 0.334000 0.342750 0.335333 0.342250 0.340000 0.338000 0.342667 0.333750 0.343667 0.327750 0.343333 0.319500 0.341667 0.315750
0 0.416000 0.358500 0.414000 0.360750 0.414000 0.366000 0.416000 0.372500 0.420667 0.377750 0.423667 0.380000 0.428333 0.381000 0.430667 0.379500 0.431667 0.378000 0.431333 0.372500 0.428333 0.364750 0.426333 0.361750 0.424000 0.359750 0.420000 0.358250
0 0.462667 0.345250 0.461000 0.346000 0.459333 0.348000 0.456667 0.353250 0.456333 0.361250 0.458333 0.365250 0.461000 0.367500 0.462667 0.368250 0.466333 0.368250 0.469667 0.366000 0.472000 0.362750 0.473333 0.354000 0.470333 0.347250 0.467000 0.345250
0 0.371000 0.372000 0.368667 0.370750 0.362333 0.371250 0.352000 0.375500 0.349333 0.377500 0.345667 0.381750 0.344667 0.384250 0.345667 0.389000 0.349000 0.390250 0.355000 0.390250 0.359000 0.389500 0.362667 0.387500 0.366000 0.385000 0.372000 0.378000 0.372333 0.375500
0 0.518000 0.390750 0.514667 0.390000 0.509667 0.390750 0.505333 0.392500 0.501667 0.395750 0.498000 0.400750 0.495333 0.407500 0.496000 0.411750 0.498333 0.414500 0.501333 0.415250 0.505000 0.414750 0.509667 0.412750 0.514000 0.408750 0.518333 0.402250 0.520000 0.397250 0.519667 0.392500
0 0.510667 0.414500 0.508333 0.414500 0.505333 0.415500 0.502667 0.417500 0.500667 0.420750 0.500333 0.432750 0.501000 0.436000 0.502000 0.438000 0.505333 0.440000 0.509667 0.439500 0.513000 0.438250 0.515333 0.435750 0.517000 0.427250 0.516000 0.419750 0.514000 0.416250
0 0.532000 0.418000 0.529000 0.419250 0.527000 0.422750 0.526333 0.432250 0.527667 0.436000 0.530667 0.439250 0.533000 0.440750 0.536333 0.440750 0.538667 0.439250 0.541000 0.435250 0.541667 0.428250 0.540667 0.423750 0.537667 0.419000 0.534333 0.418000
0 0.478000 0.461000 0.476000 0.463000 0.475333 0.466000 0.476000 0.470500 0.478000 0.475250 0.486000 0.483000 0.490667 0.483500 0.493667 0.482750 0.496000 0.480000 0.496333 0.477500 0.494333 0.471000 0.491000 0.466000 0.487667 0.463000 0.483333 0.461000
0 0.511000 0.453500 0.509333 0.453500 0.505667 0.455500 0.502333 0.462250 0.502667 0.466250 0.503667 0.467750 0.505667 0.469000 0.511000 0.469000 0.513333 0.468000 0.514333 0.466500 0.515000 0.463750 0.514333 0.455000
0 0.417667 0.462500 0.416333 0.461500 0.412667 0.460500 0.406000 0.460750 0.400000 0.462250 0.392000 0.467750 0.389667 0.471250 0.389000 0.475500 0.392000 0.478000 0.396000 0.479000 0.405000 0.477000 0.411667 0.473250 0.418000 0.467750 0.418333 0.464500
0 0.415333 0.487500 0.413000 0.489250 0.412333 0.491250 0.412667 0.495500 0.414667 0.501250 0.422000 0.510250 0.424000 0.511500 0.427333 0.511750 0.429667 0.509500 0.430667 0.506500 0.431000 0.502250 0.429000 0.496500 0.427667 0.494250 0.419667 0.488250
0 0.418667 0.513500 0.415333 0.515000 0.413667 0.517500 0.413000 0.526500 0.415333 0.533000 0.418667 0.534500 0.421667 0.534500 0.423667 0.534000 0.425333 0.532750 0.427000 0.530250 0.427667 0.528000 0.427667 0.522000 0.426000 0.517000 0.420333 0.513500
0 0.350000 0.508000 0.346667 0.509500 0.345000 0.513000 0.345667 0.522250 0.347667 0.526000 0.352333 0.530250 0.358000 0.531250 0.361667 0.529500 0.363000 0.527000 0.363000 0.517500 0.358333 0.510000 0.357000 0.509000 0.353000 0.508000
0 0.267000 0.564500 0.263667 0.566500 0.262333 0.569250 0.261667 0.574000 0.262333 0.583500 0.263667 0.585750 0.267333 0.588500 0.271333 0.588500 0.275333 0.584500 0.277000 0.581250 0.277000 0.571500 0.274667 0.567250 0.272333 0.564750
0 0.338667 0.570750 0.334333 0.571000 0.329667 0.574250 0.326333 0.580250 0.325000 0.585250 0.325000 0.589000 0.326333 0.592250 0.329667 0.594000 0.333333 0.593750 0.336667 0.591750 0.341667 0.584500 0.342333 0.574750 0.341333 0.572250
0 0.353000 0.585000 0.349333 0.586500 0.348000 0.588000 0.346000 0.594000 0.346000 0.601500 0.346667 0.604250 0.349000 0.607750 0.353000 0.609500 0.356667 0.609500 0.360000 0.607750 0.362667 0.604000 0.364000 0.599500 0.363667 0.592000 0.362333 0.588000 0.360667 0.586500 0.358000 0.585250
0 0.321333 0.600000 0.317667 0.602000 0.316000 0.606000 0.315667 0.608250 0.317000 0.615250 0.322000 0.623750 0.326667 0.625750 0.330667 0.625500 0.334667 0.623750 0.335667 0.621250 0.336000 0.615500 0.335000 0.610250 0.330000 0.603000 0.325667 0.600250
0 0.411667 0.566500 0.409667 0.568750 0.409667 0.573250 0.411000 0.577000 0.413667 0.580750 0.419667 0.585500 0.422667 0.586500 0.427667 0.586250 0.429333 0.584250 0.429667 0.580500 0.428667 0.576500 0.426333 0.573000 0.419333 0.567750 0.415000 0.566500
0 0.482667 0.559750 0.478000 0.564000 0.477000 0.573000 0.478000 0.577250 0.481000 0.581250 0.483333 0.582750 0.487333 0.583250 0.490000 0.582250 0.491667 0.580000 0.493000 0.574000 0.492667 0.566250 0.491000 0.561500 0.487333 0.559500
0 0.514667 0.546750 0.511667 0.546750 0.508000 0.547750 0.505333 0.550000 0.501333 0.555500 0.500333 0.560750 0.500667 0.568000 0.502333 0.569750 0.505000 0.570500 0.507333 0.570250 0.512333 0.567750 0.514333 0.565750 0.518000 0.559250 0.519333 0.552250 0.518000 0.549000
0 0.533333 0.560750 0.529333 0.560500 0.525000 0.562500 0.523333 0.564750 0.520667 0.571250 0.521333 0.580250 0.523667 0.584000 0.525333 0.585000 0.529333 0.585000 0.530667 0.584250 0.534000 0.581000 0.537667 0.574250 0.538333 0.563750 0.536333 0.561750
0 0.528333 0.539000 0.524667 0.540750 0.523333 0.545750 0.524667 0.552500 0.528667 0.556000 0.530000 0.556250 0.534667 0.553250 0.535667 0.550000 0.535667 0.547000 0.535000 0.544250 0.533000 0.540750 0.530000 0.539000
0 0.537000 0.633500 0.534667 0.633000 0.529333 0.633500 0.525667 0.635250 0.520667 0.639250 0.518333 0.642250 0.517667 0.645250 0.518000 0.650250 0.519667 0.651750 0.523000 0.652250 0.528667 0.650500 0.536000 0.643250 0.538333 0.639250 0.538333 0.635250
0 0.510667 0.636250 0.508667 0.636250 0.504667 0.637750 0.502333 0.639500 0.500333 0.642500 0.498333 0.649750 0.498333 0.654000 0.500333 0.658000 0.502000 0.659250 0.506667 0.659000 0.512000 0.655000 0.515000 0.650000 0.516000 0.647000 0.515667 0.639000 0.514000 0.637250
0 0.483000 0.605750 0.479333 0.607250 0.477000 0.609500 0.475667 0.611750 0.474000 0.618250 0.474333 0.622750 0.476333 0.626500 0.477667 0.627750 0.481000 0.628500 0.483000 0.628500 0.485000 0.627500 0.487667 0.625000 0.489000 0.622500 0.490000 0.617750 0.489333 0.610500 0.487000 0.607250
0 0.436000 0.650250 0.434333 0.651500 0.432667 0.654500 0.432667 0.657500 0.434333 0.663500 0.439333 0.670750 0.443000 0.672000 0.447333 0.672000 0.449667 0.670500 0.451000 0.667250 0.451000 0.661750 0.450000 0.657750 0.447333 0.654250 0.443333 0.650750 0.439667 0.649750
0 0.462333 0.659500 0.458667 0.661000 0.456000 0.664750 0.455333 0.666750 0.455333 0.675250 0.457667 0.681000 0.461000 0.685250 0.463000 0.686500 0.466333 0.686750 0.468333 0.685750 0.470333 0.682000 0.471667 0.677500 0.471667 0.672750 0.469667 0.665250 0.467333 0.661000 0.465333 0.660000
0 0.573333 0.728000 0.568667 0.728500 0.563667 0.732000 0.561000 0.735750 0.558667 0.744000 0.559333 0.752750 0.560667 0.754750 0.564667 0.756750 0.568000 0.756500 0.570333 0.755000 0.575000 0.750500 0.577000 0.746750 0.578333 0.739750 0.578000 0.732250 0.576000 0.729250
0 0.388667 0.706250 0.385667 0.708500 0.384333 0.712000 0.384667 0.716500 0.386667 0.721000 0.389667 0.725000 0.395667 0.729250 0.400333 0.729500 0.404000 0.727250 0.405333 0.723250 0.405000 0.718000 0.403000 0.713250 0.396667 0.707500 0.393000 0.706250
