0 0.420500 0.466333 0.418000 0.463667 0.414000 0.462000 0.407250 0.462333 0.400750 0.465000 0.399250 0.466667 0.397750 0.470667 0.398000 0.478667 0.400250 0.481333 0.404250 0.482667 0.412750 0.483000 0.414750 0.482000 0.419000 0.478333 0.421000 0.475000 0.421500 0.470000
0 0.379500 0.509000 0.380750 0.512667 0.383500 0.515000 0.388000 0.516667 0.394000 0.516667 0.396500 0.516000 0.398750 0.514333 0.401500 0.510333 0.401500 0.507000 0.400500 0.504333 0.397250 0.502000 0.387750 0.501333 0.384500 0.502333 0.381500 0.504667
0 0.418750 0.513000 0.416250 0.510333 0.413000 0.509333 0.405750 0.510000 0.398000 0.516333 0.396750 0.518667 0.396750 0.521667 0.397750 0.524333 0.399750 0.526333 0.402750 0.527000 0.409750 0.526333 0.412750 0.524667 0.418250 0.518333 0.419000 0.514667
0 0.431250 0.529667 0.428250 0.527000 0.424250 0.527000 0.416250 0.532000 0.415000 0.533667 0.412000 0.540667 0.411750 0.545667 0.412500 0.547333 0.415250 0.549333 0.418250 0.549333 0.424500 0.547000 0.427500 0.545000 0.429250 0.542333 0.431750 0.535333 0.432000 0.532333
0 0.409000 0.555667 0.406250 0.551333 0.404000 0.549667 0.400250 0.549000 0.395000 0.549333 0.389250 0.551333 0.384250 0.556333 0.384250 0.560667 0.385250 0.562333 0.389000 0.565667 0.396500 0.567000 0.404750 0.564000 0.407750 0.560667 0.409000 0.557667
0 0.415750 0.565000 0.411500 0.567333 0.407500 0.574000 0.406000 0.587333 0.406250 0.591333 0.407500 0.593333 0.409750 0.593333 0.412000 0.592333 0.414000 0.589000 0.417000 0.580667 0.417750 0.574333 0.417750 0.568333
0 0.320000 0.533667 0.319750 0.537333 0.321750 0.544000 0.326750 0.549000 0.330000 0.551000 0.334250 0.551667 0.338750 0.548667 0.339750 0.545667 0.339250 0.541333 0.338500 0.539667 0.334250 0.535000 0.330750 0.532667 0.326750 0.532000 0.322250 0.532000
0 0.450750 0.584000 0.448750 0.586667 0.448000 0.590333 0.448500 0.597000 0.450750 0.604667 0.454500 0.612000 0.459000 0.615333 0.462750 0.614667 0.464750 0.611333 0.465500 0.604333 0.463250 0.595000 0.458750 0.586667 0.454750 0.583667
0 0.469000 0.556000 0.469000 0.561000 0.470250 0.565667 0.471250 0.567000 0.474500 0.568667 0.479750 0.569000 0.483000 0.568333 0.488750 0.565000 0.491500 0.560667 0.491500 0.556000 0.490000 0.553333 0.486750 0.550333 0.482250 0.549000 0.478750 0.549000 0.474250 0.550667 0.470750 0.553000
0 0.462750 0.533000 0.462500 0.538333 0.463000 0.541667 0.466250 0.544667 0.469500 0.545667 0.475250 0.546000 0.482000 0.541667 0.484000 0.536667 0.483250 0.531333 0.478750 0.528667 0.468750 0.528667 0.466500 0.529667
0 0.472250 0.513000 0.472250 0.517667 0.474000 0.521000 0.480250 0.526000 0.486000 0.528667 0.492000 0.529000 0.495000 0.528333 0.498000 0.525667 0.498250 0.522000 0.497250 0.517667 0.495000 0.515333 0.492500 0.514333 0.489750 0.512000 0.487000 0.511333 0.483500 0.509333 0.477750 0.509000 0.474000 0.510333
0 0.500750 0.502667 0.499750 0.505000 0.500000 0.510667 0.501000 0.513667 0.505500 0.518333 0.509750 0.521333 0.512750 0.522333 0.518250 0.522333 0.521250 0.518667 0.520750 0.515333 0.513500 0.503667 0.510000 0.501667 0.506250 0.501000 0.502250 0.501333
0 0.529000 0.479000 0.526750 0.477667 0.524250 0.477667 0.517750 0.482000 0.514500 0.486667 0.512000 0.493000 0.512000 0.496333 0.512750 0.499000 0.514000 0.500000 0.518000 0.500000 0.522000 0.497667 0.527500 0.490000 0.529500 0.483667
0 0.530750 0.488333 0.530750 0.493667 0.531750 0.495000 0.537500 0.498667 0.545750 0.500333 0.550000 0.499000 0.551000 0.496667 0.551250 0.492667 0.550750 0.489667 0.549500 0.486667 0.547500 0.485333 0.544000 0.484333 0.537250 0.484333 0.532250 0.485667
0 0.519000 0.504000 0.519250 0.507000 0.524750 0.513333 0.530000 0.515667 0.538000 0.515667 0.541000 0.514333 0.544750 0.510333 0.545500 0.506667 0.544500 0.503667 0.542500 0.501333 0.535250 0.499667 0.525500 0.499333 0.520000 0.501333
0 0.563500 0.510000 0.561250 0.508000 0.551750 0.508333 0.548000 0.510000 0.545750 0.513000 0.545500 0.517000 0.548250 0.521000 0.552000 0.522333 0.558500 0.522000 0.561500 0.520000 0.562750 0.518000
0 0.546500 0.466333 0.545250 0.470667 0.545500 0.474333 0.548500 0.478667 0.550000 0.479667 0.554500 0.481000 0.560500 0.480333 0.565250 0.475333 0.565750 0.472667 0.565250 0.467333 0.563250 0.464333 0.561000 0.462333 0.558250 0.461667 0.551750 0.462000 0.548500 0.463667
0 0.569250 0.512333 0.569250 0.514667 0.571250 0.517333 0.580250 0.522000 0.584250 0.522333 0.589250 0.520000 0.591250 0.517333 0.591250 0.513000 0.589250 0.510000 0.583750 0.507667 0.575750 0.507333 0.573000 0.508000 0.570500 0.509333
0 0.562250 0.533000 0.562250 0.537000 0.564250 0.540667 0.568250 0.543667 0.572500 0.544667 0.577250 0.544667 0.580750 0.543667 0.583500 0.541667 0.585500 0.537333 0.585500 0.533000 0.584500 0.531333 0.575000 0.527000 0.569500 0.527333 0.565750 0.528667 0.564000 0.530000
0 0.558000 0.555667 0.558000 0.557333 0.560000 0.560333 0.563250 0.562333 0.566750 0.563000 0.572000 0.562667 0.575000 0.561667 0.577000 0.559667 0.577500 0.557667 0.577250 0.554000 0.576000 0.551667 0.569500 0.549000 0.564250 0.549333 0.560000 0.552000
0 0.569500 0.619000 0.567750 0.617333 0.563250 0.615667 0.556000 0.615667 0.548500 0.619000 0.546250 0.622667 0.546250 0.625667 0.546750 0.627333 0.549500 0.630000 0.555750 0.632000 0.559750 0.631667 0.567750 0.627333 0.569750 0.623667
0 0.561750 0.638333 0.560000 0.636667 0.553000 0.636333 0.546750 0.638000 0.543750 0.639667 0.540000 0.643000 0.537750 0.649667 0.538500 0.654333 0.541500 0.656667 0.548500 0.657333 0.553250 0.656000 0.560000 0.652333 0.561250 0.651000 0.562500 0.646667 0.562500 0.641667
0 0.604500 0.551667 0.603000 0.549667 0.600750 0.548667 0.595000 0.549000 0.588000 0.554667 0.586250 0.557667 0.585750 0.561000 0.587250 0.564000 0.590500 0.565000 0.594250 0.564667 0.599250 0.563000 0.602250 0.560667 0.604000 0.557667 0.604750 0.554333
0 0.647750 0.509000 0.646500 0.507000 0.642750 0.505333 0.634500 0.506667 0.630000 0.508667 0.626500 0.511667 0.625000 0.514333 0.624250 0.518333 0.625000 0.521000 0.627250 0.523000 0.631500 0.523667 0.638500 0.522000 0.643250 0.518333 0.647250 0.512333
0 0.626000 0.575667 0.626000 0.580000 0.627750 0.584000 0.631000 0.586333 0.636250 0.587667 0.642250 0.587333 0.646000 0.585667 0.650250 0.581667 0.651500 0.579000 0.651250 0.575333 0.648750 0.571667 0.642500 0.569333 0.634750 0.569333 0.630750 0.570333 0.627750 0.572000
0 0.657000 0.618667 0.657500 0.622333 0.658500 0.624333 0.662250 0.626667 0.668500 0.628000 0.673250 0.628000 0.678000 0.626667 0.681750 0.624000 0.684000 0.619333 0.683500 0.615333 0.681250 0.612000 0.678250 0.610333 0.674750 0.609667 0.666250 0.610000 0.661750 0.611667 0.658000 0.614667
0 0.659500 0.489000 0.658500 0.486333 0.654250 0.483667 0.643250 0.483667 0.638000 0.485667 0.634250 0.490000 0.633250 0.494667 0.635250 0.498333 0.638750 0.500667 0.647250 0.501667 0.654000 0.499000 0.655750 0.497667 0.658750 0.493667 0.659500 0.491333
0 0.596500 0.424000 0.597500 0.427667 0.599500 0.429667 0.608000 0.430333 0.611750 0.429333 0.613750 0.428000 0.615500 0.425333 0.615750 0.423000 0.615000 0.421000 0.612750 0.418667 0.609250 0.417667 0.604000 0.417667 0.599000 0.419667 0.597500 0.421333
0 0.617750 0.470000 0.618250 0.474000 0.619500 0.475667 0.624250 0.478333 0.629500 0.479000 0.637250 0.475667 0.638750 0.474333 0.640250 0.470333 0.640750 0.466000 0.639750 0.463333 0.638000 0.462000 0.635250 0.461333 0.627750 0.461333 0.622750 0.463000 0.618500 0.467667
0 0.368500 0.468000 0.368250 0.471333 0.369750 0.474667 0.377500 0.479667 0.383250 0.481000 0.388750 0.480333 0.390750 0.479333 0.391750 0.478000 0.392500 0.475333 0.392250 0.473667 0.390000 0.469667 0.384500 0.466333 0.378250 0.465000 0.373000 0.465000 0.369750 0.466000
