0 0.548333 0.293500 0.546333 0.296000 0.546000 0.300750 0.546667 0.303250 0.549333 0.307250 0.553667 0.311000 0.556000 0.312000 0.566333 0.314000 0.569667 0.313750 0.572667 0.311500 0.573000 0.306750 0.568000 0.299500 0.561000 0.295000 0.557333 0.293500 0.554000 0.293000
0 0.580333 0.294000 0.579000 0.294500 0.575333 0.299000 0.574667 0.302750 0.575000 0.309500 0.578667 0.316250 0.580333 0.317500 0.584667 0.318000 0.588333 0.316500 0.590667 0.314000 0.591667 0.310500 0.591667 0.305750 0.588667 0.298500 0.583667 0.294500
0 0.605667 0.313250 0.602667 0.314250 0.601000 0.317750 0.600667 0.324250 0.601667 0.330250 0.603333 0.334000 0.607667 0.336750 0.611333 0.337000 0.614333 0.336000 0.616333 0.333500 0.617000 0.327500 0.616333 0.321500 0.612333 0.314500 0.608667 0.313250
0 0.685667 0.307000 0.683667 0.309750 0.684000 0.314750 0.689667 0.324500 0.692667 0.326750 0.696333 0.327750 0.701000 0.328000 0.703667 0.327000 0.705000 0.325750 0.705667 0.321750 0.701667 0.313750 0.693667 0.307000 0.690333 0.306250
0 0.724667 0.341250 0.721000 0.341500 0.716000 0.345500 0.713000 0.350000 0.712000 0.353000 0.712000 0.357250 0.713000 0.361250 0.716333 0.364250 0.719667 0.365500 0.721667 0.365500 0.724667 0.364250 0.727333 0.362000 0.730000 0.357750 0.730000 0.346250 0.729333 0.345000
0 0.738000 0.342000 0.734667 0.343000 0.731667 0.346000 0.730667 0.349500 0.730333 0.359000 0.731000 0.361500 0.734667 0.365750 0.736000 0.366500 0.740000 0.367000 0.744333 0.364250 0.746000 0.362000 0.747333 0.357250 0.747333 0.352000 0.745000 0.344750 0.741333 0.342500
0 0.732667 0.371500 0.728333 0.374000 0.727000 0.376500 0.725667 0.384000 0.726000 0.389750 0.728000 0.395500 0.732333 0.397750 0.736000 0.397750 0.740000 0.396000 0.741667 0.393000 0.742667 0.387250 0.742667 0.380250 0.741667 0.375250 0.740000 0.373000 0.737333 0.371750
0 0.756333 0.398750 0.754667 0.400000 0.753667 0.404250 0.753667 0.408000 0.755000 0.412250 0.759667 0.418500 0.764000 0.422000 0.767667 0.423250 0.771333 0.422750 0.774667 0.420500 0.776000 0.417500 0.776000 0.415250 0.773667 0.411500 0.772333 0.407000 0.768333 0.402250 0.764667 0.399250 0.760667 0.398250
0 0.701667 0.381750 0.696333 0.381750 0.691667 0.383750 0.688333 0.386750 0.684667 0.392250 0.683000 0.396500 0.683000 0.401000 0.686000 0.405000 0.689333 0.405500 0.694000 0.404500 0.702000 0.398250 0.705333 0.388000 0.704667 0.384250
0 0.665000 0.396750 0.662667 0.399500 0.662333 0.401250 0.664000 0.408250 0.666000 0.411750 0.673000 0.417250 0.677667 0.418500 0.682333 0.418250 0.685000 0.415750 0.685667 0.412500 0.685333 0.408250 0.679000 0.399750 0.673667 0.397000 0.670667 0.396000
0 0.685000 0.427500 0.683000 0.427000 0.678000 0.427500 0.674000 0.429000 0.670333 0.431250 0.666000 0.436000 0.664333 0.439000 0.664000 0.444000 0.665667 0.445750 0.669333 0.446750 0.673667 0.446500 0.677667 0.445000 0.684000 0.439250 0.686000 0.436000 0.686333 0.430250
0 0.654000 0.410750 0.649667 0.411250 0.644667 0.415750 0.643333 0.420000 0.644333 0.428250 0.646333 0.432000 0.649667 0.434250 0.653667 0.434250 0.655000 0.433750 0.658000 0.428750 0.659000 0.425250 0.658333 0.416250 0.656333 0.412500
0 0.614667 0.410750 0.614000 0.411750 0.614333 0.414250 0.619000 0.421000 0.627667 0.425750 0.633667 0.427250 0.637000 0.427250 0.639667 0.426250 0.641000 0.424000 0.641000 0.420000 0.639333 0.417000 0.636667 0.415000 0.623333 0.409750 0.617667 0.409750
0 0.629333 0.347750 0.626000 0.349250 0.623000 0.353000 0.622000 0.357250 0.622333 0.362750 0.624333 0.369000 0.626333 0.372750 0.630000 0.374500 0.632333 0.374500 0.635333 0.373500 0.638333 0.369000 0.639000 0.366000 0.638667 0.356750 0.637667 0.353250 0.635333 0.350250 0.631667 0.347750
0 0.552667 0.357500 0.552333 0.361750 0.553333 0.363250 0.556667 0.366000 0.560000 0.367000 0.565333 0.369750 0.567667 0.370250 0.576000 0.369750 0.580333 0.368250 0.582333 0.366000 0.582000 0.361250 0.573000 0.356750 0.565667 0.355500 0.556667 0.355500
0 0.540000 0.322750 0.534000 0.325500 0.532667 0.327250 0.531667 0.336750 0.533333 0.343000 0.536667 0.345500 0.541000 0.346250 0.544000 0.345250 0.546667 0.342500 0.548000 0.338500 0.548333 0.333500 0.547333 0.329500 0.545000 0.324750 0.542333 0.323000
0 0.556000 0.367250 0.553333 0.368750 0.552000 0.372500 0.553000 0.377000 0.555667 0.383250 0.561333 0.389000 0.563667 0.389750 0.568000 0.389500 0.570000 0.386000 0.569000 0.375750 0.566000 0.372000 0.561667 0.368500
0 0.556667 0.398500 0.554333 0.400000 0.552333 0.404750 0.553000 0.415750 0.555000 0.420750 0.557000 0.422000 0.561000 0.422250 0.565333 0.419750 0.567000 0.415750 0.567333 0.408250 0.566000 0.404250 0.563000 0.400000 0.560667 0.398500
0 0.582667 0.397000 0.580333 0.397500 0.576667 0.401250 0.575333 0.404500 0.575333 0.409500 0.577667 0.416000 0.579000 0.417750 0.582667 0.419500 0.585000 0.419500 0.587667 0.418500 0.590667 0.415750 0.591667 0.412750 0.591667 0.407750 0.589000 0.400250 0.585667 0.397750
0 0.608667 0.421250 0.606333 0.421250 0.602000 0.423250 0.597333 0.431250 0.596667 0.437250 0.597333 0.442750 0.598667 0.445000 0.603000 0.447250 0.607333 0.446750 0.611000 0.443750 0.613667 0.440000 0.615333 0.435000 0.615333 0.430000 0.613667 0.424250 0.611333 0.422000
0 0.603000 0.468500 0.599000 0.470000 0.598000 0.471250 0.595667 0.477500 0.595667 0.483000 0.597000 0.486750 0.599667 0.490000 0.603333 0.492000 0.607000 0.492000 0.610333 0.490000 0.613667 0.485500 0.614667 0.480250 0.614333 0.475250 0.613333 0.471500 0.612000 0.469750 0.608000 0.468500
0 0.560667 0.440500 0.556667 0.442750 0.554667 0.446500 0.554667 0.455000 0.556000 0.459250 0.561000 0.463250 0.564667 0.463500 0.568000 0.462250 0.571333 0.458750 0.572667 0.455500 0.572333 0.450250 0.571333 0.447000 0.568000 0.442250 0.564333 0.440500
0 0.678333 0.471250 0.674667 0.471500 0.670667 0.473250 0.665000 0.478500 0.662667 0.486000 0.663333 0.490000 0.665000 0.491750 0.669000 0.491750 0.673000 0.490500 0.679000 0.485500 0.682000 0.479500 0.682000 0.474500 0.681333 0.473250
0 0.686333 0.494000 0.683667 0.493250 0.678333 0.493500 0.673667 0.494750 0.670000 0.494750 0.664333 0.497000 0.658333 0.500250 0.653667 0.504750 0.653333 0.508250 0.654667 0.511000 0.658667 0.512500 0.662667 0.512750 0.666333 0.512250 0.673000 0.510250 0.678000 0.507750 0.685333 0.502500 0.687333 0.497750
0 0.600333 0.556250 0.597667 0.557750 0.595667 0.560500 0.596000 0.568750 0.598333 0.574750 0.600667 0.578750 0.603333 0.581250 0.607667 0.582500 0.611000 0.582500 0.615000 0.580250 0.616000 0.577250 0.616000 0.570500 0.614667 0.564750 0.612000 0.560750 0.607333 0.556750 0.604333 0.556000
0 0.596000 0.524750 0.594333 0.526000 0.592000 0.531750 0.592333 0.537000 0.594667 0.544500 0.595667 0.546250 0.599667 0.549750 0.603333 0.551000 0.607000 0.550750 0.608667 0.549750 0.610333 0.545750 0.610000 0.540250 0.608333 0.532750 0.605667 0.528750 0.600333 0.525000
0 0.654333 0.523750 0.650000 0.524250 0.648333 0.525000 0.643000 0.529250 0.640667 0.533500 0.640000 0.541250 0.642000 0.545000 0.646333 0.546750 0.650000 0.546500 0.653333 0.545500 0.654667 0.544500 0.658667 0.537500 0.659667 0.533500 0.659333 0.528000 0.658333 0.525500
0 0.666333 0.559750 0.662667 0.559000 0.657000 0.559750 0.646333 0.564250 0.642333 0.567500 0.639000 0.571750 0.638000 0.574500 0.638000 0.577500 0.639000 0.579250 0.641333 0.581000 0.646333 0.581250 0.654333 0.578750 0.662667 0.573000 0.664333 0.570750 0.667000 0.568750 0.668667 0.565250 0.668333 0.562250
0 0.696667 0.561500 0.693667 0.562250 0.691667 0.564750 0.691667 0.576000 0.693000 0.580000 0.695333 0.582750 0.697333 0.584250 0.701667 0.585000 0.705333 0.583500 0.707000 0.580750 0.707667 0.576750 0.707333 0.571500 0.705667 0.566750 0.704000 0.564500 0.701333 0.562500
0 0.749333 0.548000 0.744333 0.547500 0.739333 0.548500 0.736333 0.550500 0.731000 0.556000 0.728667 0.560750 0.728667 0.565250 0.730000 0.568000 0.732667 0.569500 0.740000 0.569000 0.748000 0.563250 0.750000 0.559750 0.751667 0.554250 0.751333 0.550000
0 0.607333 0.611000 0.602667 0.613750 0.599000 0.618250 0.598333 0.625750 0.599000 0.628500 0.601333 0.632250 0.604000 0.634000 0.609000 0.634750 0.612000 0.634000 0.615000 0.632000 0.617000 0.627500 0.617333 0.622250 0.616333 0.617250 0.614667 0.614500 0.612000 0.611750
0 0.518000 0.595500 0.516000 0.596500 0.512667 0.602500 0.512333 0.610250 0.513333 0.614250 0.516333 0.620000 0.518333 0.621500 0.522333 0.622000 0.525667 0.619500 0.528333 0.615250 0.529000 0.605250 0.526333 0.598750 0.522333 0.596000
0 0.488000 0.584000 0.488333 0.588500 0.490333 0.591250 0.492667 0.593000 0.503667 0.596500 0.509667 0.597000 0.514333 0.595750 0.515333 0.592750 0.515000 0.591000 0.513333 0.588250 0.510333 0.586250 0.501667 0.582500 0.498333 0.582000 0.490333 0.582500
