0 0.588667 0.287000 0.587000 0.287000 0.583000 0.288500 0.580333 0.290500 0.578667 0.294250 0.578000 0.306750 0.579667 0.310750 0.582667 0.311750 0.585000 0.311750 0.588333 0.310000 0.592667 0.303250 0.593333 0.300000 0.593333 0.291500 0.591667 0.288000
0 0.739667 0.729000 0.737333 0.730750 0.736333 0.732500 0.737000 0.736500 0.739667 0.740750 0.744000 0.743750 0.751000 0.746750 0.754333 0.747000 0.759333 0.745750 0.761000 0.744250 0.761000 0.740250 0.758000 0.735750 0.747667 0.729500 0.742000 0.728750
0 0.639333 0.705750 0.638000 0.706000 0.634333 0.708500 0.631667 0.712750 0.629333 0.718750 0.629667 0.725250 0.632333 0.730500 0.634667 0.732500 0.639333 0.732000 0.642333 0.729250 0.646333 0.724000 0.648000 0.718750 0.648000 0.712250 0.647000 0.709750 0.642667 0.706500
0 0.756333 0.584500 0.752000 0.585000 0.747667 0.587750 0.743333 0.595000 0.743000 0.604500 0.744333 0.606750 0.747333 0.608250 0.751667 0.608500 0.755000 0.607250 0.756667 0.606000 0.760333 0.599750 0.761333 0.596500 0.761333 0.590500 0.760000 0.587250
0 0.707667 0.577250 0.706333 0.579500 0.706667 0.581000 0.708333 0.583000 0.712333 0.585750 0.721667 0.588750 0.729333 0.588500 0.732000 0.587750 0.732667 0.583250 0.731000 0.580750 0.728667 0.579000 0.717000 0.575500 0.711333 0.575750
0 0.675667 0.595500 0.673000 0.596500 0.670000 0.602500 0.669333 0.612000 0.670000 0.615250 0.672667 0.620500 0.674000 0.621500 0.677333 0.622250 0.679667 0.621250 0.685000 0.615500 0.686333 0.611000 0.686333 0.602500 0.684667 0.599250 0.681667 0.596500 0.678667 0.595500
0 0.592000 0.556000 0.587667 0.555750 0.585333 0.556750 0.580333 0.560500 0.578000 0.564250 0.576333 0.570500 0.576333 0.574250 0.577333 0.576750 0.580000 0.579000 0.583667 0.579250 0.586333 0.577750 0.589333 0.575250 0.593333 0.569500 0.594333 0.565750 0.594333 0.560000
0 0.639333 0.569000 0.634000 0.569750 0.629000 0.572750 0.626333 0.575750 0.624667 0.580250 0.624000 0.588000 0.626000 0.591750 0.627667 0.592750 0.631333 0.593250 0.635000 0.592250 0.639000 0.588750 0.643000 0.582000 0.644000 0.578500 0.643667 0.572250 0.643000 0.571000
0 0.642333 0.547500 0.635000 0.547500 0.633667 0.548000 0.626333 0.553750 0.622333 0.559250 0.621000 0.563000 0.621333 0.567250 0.623333 0.569750 0.626333 0.570750 0.630333 0.570250 0.638333 0.565000 0.642667 0.560500 0.644667 0.557000 0.644667 0.551750 0.643667 0.548750
0 0.630000 0.523000 0.628000 0.523750 0.626333 0.525500 0.626000 0.531500 0.627333 0.536500 0.630333 0.541000 0.635000 0.545250 0.637667 0.546000 0.642667 0.545500 0.646000 0.543250 0.647333 0.540750 0.646333 0.533000 0.643333 0.528750 0.639333 0.524750 0.634333 0.523250
0 0.686333 0.517000 0.681333 0.517000 0.678667 0.518000 0.669333 0.525500 0.666333 0.528750 0.665333 0.531500 0.665333 0.534000 0.667333 0.536500 0.669333 0.537250 0.673000 0.536750 0.679000 0.534000 0.685333 0.529750 0.689000 0.522750 0.688667 0.519000
0 0.628000 0.486000 0.626333 0.486750 0.623000 0.493000 0.622667 0.497500 0.627333 0.506000 0.630000 0.507500 0.632000 0.507750 0.635333 0.507000 0.636667 0.505750 0.638333 0.502250 0.638333 0.497250 0.637000 0.493000 0.631667 0.486250
0 0.661667 0.499750 0.658000 0.500000 0.654667 0.501500 0.650333 0.505500 0.646000 0.513250 0.645667 0.517750 0.647333 0.522000 0.650333 0.523750 0.654667 0.524000 0.659000 0.521750 0.662667 0.517750 0.665667 0.510500 0.666000 0.506250 0.664667 0.502000
0 0.702333 0.477000 0.700333 0.477500 0.696667 0.481250 0.695667 0.485250 0.696000 0.490000 0.697667 0.494500 0.700333 0.498250 0.703667 0.499500 0.706000 0.499500 0.709333 0.498250 0.710667 0.495500 0.710667 0.484500 0.708667 0.479000 0.706000 0.477250
0 0.696667 0.440250 0.693333 0.443000 0.693333 0.448500 0.695667 0.455000 0.697000 0.456750 0.702333 0.460000 0.705667 0.460500 0.708667 0.459750 0.710667 0.456000 0.710667 0.451750 0.709333 0.447000 0.705667 0.443250 0.702333 0.441000 0.700000 0.440250
0 0.743333 0.418500 0.739667 0.419500 0.735667 0.422250 0.734667 0.425000 0.734333 0.432000 0.735667 0.436750 0.738667 0.440750 0.743333 0.444000 0.747667 0.444250 0.751667 0.442250 0.753667 0.440250 0.754667 0.436500 0.754667 0.431000 0.753000 0.425750 0.751333 0.423000 0.748000 0.419500
0 0.787667 0.323000 0.783667 0.324000 0.782000 0.325250 0.779333 0.329750 0.778333 0.335500 0.778333 0.341750 0.780000 0.346250 0.782667 0.350000 0.786333 0.351250 0.789000 0.350500 0.795000 0.345750 0.796667 0.342500 0.796667 0.336750 0.794667 0.327500 0.791333 0.324000
0 0.681000 0.373500 0.676667 0.373000 0.673667 0.373750 0.669333 0.376500 0.666000 0.380250 0.662667 0.387500 0.662667 0.389750 0.663667 0.392000 0.665333 0.393250 0.670333 0.393250 0.678333 0.388500 0.682333 0.381750 0.683333 0.378000 0.683000 0.375750
0 0.705667 0.372500 0.700667 0.372000 0.689333 0.376500 0.685333 0.385000 0.685333 0.388250 0.686333 0.389500 0.689000 0.390500 0.693667 0.390000 0.697667 0.388500 0.702333 0.385250 0.706000 0.381500 0.707667 0.377500 0.707000 0.373750
0 0.724333 0.345500 0.720333 0.345250 0.718667 0.346000 0.711000 0.353250 0.709667 0.357250 0.709333 0.361750 0.710667 0.364500 0.712667 0.365500 0.717000 0.365250 0.720667 0.362250 0.724667 0.357500 0.726667 0.349500 0.725667 0.346500
0 0.698000 0.349500 0.694000 0.349750 0.689667 0.351500 0.688000 0.353000 0.686667 0.356500 0.686000 0.362000 0.688000 0.368750 0.689000 0.370250 0.692333 0.372000 0.695333 0.371500 0.701000 0.367500 0.702667 0.363750 0.703333 0.359500 0.703000 0.353750 0.702000 0.351500
0 0.656000 0.353750 0.656667 0.357750 0.658000 0.359000 0.661667 0.360250 0.665667 0.360500 0.673000 0.360250 0.677667 0.359500 0.681333 0.357250 0.682667 0.354500 0.682667 0.353000 0.681333 0.351250 0.674667 0.348750 0.666000 0.348750 0.659000 0.350500 0.657333 0.351500
0 0.653667 0.364500 0.649333 0.368250 0.648000 0.372250 0.647667 0.376750 0.650333 0.384750 0.654000 0.387500 0.656333 0.387750 0.658000 0.387500 0.661667 0.383750 0.663333 0.378250 0.663333 0.374000 0.661667 0.369250 0.655667 0.364750
0 0.630667 0.384250 0.629000 0.386000 0.627667 0.389000 0.627667 0.394000 0.629000 0.401250 0.630667 0.404750 0.633333 0.406750 0.634667 0.407250 0.639000 0.407250 0.642333 0.405000 0.643333 0.402750 0.643667 0.399000 0.642667 0.392250 0.639333 0.387250 0.635000 0.384500
0 0.603333 0.375250 0.601000 0.376750 0.600333 0.379500 0.600667 0.383750 0.602333 0.388250 0.608333 0.393750 0.610333 0.394500 0.614667 0.394000 0.616333 0.392500 0.617000 0.390000 0.616000 0.383500 0.611333 0.378000 0.608667 0.376000
0 0.603333 0.404000 0.599000 0.406500 0.598333 0.408000 0.598333 0.412000 0.600000 0.416500 0.602667 0.420500 0.608333 0.424000 0.611333 0.425250 0.615333 0.425250 0.617000 0.423750 0.617667 0.421500 0.617667 0.417500 0.616000 0.412500 0.612333 0.407500 0.607667 0.404500
0 0.517333 0.424250 0.514333 0.428250 0.514333 0.431500 0.515667 0.435750 0.517000 0.438000 0.519333 0.440000 0.522667 0.441250 0.526000 0.441500 0.529000 0.439000 0.529333 0.434750 0.528333 0.431250 0.526667 0.429000 0.521333 0.424750
0 0.517667 0.405750 0.516667 0.406500 0.515667 0.410250 0.515667 0.416000 0.517000 0.420250 0.519333 0.422500 0.524667 0.425500 0.525667 0.427250 0.529333 0.428250 0.533000 0.425750 0.534000 0.424000 0.534000 0.419250 0.530333 0.410500 0.529000 0.408500 0.526333 0.406500 0.523000 0.405750
0 0.522333 0.377000 0.520000 0.377500 0.517000 0.379500 0.514000 0.384000 0.513000 0.387750 0.515000 0.399750 0.516333 0.402000 0.517667 0.403000 0.520000 0.403500 0.522667 0.403500 0.525333 0.402500 0.527000 0.401000 0.530000 0.396250 0.531000 0.389250 0.530667 0.383750 0.529000 0.380000 0.525667 0.377500
0 0.537333 0.370750 0.534000 0.372500 0.532667 0.376500 0.533333 0.381000 0.536000 0.387750 0.540667 0.391250 0.545000 0.392750 0.548667 0.392750 0.550000 0.392000 0.551667 0.388500 0.551333 0.384500 0.548667 0.377250 0.545667 0.373250 0.541333 0.370500
0 0.560333 0.358750 0.557000 0.359000 0.554667 0.360500 0.550333 0.368750 0.550333 0.373000 0.552333 0.377750 0.556333 0.381250 0.560000 0.381250 0.561333 0.380500 0.566333 0.373000 0.566333 0.368000 0.565000 0.362000 0.563000 0.360000
0 0.531667 0.329500 0.529667 0.331500 0.529000 0.335500 0.530667 0.342000 0.532667 0.345250 0.540333 0.351000 0.545667 0.351500 0.548667 0.350500 0.550000 0.349250 0.550667 0.347250 0.550667 0.344250 0.548333 0.338000 0.545000 0.333000 0.541667 0.330500 0.539667 0.329750 0.534333 0.329000
0 0.596333 0.334500 0.591667 0.334750 0.587333 0.336250 0.580333 0.341750 0.579000 0.344000 0.578000 0.348250 0.578333 0.351750 0.580000 0.354250 0.584667 0.354250 0.592667 0.349250 0.598333 0.341250 0.598667 0.337000
0 0.612000 0.316000 0.609000 0.316750 0.603333 0.320750 0.600333 0.326000 0.599333 0.329500 0.599667 0.334250 0.601667 0.337500 0.603333 0.338750 0.608000 0.338500 0.615000 0.333750 0.616667 0.330500 0.617333 0.327500 0.617000 0.320250 0.615667 0.317500
0 0.629667 0.315750 0.626333 0.316500 0.624667 0.318000 0.623333 0.321250 0.623667 0.325500 0.627000 0.335000 0.630000 0.338500 0.634000 0.341250 0.635667 0.341500 0.638000 0.340750 0.640000 0.338250 0.641000 0.331250 0.640333 0.327250 0.637667 0.321500 0.631333 0.316000
0 0.676333 0.286500 0.674000 0.287000 0.670000 0.291000 0.668333 0.295750 0.668000 0.301000 0.669333 0.305500 0.672333 0.310250 0.673667 0.311250 0.677333 0.311500 0.680000 0.310000 0.684667 0.303250 0.685000 0.297000 0.684667 0.294500 0.682667 0.290000 0.678333 0.286750
0 0.617667 0.299250 0.616333 0.298250 0.614000 0.297750 0.604667 0.298000 0.600667 0.299250 0.595667 0.302750 0.592000 0.307000 0.590667 0.310000 0.591667 0.314750 0.595333 0.316500 0.600000 0.316500 0.604333 0.315500 0.612667 0.311750 0.615667 0.309000 0.618333 0.303500
