0 0.652667 0.696750 0.649667 0.697000 0.646667 0.699250 0.644333 0.703000 0.643333 0.707000 0.643333 0.713750 0.644667 0.716500 0.646000 0.717500 0.649667 0.718500 0.653333 0.718000 0.655333 0.716750 0.657667 0.709000 0.657000 0.701000 0.655333 0.697750
0 0.489667 0.245750 0.487000 0.248000 0.485333 0.251500 0.485333 0.263500 0.486667 0.266250 0.489667 0.268750 0.495000 0.269250 0.498000 0.267250 0.499000 0.261750 0.498333 0.254250 0.497667 0.252000 0.495667 0.249750 0.490667 0.245750
0 0.540667 0.268500 0.537000 0.267250 0.531000 0.267500 0.524667 0.270250 0.517333 0.275250 0.515667 0.278500 0.515000 0.282000 0.515667 0.285000 0.517333 0.287000 0.523333 0.287750 0.529000 0.286750 0.538667 0.280750 0.541667 0.276500 0.542667 0.273750 0.542667 0.270750
0 0.575667 0.305250 0.573000 0.306250 0.571667 0.308000 0.571000 0.311000 0.571667 0.319000 0.574667 0.323500 0.579333 0.328250 0.583000 0.330250 0.584667 0.330250 0.588667 0.326500 0.589000 0.318500 0.588000 0.313750 0.583667 0.306250 0.580000 0.305250
0 0.598667 0.337250 0.596000 0.338500 0.594333 0.342000 0.594333 0.348000 0.595667 0.356250 0.599333 0.362000 0.602667 0.363250 0.606000 0.363250 0.608667 0.362000 0.609667 0.359000 0.609667 0.351500 0.608667 0.345500 0.607000 0.341500 0.602667 0.338250 0.600333 0.337250
0 0.528667 0.321750 0.526000 0.323500 0.524333 0.326250 0.523667 0.329500 0.524333 0.337000 0.525667 0.339750 0.529000 0.342500 0.533667 0.342500 0.535333 0.341500 0.537333 0.338250 0.537333 0.329750 0.533667 0.324000 0.531667 0.322500
0 0.462333 0.297250 0.461000 0.298250 0.457333 0.305750 0.457333 0.312000 0.458333 0.315250 0.461333 0.319250 0.463333 0.320500 0.467333 0.321000 0.471000 0.318750 0.473333 0.314750 0.474333 0.306750 0.471000 0.299000 0.467000 0.296750
0 0.514333 0.351500 0.510000 0.352250 0.508667 0.353250 0.505333 0.358750 0.504000 0.362750 0.504000 0.370250 0.506333 0.374750 0.509667 0.376250 0.512333 0.376000 0.514667 0.375000 0.517333 0.370750 0.519333 0.365500 0.519667 0.357750 0.518667 0.353750 0.517333 0.352500
0 0.572333 0.376500 0.571000 0.378000 0.570333 0.382000 0.571333 0.387500 0.573333 0.391000 0.582333 0.400000 0.583667 0.400500 0.588667 0.400250 0.591333 0.398750 0.592333 0.396250 0.592333 0.391500 0.589667 0.383500 0.584000 0.377500 0.579333 0.376000
0 0.546333 0.393250 0.546000 0.397500 0.547667 0.400750 0.552333 0.403500 0.557000 0.405000 0.566333 0.406250 0.575667 0.405500 0.579333 0.404500 0.582000 0.401000 0.581667 0.399000 0.579000 0.395750 0.572333 0.391000 0.561333 0.390250 0.551333 0.390500 0.548000 0.391250
0 0.513333 0.377500 0.510333 0.378000 0.508667 0.379000 0.505000 0.384000 0.503667 0.388750 0.503000 0.393750 0.503333 0.398000 0.504667 0.400500 0.509000 0.402500 0.513333 0.402250 0.515333 0.401000 0.520000 0.395250 0.522000 0.390250 0.522000 0.386750 0.521000 0.383750 0.517667 0.379500
0 0.480667 0.359250 0.478667 0.359750 0.476667 0.361750 0.475667 0.365000 0.475333 0.370500 0.476000 0.374500 0.478000 0.379250 0.480667 0.381750 0.483333 0.382500 0.487000 0.381500 0.491000 0.377500 0.491667 0.369500 0.491000 0.367000 0.487000 0.360750 0.483333 0.359250
0 0.481667 0.389500 0.479667 0.392250 0.479667 0.396750 0.483667 0.405000 0.488333 0.409000 0.493667 0.412000 0.498333 0.412500 0.501667 0.408500 0.502000 0.404750 0.500000 0.399250 0.494000 0.392500 0.492000 0.391250 0.486000 0.389000
0 0.345667 0.335000 0.342333 0.337500 0.340667 0.341500 0.340333 0.346500 0.341000 0.350000 0.344333 0.357250 0.347000 0.359750 0.351667 0.361750 0.357000 0.361750 0.360333 0.359500 0.362333 0.357000 0.362667 0.352000 0.361000 0.346250 0.357333 0.340000 0.353667 0.336750 0.349333 0.335000
0 0.471333 0.397250 0.467000 0.398250 0.464667 0.400000 0.461667 0.403750 0.460667 0.407000 0.461000 0.416750 0.463000 0.419250 0.466000 0.420000 0.467667 0.419750 0.470667 0.417250 0.474333 0.412500 0.475667 0.409250 0.475667 0.400500 0.475000 0.399250
0 0.439667 0.405500 0.436000 0.408250 0.433667 0.412750 0.433000 0.415250 0.433333 0.420500 0.435000 0.425500 0.438000 0.430500 0.441333 0.432250 0.445000 0.432500 0.448000 0.431500 0.451000 0.427750 0.452000 0.421250 0.451667 0.415500 0.450333 0.411500 0.447667 0.407500 0.444000 0.405500
0 0.431000 0.433250 0.429333 0.435250 0.429333 0.440250 0.431000 0.444250 0.434000 0.446500 0.439000 0.451750 0.443667 0.453000 0.452000 0.453000 0.454000 0.450750 0.454000 0.446500 0.451000 0.439250 0.441333 0.433750 0.435667 0.432500
0 0.489333 0.438500 0.486333 0.439000 0.485000 0.440000 0.481667 0.446000 0.481333 0.451000 0.484667 0.459750 0.489333 0.462500 0.492667 0.462500 0.494667 0.462000 0.496667 0.460500 0.499000 0.456250 0.499333 0.446250 0.498333 0.443000 0.495333 0.439750 0.492667 0.438750
0 0.516000 0.425500 0.513333 0.425500 0.509667 0.428000 0.507333 0.432000 0.506000 0.437500 0.506000 0.440750 0.508000 0.447000 0.509333 0.448500 0.512667 0.449500 0.514333 0.449500 0.518333 0.447250 0.521333 0.443250 0.522333 0.440000 0.522667 0.435000 0.522000 0.430750 0.518333 0.426250
0 0.501667 0.456000 0.500667 0.458500 0.501333 0.462000 0.504000 0.465250 0.506667 0.467250 0.520333 0.470250 0.526000 0.469750 0.529333 0.468250 0.530000 0.467000 0.529667 0.461750 0.519000 0.455500 0.514333 0.454000 0.509333 0.453750 0.503333 0.455000
0 0.573333 0.452000 0.569000 0.450250 0.563667 0.450250 0.551667 0.454250 0.549000 0.456250 0.547333 0.458750 0.546667 0.461250 0.547333 0.464500 0.549667 0.466000 0.554000 0.466750 0.560333 0.466250 0.568000 0.463500 0.573333 0.459250 0.574333 0.457500 0.575000 0.454250
0 0.528333 0.470000 0.526000 0.471000 0.524333 0.473000 0.523667 0.479250 0.524667 0.482750 0.529333 0.489750 0.532000 0.491500 0.536667 0.491750 0.539667 0.490000 0.541333 0.486750 0.540000 0.478500 0.537667 0.474500 0.533000 0.470750
0 0.473667 0.463250 0.472667 0.467500 0.479333 0.475250 0.486000 0.478750 0.491667 0.480250 0.495000 0.480250 0.498333 0.478750 0.499667 0.475500 0.499667 0.473500 0.498667 0.470250 0.497667 0.469250 0.491333 0.466750 0.483333 0.462250 0.478667 0.462000 0.475000 0.462500
0 0.568000 0.493250 0.564333 0.493250 0.561667 0.494500 0.557000 0.497750 0.554333 0.501750 0.552000 0.508500 0.552000 0.513250 0.552667 0.514500 0.556333 0.516500 0.560667 0.516750 0.566333 0.514000 0.569000 0.510500 0.570667 0.505000 0.571000 0.501000 0.569667 0.495250
0 0.380667 0.403750 0.378000 0.404750 0.375667 0.407500 0.374333 0.415500 0.374667 0.419000 0.376000 0.423500 0.377333 0.425250 0.381000 0.427500 0.385000 0.427750 0.388333 0.425750 0.389667 0.423250 0.390333 0.420000 0.390000 0.411750 0.389333 0.408750 0.387667 0.406250 0.385000 0.404500
0 0.307000 0.433500 0.304667 0.434750 0.301333 0.438750 0.300667 0.447250 0.302333 0.452500 0.305667 0.457500 0.310333 0.459750 0.313667 0.459750 0.316333 0.458750 0.319333 0.455750 0.320667 0.447750 0.320000 0.442000 0.318667 0.438500 0.313667 0.434750 0.311000 0.433500
0 0.376667 0.458500 0.372000 0.462000 0.371000 0.465250 0.371000 0.470000 0.372667 0.474750 0.375333 0.476750 0.377667 0.477500 0.381000 0.476750 0.384333 0.474500 0.386000 0.471750 0.386333 0.467000 0.385333 0.463000 0.384333 0.461750 0.380333 0.459000
0 0.384667 0.477750 0.381000 0.479250 0.377333 0.482500 0.376333 0.485500 0.376667 0.491750 0.378667 0.498000 0.381333 0.501000 0.384333 0.502750 0.388333 0.502750 0.392667 0.500500 0.395000 0.498000 0.396000 0.494750 0.395667 0.486750 0.393333 0.481750 0.388667 0.477750
0 0.335667 0.514250 0.331667 0.514750 0.328333 0.516750 0.324000 0.525750 0.324000 0.530000 0.325333 0.534750 0.326667 0.536500 0.330333 0.538500 0.334000 0.537750 0.339667 0.532750 0.342333 0.528000 0.342667 0.520750 0.341667 0.517000 0.339333 0.515250
0 0.384667 0.543500 0.380000 0.543250 0.377333 0.544000 0.374000 0.548250 0.372333 0.552500 0.371667 0.556000 0.372000 0.560500 0.374000 0.565000 0.377333 0.567500 0.382333 0.566500 0.388000 0.561750 0.389333 0.559000 0.390000 0.554750 0.389667 0.546750 0.387667 0.544500
0 0.415333 0.532500 0.414000 0.533750 0.413667 0.537750 0.415667 0.541500 0.419000 0.545000 0.426667 0.549750 0.431667 0.551250 0.435667 0.550750 0.437000 0.548750 0.437000 0.545250 0.435333 0.540250 0.426333 0.533750 0.421333 0.532250
0 0.515333 0.524250 0.513000 0.524250 0.509000 0.526250 0.505667 0.532750 0.504667 0.537250 0.504667 0.542250 0.506000 0.545250 0.509333 0.548500 0.512000 0.549000 0.514333 0.548750 0.519333 0.544500 0.521667 0.541250 0.523000 0.536250 0.523000 0.531750 0.522000 0.528000 0.519667 0.525500
0 0.385000 0.578500 0.380000 0.579000 0.377333 0.580500 0.375000 0.584500 0.374000 0.588250 0.374000 0.594250 0.375000 0.598750 0.376667 0.601000 0.380000 0.602250 0.384333 0.602250 0.389000 0.600000 0.391667 0.592250 0.391667 0.587000 0.390333 0.582250 0.388333 0.579500
0 0.606667 0.554250 0.602667 0.554250 0.599333 0.555250 0.597000 0.557000 0.595000 0.560000 0.594000 0.564250 0.594000 0.572500 0.595667 0.575500 0.598333 0.577000 0.601000 0.577000 0.604667 0.575500 0.608000 0.572750 0.610333 0.568250 0.611000 0.559750 0.609333 0.555750
0 0.560000 0.564750 0.557000 0.566000 0.551667 0.571500 0.549333 0.576000 0.548000 0.580500 0.548333 0.584500 0.550000 0.587500 0.551667 0.588750 0.556000 0.589750 0.558667 0.589250 0.561000 0.588000 0.565000 0.582500 0.567333 0.576250 0.567667 0.572750 0.566000 0.567750 0.564000 0.565500
0 0.524667 0.575500 0.524000 0.576750 0.524667 0.582000 0.532333 0.589500 0.534000 0.590500 0.537667 0.590500 0.541667 0.588750 0.542000 0.587000 0.540667 0.584000 0.537667 0.580750 0.531000 0.577250 0.529333 0.575750 0.527333 0.575250
0 0.541667 0.587250 0.538667 0.587750 0.533000 0.591750 0.530667 0.595000 0.527000 0.603750 0.527667 0.610500 0.529333 0.612750 0.532667 0.614000 0.537000 0.613750 0.541667 0.612000 0.544667 0.609500 0.546000 0.607000 0.548000 0.598500 0.548000 0.594500 0.546000 0.589500
0 0.536000 0.634500 0.536333 0.638000 0.538000 0.639750 0.541333 0.641250 0.547333 0.642250 0.560667 0.639500 0.564333 0.635500 0.564333 0.633750 0.562333 0.630750 0.560000 0.629250 0.555000 0.628500 0.545333 0.629000 0.540333 0.631000
0 0.594333 0.631250 0.594333 0.634750 0.595000 0.635750 0.598000 0.638000 0.601000 0.639250 0.610000 0.640750 0.617333 0.641000 0.620667 0.640250 0.622333 0.638750 0.622333 0.634250 0.619000 0.632500 0.604000 0.630250 0.595333 0.630250
0 0.498667 0.642250 0.497333 0.642250 0.493667 0.644000 0.486000 0.650500 0.484667 0.653250 0.484000 0.657250 0.484333 0.659250 0.485667 0.660750 0.487333 0.661000 0.491000 0.660250 0.498667 0.655250 0.500667 0.652000 0.502000 0.647500 0.501667 0.644750
0 0.473000 0.617500 0.470000 0.618250 0.468333 0.620000 0.465333 0.626000 0.465000 0.631000 0.465667 0.635000 0.468000 0.639000 0.470333 0.640500 0.474333 0.640750 0.478000 0.638750 0.481000 0.635500 0.482333 0.631750 0.482333 0.629250 0.481000 0.623000 0.478667 0.619250 0.475333 0.617500
0 0.406667 0.642500 0.404667 0.643000 0.400667 0.647000 0.399667 0.652000 0.399667 0.658750 0.400667 0.662250 0.403667 0.666250 0.407000 0.668250 0.409333 0.668250 0.412667 0.666500 0.416333 0.661500 0.417333 0.659250 0.416667 0.650500 0.413333 0.644500 0.411667 0.643000
