0 0.478000 0.267000 0.474333 0.270000 0.471333 0.275250 0.471333 0.284000 0.472333 0.287250 0.475667 0.291750 0.478667 0.293750 0.483000 0.294000 0.487000 0.291500 0.489667 0.287000 0.490333 0.283750 0.489667 0.276500 0.487333 0.271750 0.484000 0.268000 0.481667 0.267000
0 0.337333 0.303250 0.336333 0.305250 0.336333 0.307250 0.337333 0.308750 0.341333 0.311750 0.347000 0.314750 0.353000 0.316750 0.358000 0.316750 0.362000 0.316000 0.364667 0.314500 0.364667 0.309750 0.361333 0.306750 0.358333 0.305250 0.353000 0.303750 0.342000 0.302250
0 0.429667 0.320000 0.425000 0.321250 0.422667 0.323500 0.421333 0.328250 0.421333 0.337750 0.422667 0.342500 0.425667 0.345750 0.428333 0.347250 0.432333 0.348000 0.436333 0.346500 0.439333 0.342000 0.440333 0.339000 0.440333 0.334250 0.439667 0.330500 0.436333 0.322250 0.433000 0.320250
0 0.463667 0.337250 0.459667 0.338250 0.455333 0.342500 0.450667 0.352250 0.450333 0.358000 0.452667 0.362000 0.454667 0.363250 0.458333 0.363250 0.461667 0.362000 0.465000 0.359500 0.467333 0.355750 0.469333 0.346500 0.469000 0.341500 0.467333 0.338500
0 0.529333 0.340500 0.525333 0.345250 0.524000 0.354000 0.525000 0.358250 0.527667 0.362000 0.529667 0.363250 0.533000 0.363250 0.535333 0.361750 0.537667 0.358250 0.538667 0.353250 0.538333 0.349000 0.537333 0.345000 0.534667 0.341500 0.533000 0.340500
0 0.501333 0.372000 0.498333 0.374000 0.497000 0.375750 0.496667 0.382250 0.501000 0.392000 0.504333 0.394750 0.506667 0.395250 0.510000 0.394500 0.512333 0.392500 0.513000 0.384250 0.509000 0.376000 0.505333 0.372750
0 0.471333 0.392000 0.466000 0.391750 0.462333 0.392250 0.455333 0.396000 0.451000 0.399750 0.449333 0.403000 0.449333 0.405750 0.451333 0.408500 0.456667 0.408750 0.459667 0.408250 0.466333 0.406250 0.468667 0.405000 0.472333 0.401500 0.473333 0.399500 0.473667 0.396500 0.472667 0.393500
0 0.435333 0.406250 0.433000 0.407500 0.431000 0.410500 0.429667 0.416250 0.429667 0.423250 0.431333 0.428250 0.435667 0.430750 0.439000 0.430750 0.442333 0.428750 0.444333 0.426000 0.445333 0.421750 0.445333 0.414250 0.443333 0.407500 0.440000 0.406250
0 0.432000 0.433000 0.429667 0.434750 0.427667 0.438750 0.428000 0.444500 0.431000 0.450750 0.435667 0.453500 0.439333 0.453500 0.443000 0.452250 0.444000 0.451000 0.444667 0.448000 0.444000 0.439750 0.443333 0.438250 0.439667 0.434500 0.435333 0.432750
0 0.486333 0.413500 0.482667 0.415500 0.480667 0.418750 0.479667 0.423750 0.480000 0.427500 0.482000 0.433250 0.483667 0.435500 0.485667 0.436750 0.490000 0.436750 0.492667 0.435000 0.495333 0.430750 0.496000 0.428500 0.496000 0.422750 0.494667 0.418750 0.492000 0.415000 0.490000 0.413750
0 0.414333 0.448250 0.411667 0.449000 0.408667 0.450750 0.407333 0.452750 0.406333 0.456250 0.405667 0.464000 0.407000 0.468750 0.410667 0.473750 0.413000 0.475250 0.417333 0.475500 0.420000 0.474000 0.423667 0.466750 0.424333 0.458000 0.423667 0.454500 0.420667 0.449750 0.417000 0.448250
0 0.372667 0.470750 0.369333 0.470500 0.367667 0.471000 0.364333 0.473750 0.360667 0.478750 0.360000 0.484250 0.360333 0.491000 0.361667 0.494000 0.364667 0.496000 0.369667 0.495250 0.373667 0.492500 0.375667 0.489750 0.377000 0.486000 0.377333 0.479500 0.376667 0.476500 0.374000 0.471500
0 0.326000 0.427250 0.321667 0.428000 0.317667 0.431000 0.313667 0.438500 0.313667 0.447000 0.315667 0.450750 0.318000 0.452500 0.322667 0.452500 0.324667 0.451750 0.327000 0.450000 0.332333 0.442500 0.333333 0.438250 0.333000 0.432000 0.330000 0.428750
0 0.365333 0.373500 0.361667 0.374500 0.360667 0.375750 0.360000 0.379500 0.360333 0.388500 0.363333 0.393250 0.367667 0.396000 0.369667 0.396250 0.373000 0.394250 0.374000 0.392500 0.375000 0.387000 0.374667 0.379500 0.373667 0.376000 0.372000 0.374750 0.369333 0.373750
0 0.347667 0.369000 0.342000 0.369000 0.337667 0.371250 0.331667 0.377750 0.330000 0.381000 0.329333 0.386000 0.330333 0.389000 0.334000 0.391500 0.341333 0.391000 0.344000 0.389250 0.349000 0.380750 0.350667 0.375500 0.350333 0.371250 0.349333 0.369750
0 0.374000 0.349500 0.369667 0.350000 0.365333 0.351750 0.361667 0.354000 0.359667 0.356500 0.357667 0.361500 0.357667 0.365500 0.359000 0.367500 0.362000 0.369250 0.365667 0.369500 0.372000 0.366500 0.374333 0.364500 0.375667 0.361750 0.377667 0.353000 0.376667 0.351000
0 0.385000 0.351500 0.381667 0.353250 0.380000 0.356500 0.380000 0.366000 0.383667 0.374250 0.389000 0.377500 0.393333 0.377750 0.396333 0.376250 0.398333 0.372500 0.398667 0.367750 0.397667 0.362250 0.394333 0.356500 0.391333 0.353500 0.388333 0.351750
0 0.410667 0.355750 0.407333 0.357000 0.405333 0.361500 0.404333 0.368500 0.405000 0.373000 0.406667 0.377250 0.409667 0.380250 0.413333 0.381500 0.416667 0.381500 0.419333 0.380000 0.420667 0.377750 0.421333 0.373750 0.420667 0.365250 0.419333 0.361250 0.416333 0.358000 0.412667 0.355750
0 0.260667 0.459000 0.255000 0.459250 0.250333 0.462250 0.247000 0.466750 0.245667 0.470250 0.246000 0.474000 0.247000 0.475250 0.249333 0.475500 0.252333 0.474500 0.256667 0.472000 0.261000 0.467750 0.263000 0.463750 0.263000 0.462000 0.262000 0.460000
0 0.349333 0.506750 0.346000 0.506750 0.342667 0.508500 0.338000 0.513250 0.336333 0.516500 0.336000 0.525500 0.337667 0.528500 0.340667 0.530250 0.343000 0.530250 0.346000 0.529250 0.350000 0.526500 0.353000 0.520750 0.353667 0.514750 0.352667 0.509750
0 0.415000 0.519500 0.411667 0.520250 0.408000 0.524250 0.407333 0.531250 0.408333 0.536500 0.411333 0.541000 0.415333 0.543250 0.420000 0.542750 0.422333 0.540250 0.423667 0.537250 0.424000 0.532500 0.422333 0.525500 0.420333 0.522250 0.417667 0.520250
0 0.415333 0.555500 0.411333 0.557250 0.408667 0.561000 0.407667 0.564500 0.408000 0.572750 0.410667 0.579250 0.412667 0.581250 0.415333 0.582500 0.417000 0.582500 0.420667 0.580750 0.424667 0.575250 0.425667 0.572250 0.425667 0.567250 0.424667 0.563250 0.421000 0.557000 0.419667 0.556000
0 0.496000 0.566750 0.494000 0.564750 0.489333 0.563750 0.484333 0.563750 0.476667 0.564750 0.471000 0.566750 0.466333 0.570250 0.465000 0.571750 0.465333 0.576000 0.466333 0.577000 0.472667 0.579000 0.482333 0.578750 0.489333 0.577500 0.496000 0.572750 0.496667 0.570000
0 0.510000 0.572250 0.505667 0.572500 0.501667 0.575250 0.497333 0.583250 0.496000 0.587250 0.496000 0.594750 0.497000 0.597000 0.498667 0.598250 0.502667 0.598750 0.507333 0.596250 0.511667 0.592000 0.513000 0.589250 0.513667 0.585750 0.513667 0.576000 0.512000 0.573500
0 0.415333 0.608500 0.411667 0.609250 0.409000 0.612000 0.408000 0.615000 0.408333 0.619750 0.410667 0.624750 0.415333 0.630250 0.420333 0.631750 0.423667 0.630500 0.426667 0.627500 0.427000 0.619500 0.425000 0.614500 0.422333 0.610750 0.419667 0.609000
0 0.343333 0.594250 0.340000 0.594500 0.337000 0.595750 0.334333 0.603000 0.334333 0.608750 0.335333 0.612500 0.337000 0.615500 0.341000 0.617000 0.343667 0.616250 0.348000 0.612500 0.349333 0.610500 0.350667 0.605750 0.350667 0.600500 0.349667 0.597250 0.347333 0.595000
0 0.325333 0.565000 0.324333 0.569000 0.326000 0.572000 0.328667 0.574250 0.333000 0.576000 0.341000 0.577250 0.347333 0.577000 0.354000 0.575250 0.357000 0.573000 0.357333 0.571500 0.356333 0.567750 0.350667 0.563750 0.343333 0.562500 0.337000 0.562250 0.329667 0.563000
0 0.307000 0.585000 0.302000 0.585250 0.298333 0.587250 0.294000 0.595000 0.294000 0.604000 0.296333 0.608000 0.299333 0.609500 0.303667 0.609250 0.307333 0.607000 0.311333 0.601750 0.312333 0.599250 0.312667 0.592000 0.311667 0.588500 0.310333 0.586500
0 0.260333 0.634000 0.256333 0.634250 0.254000 0.635500 0.251000 0.639000 0.249667 0.643250 0.249000 0.650000 0.250000 0.654250 0.252333 0.658000 0.255333 0.659500 0.260333 0.659000 0.263667 0.657000 0.265333 0.654500 0.266333 0.651000 0.267000 0.642250 0.266000 0.638500 0.263667 0.635250
0 0.172667 0.619500 0.170667 0.622500 0.173000 0.627750 0.181333 0.633500 0.189000 0.637000 0.196667 0.637000 0.201333 0.635000 0.201667 0.630000 0.200000 0.627500 0.197333 0.625500 0.187333 0.621250 0.181000 0.619250 0.176667 0.618750
0 0.314000 0.642000 0.312667 0.642750 0.310333 0.646000 0.310333 0.650500 0.311667 0.654500 0.314667 0.659500 0.318667 0.663000 0.322333 0.664500 0.327000 0.664750 0.330667 0.663000 0.332333 0.659000 0.332000 0.654250 0.330667 0.650000 0.323000 0.642250 0.319667 0.641500
0 0.358000 0.625500 0.356333 0.624750 0.352000 0.624750 0.344000 0.626750 0.333667 0.634000 0.332667 0.637750 0.333667 0.640250 0.337000 0.641750 0.339000 0.641750 0.350000 0.638500 0.358000 0.631750 0.358667 0.629250 0.358667 0.626500
0 0.400000 0.667250 0.396000 0.666750 0.391667 0.668250 0.384667 0.673750 0.380667 0.682000 0.381333 0.688750 0.384000 0.691000 0.387333 0.691250 0.389667 0.690750 0.396667 0.686000 0.401000 0.678500 0.402000 0.675250 0.402000 0.669500
0 0.462667 0.601250 0.459333 0.601000 0.454333 0.602500 0.449667 0.609000 0.448000 0.614750 0.448333 0.619750 0.450333 0.623250 0.452333 0.624250 0.456667 0.624500 0.460000 0.623750 0.464667 0.620250 0.468333 0.615750 0.468667 0.606500 0.468000 0.604500 0.466667 0.602750
0 0.478333 0.615000 0.475333 0.619000 0.475667 0.627500 0.478000 0.633250 0.482333 0.635500 0.483333 0.635000 0.486000 0.630500 0.486667 0.626250 0.484667 0.618500 0.483000 0.616000 0.481667 0.615250
0 0.393333 0.728250 0.389667 0.728750 0.387333 0.730000 0.385000 0.732250 0.382667 0.736500 0.382000 0.740500 0.382667 0.748500 0.385000 0.751250 0.388000 0.752250 0.389667 0.752000 0.394333 0.748750 0.396333 0.745750 0.398000 0.740500 0.398333 0.734750 0.397667 0.731500 0.396333 0.729500
