0 0.565000 0.336250 0.559333 0.336000 0.554333 0.337250 0.545333 0.344000 0.541000 0.346500 0.540000 0.348500 0.540000 0.350750 0.541333 0.353500 0.542667 0.354500 0.546333 0.356000 0.552667 0.355500 0.562333 0.350000 0.565333 0.345750 0.566333 0.342750 0.566667 0.338250
0 0.577333 0.328750 0.574000 0.329500 0.570667 0.332500 0.567333 0.338000 0.566333 0.344750 0.566667 0.348750 0.568333 0.354250 0.571000 0.356750 0.575000 0.358000 0.577333 0.357750 0.581333 0.355000 0.584667 0.349250 0.586000 0.342500 0.585667 0.336750 0.584667 0.334000 0.581000 0.329500
0 0.427667 0.374750 0.423667 0.375000 0.420667 0.376250 0.416333 0.380000 0.413000 0.384750 0.411333 0.389250 0.411000 0.393250 0.412333 0.396750 0.415333 0.398250 0.420333 0.398500 0.423000 0.397500 0.427333 0.394000 0.428667 0.392000 0.431000 0.385000 0.431333 0.379750 0.430000 0.376250
0 0.467333 0.344500 0.462667 0.344750 0.459333 0.346000 0.455333 0.349500 0.453000 0.353000 0.451000 0.359750 0.451000 0.364750 0.451667 0.366000 0.455000 0.368250 0.459333 0.368250 0.462667 0.366500 0.467333 0.361250 0.470667 0.351250 0.470333 0.346250
0 0.521333 0.381500 0.518667 0.383250 0.517333 0.387000 0.517333 0.390500 0.519333 0.397500 0.524000 0.405250 0.525333 0.406250 0.528667 0.407500 0.533333 0.407250 0.535333 0.406000 0.536667 0.402250 0.534667 0.391750 0.530000 0.384500 0.525667 0.382250
0 0.553333 0.415500 0.551000 0.415500 0.548333 0.416500 0.543000 0.423500 0.542667 0.433000 0.543333 0.436250 0.545000 0.438750 0.549667 0.438500 0.552333 0.437500 0.554333 0.435500 0.556667 0.426750 0.556667 0.422500 0.556000 0.419250
0 0.536333 0.421250 0.532667 0.421250 0.529333 0.422750 0.524667 0.428750 0.523333 0.432000 0.523000 0.436000 0.524667 0.442000 0.526333 0.443250 0.529333 0.443750 0.531667 0.443000 0.536667 0.439750 0.538000 0.438000 0.539667 0.432250 0.539667 0.426500 0.539000 0.423500 0.538000 0.422000
0 0.505333 0.429250 0.501667 0.432000 0.500667 0.434750 0.500333 0.440250 0.501000 0.447000 0.503000 0.450750 0.505333 0.452500 0.510667 0.453000 0.513667 0.452000 0.515000 0.450500 0.517000 0.444000 0.517000 0.438750 0.514000 0.431500 0.510000 0.429250
0 0.444667 0.395500 0.443000 0.395500 0.438667 0.398500 0.437000 0.400500 0.433333 0.408250 0.432667 0.411500 0.433333 0.416250 0.435333 0.419000 0.438667 0.420750 0.443667 0.420500 0.448667 0.416000 0.452000 0.410750 0.452667 0.404500 0.451667 0.400250 0.448000 0.396500
0 0.336000 0.613000 0.333000 0.613750 0.329000 0.618250 0.327667 0.624250 0.327667 0.630500 0.329333 0.635250 0.333000 0.639250 0.334333 0.640000 0.339000 0.640250 0.342333 0.638750 0.345000 0.634750 0.346667 0.630750 0.347333 0.625000 0.346333 0.619750 0.342667 0.614250 0.341333 0.613500
0 0.287333 0.550500 0.283000 0.552750 0.281667 0.555250 0.281667 0.564500 0.283667 0.569750 0.287667 0.572750 0.291667 0.573250 0.294333 0.571250 0.296333 0.568000 0.297000 0.560750 0.296000 0.556500 0.294667 0.554250 0.291000 0.551250
0 0.264000 0.604500 0.260000 0.607750 0.259000 0.613500 0.259333 0.618750 0.260667 0.622750 0.266333 0.627750 0.269333 0.628000 0.272667 0.626500 0.274000 0.623750 0.274333 0.616000 0.273667 0.611250 0.272333 0.607250 0.270000 0.605250 0.268333 0.604500
0 0.496333 0.745250 0.493000 0.745250 0.489333 0.746500 0.487000 0.748500 0.485333 0.751750 0.484333 0.757500 0.484667 0.763500 0.486333 0.767250 0.489667 0.768750 0.492667 0.767750 0.497333 0.764500 0.499667 0.760500 0.500667 0.755750 0.500333 0.748500 0.498667 0.746000
0 0.493000 0.717750 0.490000 0.718500 0.488333 0.720250 0.487000 0.729500 0.488000 0.733500 0.489667 0.736500 0.493667 0.738250 0.497667 0.737750 0.499000 0.736500 0.501000 0.732250 0.501000 0.728250 0.498667 0.719500 0.496667 0.718250
0 0.473000 0.714250 0.470000 0.714250 0.466333 0.715750 0.463333 0.722250 0.462333 0.726500 0.462333 0.730000 0.463333 0.733500 0.466333 0.738250 0.470000 0.740750 0.471333 0.740750 0.475667 0.738250 0.479333 0.732750 0.480000 0.730000 0.480000 0.721500 0.479333 0.719000 0.475333 0.715250
0 0.459333 0.692250 0.458000 0.693750 0.457333 0.698000 0.461333 0.703250 0.470333 0.709750 0.478667 0.710750 0.480333 0.710000 0.481333 0.708500 0.481333 0.704500 0.476000 0.697000 0.467333 0.692000 0.462000 0.691500
0 0.454333 0.701000 0.451333 0.700500 0.447000 0.702750 0.444333 0.705000 0.439667 0.711750 0.439000 0.717000 0.440333 0.720500 0.442333 0.721750 0.447000 0.721500 0.450667 0.719750 0.456000 0.712500 0.457333 0.708500 0.457333 0.704250 0.455667 0.701750
0 0.401000 0.732500 0.399667 0.733000 0.397333 0.736250 0.396333 0.740500 0.396667 0.745000 0.398000 0.749000 0.399667 0.751500 0.404000 0.753000 0.405667 0.752500 0.409667 0.748750 0.410333 0.742750 0.407667 0.735500 0.405000 0.732750
0 0.458333 0.649000 0.455667 0.648000 0.451667 0.649000 0.446333 0.651750 0.443000 0.655000 0.439333 0.656750 0.437000 0.662500 0.437000 0.666500 0.439000 0.668750 0.443333 0.669000 0.450000 0.665750 0.452667 0.663750 0.458667 0.655000 0.459000 0.649750
0 0.454333 0.631000 0.452667 0.630500 0.447333 0.630750 0.440333 0.635000 0.438667 0.637500 0.437667 0.641500 0.437667 0.644750 0.438667 0.647500 0.439667 0.648000 0.444000 0.647500 0.449667 0.644250 0.453000 0.641250 0.455000 0.638750 0.456000 0.635500 0.455667 0.633000
0 0.466333 0.618500 0.463000 0.621500 0.462000 0.623500 0.461667 0.629250 0.462333 0.633250 0.463667 0.636000 0.468333 0.641000 0.470333 0.642500 0.474333 0.642500 0.477000 0.639750 0.479000 0.635750 0.479000 0.629500 0.476667 0.623000 0.474333 0.619500 0.471000 0.618500
0 0.510000 0.674500 0.507000 0.676750 0.505000 0.680250 0.504667 0.683250 0.505667 0.689250 0.509000 0.695250 0.513000 0.698500 0.517000 0.699000 0.520333 0.696750 0.522333 0.693750 0.522667 0.687000 0.522000 0.684250 0.520333 0.680750 0.515333 0.675500 0.513333 0.674250
0 0.541000 0.664250 0.537333 0.664250 0.535000 0.665500 0.532667 0.671000 0.533000 0.680250 0.534000 0.682500 0.536667 0.685250 0.540333 0.685000 0.542333 0.683750 0.544667 0.681250 0.546000 0.677500 0.545333 0.669500 0.543333 0.665750
0 0.561333 0.639750 0.559667 0.640000 0.556000 0.642250 0.554000 0.649000 0.554000 0.652500 0.555000 0.656000 0.557000 0.658250 0.560000 0.659250 0.562667 0.658750 0.566000 0.656750 0.567667 0.655000 0.568667 0.652000 0.568667 0.646750 0.567333 0.643000 0.565000 0.640750
0 0.580333 0.662250 0.576667 0.662250 0.573000 0.664500 0.571667 0.666000 0.570667 0.669000 0.571333 0.678250 0.572667 0.680000 0.575667 0.681250 0.580000 0.680000 0.581667 0.678750 0.584667 0.674250 0.584667 0.665500
0 0.576333 0.683750 0.574667 0.685500 0.575333 0.689500 0.579667 0.699250 0.583333 0.703000 0.587000 0.703000 0.588667 0.702000 0.589667 0.698250 0.589667 0.693500 0.588667 0.689750 0.587667 0.688500 0.581000 0.684500
0 0.575333 0.701250 0.572667 0.702500 0.571333 0.704750 0.571667 0.711500 0.575000 0.716500 0.578333 0.718250 0.581000 0.718500 0.583667 0.717250 0.584667 0.715250 0.584667 0.706750 0.583667 0.704750 0.581667 0.703250 0.577000 0.701250
0 0.489667 0.615000 0.485333 0.617500 0.483333 0.620000 0.482000 0.623500 0.482333 0.627500 0.485333 0.635250 0.487667 0.638250 0.489667 0.639500 0.493667 0.639500 0.497667 0.637750 0.499333 0.635000 0.500000 0.630750 0.499667 0.624500 0.498333 0.620500 0.496000 0.617500 0.491667 0.615250
0 0.508667 0.596000 0.505667 0.596750 0.502667 0.600000 0.502000 0.602250 0.502333 0.608500 0.503333 0.612000 0.505667 0.616000 0.509333 0.618500 0.513667 0.619250 0.517667 0.616750 0.519000 0.614750 0.519667 0.610750 0.518333 0.604000 0.514667 0.598000 0.511333 0.596250
0 0.538000 0.587750 0.536000 0.588000 0.532667 0.589500 0.528667 0.594500 0.527000 0.600250 0.527667 0.607500 0.528667 0.609250 0.532667 0.611750 0.535667 0.611500 0.538000 0.610500 0.542667 0.604750 0.544667 0.599500 0.544667 0.594500 0.543667 0.591250 0.541667 0.588750
0 0.560667 0.598250 0.557333 0.598750 0.555667 0.599750 0.552667 0.603250 0.551667 0.606750 0.551667 0.613000 0.553000 0.618250 0.555667 0.622000 0.558333 0.623000 0.561333 0.622750 0.563333 0.620500 0.565333 0.616250 0.566333 0.612000 0.565333 0.602750
0 0.600667 0.587500 0.598333 0.588250 0.595333 0.592250 0.594667 0.594750 0.594667 0.605250 0.595333 0.608000 0.598333 0.612250 0.602667 0.614500 0.605000 0.614500 0.608333 0.613000 0.610667 0.608250 0.611333 0.604250 0.611000 0.597750 0.607333 0.589500 0.603667 0.587500
0 0.580333 0.573250 0.578333 0.574500 0.576333 0.577000 0.575333 0.579750 0.575333 0.584250 0.578333 0.593000 0.580667 0.595000 0.582667 0.595750 0.584667 0.595750 0.588667 0.591750 0.589333 0.583250 0.588333 0.579750 0.583667 0.574000
0 0.428333 0.570000 0.423667 0.570500 0.420667 0.572500 0.416000 0.579750 0.415333 0.582750 0.416000 0.587250 0.417000 0.588750 0.419667 0.590500 0.423333 0.590250 0.425667 0.589250 0.430333 0.584750 0.432667 0.580750 0.433000 0.575000 0.432333 0.572500 0.431000 0.571000
0 0.488000 0.595500 0.487333 0.594250 0.482333 0.591250 0.478333 0.591000 0.470667 0.591750 0.457667 0.595000 0.455667 0.596750 0.455000 0.600250 0.459000 0.604000 0.462000 0.605250 0.470000 0.605250 0.483667 0.601250 0.487000 0.599000
0 0.491000 0.565750 0.489333 0.566000 0.486667 0.567750 0.484000 0.572250 0.483000 0.576250 0.483667 0.585000 0.485333 0.588000 0.488333 0.589250 0.491000 0.589000 0.495000 0.585750 0.498000 0.580750 0.498667 0.578000 0.498333 0.570500 0.497000 0.568500 0.494667 0.566750
0 0.505667 0.566250 0.503333 0.568250 0.501667 0.571500 0.501667 0.578250 0.505667 0.584250 0.510000 0.587250 0.514333 0.587750 0.517000 0.586500 0.519333 0.584250 0.519667 0.579750 0.518333 0.576000 0.513333 0.568000 0.509333 0.566500
0 0.533667 0.564000 0.532333 0.565000 0.531667 0.567250 0.531667 0.572500 0.532667 0.575750 0.536333 0.580000 0.541000 0.583500 0.544333 0.583500 0.546000 0.582500 0.547333 0.580000 0.547000 0.575750 0.545667 0.571500 0.540333 0.564750 0.537667 0.563750
0 0.577000 0.521750 0.575000 0.522000 0.571000 0.524250 0.568333 0.532500 0.568667 0.536250 0.570333 0.541500 0.572000 0.543500 0.575333 0.544500 0.577000 0.544250 0.580333 0.541750 0.583000 0.537750 0.584000 0.534500 0.583667 0.528750 0.582333 0.525000 0.580667 0.523250
0 0.517667 0.540000 0.513000 0.539750 0.509333 0.540750 0.507000 0.543250 0.504000 0.548250 0.502333 0.554500 0.502333 0.558000 0.503667 0.561750 0.505333 0.563500 0.513333 0.563000 0.516000 0.561000 0.519000 0.557000 0.521000 0.551750 0.521333 0.547000 0.519667 0.541500
0 0.462000 0.529750 0.461333 0.534000 0.462333 0.536750 0.468000 0.541750 0.473000 0.544500 0.478000 0.546000 0.483000 0.546000 0.485000 0.544750 0.486000 0.542750 0.486000 0.539750 0.483000 0.534500 0.481000 0.532750 0.469333 0.529250 0.464000 0.529000
0 0.306333 0.462250 0.304333 0.463750 0.302333 0.467000 0.302000 0.471250 0.303000 0.474750 0.307000 0.482500 0.310333 0.484750 0.315000 0.484750 0.318333 0.482500 0.320000 0.479250 0.319333 0.470750 0.311000 0.462000
0 0.396333 0.457000 0.393333 0.455250 0.391000 0.455250 0.385000 0.456500 0.373333 0.461500 0.371333 0.463250 0.369667 0.466000 0.370000 0.468000 0.372667 0.469750 0.379000 0.469750 0.389333 0.467500 0.396000 0.463000 0.397000 0.460750 0.397000 0.458000
0 0.427667 0.464250 0.424000 0.464750 0.418333 0.469250 0.416333 0.473000 0.415667 0.477250 0.416333 0.482500 0.420333 0.486250 0.424667 0.486500 0.428667 0.484250 0.430000 0.482250 0.431667 0.476500 0.432000 0.472000 0.430667 0.467250
0 0.392000 0.427500 0.389000 0.429250 0.387667 0.431250 0.387333 0.437500 0.388000 0.440750 0.391667 0.447000 0.393000 0.448000 0.397000 0.448500 0.401000 0.446250 0.402333 0.444000 0.402333 0.435250 0.400000 0.430500 0.396667 0.428250
0 0.584667 0.460250 0.583333 0.460000 0.580667 0.460750 0.578000 0.462500 0.575667 0.466500 0.572333 0.470000 0.571000 0.475500 0.571000 0.480000 0.572667 0.483000 0.575000 0.483500 0.580333 0.483250 0.584000 0.479000 0.585667 0.475000 0.587000 0.467750 0.586333 0.462500
0 0.563667 0.448500 0.560667 0.450000 0.559667 0.452000 0.559333 0.455500 0.560667 0.459250 0.559000 0.461750 0.559000 0.463250 0.563000 0.471750 0.564667 0.473250 0.568000 0.473500 0.569333 0.472750 0.572667 0.466750 0.573333 0.463750 0.573000 0.458500 0.571667 0.455000 0.568667 0.450750 0.565000 0.448500
0 0.546667 0.460500 0.544667 0.461750 0.544333 0.464500 0.547667 0.475500 0.554333 0.482250 0.556000 0.483000 0.559667 0.482750 0.561333 0.481750 0.562333 0.479500 0.562000 0.474000 0.560333 0.469750 0.555333 0.462500 0.553333 0.461000 0.550333 0.460250
0 0.528667 0.455500 0.525333 0.457250 0.524333 0.459000 0.524667 0.469250 0.525333 0.471500 0.530000 0.478250 0.532333 0.480250 0.534000 0.480500 0.537667 0.479250 0.539667 0.474500 0.540000 0.470250 0.539000 0.462500 0.537667 0.459000 0.536000 0.457500 0.533000 0.456000
