0 0.443333 0.366250 0.441000 0.367750 0.440000 0.369500 0.439333 0.374750 0.439667 0.382000 0.443333 0.389000 0.447667 0.392750 0.451667 0.393500 0.455000 0.391250 0.456667 0.388250 0.457000 0.382000 0.456333 0.376000 0.452333 0.367750 0.451000 0.366750 0.448333 0.366000
0 0.500667 0.462250 0.497000 0.462000 0.494000 0.463250 0.486667 0.469500 0.485667 0.471000 0.484667 0.479500 0.486667 0.483250 0.491000 0.484000 0.497333 0.479500 0.502667 0.468000 0.502333 0.463500
0 0.498667 0.484250 0.497667 0.487000 0.499667 0.490000 0.508333 0.495250 0.517000 0.498500 0.521667 0.498750 0.524667 0.497250 0.525667 0.495000 0.525000 0.492750 0.518667 0.487000 0.514333 0.484500 0.506333 0.482500 0.501333 0.482500
0 0.447667 0.474000 0.444333 0.477250 0.443333 0.480250 0.443333 0.484750 0.446000 0.494500 0.447667 0.497500 0.450667 0.499750 0.454000 0.500750 0.457667 0.500750 0.460333 0.499250 0.462000 0.494750 0.462000 0.488500 0.460667 0.482250 0.458667 0.479000 0.451667 0.473750
0 0.468667 0.516000 0.465667 0.517000 0.463000 0.522000 0.462333 0.530750 0.463000 0.534500 0.464667 0.538000 0.467333 0.541000 0.470333 0.541750 0.474333 0.538750 0.476000 0.535000 0.476333 0.523000 0.474333 0.517000 0.471667 0.516000
0 0.539333 0.521000 0.537333 0.518250 0.534000 0.516750 0.524333 0.515500 0.509667 0.517000 0.506667 0.519000 0.505667 0.520500 0.505667 0.522500 0.507667 0.525750 0.509333 0.527000 0.513667 0.528500 0.520667 0.529750 0.529333 0.529750 0.538000 0.526250 0.539000 0.525000
0 0.423000 0.529500 0.419000 0.531750 0.418000 0.533500 0.417667 0.539250 0.419000 0.544250 0.423333 0.552250 0.426667 0.554000 0.431333 0.554000 0.434000 0.552250 0.435333 0.549000 0.435000 0.539750 0.431667 0.532750 0.428000 0.530250
0 0.400667 0.540250 0.398667 0.541250 0.395667 0.546250 0.394667 0.550750 0.394667 0.557250 0.396000 0.561000 0.398667 0.564750 0.400667 0.566000 0.404667 0.566000 0.407333 0.564250 0.410667 0.560250 0.411333 0.558000 0.410667 0.549250 0.409333 0.546000 0.405000 0.540250
0 0.483000 0.546500 0.481333 0.545500 0.478667 0.545250 0.470000 0.547500 0.466000 0.551750 0.459667 0.557000 0.458333 0.559500 0.458333 0.561250 0.462000 0.563000 0.464667 0.563000 0.473667 0.560000 0.482000 0.553500 0.483333 0.550500
0 0.540667 0.545250 0.536333 0.545500 0.533333 0.547500 0.529667 0.557000 0.529667 0.561750 0.532667 0.569000 0.536000 0.570000 0.538333 0.569750 0.542000 0.567250 0.544667 0.564500 0.546000 0.561000 0.546000 0.553750 0.545000 0.549250 0.543333 0.547000
0 0.556667 0.545250 0.552000 0.548500 0.550667 0.556000 0.551000 0.561000 0.552000 0.565250 0.555000 0.569500 0.560333 0.571000 0.564000 0.568500 0.566000 0.565500 0.567667 0.560250 0.567333 0.556000 0.564333 0.548250 0.561000 0.545500
0 0.541667 0.575750 0.541333 0.577000 0.542667 0.580750 0.549000 0.585250 0.556667 0.588000 0.561333 0.588500 0.565333 0.589750 0.568333 0.589750 0.569667 0.588750 0.570667 0.583750 0.569000 0.580750 0.560667 0.576000 0.552333 0.573750 0.545000 0.573750
0 0.564333 0.592000 0.558333 0.592000 0.556333 0.592500 0.553667 0.594750 0.552000 0.598750 0.552000 0.604500 0.554333 0.611250 0.557000 0.614000 0.560000 0.614750 0.563333 0.613750 0.566000 0.612000 0.568000 0.607250 0.568000 0.597250 0.566667 0.594000
0 0.427000 0.581750 0.423333 0.583500 0.419333 0.588750 0.418667 0.593250 0.419667 0.598750 0.423000 0.605250 0.426667 0.607000 0.429000 0.607000 0.434000 0.605000 0.436000 0.603000 0.437333 0.599500 0.437667 0.591500 0.437000 0.587750 0.435000 0.584500 0.431000 0.582250
0 0.474333 0.597250 0.470667 0.598250 0.467000 0.602250 0.464667 0.609000 0.464667 0.615000 0.466333 0.620000 0.470333 0.623750 0.475000 0.624000 0.478333 0.620000 0.480333 0.614750 0.481000 0.609750 0.480333 0.602500 0.478333 0.599750
0 0.371000 0.602750 0.371000 0.607750 0.373667 0.611250 0.376667 0.613750 0.384000 0.616000 0.388333 0.616000 0.390667 0.615000 0.392333 0.612750 0.392667 0.610750 0.390000 0.606000 0.388333 0.604500 0.384667 0.602750 0.378000 0.601500 0.373000 0.601500
0 0.479333 0.626500 0.478000 0.625750 0.471667 0.625500 0.466667 0.626000 0.461667 0.627500 0.455667 0.630750 0.450000 0.634750 0.447333 0.638000 0.447333 0.639750 0.448333 0.641250 0.451000 0.643000 0.456333 0.643250 0.459667 0.643000 0.462333 0.641750 0.466667 0.640750 0.479333 0.631500
0 0.481000 0.638000 0.477667 0.637500 0.474000 0.639250 0.470333 0.640000 0.463333 0.645250 0.459667 0.649500 0.457667 0.653750 0.458000 0.658000 0.459333 0.659500 0.462333 0.660250 0.466333 0.659750 0.470333 0.657000 0.474333 0.655250 0.478000 0.649750 0.480333 0.647500 0.482333 0.643500 0.482333 0.639250
0 0.489333 0.636250 0.486000 0.638000 0.485000 0.642000 0.485667 0.646500 0.490000 0.654250 0.493333 0.656250 0.497667 0.657750 0.501667 0.657000 0.504667 0.654750 0.505000 0.650250 0.501333 0.642500 0.497000 0.638000 0.493333 0.636500
0 0.504000 0.638000 0.504000 0.640000 0.505333 0.643000 0.509333 0.647000 0.514333 0.650750 0.524333 0.653750 0.529000 0.653750 0.533667 0.651500 0.534000 0.649000 0.530333 0.641750 0.522333 0.637500 0.514000 0.635000 0.509000 0.635000 0.506000 0.636000
0 0.521000 0.660000 0.517000 0.660000 0.515000 0.661250 0.512000 0.664500 0.509000 0.670000 0.508333 0.672500 0.508667 0.681250 0.510000 0.683750 0.513000 0.686250 0.515000 0.686250 0.521000 0.683750 0.522333 0.682000 0.524667 0.675750 0.525667 0.670750 0.525333 0.665750 0.523667 0.662250
0 0.473333 0.658250 0.471000 0.658750 0.469667 0.659750 0.466667 0.663500 0.466000 0.665000 0.466000 0.670000 0.466667 0.674500 0.469333 0.679250 0.474000 0.682250 0.475333 0.682250 0.479333 0.680500 0.481667 0.677500 0.482333 0.674500 0.482000 0.666500 0.479000 0.660500 0.475333 0.658500
0 0.394000 0.668250 0.391667 0.668000 0.389333 0.668500 0.384000 0.672000 0.378667 0.680750 0.377667 0.689500 0.379000 0.691750 0.381000 0.693250 0.385000 0.693250 0.388000 0.691750 0.395000 0.685500 0.397333 0.678000 0.397333 0.672250 0.396000 0.669250
0 0.434000 0.704500 0.431000 0.704250 0.427333 0.705500 0.423333 0.708750 0.419333 0.714750 0.418000 0.719750 0.418000 0.725000 0.420667 0.729500 0.423667 0.731250 0.428333 0.731000 0.435333 0.725000 0.436667 0.722500 0.438000 0.717750 0.438000 0.710500 0.436000 0.705250
0 0.493333 0.704500 0.491000 0.705500 0.489000 0.707750 0.488333 0.712500 0.492000 0.721000 0.494333 0.724500 0.497333 0.726750 0.499000 0.727000 0.503000 0.725500 0.504667 0.720000 0.502333 0.713250 0.498667 0.706000 0.495333 0.704500
0 0.521333 0.687250 0.517333 0.687250 0.514000 0.689250 0.509000 0.696750 0.508333 0.705750 0.509333 0.708500 0.513000 0.710250 0.514333 0.710250 0.517333 0.709000 0.521333 0.705750 0.522667 0.703250 0.524000 0.697000 0.524000 0.692750 0.523000 0.688750
0 0.532667 0.680750 0.530000 0.682250 0.528333 0.686500 0.529667 0.700750 0.531667 0.704750 0.534000 0.705500 0.537000 0.705000 0.539333 0.701500 0.540000 0.698250 0.540000 0.688250 0.539333 0.685000 0.537667 0.682000 0.536667 0.681250
0 0.560667 0.680000 0.558333 0.681250 0.556000 0.685250 0.556333 0.694750 0.557000 0.697750 0.559667 0.702500 0.563667 0.704750 0.565667 0.704750 0.568000 0.704000 0.569667 0.701750 0.571000 0.697000 0.571333 0.688750 0.570667 0.685750 0.568333 0.681750 0.564000 0.680000
0 0.522000 0.718750 0.518667 0.718750 0.516333 0.719500 0.514000 0.721250 0.510333 0.727250 0.509333 0.731250 0.509333 0.736750 0.511333 0.739500 0.513667 0.740750 0.517667 0.739750 0.521667 0.737000 0.525333 0.730000 0.526333 0.726500 0.526000 0.722000 0.525333 0.720500
0 0.541667 0.751500 0.538000 0.752000 0.536000 0.753000 0.532667 0.756000 0.530667 0.760000 0.529667 0.766000 0.529667 0.771500 0.532000 0.775750 0.536333 0.777750 0.541000 0.776500 0.545667 0.772250 0.547667 0.764500 0.548000 0.760250 0.546333 0.755250 0.545000 0.753500
0 0.502000 0.778250 0.498333 0.777750 0.493000 0.781500 0.489667 0.787000 0.486333 0.790750 0.485667 0.792750 0.485667 0.799500 0.486667 0.802000 0.489667 0.804250 0.493667 0.804000 0.495667 0.803250 0.499333 0.800000 0.502667 0.794750 0.505667 0.787500 0.506000 0.782500 0.503667 0.779250
