0 0.310667 0.406250 0.309000 0.408500 0.309000 0.413250 0.312333 0.420500 0.323000 0.428000 0.329667 0.430000 0.333333 0.429000 0.334667 0.428000 0.335333 0.426250 0.335333 0.421750 0.332000 0.416000 0.327000 0.410500 0.323333 0.407750 0.316000 0.405750
0 0.332000 0.720250 0.330667 0.719750 0.327000 0.719750 0.321333 0.720500 0.313333 0.726000 0.305667 0.735000 0.305333 0.738750 0.306667 0.741000 0.311333 0.741750 0.316000 0.740750 0.327000 0.735000 0.330000 0.732250 0.333667 0.726000 0.333667 0.722000
0 0.366667 0.734500 0.363000 0.735750 0.361667 0.737250 0.360333 0.742000 0.360667 0.747250 0.363000 0.752000 0.368000 0.758500 0.370000 0.759500 0.373000 0.759500 0.376667 0.755750 0.378333 0.751250 0.378333 0.743750 0.377333 0.740500 0.374333 0.736000 0.370333 0.734500
0 0.373000 0.688750 0.368667 0.688750 0.364000 0.693000 0.360667 0.697750 0.360000 0.709250 0.361333 0.711750 0.364333 0.713500 0.366333 0.713500 0.368333 0.712750 0.372333 0.710000 0.376667 0.701500 0.377333 0.699000 0.376667 0.693250
0 0.548333 0.274500 0.547333 0.277250 0.547333 0.279250 0.548333 0.280750 0.553333 0.282750 0.562333 0.288000 0.568667 0.289500 0.573667 0.289250 0.576667 0.288000 0.577333 0.286750 0.577000 0.282500 0.567000 0.275000 0.558333 0.272500 0.552000 0.272500
0 0.477667 0.328250 0.475000 0.329250 0.473333 0.331500 0.472000 0.336250 0.472333 0.342250 0.473667 0.345750 0.478000 0.350250 0.482333 0.350500 0.487000 0.346750 0.488000 0.343250 0.488000 0.337750 0.487000 0.334250 0.484667 0.330250 0.482667 0.328750
0 0.498000 0.383750 0.496667 0.384500 0.494000 0.389000 0.493333 0.394000 0.494333 0.400250 0.497000 0.405000 0.502667 0.409750 0.506667 0.410000 0.509333 0.409250 0.510667 0.408000 0.513000 0.404000 0.513000 0.399500 0.511333 0.393000 0.507000 0.385750 0.505667 0.384750 0.502000 0.383750
0 0.504333 0.410750 0.501333 0.412000 0.500333 0.414750 0.500000 0.424750 0.501667 0.429250 0.505333 0.432000 0.507667 0.432000 0.510333 0.431250 0.513333 0.428250 0.514000 0.419250 0.511667 0.414250 0.506667 0.410750
0 0.474667 0.414500 0.471000 0.416500 0.469667 0.419250 0.469667 0.427500 0.471667 0.432500 0.475000 0.435750 0.477333 0.436500 0.482667 0.436250 0.484333 0.435000 0.486333 0.431500 0.487000 0.428250 0.486333 0.423000 0.483667 0.417250 0.482000 0.415500 0.479333 0.414500
0 0.569333 0.374500 0.564667 0.374750 0.561667 0.376750 0.559667 0.382250 0.559667 0.389750 0.560667 0.393250 0.563000 0.395750 0.564667 0.396500 0.568000 0.396000 0.569667 0.394750 0.573333 0.384000 0.573667 0.380000 0.573000 0.376750
0 0.567000 0.456250 0.564333 0.457000 0.560667 0.461000 0.560000 0.462500 0.560000 0.467500 0.564000 0.476750 0.567667 0.479500 0.569000 0.479750 0.572000 0.478750 0.576333 0.474500 0.577000 0.472500 0.577000 0.466000 0.576000 0.462250 0.573000 0.458500 0.569000 0.456250
0 0.431667 0.424250 0.428333 0.427000 0.427000 0.430750 0.427667 0.439000 0.430333 0.444000 0.435667 0.448750 0.439667 0.449250 0.443000 0.447250 0.445000 0.443000 0.445000 0.435500 0.444000 0.431500 0.439000 0.426000 0.436000 0.424250
0 0.432000 0.460250 0.428667 0.462500 0.427000 0.466000 0.427000 0.473250 0.430333 0.479750 0.432000 0.481000 0.436333 0.481750 0.440000 0.479250 0.441000 0.477750 0.442667 0.470250 0.439667 0.462750 0.436000 0.460250
0 0.458667 0.471500 0.455333 0.471500 0.453000 0.473000 0.448000 0.478000 0.446333 0.482500 0.446333 0.488750 0.448000 0.494000 0.451333 0.497750 0.454333 0.498250 0.456667 0.497750 0.459667 0.495750 0.462667 0.490250 0.464000 0.485250 0.463667 0.477750 0.461333 0.474000
0 0.407333 0.381250 0.404667 0.382250 0.402667 0.384750 0.402000 0.388000 0.402000 0.396500 0.403667 0.401500 0.406333 0.405250 0.409333 0.407000 0.413000 0.407500 0.417333 0.406250 0.419333 0.404500 0.420333 0.401250 0.420000 0.392000 0.416667 0.384750 0.412667 0.382000
0 0.343333 0.383750 0.340667 0.384000 0.338000 0.386000 0.336667 0.388500 0.336000 0.392000 0.336333 0.405000 0.337667 0.407500 0.341000 0.409500 0.343000 0.409250 0.346333 0.407250 0.349333 0.404500 0.351000 0.400500 0.350333 0.391250 0.346333 0.384750
0 0.373667 0.460750 0.371333 0.460500 0.367000 0.461750 0.361000 0.465750 0.358333 0.473250 0.358667 0.476000 0.361000 0.478500 0.365667 0.478250 0.370667 0.475000 0.372667 0.472750 0.374000 0.470250 0.375000 0.465500 0.375000 0.462750
0 0.300000 0.704250 0.300667 0.706250 0.303667 0.708500 0.306333 0.709750 0.313000 0.711000 0.318000 0.711250 0.326667 0.710250 0.330667 0.708250 0.332000 0.706000 0.331000 0.702750 0.326000 0.698250 0.321667 0.697000 0.316000 0.696500 0.311000 0.697000 0.306000 0.698500 0.301333 0.701250
0 0.288000 0.446000 0.283000 0.445750 0.281333 0.446500 0.275667 0.450750 0.268000 0.458750 0.266667 0.461500 0.266333 0.464250 0.267000 0.468000 0.269000 0.469750 0.272333 0.470500 0.280000 0.469000 0.286667 0.462250 0.288667 0.459500 0.290667 0.453750 0.290667 0.450500 0.289667 0.447750
0 0.296667 0.481750 0.297333 0.485000 0.299333 0.487000 0.306667 0.488500 0.314667 0.488500 0.326333 0.486250 0.329667 0.482750 0.328000 0.478750 0.326667 0.477750 0.322667 0.476750 0.312333 0.476000 0.307000 0.476250 0.300667 0.477750 0.298000 0.479250
0 0.321667 0.548250 0.318000 0.544000 0.314000 0.542750 0.306000 0.541750 0.296000 0.542500 0.291000 0.544250 0.289667 0.546000 0.289000 0.549750 0.290667 0.553000 0.295000 0.555000 0.300667 0.555750 0.310000 0.555750 0.315000 0.555250 0.319667 0.553750 0.321000 0.552250
0 0.270667 0.556500 0.267667 0.558500 0.266667 0.560250 0.266333 0.569000 0.267000 0.572500 0.272000 0.578500 0.275333 0.579250 0.279000 0.579250 0.281333 0.576500 0.282333 0.573000 0.282333 0.568250 0.281000 0.562750 0.279000 0.559500 0.276000 0.557250 0.273333 0.556500
0 0.268000 0.581500 0.265333 0.583250 0.264000 0.586250 0.264333 0.591000 0.266667 0.596750 0.268667 0.599250 0.271000 0.600750 0.274333 0.602000 0.279000 0.601500 0.280333 0.599000 0.280333 0.592500 0.279000 0.588250 0.272000 0.581250
0 0.337667 0.590000 0.335667 0.592000 0.335333 0.596500 0.336333 0.600250 0.338333 0.603750 0.341333 0.607000 0.349000 0.611500 0.354667 0.611000 0.356667 0.608750 0.357667 0.602500 0.353667 0.596000 0.346667 0.591000 0.342333 0.589500
0 0.365667 0.596500 0.360667 0.599000 0.359000 0.601750 0.358000 0.605500 0.358333 0.611750 0.360000 0.618250 0.361333 0.620500 0.364667 0.623250 0.369333 0.623500 0.371667 0.622500 0.374333 0.619750 0.376333 0.614750 0.376667 0.610000 0.375333 0.604000 0.373333 0.599500 0.369667 0.597000
0 0.392000 0.556750 0.388667 0.557750 0.386333 0.559500 0.384000 0.562750 0.383333 0.564750 0.383333 0.573250 0.384667 0.577000 0.388000 0.579750 0.393333 0.580500 0.397000 0.578750 0.398333 0.576500 0.399333 0.566500 0.398667 0.562000 0.397333 0.559000 0.396000 0.557750
0 0.417333 0.528500 0.415333 0.528500 0.411667 0.530250 0.408000 0.532750 0.404000 0.544250 0.404000 0.550250 0.405333 0.553250 0.407333 0.554250 0.409000 0.554250 0.411333 0.553250 0.417000 0.548500 0.420000 0.545000 0.421333 0.533000 0.420000 0.529500
0 0.467000 0.592750 0.463000 0.593000 0.458000 0.594750 0.454333 0.599000 0.452333 0.603750 0.452000 0.611750 0.452667 0.615000 0.455000 0.617000 0.458667 0.617500 0.462333 0.616250 0.466333 0.613000 0.467667 0.611000 0.469333 0.606250 0.470667 0.598250 0.470000 0.595000
0 0.353333 0.666250 0.350667 0.665000 0.343667 0.665500 0.337000 0.667500 0.331000 0.670500 0.325667 0.674250 0.323667 0.677250 0.323000 0.679500 0.323333 0.682250 0.325667 0.683250 0.333667 0.683250 0.342333 0.679750 0.350000 0.674500 0.353333 0.669750
0 0.350667 0.678250 0.346667 0.678750 0.342667 0.681000 0.341000 0.683500 0.337000 0.686250 0.334333 0.689500 0.333333 0.692500 0.333333 0.696750 0.334333 0.698500 0.337333 0.700750 0.341667 0.701250 0.345667 0.699250 0.350667 0.694500 0.353667 0.690000 0.355333 0.685750 0.355000 0.681500 0.354000 0.680000
0 0.358333 0.677000 0.359333 0.681000 0.361333 0.683000 0.372333 0.686500 0.377333 0.686250 0.381333 0.685250 0.388000 0.681500 0.389333 0.679250 0.389333 0.676500 0.387000 0.674000 0.384333 0.673000 0.380000 0.672500 0.368000 0.672250 0.361333 0.673250 0.359667 0.674250
0 0.268000 0.646000 0.265333 0.649750 0.265333 0.654000 0.267000 0.656750 0.272333 0.660750 0.274333 0.663000 0.282333 0.665500 0.285667 0.665500 0.292667 0.661750 0.294000 0.658750 0.293667 0.657500 0.287000 0.649250 0.280000 0.645500 0.276667 0.644500 0.272000 0.644500
0 0.286333 0.669250 0.287333 0.671250 0.291333 0.674500 0.301000 0.677250 0.311000 0.677250 0.315000 0.675750 0.317333 0.673500 0.317333 0.669750 0.316000 0.668000 0.311333 0.665000 0.306333 0.663750 0.294000 0.663500 0.292000 0.664000 0.288000 0.666250
