0 0.536667 0.260000 0.534333 0.262750 0.534333 0.267000 0.536000 0.271000 0.540000 0.275750 0.544333 0.278500 0.548000 0.280000 0.554000 0.280500 0.557333 0.279750 0.560000 0.276000 0.559667 0.271500 0.558000 0.267000 0.552333 0.263250 0.544333 0.260000 0.541333 0.259500
0 0.524333 0.269000 0.521333 0.270750 0.519667 0.274000 0.519333 0.284000 0.520333 0.287000 0.523667 0.291750 0.525667 0.293000 0.529333 0.293000 0.531000 0.291750 0.533667 0.287000 0.534000 0.281750 0.532333 0.275000 0.530333 0.270750 0.528333 0.269500
0 0.565667 0.312500 0.560333 0.313250 0.556000 0.317000 0.555000 0.320250 0.554667 0.326750 0.556667 0.334250 0.561000 0.337000 0.565333 0.337000 0.568667 0.336250 0.571000 0.334500 0.573000 0.330750 0.573333 0.323500 0.572667 0.320250 0.569333 0.314000 0.568000 0.313000
0 0.514000 0.322250 0.512333 0.324250 0.511333 0.328000 0.511667 0.333750 0.513000 0.337000 0.517333 0.342750 0.521667 0.344000 0.525000 0.343500 0.526667 0.342500 0.528000 0.339000 0.526667 0.329750 0.523333 0.325000 0.520667 0.322750 0.517667 0.321750
0 0.582333 0.361500 0.580667 0.360250 0.576667 0.359000 0.569000 0.359250 0.560667 0.360750 0.557000 0.362500 0.555000 0.364250 0.554000 0.369000 0.555333 0.370500 0.560333 0.372250 0.569333 0.372500 0.575333 0.371500 0.581000 0.366250
0 0.590667 0.370500 0.584333 0.371000 0.580667 0.372750 0.577333 0.377500 0.577000 0.385250 0.577667 0.389000 0.580000 0.393000 0.583667 0.395250 0.588000 0.394750 0.592333 0.391750 0.594333 0.388250 0.595000 0.377250 0.593333 0.372250
0 0.572000 0.376000 0.569000 0.375500 0.564000 0.375750 0.555333 0.382750 0.552667 0.388250 0.552333 0.393250 0.553000 0.394750 0.555667 0.397000 0.557333 0.397250 0.560667 0.396250 0.567667 0.393000 0.572000 0.388750 0.574333 0.382750 0.574000 0.378500
0 0.555333 0.399750 0.555333 0.404000 0.556000 0.405250 0.565333 0.409250 0.570667 0.409750 0.575667 0.409500 0.584000 0.405750 0.585333 0.404250 0.584667 0.400750 0.583667 0.400000 0.580667 0.399500 0.574333 0.397000 0.565333 0.396750 0.557000 0.398000
0 0.541000 0.410500 0.535667 0.415250 0.534333 0.419250 0.534000 0.424000 0.535333 0.427750 0.539000 0.432000 0.541000 0.433500 0.545667 0.434000 0.547667 0.432250 0.550667 0.427750 0.551667 0.424250 0.551000 0.416500 0.549333 0.414000 0.545667 0.410750
0 0.560333 0.425000 0.557333 0.428250 0.557667 0.432750 0.559333 0.435500 0.565333 0.441250 0.568667 0.442250 0.572333 0.442250 0.575667 0.439500 0.576000 0.434500 0.574667 0.431250 0.568000 0.426000 0.565000 0.425000
0 0.556667 0.437000 0.554667 0.436500 0.548667 0.437000 0.541667 0.441000 0.536000 0.446000 0.534000 0.450000 0.534000 0.454250 0.534667 0.455750 0.536667 0.457250 0.540333 0.458000 0.544333 0.457250 0.553333 0.451750 0.558667 0.443000 0.558667 0.439000
0 0.572333 0.445750 0.568667 0.446000 0.565000 0.447000 0.563667 0.447750 0.561333 0.451000 0.557000 0.454000 0.556000 0.456250 0.556000 0.460000 0.557000 0.461500 0.560667 0.463000 0.564000 0.462500 0.569333 0.459500 0.573667 0.452000 0.573667 0.447500
0 0.615667 0.437500 0.611667 0.437250 0.607333 0.438750 0.602333 0.443750 0.600333 0.448250 0.599667 0.452250 0.600333 0.455750 0.602000 0.458250 0.604000 0.459500 0.608000 0.459500 0.612667 0.456000 0.616333 0.451250 0.618667 0.442500 0.618000 0.439500
0 0.604000 0.411750 0.602333 0.412750 0.600667 0.416500 0.601333 0.423500 0.603000 0.428000 0.607667 0.432000 0.609667 0.432500 0.614333 0.432250 0.616000 0.431250 0.617667 0.428000 0.617667 0.421750 0.616000 0.416750 0.614667 0.415250 0.607667 0.411500
0 0.607000 0.372750 0.604000 0.375000 0.602333 0.377750 0.602333 0.387500 0.603333 0.389500 0.606667 0.391750 0.611667 0.392000 0.615667 0.389500 0.617000 0.382750 0.616333 0.377000 0.615333 0.375250 0.612000 0.373000
0 0.663333 0.370750 0.660667 0.369500 0.654333 0.369750 0.649667 0.371000 0.638667 0.376500 0.634000 0.380000 0.632333 0.385000 0.634000 0.387750 0.638000 0.389750 0.646000 0.389250 0.654000 0.385500 0.660333 0.381000 0.663333 0.377750 0.664333 0.374750 0.664333 0.372250
0 0.644667 0.390500 0.642667 0.392000 0.642333 0.396250 0.644333 0.401000 0.646667 0.404000 0.649333 0.406250 0.654000 0.408250 0.659000 0.408500 0.660667 0.407750 0.662667 0.404750 0.662333 0.400500 0.655667 0.392250 0.650333 0.390000
0 0.690333 0.352500 0.688667 0.353250 0.687667 0.355750 0.687667 0.361750 0.688667 0.365750 0.692333 0.370000 0.695667 0.372500 0.699000 0.373750 0.702000 0.374000 0.705000 0.372500 0.706333 0.370000 0.706333 0.365500 0.705333 0.361500 0.701333 0.355250 0.698000 0.352750 0.694000 0.352000
0 0.697000 0.418000 0.694333 0.419000 0.689333 0.423500 0.688333 0.427500 0.688000 0.433750 0.688667 0.437750 0.691333 0.441750 0.695333 0.444000 0.699000 0.444250 0.701333 0.443750 0.706667 0.438750 0.708333 0.434000 0.708333 0.428500 0.706000 0.422250 0.701000 0.418250
0 0.638333 0.481750 0.634333 0.482000 0.630000 0.487250 0.628667 0.494750 0.630000 0.497750 0.631667 0.498750 0.634667 0.499000 0.638000 0.497750 0.640333 0.494250 0.641000 0.486750 0.639667 0.482750
0 0.696667 0.497500 0.695000 0.498750 0.693000 0.502000 0.692667 0.506500 0.694333 0.513250 0.696000 0.515750 0.701000 0.518750 0.705000 0.518500 0.707667 0.516750 0.709667 0.513250 0.709667 0.508250 0.708667 0.505000 0.706667 0.501250 0.701667 0.497500
0 0.666333 0.513750 0.664333 0.516750 0.664667 0.521500 0.665667 0.523750 0.670667 0.529250 0.673333 0.531250 0.678333 0.532500 0.683000 0.532750 0.685333 0.532250 0.687000 0.530000 0.687000 0.525250 0.685667 0.521250 0.682667 0.517500 0.677333 0.514750 0.671667 0.513000 0.669000 0.513000
0 0.686000 0.539000 0.681667 0.539000 0.678000 0.540250 0.673667 0.543750 0.666333 0.556000 0.666667 0.561250 0.668667 0.563500 0.671667 0.565250 0.675000 0.565500 0.677333 0.565000 0.686000 0.557250 0.688667 0.553000 0.689667 0.549500 0.689667 0.544250 0.688667 0.541250
0 0.607000 0.516750 0.602667 0.518000 0.600667 0.520500 0.599333 0.524500 0.599333 0.529000 0.600667 0.534250 0.602667 0.538500 0.607000 0.541500 0.611333 0.541750 0.614667 0.540500 0.618333 0.537000 0.619667 0.533750 0.619667 0.528250 0.618667 0.524500 0.615333 0.519250 0.611333 0.517000
0 0.522000 0.545250 0.518667 0.544250 0.515000 0.544500 0.505667 0.548000 0.500667 0.552750 0.500000 0.554750 0.500000 0.557500 0.502000 0.559500 0.506000 0.560000 0.511667 0.558500 0.517333 0.555750 0.520333 0.553250 0.522667 0.549750
0 0.568000 0.581500 0.564000 0.582750 0.560000 0.587500 0.559000 0.591250 0.559000 0.596750 0.559667 0.599500 0.562667 0.605000 0.565000 0.606750 0.569000 0.607500 0.572667 0.605000 0.576667 0.600750 0.577667 0.596250 0.577667 0.591250 0.577000 0.586750 0.575000 0.583750 0.571667 0.581750
0 0.556333 0.584250 0.552667 0.583000 0.548667 0.583500 0.541333 0.587750 0.538000 0.591000 0.534667 0.595500 0.533333 0.599000 0.533333 0.604000 0.536000 0.606250 0.541333 0.606500 0.546000 0.604750 0.550333 0.601750 0.553667 0.598500 0.558333 0.591500 0.558333 0.587500
0 0.650000 0.599750 0.647000 0.598500 0.642667 0.598750 0.634000 0.603250 0.630667 0.607000 0.627667 0.612500 0.627333 0.616500 0.629000 0.619750 0.630667 0.620500 0.637333 0.619750 0.643000 0.617000 0.647333 0.613750 0.651333 0.608000 0.652000 0.605500 0.652000 0.602750
0 0.689000 0.617250 0.685000 0.616750 0.677333 0.618500 0.674000 0.620500 0.668667 0.630250 0.669333 0.633750 0.671000 0.635250 0.673333 0.636250 0.678333 0.636000 0.685333 0.631000 0.690000 0.622500 0.690667 0.619500 0.690333 0.618250
0 0.709333 0.655750 0.706333 0.657250 0.704667 0.659250 0.703333 0.664750 0.703333 0.670250 0.704667 0.674750 0.707000 0.678000 0.709000 0.679500 0.712667 0.680250 0.716667 0.678000 0.717667 0.676000 0.719000 0.670500 0.719000 0.663000 0.717667 0.657750 0.713667 0.655750
0 0.689333 0.657250 0.684667 0.657000 0.681333 0.658000 0.674000 0.666750 0.672667 0.673250 0.674000 0.679000 0.677000 0.682250 0.679000 0.682250 0.685333 0.679500 0.690333 0.671250 0.692000 0.666750 0.692333 0.662500 0.691333 0.658750
0 0.634000 0.682750 0.630667 0.684750 0.629000 0.688500 0.629333 0.698000 0.631667 0.705000 0.634000 0.708000 0.637333 0.709500 0.640000 0.709500 0.643000 0.708500 0.646333 0.704750 0.646333 0.694000 0.644333 0.688750 0.638333 0.683250
0 0.618667 0.662000 0.614333 0.661750 0.612000 0.662750 0.609333 0.665250 0.606667 0.670750 0.605667 0.675750 0.606000 0.681750 0.607667 0.685500 0.611000 0.687500 0.615000 0.687500 0.618000 0.686000 0.621333 0.681750 0.622667 0.678000 0.623000 0.666500 0.621000 0.663250
0 0.681000 0.720500 0.677667 0.723250 0.674333 0.727750 0.674333 0.736750 0.675667 0.740500 0.679333 0.745500 0.682000 0.747000 0.686000 0.747500 0.688333 0.746500 0.691000 0.743750 0.693000 0.738500 0.693000 0.733750 0.692000 0.729250 0.688667 0.724000 0.685667 0.721000
0 0.633667 0.438250 0.629667 0.440000 0.627000 0.443500 0.625667 0.447750 0.626333 0.459250 0.627333 0.460750 0.630000 0.462750 0.635333 0.463750 0.638333 0.462000 0.640000 0.459250 0.641333 0.452250 0.641333 0.445750 0.640667 0.442750 0.639000 0.439750 0.635667 0.438250
