0 0.247667 0.463750 0.243667 0.463750 0.240000 0.465250 0.236667 0.468250 0.235333 0.470500 0.235000 0.479500 0.235667 0.482000 0.239000 0.486000 0.240333 0.486750 0.244333 0.487000 0.247667 0.485750 0.250333 0.483250 0.252667 0.478500 0.253333 0.476000 0.253000 0.469500 0.251000 0.466250
0 0.452667 0.307500 0.450333 0.306250 0.447667 0.305750 0.440000 0.305750 0.436000 0.306500 0.428667 0.310000 0.427333 0.312000 0.427000 0.315000 0.430667 0.318000 0.435667 0.319250 0.441333 0.319250 0.447667 0.318000 0.450667 0.317000 0.453333 0.314250 0.454000 0.309500
0 0.520333 0.313750 0.517667 0.314750 0.515333 0.319000 0.515000 0.327500 0.516333 0.333000 0.517667 0.335750 0.521667 0.340750 0.524333 0.342500 0.529000 0.342750 0.531000 0.341750 0.533333 0.338500 0.534000 0.335500 0.533667 0.329250 0.531333 0.321750 0.529000 0.317250 0.526000 0.314500 0.523333 0.313750
0 0.495000 0.368000 0.494000 0.366000 0.490333 0.364000 0.486333 0.363250 0.478333 0.363750 0.471000 0.365500 0.466333 0.367750 0.465000 0.369000 0.465000 0.372750 0.466667 0.374250 0.470333 0.375250 0.478667 0.375250 0.486333 0.374500 0.491333 0.373000 0.495000 0.369750
0 0.465667 0.341000 0.461333 0.340500 0.455333 0.342250 0.450667 0.346250 0.446667 0.352500 0.446667 0.360750 0.449667 0.365000 0.451667 0.366250 0.455333 0.366750 0.458333 0.365750 0.466667 0.359250 0.468667 0.353250 0.469000 0.345750 0.467667 0.342250
0 0.392000 0.373000 0.388333 0.374500 0.387000 0.376250 0.387000 0.382250 0.388667 0.387500 0.391667 0.393250 0.394333 0.394750 0.397667 0.395000 0.401000 0.393500 0.402333 0.392250 0.404000 0.387500 0.403667 0.381500 0.401333 0.376750 0.396000 0.373250
0 0.430333 0.396000 0.429667 0.400250 0.431333 0.404000 0.442000 0.412500 0.446667 0.414250 0.451333 0.414250 0.455000 0.412250 0.455667 0.408250 0.450667 0.400750 0.448000 0.399000 0.439667 0.396000 0.436000 0.395250 0.431667 0.395250
0 0.485667 0.404500 0.482333 0.406250 0.479000 0.409500 0.478000 0.412250 0.477667 0.416750 0.478667 0.421000 0.481333 0.424500 0.483333 0.425750 0.487000 0.426750 0.490000 0.426000 0.491667 0.424250 0.493333 0.420000 0.494000 0.415500 0.493667 0.412500 0.491000 0.406500 0.488000 0.404750
0 0.433000 0.419000 0.431667 0.420750 0.432000 0.425000 0.434000 0.428500 0.440333 0.434250 0.445667 0.437000 0.450000 0.437750 0.454333 0.437500 0.457333 0.436000 0.458333 0.433000 0.458000 0.431000 0.451333 0.423250 0.441333 0.419000 0.436000 0.418000
0 0.415333 0.424750 0.411333 0.427000 0.408333 0.431000 0.408333 0.440750 0.409333 0.444000 0.412000 0.447750 0.416000 0.450250 0.420333 0.450250 0.424333 0.447750 0.427000 0.443000 0.428000 0.440000 0.427333 0.431750 0.423667 0.426250 0.420000 0.424750
0 0.447000 0.438500 0.443000 0.438500 0.439333 0.440000 0.436333 0.446750 0.436333 0.451500 0.438333 0.458750 0.440000 0.460250 0.443667 0.461500 0.447333 0.461250 0.450667 0.460000 0.452000 0.458500 0.453000 0.454500 0.453333 0.446250 0.452667 0.443750 0.449667 0.439750
0 0.507667 0.445250 0.505667 0.446000 0.504667 0.447500 0.504667 0.452250 0.506000 0.456000 0.509667 0.461000 0.514000 0.463500 0.518333 0.463500 0.520333 0.462000 0.521667 0.459750 0.521667 0.454750 0.514333 0.446000 0.511000 0.445000
0 0.512333 0.471250 0.509333 0.472000 0.507333 0.474250 0.506000 0.477750 0.506000 0.482000 0.507333 0.486750 0.509667 0.489750 0.513000 0.491250 0.514333 0.491250 0.517667 0.489750 0.520000 0.486750 0.520333 0.479500 0.517667 0.474000 0.514333 0.471500
0 0.466333 0.471000 0.462000 0.473000 0.459667 0.477500 0.459333 0.479500 0.460333 0.486750 0.462000 0.490750 0.464667 0.493000 0.466000 0.495250 0.469667 0.496750 0.472667 0.496750 0.475333 0.496000 0.477333 0.493750 0.478333 0.489750 0.478000 0.483000 0.475333 0.476000 0.471000 0.472750
0 0.487333 0.517000 0.485667 0.518000 0.484667 0.521500 0.484667 0.528750 0.485667 0.533500 0.488333 0.537750 0.494000 0.542250 0.498667 0.543000 0.500667 0.540750 0.502333 0.537000 0.502333 0.532500 0.500000 0.525000 0.497667 0.520750 0.495000 0.517750 0.491333 0.516750
0 0.631000 0.469000 0.627333 0.469250 0.625333 0.470500 0.621000 0.477750 0.621667 0.486500 0.624000 0.491000 0.627000 0.493500 0.631333 0.493000 0.634667 0.490250 0.637000 0.486250 0.637333 0.477500 0.634000 0.471250
0 0.560000 0.683250 0.557000 0.684750 0.555667 0.688000 0.555667 0.693000 0.557667 0.697750 0.561333 0.702750 0.564667 0.705750 0.567000 0.706500 0.572667 0.706250 0.575667 0.704750 0.576667 0.700250 0.576333 0.696250 0.573333 0.689750 0.567000 0.684750 0.564333 0.683750
0 0.517667 0.673250 0.514667 0.674500 0.512667 0.677750 0.512333 0.686500 0.513000 0.689500 0.515667 0.694250 0.517667 0.695500 0.521000 0.696000 0.525000 0.694250 0.527000 0.691750 0.528000 0.689250 0.527667 0.682750 0.526333 0.678250 0.523333 0.674250 0.521333 0.673250
0 0.463000 0.642500 0.457667 0.642250 0.455667 0.642750 0.451333 0.645750 0.446667 0.650500 0.445667 0.653750 0.445667 0.661750 0.446667 0.664000 0.450667 0.666500 0.455333 0.666500 0.460333 0.663500 0.464667 0.658000 0.466000 0.654750 0.466333 0.649500 0.465333 0.645500
0 0.456000 0.601750 0.451000 0.602750 0.446667 0.606750 0.443000 0.619250 0.443000 0.622750 0.444667 0.627500 0.446667 0.630500 0.450333 0.632000 0.453333 0.631250 0.459333 0.626500 0.461333 0.623750 0.463000 0.619250 0.463333 0.610000 0.462333 0.606750 0.460000 0.602750
0 0.511667 0.603250 0.510000 0.602250 0.500667 0.602500 0.495667 0.603750 0.490000 0.606250 0.488333 0.607500 0.487000 0.610500 0.487000 0.612250 0.488333 0.615250 0.490333 0.616500 0.499000 0.616750 0.506333 0.613500 0.510333 0.610750 0.512333 0.608250 0.512667 0.606500
0 0.536333 0.564250 0.533333 0.565000 0.531667 0.566500 0.529000 0.571750 0.529000 0.573750 0.532333 0.583500 0.534667 0.585000 0.538333 0.585500 0.541667 0.584750 0.544000 0.581250 0.544667 0.572250 0.541000 0.566500 0.538667 0.564750
0 0.512667 0.544500 0.509333 0.545250 0.507000 0.548250 0.506000 0.552000 0.506000 0.557000 0.507667 0.562750 0.509667 0.566000 0.513667 0.568500 0.518000 0.568750 0.522000 0.566500 0.523000 0.564750 0.524000 0.560250 0.523667 0.555750 0.521000 0.549500 0.517333 0.546500 0.514333 0.544750
0 0.455667 0.507500 0.451333 0.507500 0.447667 0.509000 0.446000 0.510500 0.442667 0.516000 0.441333 0.522250 0.441333 0.526250 0.442667 0.529500 0.444333 0.530750 0.448667 0.530750 0.450333 0.530250 0.452000 0.528750 0.456000 0.522250 0.458667 0.514500 0.458667 0.510750 0.457667 0.508750
0 0.413000 0.482000 0.408333 0.482250 0.404000 0.484750 0.399667 0.488750 0.396000 0.494250 0.395000 0.498000 0.395667 0.502750 0.398000 0.505250 0.400333 0.506500 0.405000 0.505750 0.411667 0.501250 0.414000 0.498500 0.418000 0.490750 0.418000 0.485750 0.417000 0.484250
0 0.324667 0.431000 0.322333 0.432750 0.321667 0.437000 0.322667 0.440250 0.325000 0.444000 0.330333 0.449500 0.333667 0.452000 0.338333 0.453750 0.342333 0.453750 0.345333 0.451250 0.345333 0.446750 0.341333 0.439750 0.335333 0.434500 0.331333 0.432000 0.327000 0.430750
0 0.310667 0.503000 0.307000 0.504500 0.305333 0.506750 0.304667 0.509000 0.305000 0.517500 0.307000 0.521750 0.311000 0.525000 0.314333 0.525500 0.318667 0.522500 0.320667 0.518000 0.320333 0.510500 0.319000 0.507000 0.316667 0.504750 0.314333 0.503250
0 0.345667 0.533500 0.341333 0.533250 0.337000 0.534750 0.330333 0.541750 0.329000 0.546250 0.329333 0.552500 0.330000 0.553750 0.333333 0.555750 0.338667 0.554750 0.341333 0.553500 0.346333 0.546000 0.347333 0.542750 0.347667 0.537500
0 0.395000 0.572750 0.393333 0.571500 0.386333 0.570250 0.381000 0.570250 0.375333 0.571250 0.368667 0.573750 0.365333 0.576000 0.363333 0.579250 0.363333 0.580750 0.366667 0.584250 0.370333 0.585250 0.377333 0.585250 0.385667 0.583500 0.391667 0.580750 0.394000 0.578750 0.395333 0.576750
0 0.404667 0.526750 0.401333 0.529250 0.399333 0.532500 0.399667 0.540500 0.401000 0.543250 0.404000 0.546250 0.409333 0.546500 0.412333 0.545000 0.413333 0.543000 0.413667 0.533750 0.412667 0.531250 0.408333 0.527500
0 0.435000 0.547750 0.432667 0.547000 0.429667 0.547000 0.426000 0.548000 0.423667 0.549500 0.419000 0.557000 0.418667 0.560500 0.419667 0.563750 0.420667 0.564750 0.425333 0.565250 0.427667 0.564500 0.435000 0.559000 0.437000 0.554250 0.436667 0.550000
0 0.446333 0.532250 0.443000 0.534750 0.439667 0.541500 0.439667 0.546000 0.440667 0.550000 0.442667 0.553000 0.444000 0.553750 0.448000 0.554000 0.450667 0.552750 0.452667 0.550250 0.455000 0.544750 0.455000 0.539500 0.452333 0.533500 0.451000 0.532500
0 0.442667 0.556500 0.439000 0.560000 0.440000 0.565250 0.442667 0.568750 0.447000 0.572750 0.454333 0.575000 0.455667 0.574750 0.458667 0.572500 0.458667 0.567750 0.457667 0.564750 0.450000 0.558000 0.446667 0.556750
0 0.412000 0.603000 0.408000 0.603000 0.405667 0.604000 0.403333 0.605750 0.400333 0.611250 0.400333 0.619250 0.402000 0.623500 0.403333 0.625250 0.408333 0.628500 0.413333 0.627750 0.418000 0.623750 0.419333 0.620250 0.419000 0.610500 0.417000 0.606500
0 0.248333 0.579250 0.243667 0.583000 0.242333 0.587000 0.242333 0.592500 0.244333 0.599250 0.248333 0.601250 0.251667 0.601750 0.255667 0.600750 0.257333 0.599250 0.259000 0.595250 0.259333 0.589500 0.257333 0.584000 0.254333 0.580500 0.251667 0.579250
0 0.407667 0.641250 0.405000 0.640000 0.400000 0.640250 0.395000 0.642500 0.388667 0.647750 0.386000 0.650750 0.384333 0.654250 0.384667 0.658500 0.388333 0.661500 0.391333 0.661500 0.397000 0.660250 0.404333 0.656000 0.409667 0.647500 0.409333 0.643250
0 0.411667 0.651250 0.409333 0.652000 0.407000 0.654000 0.404667 0.658000 0.403667 0.663000 0.403667 0.667000 0.406000 0.671500 0.408333 0.674000 0.411667 0.673500 0.413000 0.672500 0.417000 0.666500 0.416667 0.657750 0.414333 0.653250
