0 0.533667 0.294250 0.533000 0.297000 0.533333 0.300000 0.535667 0.305000 0.540000 0.311250 0.547000 0.315250 0.548667 0.315750 0.553667 0.315500 0.556667 0.311250 0.556667 0.308250 0.555333 0.304500 0.552667 0.300250 0.543667 0.293750 0.540667 0.293000 0.536667 0.293000
0 0.505333 0.330500 0.501000 0.330000 0.493667 0.333000 0.488333 0.337250 0.486000 0.341250 0.485000 0.346250 0.486000 0.350250 0.489333 0.353000 0.494667 0.353500 0.497667 0.352500 0.505667 0.344000 0.507333 0.339750 0.507333 0.333250
0 0.479667 0.353500 0.477667 0.353500 0.474000 0.355500 0.471000 0.358250 0.469000 0.362500 0.468333 0.365750 0.469000 0.373000 0.471000 0.375750 0.474000 0.376500 0.478667 0.375000 0.481000 0.373500 0.483333 0.369750 0.484333 0.365750 0.484333 0.357000 0.483000 0.355000
0 0.584000 0.343000 0.580333 0.341500 0.576333 0.341000 0.572667 0.342000 0.569000 0.344500 0.565333 0.346000 0.561667 0.350750 0.556000 0.356250 0.555333 0.359250 0.556000 0.362500 0.560000 0.364750 0.564333 0.364750 0.575667 0.360250 0.579333 0.357250 0.584667 0.350000 0.585667 0.345000
0 0.578000 0.337250 0.575667 0.334500 0.573667 0.333250 0.570667 0.332750 0.563667 0.332750 0.552667 0.336000 0.548333 0.338250 0.546667 0.342000 0.547333 0.345250 0.549000 0.346750 0.552000 0.347250 0.560000 0.347250 0.569000 0.345000 0.577667 0.339250
0 0.579333 0.324750 0.577667 0.325750 0.576667 0.328000 0.576667 0.331250 0.578667 0.336750 0.583000 0.341750 0.585667 0.343750 0.590667 0.345750 0.592333 0.345750 0.596333 0.342250 0.596000 0.338000 0.592333 0.330250 0.584000 0.325500
0 0.669333 0.312750 0.666333 0.314250 0.665333 0.317000 0.665333 0.319000 0.669333 0.326500 0.673000 0.331250 0.677333 0.335000 0.680667 0.336250 0.683000 0.336250 0.685000 0.335000 0.686000 0.330500 0.685000 0.321500 0.678000 0.314500 0.673333 0.312750
0 0.630333 0.384000 0.628000 0.385750 0.626333 0.388500 0.626000 0.393750 0.627000 0.400750 0.629333 0.405250 0.631000 0.406500 0.634667 0.407750 0.638000 0.407750 0.641333 0.405500 0.643333 0.402250 0.643333 0.393000 0.641000 0.388000 0.639333 0.386000 0.635667 0.383750
0 0.641667 0.380000 0.641000 0.381000 0.641000 0.385250 0.644000 0.389250 0.647000 0.391000 0.657000 0.394250 0.666000 0.395000 0.669667 0.394000 0.671000 0.393000 0.671667 0.388000 0.670000 0.384750 0.666667 0.382750 0.654667 0.378750 0.646667 0.378250
0 0.565667 0.392750 0.561333 0.392750 0.557333 0.394500 0.556000 0.395500 0.551333 0.403500 0.550333 0.407750 0.550667 0.412000 0.553000 0.416000 0.556333 0.418250 0.560667 0.417750 0.566333 0.413250 0.569000 0.409250 0.569667 0.406000 0.569333 0.396500 0.568000 0.394000
0 0.646000 0.420500 0.643333 0.422500 0.642333 0.425250 0.642667 0.432000 0.646000 0.439000 0.649667 0.443750 0.654667 0.446250 0.659000 0.446250 0.663333 0.444250 0.664667 0.440250 0.664333 0.435000 0.662667 0.430000 0.658000 0.424250 0.655667 0.422500 0.651333 0.420750
0 0.560667 0.442500 0.556333 0.445000 0.555333 0.447000 0.555333 0.456000 0.556000 0.458750 0.561000 0.464250 0.563667 0.465250 0.568000 0.465250 0.571000 0.463250 0.574000 0.459500 0.574667 0.456500 0.574000 0.449500 0.573000 0.446750 0.568333 0.442750 0.566000 0.442250
0 0.545667 0.443000 0.541000 0.443750 0.536667 0.447000 0.534667 0.451000 0.533667 0.455250 0.534333 0.460250 0.535667 0.463000 0.537000 0.464000 0.539667 0.464750 0.543667 0.464250 0.546000 0.462750 0.549667 0.459250 0.551667 0.455500 0.551333 0.446750 0.548333 0.443750
0 0.735333 0.395250 0.732667 0.395750 0.731667 0.396500 0.729667 0.399750 0.730333 0.407750 0.731667 0.411500 0.735333 0.416500 0.738000 0.418000 0.741333 0.418500 0.744667 0.417750 0.747000 0.415250 0.747333 0.408750 0.746667 0.405500 0.743667 0.399250 0.740000 0.396250
0 0.760333 0.408000 0.759000 0.408500 0.757000 0.411750 0.757000 0.416750 0.759000 0.423250 0.766333 0.432000 0.768000 0.432750 0.771667 0.433000 0.773667 0.431750 0.775333 0.429250 0.776333 0.425250 0.775667 0.420500 0.773667 0.415500 0.771333 0.412500 0.764333 0.407750
0 0.748000 0.449250 0.743333 0.449500 0.736667 0.453750 0.733000 0.462250 0.732667 0.468000 0.735000 0.475000 0.739333 0.477000 0.744333 0.476000 0.746667 0.474500 0.750000 0.470750 0.751333 0.467000 0.751333 0.454500 0.750000 0.451000
0 0.690667 0.462250 0.690333 0.464250 0.691333 0.467750 0.694000 0.470000 0.699333 0.472750 0.704333 0.474500 0.710000 0.474500 0.713333 0.473500 0.715667 0.471250 0.715667 0.470000 0.713667 0.466500 0.707333 0.462250 0.701000 0.460750 0.693000 0.461000
0 0.680667 0.482750 0.679667 0.485500 0.680000 0.486750 0.684333 0.490750 0.690000 0.494750 0.696667 0.496750 0.701000 0.496750 0.704333 0.495750 0.705667 0.494750 0.705667 0.490250 0.703000 0.486000 0.701667 0.485000 0.693000 0.482500 0.686667 0.481750
0 0.632000 0.472250 0.630000 0.472250 0.626667 0.474500 0.622667 0.480000 0.622000 0.483750 0.623000 0.489750 0.624667 0.492250 0.626333 0.493250 0.628000 0.493250 0.632333 0.491000 0.636667 0.485750 0.638333 0.481500 0.638667 0.477750 0.637333 0.475000 0.635000 0.473250
0 0.615000 0.477000 0.611333 0.477000 0.607667 0.478250 0.604000 0.481750 0.602000 0.485500 0.601667 0.491000 0.602333 0.493250 0.603667 0.495000 0.606667 0.496000 0.608333 0.496000 0.612000 0.494750 0.615333 0.492000 0.617333 0.488750 0.618333 0.481250 0.617333 0.478500
0 0.584000 0.497250 0.582000 0.498000 0.580333 0.499750 0.579667 0.505500 0.581000 0.509750 0.583333 0.513250 0.585667 0.514500 0.588667 0.514750 0.591333 0.513500 0.592667 0.511000 0.592667 0.502500 0.591667 0.500250 0.588333 0.498000
0 0.573667 0.498750 0.571000 0.498500 0.565000 0.500000 0.562667 0.501500 0.560000 0.506000 0.557000 0.509250 0.557333 0.513250 0.560333 0.515500 0.564000 0.515750 0.567667 0.514500 0.575333 0.506750 0.576000 0.505500 0.576000 0.501000
0 0.573000 0.486750 0.569333 0.485250 0.563667 0.485250 0.560000 0.486000 0.556000 0.487750 0.548667 0.494500 0.548000 0.496750 0.548667 0.500000 0.551667 0.502000 0.553667 0.502250 0.561000 0.501000 0.568000 0.497500 0.573333 0.492000 0.573667 0.489000
0 0.759333 0.463250 0.757000 0.466000 0.757000 0.471250 0.759333 0.477000 0.766333 0.482500 0.771667 0.483750 0.776000 0.483250 0.777000 0.481750 0.777333 0.477500 0.772333 0.467250 0.771000 0.466000 0.764333 0.463000
0 0.712000 0.514500 0.709667 0.517250 0.709667 0.520250 0.711000 0.525250 0.713000 0.528750 0.717667 0.533000 0.721333 0.535250 0.728667 0.535500 0.731000 0.534500 0.732000 0.533500 0.732000 0.531750 0.729667 0.524750 0.724333 0.518500 0.722333 0.517000 0.717333 0.515000 0.713667 0.514250
0 0.683333 0.532500 0.680333 0.532500 0.677000 0.534000 0.673333 0.538500 0.672000 0.541750 0.671667 0.546000 0.672667 0.552500 0.674667 0.554750 0.678000 0.556250 0.682000 0.555250 0.685333 0.553000 0.687000 0.549000 0.687000 0.536000 0.686000 0.533500
0 0.654333 0.547250 0.652000 0.548000 0.649667 0.550250 0.648000 0.555500 0.647667 0.561750 0.649667 0.568250 0.653667 0.570500 0.658000 0.570750 0.661333 0.568750 0.662667 0.566750 0.663667 0.562750 0.663667 0.555750 0.662667 0.553250 0.659333 0.548750
0 0.630667 0.547500 0.627667 0.548250 0.626000 0.549750 0.623333 0.556000 0.623333 0.561750 0.625667 0.567750 0.627333 0.569500 0.631333 0.570750 0.636333 0.570750 0.639333 0.569250 0.640667 0.566000 0.641333 0.562500 0.641000 0.555750 0.639667 0.552250 0.637000 0.549250 0.635000 0.548000
0 0.576333 0.525750 0.571667 0.525250 0.565333 0.528250 0.557000 0.535250 0.555000 0.540500 0.555333 0.545250 0.557000 0.547000 0.561667 0.547500 0.568000 0.546250 0.571667 0.544000 0.576333 0.539750 0.578333 0.537000 0.579333 0.534000 0.579000 0.528750
0 0.721667 0.575750 0.719667 0.577500 0.718333 0.583000 0.720000 0.591750 0.724333 0.596000 0.728000 0.597250 0.732000 0.597000 0.734000 0.596000 0.737333 0.592000 0.737333 0.587500 0.736000 0.583250 0.733667 0.579500 0.731667 0.578000 0.725667 0.575500
0 0.676667 0.583250 0.673667 0.584500 0.671667 0.588250 0.671667 0.593000 0.673000 0.599250 0.681000 0.607750 0.685000 0.608000 0.686667 0.607000 0.690000 0.600250 0.689667 0.595750 0.685667 0.587250 0.681333 0.584250 0.678667 0.583250
0 0.633333 0.576500 0.630333 0.577250 0.627667 0.579750 0.627000 0.583250 0.627333 0.587250 0.628667 0.591750 0.631333 0.595500 0.634667 0.598000 0.638667 0.598000 0.640667 0.596250 0.643000 0.592250 0.643333 0.586250 0.639667 0.578500 0.635667 0.576500
0 0.582333 0.591250 0.581667 0.592250 0.581667 0.596250 0.587667 0.604250 0.595667 0.609500 0.599333 0.610500 0.604333 0.609750 0.605667 0.608000 0.605333 0.603000 0.600333 0.596500 0.594333 0.593500 0.591333 0.591250 0.585667 0.590500
0 0.584333 0.606750 0.582667 0.607750 0.581000 0.610500 0.581000 0.616000 0.583333 0.623000 0.588333 0.627750 0.594333 0.629750 0.596667 0.629750 0.600000 0.628000 0.600667 0.624000 0.600000 0.619500 0.597000 0.613500 0.593000 0.608750 0.588333 0.606750
0 0.572000 0.580250 0.568000 0.580500 0.563667 0.583250 0.560667 0.587500 0.560000 0.595500 0.561000 0.597250 0.563667 0.598750 0.568667 0.598250 0.571667 0.596250 0.575333 0.592000 0.576333 0.589000 0.576000 0.584500 0.574333 0.581750
0 0.685333 0.693250 0.681000 0.697000 0.680000 0.700250 0.680000 0.705750 0.681000 0.709500 0.685333 0.716250 0.688333 0.718000 0.691000 0.718000 0.694333 0.716750 0.696333 0.713250 0.697000 0.710250 0.696667 0.702750 0.694000 0.696000 0.689667 0.693250
