0 0.606000 0.415250 0.602667 0.416000 0.599667 0.419750 0.598000 0.425250 0.597667 0.433250 0.598667 0.436500 0.601333 0.440000 0.603667 0.441500 0.607667 0.441750 0.611667 0.439250 0.614000 0.436250 0.615333 0.431250 0.615333 0.427750 0.614333 0.422750 0.612000 0.418000 0.608333 0.415500
0 0.414333 0.396250 0.414333 0.401000 0.419667 0.404250 0.427667 0.405750 0.436000 0.405750 0.441000 0.404500 0.444000 0.401500 0.444000 0.399500 0.439667 0.395500 0.436333 0.394000 0.431667 0.393000 0.420667 0.393500 0.416333 0.394750
0 0.491000 0.381750 0.486333 0.382250 0.482333 0.384250 0.478667 0.389250 0.477333 0.392500 0.476667 0.403750 0.478000 0.406250 0.482333 0.408250 0.486000 0.408000 0.490333 0.406750 0.494333 0.402250 0.496333 0.397750 0.497000 0.389000 0.496000 0.385250 0.493667 0.382750
0 0.532333 0.377500 0.528333 0.379500 0.524667 0.384000 0.523667 0.391250 0.524667 0.396750 0.529333 0.402250 0.534333 0.403500 0.537667 0.403000 0.540000 0.401000 0.541667 0.398250 0.542667 0.394750 0.542667 0.388250 0.542000 0.384250 0.537667 0.379000 0.534000 0.377500
0 0.559000 0.367250 0.555667 0.368250 0.551333 0.372750 0.550333 0.375750 0.550000 0.381500 0.550667 0.385000 0.553000 0.389000 0.556667 0.392000 0.560333 0.392750 0.562000 0.391750 0.565000 0.388250 0.566667 0.382750 0.567000 0.376250 0.563667 0.369250 0.561000 0.367250
0 0.580000 0.350750 0.575333 0.353000 0.572667 0.357000 0.571667 0.360000 0.571667 0.366750 0.574667 0.373250 0.579000 0.376250 0.583667 0.376750 0.588000 0.373750 0.589333 0.371500 0.590667 0.366250 0.590667 0.360500 0.590000 0.357250 0.587667 0.353000 0.584667 0.351000
0 0.560333 0.343750 0.555667 0.343750 0.552000 0.345000 0.548333 0.349750 0.546667 0.354000 0.546333 0.361000 0.547000 0.365000 0.549000 0.367000 0.553000 0.367250 0.556667 0.366000 0.561000 0.363250 0.563667 0.357500 0.564000 0.349000 0.562333 0.345000
0 0.497000 0.417500 0.493000 0.417000 0.486667 0.419000 0.479000 0.424000 0.476667 0.427750 0.476667 0.432000 0.478000 0.433500 0.481000 0.434250 0.486000 0.433500 0.489000 0.432250 0.496000 0.427500 0.498333 0.423500 0.498333 0.419250
0 0.425000 0.438250 0.424667 0.440000 0.426667 0.444250 0.430667 0.448000 0.433667 0.449500 0.437333 0.452500 0.442667 0.454000 0.450667 0.454250 0.455000 0.452000 0.455333 0.447250 0.451333 0.441750 0.448000 0.439250 0.433667 0.435500 0.427667 0.436000
0 0.434667 0.454500 0.432667 0.456500 0.432333 0.459750 0.437333 0.467250 0.439000 0.468500 0.446333 0.471250 0.451000 0.470750 0.452667 0.467750 0.452667 0.465000 0.451333 0.461750 0.443000 0.455750 0.439333 0.454500
0 0.517333 0.462000 0.513333 0.461000 0.509333 0.461250 0.506000 0.462500 0.502000 0.465250 0.499667 0.468750 0.497333 0.470500 0.494000 0.474750 0.493667 0.479000 0.498000 0.482500 0.501333 0.483750 0.505667 0.483250 0.514000 0.476500 0.515667 0.474250 0.518667 0.467250 0.518333 0.463250
0 0.564333 0.482500 0.562000 0.481750 0.559667 0.481750 0.557000 0.482750 0.552667 0.485250 0.548000 0.489250 0.544667 0.493500 0.543667 0.497250 0.544333 0.500000 0.547333 0.502750 0.549333 0.503250 0.554000 0.502750 0.561000 0.499000 0.566333 0.491000 0.567000 0.488750 0.567000 0.485750
0 0.525333 0.513000 0.523333 0.517000 0.523333 0.525500 0.524333 0.529500 0.529333 0.534500 0.532333 0.535750 0.534333 0.535750 0.537667 0.534500 0.539333 0.530750 0.539667 0.524250 0.538333 0.519250 0.536667 0.516500 0.530667 0.513000
0 0.505000 0.526750 0.502333 0.527500 0.500667 0.529250 0.500000 0.534250 0.501333 0.540250 0.504333 0.545500 0.509333 0.549500 0.513333 0.549500 0.514667 0.548250 0.515667 0.545000 0.515667 0.540500 0.514000 0.533250 0.510000 0.529250
0 0.486333 0.527250 0.482667 0.528500 0.479000 0.531750 0.478000 0.533250 0.477667 0.539250 0.479000 0.544000 0.481667 0.547000 0.485667 0.549250 0.489333 0.549250 0.491000 0.548750 0.495333 0.545250 0.496667 0.541500 0.497000 0.536500 0.496333 0.533000 0.495000 0.531000 0.491000 0.528000
0 0.443333 0.517250 0.439667 0.517500 0.438333 0.518250 0.436000 0.521500 0.434333 0.525500 0.434000 0.533500 0.434667 0.537500 0.437333 0.541750 0.439667 0.543250 0.444000 0.542250 0.449000 0.536250 0.450667 0.531500 0.449667 0.524000 0.447333 0.520250
0 0.412333 0.543250 0.410333 0.545250 0.410333 0.549250 0.411667 0.553000 0.415000 0.557500 0.420333 0.561750 0.426667 0.564500 0.432000 0.564000 0.434333 0.561000 0.434333 0.556500 0.428333 0.548000 0.420000 0.543250 0.417667 0.542750
0 0.463000 0.585250 0.458333 0.585250 0.454667 0.587250 0.451000 0.595250 0.450333 0.598750 0.450667 0.603500 0.452667 0.608000 0.455333 0.610000 0.458667 0.610250 0.462333 0.608500 0.464333 0.607000 0.466667 0.603500 0.467333 0.601000 0.467333 0.591250 0.466333 0.587500
0 0.490333 0.599750 0.487000 0.600000 0.485000 0.601000 0.482000 0.604000 0.480667 0.607750 0.480333 0.613750 0.481333 0.618250 0.483000 0.621000 0.486667 0.623250 0.490333 0.623250 0.492000 0.622500 0.495333 0.618750 0.497000 0.614750 0.497333 0.609000 0.496000 0.604000 0.494667 0.602250
0 0.506000 0.604250 0.503333 0.605250 0.500667 0.607750 0.499667 0.611750 0.500000 0.618500 0.501000 0.621500 0.503667 0.624750 0.507000 0.627000 0.509000 0.627750 0.511000 0.627750 0.514333 0.626250 0.515667 0.623500 0.515667 0.611750 0.513333 0.606500 0.509667 0.604500
0 0.576000 0.606000 0.571333 0.606500 0.569667 0.607750 0.567000 0.611000 0.564000 0.619000 0.564000 0.626500 0.566667 0.631250 0.570333 0.632750 0.573333 0.632750 0.576667 0.631500 0.579333 0.627750 0.581000 0.623750 0.581667 0.617500 0.581333 0.610750 0.580000 0.608500
0 0.548333 0.638000 0.544333 0.640500 0.543333 0.642500 0.543000 0.647500 0.544000 0.652750 0.549000 0.661000 0.552333 0.663000 0.556333 0.663250 0.558333 0.662250 0.560333 0.659250 0.560667 0.653500 0.560000 0.649500 0.556000 0.641250 0.552667 0.638500
0 0.487333 0.657500 0.484000 0.657750 0.481667 0.659000 0.478333 0.662750 0.477000 0.666250 0.477000 0.673750 0.477667 0.676250 0.479333 0.678250 0.482000 0.679250 0.485667 0.679000 0.487667 0.678000 0.490667 0.674750 0.492000 0.670500 0.492333 0.665500 0.491333 0.661250 0.490000 0.659000
0 0.458333 0.660000 0.455333 0.661750 0.454333 0.664250 0.454000 0.670500 0.455667 0.675000 0.462000 0.682250 0.464333 0.683000 0.467333 0.683000 0.471000 0.679000 0.471667 0.675000 0.468000 0.664500 0.466000 0.662750 0.462667 0.661000
0 0.377667 0.636500 0.374667 0.637000 0.372333 0.638250 0.369667 0.642750 0.368667 0.647000 0.369333 0.655000 0.373333 0.658500 0.377333 0.658750 0.381667 0.656500 0.383333 0.654000 0.385000 0.646500 0.384667 0.642250 0.382333 0.638000 0.380667 0.637000
0 0.335333 0.692250 0.334667 0.693500 0.335000 0.697250 0.337000 0.701000 0.345000 0.707750 0.351000 0.710250 0.356333 0.711250 0.361000 0.710750 0.363000 0.709750 0.364333 0.706000 0.363667 0.702500 0.362000 0.699500 0.357000 0.694750 0.349333 0.691250 0.345333 0.690500 0.338333 0.690500
0 0.535000 0.708500 0.532333 0.708250 0.524000 0.711000 0.521667 0.712750 0.518000 0.717500 0.516333 0.721750 0.516000 0.729250 0.518000 0.732250 0.520667 0.733500 0.526000 0.733500 0.528667 0.732500 0.535000 0.725750 0.537667 0.721750 0.539000 0.717750 0.539000 0.712250 0.537667 0.709750
0 0.483000 0.701000 0.478000 0.703500 0.474000 0.713750 0.474333 0.720250 0.478333 0.723500 0.482000 0.723500 0.483333 0.723000 0.487000 0.720250 0.488333 0.717500 0.487000 0.704500 0.486000 0.703000
