0 0.532667 0.471750 0.528667 0.471250 0.525000 0.472500 0.517667 0.477500 0.517000 0.479250 0.518000 0.482000 0.521000 0.484250 0.524667 0.484750 0.529000 0.484500 0.530667 0.483500 0.532333 0.481500 0.534000 0.476250 0.534000 0.473750
0 0.560000 0.694750 0.556000 0.697000 0.554667 0.701500 0.554667 0.705000 0.556000 0.709750 0.559333 0.711250 0.561000 0.711250 0.564333 0.709000 0.566333 0.705250 0.566333 0.700250 0.565000 0.696500 0.561333 0.694750
0 0.587333 0.693250 0.584333 0.695500 0.583667 0.696750 0.583667 0.705000 0.586667 0.710250 0.588333 0.711000 0.591667 0.711000 0.593667 0.709000 0.594333 0.706250 0.593667 0.698500 0.592000 0.695000 0.588667 0.693250
0 0.428000 0.752000 0.425000 0.753750 0.423333 0.756000 0.422667 0.758500 0.423000 0.766750 0.424333 0.769750 0.427333 0.773250 0.431333 0.774750 0.434667 0.774500 0.438333 0.772250 0.439333 0.770500 0.440000 0.765750 0.439000 0.760000 0.435333 0.753500 0.431667 0.752000
0 0.495333 0.750750 0.492667 0.752000 0.490000 0.758750 0.490000 0.767000 0.492667 0.772750 0.494667 0.774250 0.498667 0.775250 0.503000 0.772500 0.505333 0.768250 0.505333 0.761500 0.503333 0.755250 0.501667 0.752500 0.498667 0.750750
0 0.561667 0.653750 0.560333 0.652750 0.557667 0.652250 0.553667 0.652500 0.547333 0.653750 0.540667 0.655750 0.537000 0.657500 0.532667 0.662000 0.532333 0.666750 0.533667 0.668500 0.537333 0.670500 0.545667 0.671500 0.552667 0.670250 0.556667 0.668250 0.561000 0.665250 0.563667 0.661500 0.564333 0.658500
0 0.444333 0.326250 0.445000 0.330000 0.447667 0.333250 0.453667 0.336250 0.459667 0.337500 0.468333 0.337750 0.475333 0.336250 0.480000 0.334000 0.481667 0.330750 0.481667 0.329500 0.479000 0.326250 0.466000 0.321750 0.459333 0.321250 0.451333 0.321750 0.447000 0.323250
0 0.537333 0.613750 0.534667 0.615500 0.532333 0.618750 0.531667 0.621250 0.532000 0.629500 0.533667 0.634750 0.536000 0.638000 0.537667 0.639250 0.541000 0.640000 0.544000 0.639250 0.546000 0.637250 0.547000 0.634250 0.547667 0.626000 0.545667 0.618000 0.541333 0.614500
0 0.472000 0.619000 0.469000 0.620250 0.467000 0.623250 0.466333 0.626000 0.466667 0.631250 0.468667 0.637250 0.470667 0.640500 0.474333 0.643250 0.479333 0.644250 0.482333 0.643250 0.484333 0.638500 0.484333 0.631750 0.483333 0.627000 0.480667 0.623000 0.478000 0.620750 0.475000 0.619000
0 0.560667 0.341750 0.557333 0.343250 0.555333 0.345250 0.553333 0.354500 0.554333 0.359250 0.556000 0.362250 0.559667 0.364000 0.562000 0.364000 0.565000 0.363250 0.568000 0.360750 0.569333 0.357250 0.569667 0.352500 0.568000 0.345750 0.564333 0.342750
0 0.388333 0.562250 0.383667 0.563750 0.380333 0.568250 0.379000 0.572000 0.379000 0.579250 0.380333 0.583000 0.383000 0.585500 0.385667 0.586500 0.389333 0.586750 0.393000 0.585750 0.396333 0.582750 0.398000 0.578750 0.398667 0.572250 0.397667 0.568000 0.395333 0.564250 0.392333 0.562750
0 0.451000 0.585500 0.446667 0.587750 0.445333 0.590750 0.444667 0.595500 0.445000 0.603250 0.446333 0.607500 0.450333 0.612000 0.453667 0.614000 0.456333 0.614250 0.459667 0.613000 0.461667 0.609000 0.462667 0.603500 0.462000 0.596000 0.459333 0.588250 0.455333 0.586000
0 0.489000 0.595000 0.486667 0.596000 0.484667 0.600500 0.484000 0.605250 0.485000 0.611250 0.486667 0.614250 0.489667 0.617000 0.494333 0.619500 0.497667 0.619250 0.499000 0.618250 0.500667 0.615000 0.500667 0.609750 0.498667 0.599500 0.495000 0.595500 0.493333 0.595000
0 0.518000 0.594750 0.516333 0.596750 0.515667 0.600000 0.516000 0.607250 0.517000 0.610250 0.519333 0.612750 0.521667 0.613750 0.525000 0.613750 0.528333 0.611250 0.529000 0.607250 0.528667 0.602250 0.526000 0.596250 0.522333 0.594250
0 0.532667 0.580000 0.530333 0.582500 0.529333 0.585000 0.529333 0.588250 0.531667 0.593250 0.540333 0.600750 0.547000 0.602250 0.550667 0.601750 0.553000 0.600250 0.554000 0.594750 0.550000 0.587500 0.542333 0.580250 0.538333 0.579250
0 0.493667 0.548250 0.488667 0.555750 0.488000 0.565250 0.490333 0.569000 0.493333 0.570000 0.498667 0.570000 0.501667 0.568000 0.504000 0.564000 0.504333 0.556250 0.502333 0.552250 0.498000 0.548250
0 0.517667 0.548250 0.514667 0.550000 0.512333 0.553750 0.511667 0.557000 0.512000 0.561250 0.513667 0.565000 0.517667 0.568500 0.521667 0.568500 0.524333 0.566250 0.526333 0.563250 0.527000 0.560750 0.526667 0.555750 0.525333 0.552500 0.522667 0.549250 0.521333 0.548500
0 0.467333 0.534750 0.465667 0.536000 0.464333 0.539000 0.464333 0.543250 0.466000 0.548000 0.469000 0.553000 0.470667 0.554500 0.473667 0.555750 0.478000 0.555250 0.480000 0.554000 0.481333 0.550500 0.481000 0.545000 0.479333 0.540500 0.474333 0.536000 0.471333 0.534750
0 0.494667 0.516750 0.491667 0.518000 0.487000 0.524750 0.487000 0.530000 0.488000 0.533750 0.490333 0.537250 0.493667 0.539500 0.497667 0.539750 0.501000 0.537500 0.503333 0.534250 0.505333 0.529500 0.505667 0.525250 0.502667 0.519000 0.499667 0.517250
0 0.342000 0.488250 0.339000 0.489500 0.335667 0.493000 0.334333 0.497250 0.334000 0.502000 0.335667 0.509500 0.337333 0.512250 0.340667 0.514250 0.343000 0.514500 0.346000 0.513750 0.349667 0.510250 0.351333 0.505750 0.351667 0.499250 0.351000 0.494250 0.350000 0.492250 0.346000 0.489000
0 0.513667 0.485500 0.511667 0.486750 0.510000 0.489500 0.510000 0.495250 0.512333 0.502750 0.517667 0.509750 0.520667 0.511000 0.525000 0.510750 0.527667 0.509000 0.529333 0.505750 0.529333 0.497250 0.528000 0.493000 0.524000 0.488250 0.521667 0.486500 0.518333 0.485250
0 0.458333 0.696500 0.453000 0.696500 0.450333 0.697500 0.446333 0.700500 0.445333 0.704250 0.445333 0.708750 0.446000 0.710250 0.447667 0.711500 0.451333 0.712250 0.454000 0.711000 0.457000 0.708500 0.459667 0.703000 0.459667 0.698750
0 0.624333 0.466000 0.622667 0.467000 0.621000 0.470250 0.621667 0.475250 0.625667 0.483000 0.629333 0.486750 0.631667 0.488000 0.635667 0.488500 0.638667 0.487000 0.640000 0.483500 0.639667 0.477500 0.638333 0.473750 0.636333 0.470250 0.631333 0.466750 0.627333 0.465500
0 0.542000 0.427250 0.537667 0.428000 0.533667 0.430750 0.531333 0.436000 0.531000 0.444500 0.531667 0.447750 0.533333 0.450750 0.536333 0.452500 0.538000 0.452500 0.542000 0.450500 0.545333 0.446750 0.546667 0.442750 0.547000 0.431500 0.545667 0.429000
0 0.498000 0.440500 0.494000 0.440500 0.491667 0.442750 0.489000 0.447000 0.488667 0.452250 0.489333 0.455250 0.493667 0.459000 0.495333 0.459000 0.498667 0.457250 0.501000 0.451000 0.500667 0.443750
0 0.470000 0.425750 0.466333 0.427250 0.464667 0.430750 0.466000 0.439500 0.470667 0.447750 0.474000 0.449750 0.478333 0.450000 0.481667 0.448250 0.483333 0.444750 0.483333 0.438000 0.482000 0.433750 0.480333 0.430750 0.474667 0.426250
0 0.451667 0.431250 0.450000 0.431750 0.446000 0.434500 0.443667 0.438500 0.443000 0.441750 0.443000 0.447000 0.444333 0.452000 0.446667 0.454500 0.450333 0.455000 0.452667 0.454250 0.456000 0.451250 0.457667 0.446750 0.458333 0.438000 0.457333 0.434750 0.455000 0.432500
0 0.424000 0.687500 0.422667 0.689000 0.422667 0.693750 0.423667 0.696750 0.427000 0.702000 0.430667 0.706250 0.435667 0.710000 0.439000 0.711250 0.443667 0.711000 0.445333 0.708750 0.445333 0.700000 0.444000 0.696250 0.435000 0.689250 0.428667 0.687500
0 0.342000 0.443750 0.337333 0.444500 0.334333 0.446750 0.332000 0.450250 0.330333 0.455000 0.330333 0.459500 0.331333 0.461750 0.334000 0.464500 0.336667 0.465500 0.341333 0.465250 0.343333 0.464000 0.347333 0.459000 0.348333 0.456000 0.348333 0.451000 0.347333 0.447250 0.345000 0.445000
0 0.313667 0.413500 0.309667 0.415000 0.307000 0.419500 0.306000 0.424750 0.307000 0.428250 0.309667 0.431500 0.311333 0.432500 0.314333 0.432750 0.317000 0.430750 0.319333 0.427750 0.320000 0.419250 0.319000 0.415250 0.318000 0.414500
0 0.426667 0.381500 0.424000 0.382500 0.421333 0.385250 0.419000 0.391250 0.418667 0.397250 0.419333 0.401250 0.421000 0.405000 0.424000 0.407250 0.428000 0.408000 0.432000 0.406500 0.434000 0.404500 0.435333 0.400500 0.435667 0.391750 0.433667 0.384500 0.431333 0.382500 0.428667 0.381500
0 0.466667 0.374000 0.463667 0.372500 0.455667 0.371500 0.443333 0.372500 0.439000 0.374000 0.437333 0.376500 0.437667 0.380750 0.438667 0.382250 0.441667 0.384250 0.446333 0.386250 0.455333 0.386000 0.464000 0.383000 0.467000 0.381000 0.468000 0.378500 0.468000 0.376000
