0 0.423333 0.298000 0.424000 0.302000 0.427000 0.305000 0.431667 0.307000 0.438667 0.308750 0.446667 0.308750 0.450333 0.308000 0.454667 0.305500 0.456333 0.303250 0.455667 0.299500 0.452333 0.296500 0.443000 0.293750 0.433000 0.293250 0.428000 0.294000 0.425000 0.295750
0 0.376333 0.338250 0.376000 0.342500 0.378667 0.346000 0.384667 0.350250 0.394667 0.353000 0.404000 0.352750 0.407667 0.350250 0.408000 0.348500 0.406333 0.344750 0.403667 0.342750 0.396333 0.339250 0.389333 0.336750 0.381667 0.336000 0.377667 0.337000
0 0.401333 0.399000 0.396667 0.399500 0.394667 0.400750 0.392000 0.403750 0.390667 0.407500 0.390000 0.417250 0.391000 0.423250 0.392667 0.425750 0.396333 0.427250 0.400333 0.427250 0.403333 0.426000 0.405333 0.424000 0.407000 0.419750 0.407667 0.414500 0.407667 0.407000 0.407000 0.404500 0.405000 0.400500
0 0.448000 0.432000 0.444000 0.432500 0.439000 0.435250 0.436333 0.439750 0.434333 0.446000 0.434333 0.451250 0.435333 0.453000 0.439000 0.455250 0.442667 0.454750 0.445667 0.453000 0.449000 0.450250 0.451667 0.445750 0.452667 0.442250 0.452667 0.438250 0.451333 0.434750
0 0.474667 0.421250 0.470000 0.421250 0.463000 0.423750 0.460333 0.427500 0.456333 0.431000 0.455000 0.434500 0.455000 0.436500 0.456333 0.439500 0.458667 0.441250 0.463667 0.442000 0.467000 0.441000 0.474667 0.435000 0.477000 0.427750 0.476667 0.423750
0 0.513333 0.381250 0.509333 0.382000 0.506667 0.384250 0.504667 0.388000 0.503667 0.392000 0.503000 0.399000 0.503667 0.403750 0.505333 0.406000 0.509667 0.407250 0.513667 0.407250 0.517333 0.404750 0.519000 0.401500 0.520333 0.395750 0.520000 0.388750 0.518667 0.384500 0.516667 0.382750
0 0.553000 0.359250 0.550333 0.361000 0.549000 0.365250 0.549333 0.370250 0.551000 0.375000 0.552667 0.377750 0.556333 0.381500 0.560667 0.383000 0.565000 0.383000 0.568333 0.381250 0.570000 0.377500 0.570000 0.371250 0.569000 0.367500 0.564333 0.361250 0.562000 0.359750 0.557667 0.358750
0 0.517333 0.422500 0.513000 0.422500 0.510000 0.423500 0.504000 0.432000 0.503000 0.438000 0.504000 0.443500 0.506333 0.446000 0.509667 0.447500 0.514000 0.447000 0.518333 0.443750 0.522000 0.438750 0.523000 0.436000 0.523333 0.430250 0.522333 0.425500 0.521000 0.423750
0 0.552000 0.438500 0.548333 0.439500 0.547000 0.441500 0.545333 0.446250 0.545333 0.453000 0.547000 0.459500 0.549000 0.462500 0.552667 0.464500 0.556333 0.464500 0.560333 0.462250 0.562000 0.459000 0.562000 0.446500 0.561000 0.443000 0.558667 0.440000 0.556333 0.438750
0 0.613333 0.446500 0.610667 0.447750 0.609333 0.451000 0.610000 0.461500 0.610667 0.463500 0.613333 0.466750 0.615333 0.467750 0.619333 0.468000 0.622333 0.466250 0.623667 0.463250 0.623333 0.454500 0.620000 0.448250 0.616667 0.446500
0 0.580667 0.473750 0.576667 0.474250 0.572333 0.477000 0.570000 0.482500 0.569333 0.486750 0.569667 0.493500 0.571667 0.497250 0.575333 0.499000 0.579333 0.498000 0.583333 0.495000 0.586000 0.490000 0.586667 0.486250 0.586000 0.478250 0.585000 0.476250
0 0.533667 0.492000 0.529333 0.492000 0.526333 0.493500 0.524333 0.495250 0.520333 0.501250 0.519667 0.504750 0.520000 0.510000 0.522667 0.514250 0.525000 0.515500 0.529000 0.515750 0.532000 0.514500 0.534667 0.511750 0.536667 0.507250 0.537667 0.503500 0.537667 0.496000 0.537000 0.493750
0 0.482000 0.492500 0.480000 0.494250 0.479667 0.498750 0.485333 0.510250 0.489667 0.514250 0.492667 0.515250 0.495000 0.515250 0.497667 0.514250 0.499333 0.511000 0.499667 0.504750 0.498667 0.500500 0.496333 0.497250 0.491333 0.492750 0.487667 0.492000
0 0.515333 0.531000 0.513667 0.530000 0.508667 0.530000 0.503000 0.531000 0.496667 0.533000 0.491333 0.536750 0.490333 0.539500 0.490667 0.541500 0.492667 0.542750 0.495667 0.543500 0.500333 0.543500 0.506333 0.542000 0.514333 0.537750 0.516333 0.534250 0.516333 0.532500
0 0.514000 0.548500 0.509333 0.548500 0.506667 0.550750 0.502667 0.556000 0.502667 0.564750 0.503667 0.568000 0.505000 0.570000 0.509000 0.572000 0.513000 0.571500 0.516333 0.568250 0.519000 0.561250 0.518333 0.553250 0.517000 0.551000
0 0.483000 0.554500 0.480000 0.556000 0.478000 0.559500 0.477667 0.565250 0.478333 0.568500 0.480667 0.573500 0.483333 0.577250 0.486333 0.579750 0.490000 0.580250 0.494000 0.577000 0.496333 0.571750 0.496000 0.564500 0.491333 0.556250 0.487667 0.554750
0 0.467667 0.586000 0.464000 0.586500 0.461000 0.588250 0.457667 0.592500 0.456000 0.596750 0.455667 0.604750 0.457333 0.611000 0.459333 0.612750 0.463000 0.613750 0.467667 0.612500 0.471000 0.609000 0.473000 0.605250 0.474333 0.600250 0.474667 0.595750 0.472000 0.588250
0 0.482333 0.596750 0.479667 0.600000 0.478667 0.603750 0.478667 0.607500 0.481667 0.614250 0.485333 0.618750 0.488333 0.620000 0.490667 0.620000 0.492000 0.619000 0.494333 0.614500 0.494333 0.608750 0.493000 0.603500 0.491333 0.600500 0.489000 0.598250 0.486667 0.597000
0 0.369000 0.554750 0.363667 0.554000 0.360000 0.555000 0.354000 0.560500 0.351000 0.564500 0.349667 0.568750 0.349333 0.573250 0.350333 0.576500 0.351333 0.578000 0.353333 0.579250 0.357667 0.579250 0.362000 0.577750 0.366000 0.574500 0.370333 0.568000 0.372000 0.563500 0.372333 0.559500 0.371333 0.556250
0 0.576667 0.583750 0.571667 0.583750 0.565333 0.586500 0.563333 0.588250 0.560000 0.593250 0.558667 0.596500 0.558667 0.600250 0.561333 0.602750 0.563667 0.603750 0.568667 0.602750 0.572667 0.600500 0.577000 0.596750 0.580000 0.591750 0.580333 0.587250 0.579000 0.585250
0 0.509000 0.614250 0.505667 0.617250 0.504333 0.619750 0.503333 0.625250 0.503333 0.635250 0.505333 0.638750 0.508000 0.639750 0.511667 0.639750 0.514333 0.639000 0.515667 0.637750 0.518333 0.631500 0.518667 0.626750 0.516667 0.619500 0.514333 0.615750 0.511000 0.614250
0 0.525333 0.608000 0.523333 0.609500 0.522333 0.611500 0.523000 0.618750 0.525333 0.623000 0.528667 0.625250 0.530333 0.625250 0.533667 0.624250 0.534667 0.622750 0.535333 0.620250 0.534667 0.614250 0.533333 0.611500 0.529333 0.608500
0 0.509667 0.657000 0.505333 0.657000 0.502333 0.658250 0.498333 0.665250 0.498000 0.670500 0.500000 0.677500 0.501333 0.679500 0.505333 0.681250 0.509333 0.680500 0.512000 0.678750 0.514333 0.673500 0.514333 0.662250 0.512333 0.658500
0 0.477667 0.656500 0.473667 0.658250 0.471000 0.663000 0.470333 0.665250 0.470667 0.674250 0.472333 0.678250 0.474333 0.680250 0.481333 0.680500 0.483667 0.679000 0.486667 0.673750 0.487333 0.665250 0.486000 0.660250 0.484333 0.657500 0.482000 0.656500
0 0.474000 0.681750 0.471667 0.685000 0.472333 0.689250 0.474000 0.692250 0.479000 0.698000 0.483333 0.699750 0.487000 0.700250 0.491000 0.697250 0.491000 0.693500 0.489333 0.689750 0.482000 0.682250 0.479333 0.681500
0 0.447000 0.710000 0.442667 0.710000 0.439333 0.711250 0.430667 0.720250 0.430667 0.728500 0.432000 0.730500 0.435000 0.732250 0.439000 0.732250 0.442333 0.730750 0.448667 0.724750 0.451000 0.721500 0.452000 0.718250 0.451667 0.713250 0.450667 0.711750
0 0.530333 0.631000 0.528667 0.631000 0.524333 0.633250 0.519667 0.641750 0.519333 0.647000 0.520000 0.650750 0.521667 0.653000 0.525333 0.654750 0.529333 0.654500 0.532333 0.652250 0.534667 0.649000 0.537000 0.643750 0.536333 0.635000 0.534000 0.632250
