0 0.502333 0.485500 0.500333 0.487250 0.498667 0.492500 0.499000 0.498500 0.500333 0.502250 0.502000 0.504750 0.505000 0.507250 0.508000 0.508000 0.513000 0.507750 0.515000 0.505500 0.516000 0.499750 0.515667 0.494250 0.514333 0.490000 0.510333 0.485750 0.508333 0.485250
0 0.502000 0.511500 0.499667 0.513500 0.499000 0.516500 0.500667 0.529500 0.504000 0.533750 0.509000 0.537250 0.511333 0.537250 0.513667 0.536250 0.515000 0.533750 0.515667 0.525750 0.514333 0.520250 0.512667 0.516750 0.506333 0.511500
0 0.538000 0.546000 0.534000 0.546250 0.531333 0.547500 0.529000 0.549250 0.524333 0.555250 0.523000 0.561250 0.523667 0.564250 0.526333 0.566500 0.530000 0.567000 0.533667 0.565750 0.537000 0.564000 0.539667 0.560500 0.542000 0.554500 0.542000 0.549500 0.541333 0.548000
0 0.548000 0.528500 0.545333 0.530750 0.544333 0.532500 0.544333 0.538000 0.548000 0.547250 0.550333 0.549000 0.552667 0.550000 0.556667 0.550500 0.560333 0.548250 0.561000 0.546250 0.561333 0.539750 0.560667 0.536750 0.558333 0.532750 0.553000 0.529000
0 0.424333 0.482000 0.419667 0.482250 0.414333 0.486250 0.412000 0.493750 0.412000 0.498000 0.414000 0.502500 0.416000 0.503750 0.420000 0.503500 0.422000 0.502500 0.426333 0.498750 0.428333 0.495000 0.428333 0.486000 0.427333 0.484250
0 0.570333 0.587250 0.568667 0.588000 0.567667 0.590250 0.567667 0.594750 0.570333 0.600500 0.579333 0.607750 0.583667 0.610000 0.586333 0.607000 0.587000 0.604750 0.586667 0.601000 0.584667 0.594750 0.581333 0.590750 0.577667 0.587750 0.575667 0.587000
0 0.556333 0.577000 0.552000 0.576750 0.549000 0.578000 0.547667 0.579750 0.544333 0.588250 0.544333 0.597250 0.546667 0.600000 0.548667 0.601000 0.552333 0.600250 0.554667 0.598500 0.559000 0.593250 0.561000 0.588750 0.561000 0.582750 0.560333 0.580750 0.558667 0.578500
0 0.493667 0.549750 0.489667 0.549500 0.486333 0.551250 0.482000 0.556250 0.480667 0.558750 0.478000 0.560750 0.477667 0.564250 0.479000 0.566000 0.482333 0.566750 0.486333 0.565750 0.491333 0.562250 0.493667 0.559500 0.495667 0.554250 0.495667 0.552000
0 0.467000 0.534500 0.463000 0.537250 0.461333 0.540250 0.460667 0.550250 0.463000 0.557250 0.466667 0.559750 0.470333 0.560000 0.474000 0.557750 0.475000 0.556250 0.476667 0.548250 0.475333 0.541000 0.473000 0.536750 0.471333 0.535000
0 0.490667 0.524750 0.486333 0.524750 0.484667 0.525500 0.482000 0.527750 0.477333 0.533750 0.476667 0.538000 0.477000 0.546000 0.478333 0.549250 0.481333 0.550500 0.483000 0.550500 0.488333 0.546250 0.491667 0.541250 0.493667 0.533750 0.493667 0.529250 0.492000 0.525750
0 0.440333 0.502500 0.439333 0.504750 0.440000 0.507250 0.446000 0.511750 0.451667 0.514250 0.455000 0.514750 0.466333 0.514250 0.469000 0.512750 0.471000 0.510250 0.470333 0.506000 0.467667 0.502500 0.465000 0.501250 0.459667 0.500500 0.451333 0.500500 0.443333 0.501250
0 0.466333 0.470750 0.462000 0.471000 0.457333 0.477500 0.456667 0.480250 0.456333 0.486750 0.458333 0.491500 0.462333 0.495000 0.464000 0.495000 0.466667 0.493750 0.469667 0.489750 0.471333 0.485250 0.471667 0.481750 0.471000 0.477500 0.467333 0.471000
0 0.490000 0.485500 0.487333 0.485750 0.484667 0.486750 0.482333 0.488500 0.478667 0.494250 0.478667 0.498750 0.481000 0.502500 0.486000 0.505000 0.489667 0.504250 0.491333 0.503250 0.493667 0.498250 0.493667 0.490750 0.491333 0.486250
0 0.549333 0.551500 0.547667 0.553250 0.546667 0.557000 0.547000 0.561500 0.549000 0.567750 0.550667 0.570000 0.555333 0.573250 0.560333 0.573250 0.562333 0.569250 0.562667 0.561000 0.561333 0.556000 0.559667 0.554000 0.553333 0.551250
0 0.502000 0.359000 0.498000 0.360000 0.496333 0.361500 0.495000 0.365500 0.494667 0.370250 0.497000 0.376750 0.500667 0.381250 0.502000 0.382250 0.506333 0.383000 0.509333 0.381000 0.512000 0.377500 0.513000 0.374250 0.513000 0.369500 0.510667 0.364750 0.507667 0.360750 0.505333 0.359250
0 0.473667 0.346750 0.471000 0.348750 0.470667 0.351250 0.471000 0.356000 0.473333 0.362000 0.477667 0.367000 0.481667 0.369500 0.485333 0.370250 0.487333 0.370000 0.489667 0.367500 0.490667 0.362000 0.487667 0.354000 0.481667 0.348250 0.478000 0.347000
0 0.476667 0.283750 0.474333 0.284250 0.471000 0.287750 0.470000 0.290750 0.470333 0.299750 0.471333 0.303500 0.473667 0.306500 0.477000 0.308750 0.480333 0.309000 0.483333 0.307750 0.485667 0.303000 0.486333 0.300000 0.486000 0.293000 0.483000 0.285750 0.479333 0.283750
0 0.440000 0.253500 0.436333 0.254000 0.433333 0.256000 0.430333 0.259250 0.427667 0.267000 0.427667 0.273250 0.428333 0.275750 0.431667 0.278000 0.435000 0.277750 0.437333 0.276250 0.441333 0.271250 0.443000 0.267500 0.444667 0.260250 0.444333 0.257250 0.443000 0.254750
0 0.368667 0.478000 0.367333 0.480000 0.367333 0.487000 0.368667 0.490750 0.370667 0.492750 0.373333 0.497500 0.376000 0.499250 0.380333 0.499500 0.382000 0.498250 0.382000 0.493750 0.379333 0.489500 0.378333 0.486500 0.370667 0.479000
0 0.400333 0.489250 0.396000 0.491250 0.393333 0.493250 0.391667 0.497000 0.391667 0.501000 0.393000 0.506000 0.396000 0.509750 0.399333 0.511500 0.401667 0.511500 0.404667 0.510250 0.406333 0.507000 0.407333 0.502750 0.407333 0.498250 0.406667 0.494250 0.405000 0.491000 0.403667 0.490000
0 0.395333 0.523250 0.391000 0.525000 0.389333 0.528500 0.389000 0.540750 0.391000 0.546500 0.396000 0.549500 0.400333 0.550250 0.403333 0.548250 0.405000 0.545750 0.405667 0.541750 0.405333 0.532250 0.404667 0.529250 0.402000 0.524750 0.399000 0.523500
0 0.556333 0.603000 0.556000 0.604250 0.557000 0.607000 0.559333 0.608500 0.561000 0.611750 0.565667 0.615250 0.569667 0.616500 0.577333 0.617250 0.580667 0.616750 0.583667 0.614750 0.584667 0.612000 0.583667 0.608750 0.579667 0.605750 0.573667 0.602750 0.567000 0.600750 0.563333 0.600500 0.560000 0.601000
0 0.526000 0.629000 0.524667 0.630000 0.524000 0.632750 0.524667 0.642000 0.527667 0.647000 0.530333 0.650000 0.533333 0.651500 0.536667 0.651250 0.538333 0.650250 0.540000 0.647250 0.540000 0.643000 0.537000 0.635000 0.529333 0.628750
0 0.433000 0.667500 0.431000 0.667500 0.428667 0.668500 0.424333 0.672000 0.423000 0.674250 0.422000 0.679750 0.422333 0.686250 0.424333 0.689250 0.427333 0.690750 0.431667 0.690500 0.434333 0.689000 0.437000 0.683000 0.438000 0.673250 0.435667 0.668250
0 0.376333 0.633250 0.372667 0.635000 0.371333 0.638000 0.372000 0.645250 0.376333 0.652750 0.379000 0.654250 0.382000 0.654500 0.384667 0.653750 0.387667 0.650500 0.387667 0.643000 0.385667 0.638750 0.382333 0.635000 0.380333 0.633750
0 0.419000 0.621750 0.415333 0.623500 0.413667 0.626500 0.413667 0.635750 0.415333 0.640500 0.418000 0.643250 0.420333 0.644750 0.425000 0.645250 0.428333 0.643500 0.430000 0.636750 0.429333 0.629500 0.428000 0.626000 0.423667 0.622750 0.421000 0.621750
0 0.442333 0.597250 0.439667 0.598250 0.438333 0.599750 0.436667 0.603250 0.436000 0.608250 0.437333 0.614750 0.438667 0.617500 0.442333 0.619750 0.444000 0.619750 0.447667 0.617750 0.450000 0.615250 0.451333 0.612000 0.451333 0.607750 0.450667 0.603750 0.447333 0.599500 0.444000 0.597250
0 0.463000 0.573500 0.460667 0.574750 0.458333 0.578750 0.458333 0.585000 0.462333 0.595000 0.465333 0.597000 0.468000 0.597250 0.470667 0.596500 0.472333 0.594500 0.473333 0.592000 0.473667 0.587750 0.471000 0.579250 0.466000 0.574000
0 0.385000 0.548250 0.384000 0.549250 0.384000 0.553250 0.389333 0.560500 0.392000 0.562500 0.400000 0.566000 0.404000 0.565750 0.405333 0.564500 0.405667 0.559500 0.404000 0.555750 0.394000 0.548750 0.390000 0.547500
0 0.373333 0.553500 0.370333 0.555250 0.369333 0.557000 0.369667 0.561250 0.371667 0.568000 0.376000 0.572750 0.380667 0.573000 0.382333 0.571750 0.384333 0.567750 0.384333 0.563750 0.382333 0.560250 0.381667 0.556500 0.376667 0.553500
0 0.350667 0.552000 0.348000 0.554500 0.347333 0.557500 0.349000 0.564000 0.352333 0.569000 0.360667 0.573500 0.365667 0.573250 0.367333 0.571500 0.368333 0.569000 0.368333 0.563750 0.365333 0.556000 0.361667 0.553000 0.358667 0.551750 0.353333 0.551250
0 0.610667 0.401500 0.607000 0.400750 0.603000 0.402250 0.599000 0.404750 0.595000 0.406000 0.591000 0.408500 0.587000 0.413000 0.585333 0.416000 0.585333 0.420500 0.587333 0.422000 0.592333 0.422000 0.599333 0.420500 0.608333 0.413750 0.612000 0.409750 0.613000 0.407750 0.612667 0.403500
0 0.611667 0.381750 0.607667 0.384750 0.606667 0.388250 0.607000 0.392500 0.610333 0.399500 0.611667 0.400500 0.615000 0.401000 0.617667 0.398500 0.619333 0.395750 0.620000 0.387750 0.619000 0.384750 0.617333 0.383000 0.614667 0.381750
0 0.567333 0.367000 0.564333 0.368000 0.562667 0.369750 0.561333 0.375000 0.561333 0.380750 0.563333 0.390000 0.568000 0.393750 0.569333 0.393750 0.572667 0.392750 0.576667 0.389750 0.577667 0.386000 0.577667 0.379000 0.576667 0.373250 0.574667 0.369500 0.572000 0.367500
0 0.532667 0.371750 0.528667 0.376250 0.527333 0.382250 0.527333 0.385750 0.528667 0.389750 0.531000 0.392750 0.533000 0.394250 0.535333 0.394250 0.538000 0.393250 0.541000 0.388250 0.542000 0.385500 0.542000 0.380250 0.540667 0.376500 0.538000 0.373000 0.536333 0.372000
0 0.541000 0.339750 0.538667 0.341500 0.537333 0.344750 0.537667 0.350250 0.540333 0.357250 0.546000 0.361500 0.548000 0.362250 0.552333 0.362000 0.553333 0.361500 0.555000 0.358250 0.555000 0.352750 0.552333 0.346000 0.547333 0.342500 0.544667 0.339750
0 0.580333 0.403000 0.575000 0.403000 0.571000 0.405500 0.568667 0.408500 0.566000 0.415250 0.566000 0.417750 0.567333 0.422750 0.569000 0.424250 0.572667 0.424750 0.576000 0.423750 0.580667 0.419250 0.582333 0.416000 0.583667 0.407000 0.582333 0.404250
0 0.560333 0.392750 0.556000 0.393000 0.548000 0.400500 0.546000 0.407750 0.546000 0.412750 0.547000 0.415250 0.548667 0.416750 0.553000 0.416250 0.559000 0.412250 0.561333 0.409500 0.563000 0.404000 0.563333 0.399500 0.563000 0.396500
0 0.529000 0.414500 0.526000 0.416500 0.524667 0.419000 0.524333 0.429250 0.524667 0.432000 0.526667 0.435750 0.528667 0.437500 0.531333 0.437750 0.534000 0.437250 0.537333 0.434250 0.538667 0.431250 0.539333 0.426750 0.538667 0.422250 0.535667 0.416250 0.533333 0.414750
0 0.474667 0.407250 0.473667 0.408500 0.473000 0.412750 0.474000 0.417000 0.477667 0.424750 0.483333 0.428750 0.485000 0.429250 0.489667 0.428750 0.491000 0.427750 0.492000 0.424500 0.491667 0.418500 0.490667 0.414750 0.483667 0.407750 0.478667 0.406500
0 0.442667 0.403500 0.437333 0.403500 0.431667 0.406500 0.430000 0.408250 0.426667 0.415000 0.426333 0.418250 0.426667 0.420750 0.428000 0.423000 0.430667 0.424500 0.435667 0.424250 0.442333 0.419750 0.444000 0.417500 0.445667 0.412250 0.446000 0.407500 0.444667 0.404750
0 0.382000 0.415250 0.380333 0.416750 0.379333 0.420500 0.384333 0.432250 0.388333 0.437000 0.390333 0.438000 0.396333 0.439250 0.404000 0.440250 0.405667 0.437750 0.406333 0.434500 0.405333 0.428000 0.403000 0.423750 0.397000 0.418250 0.392667 0.415750 0.389000 0.414500 0.384000 0.414500
0 0.376667 0.439750 0.376000 0.442500 0.376667 0.445000 0.380333 0.448000 0.385000 0.449750 0.393333 0.450250 0.399000 0.449000 0.401667 0.447750 0.404000 0.443750 0.403667 0.441750 0.401667 0.440000 0.392667 0.438000 0.384000 0.437750 0.378000 0.439000
0 0.327333 0.439000 0.323667 0.439500 0.321333 0.441000 0.317333 0.446500 0.315667 0.451250 0.315667 0.459750 0.317333 0.462750 0.321667 0.465250 0.323667 0.465250 0.327000 0.464250 0.331000 0.459250 0.333333 0.454750 0.334333 0.451000 0.334333 0.446250 0.333333 0.443750 0.330667 0.440000
0 0.535667 0.450750 0.534000 0.449000 0.528667 0.446500 0.522333 0.446000 0.516333 0.446500 0.510000 0.448500 0.507000 0.450500 0.505667 0.453750 0.505667 0.455750 0.509000 0.458750 0.513667 0.460250 0.522667 0.460500 0.529000 0.459500 0.535000 0.455500
0 0.592667 0.442500 0.591333 0.442750 0.587333 0.445750 0.586000 0.451250 0.586333 0.463750 0.587667 0.466500 0.591000 0.467750 0.592667 0.467500 0.595333 0.464750 0.599333 0.453750 0.599000 0.447000 0.596000 0.443000
0 0.572000 0.480000 0.567667 0.480750 0.564667 0.483000 0.563000 0.486500 0.561333 0.493500 0.561333 0.498000 0.562000 0.501500 0.564667 0.503750 0.569000 0.504000 0.574667 0.499500 0.577000 0.494750 0.577333 0.486500 0.575667 0.482250
0 0.545000 0.488500 0.541667 0.489750 0.539667 0.492500 0.539667 0.501250 0.541000 0.506250 0.544333 0.511500 0.547333 0.514000 0.550000 0.514250 0.554000 0.512000 0.555333 0.510000 0.557000 0.505750 0.557333 0.501250 0.555000 0.494250 0.553333 0.491500 0.549667 0.489250
0 0.507333 0.459500 0.504667 0.460000 0.502000 0.462000 0.500333 0.467500 0.500333 0.478750 0.501000 0.480000 0.505000 0.482500 0.506667 0.482500 0.509667 0.481250 0.513000 0.478500 0.515000 0.474500 0.515667 0.465500 0.514333 0.461750 0.510667 0.460000
