0 0.488333 0.288750 0.484667 0.288500 0.482000 0.289250 0.477667 0.292250 0.476333 0.294250 0.474667 0.299250 0.473667 0.306250 0.475000 0.309000 0.478000 0.310500 0.482333 0.310500 0.483333 0.310000 0.487333 0.305250 0.489667 0.301250 0.491000 0.297250 0.491000 0.291500 0.490000 0.289500
0 0.260333 0.696500 0.257667 0.697750 0.254333 0.701500 0.253333 0.704000 0.253000 0.709500 0.254000 0.714250 0.258333 0.720750 0.260000 0.722000 0.263667 0.722500 0.268333 0.721500 0.271667 0.717750 0.272333 0.709000 0.271333 0.704250 0.268000 0.699500 0.264333 0.696750
0 0.289667 0.644750 0.288000 0.642750 0.282667 0.642000 0.274000 0.643000 0.267667 0.645500 0.261000 0.649750 0.261000 0.653500 0.264000 0.656000 0.272333 0.656000 0.279333 0.654500 0.288333 0.650000 0.290000 0.647250
0 0.272000 0.662000 0.270000 0.661000 0.265667 0.660250 0.260000 0.660250 0.251667 0.662000 0.242667 0.669250 0.242333 0.670500 0.243333 0.673500 0.249000 0.675250 0.253667 0.675500 0.264333 0.672750 0.268667 0.671000 0.272000 0.668250 0.273000 0.666000
0 0.367667 0.671750 0.365000 0.672500 0.364000 0.673500 0.362667 0.677500 0.362667 0.682250 0.365333 0.689000 0.368667 0.693250 0.373667 0.694000 0.377667 0.689250 0.378000 0.684750 0.377333 0.681000 0.374000 0.673500 0.370000 0.671750
0 0.390667 0.654250 0.388667 0.654750 0.386333 0.657250 0.385000 0.662250 0.385000 0.666750 0.387667 0.675000 0.390667 0.677250 0.393667 0.677750 0.396667 0.677000 0.399333 0.674250 0.400667 0.670000 0.401000 0.664250 0.399333 0.657750 0.397667 0.655750 0.394000 0.654250
0 0.424333 0.643250 0.419333 0.643000 0.415667 0.644500 0.407333 0.651000 0.404000 0.657500 0.403333 0.661250 0.404000 0.665000 0.406000 0.666750 0.408667 0.667500 0.412000 0.666500 0.414000 0.664000 0.421333 0.659500 0.424667 0.656500 0.426333 0.651750 0.426333 0.646250
0 0.435333 0.621000 0.430667 0.621750 0.427000 0.625750 0.426333 0.627500 0.426000 0.636000 0.426667 0.639250 0.428667 0.642500 0.431333 0.644000 0.435333 0.644000 0.437333 0.642750 0.440333 0.639750 0.442000 0.634750 0.442333 0.630000 0.441667 0.626500 0.439333 0.623750
0 0.391667 0.620500 0.388667 0.621500 0.384333 0.626000 0.383333 0.635000 0.384000 0.639250 0.388000 0.644750 0.391667 0.647250 0.394333 0.647250 0.398000 0.645750 0.401333 0.641000 0.402667 0.636750 0.402667 0.630750 0.401667 0.626000 0.398667 0.622250 0.396000 0.620500
0 0.337667 0.652750 0.335667 0.654250 0.334000 0.657250 0.334000 0.659250 0.336667 0.665750 0.340000 0.669750 0.345000 0.673250 0.350000 0.673500 0.352000 0.671000 0.352667 0.665250 0.351000 0.660250 0.348667 0.657500 0.342000 0.653000
0 0.345000 0.632000 0.341000 0.634000 0.339667 0.637500 0.340333 0.650000 0.345333 0.655750 0.350000 0.657750 0.354333 0.657500 0.357000 0.656250 0.358333 0.653750 0.358667 0.643500 0.358000 0.639250 0.355333 0.635000 0.353000 0.633250 0.349667 0.632000
0 0.440667 0.579000 0.435333 0.579500 0.432000 0.581500 0.427000 0.588250 0.425333 0.592250 0.425000 0.596250 0.426667 0.599250 0.428000 0.600250 0.432000 0.600500 0.435667 0.599250 0.439667 0.595500 0.442000 0.592000 0.444000 0.586000 0.444000 0.581500 0.443333 0.580250
0 0.435000 0.552750 0.432333 0.554000 0.430000 0.556250 0.429000 0.559500 0.429333 0.565500 0.431333 0.570250 0.437333 0.577250 0.439333 0.578500 0.443667 0.579750 0.447333 0.577250 0.449667 0.572000 0.449000 0.563750 0.444667 0.556000 0.439000 0.553000
0 0.395000 0.547250 0.391000 0.547250 0.387667 0.548250 0.384333 0.551500 0.382000 0.556000 0.381333 0.564000 0.382667 0.568000 0.384667 0.570250 0.388333 0.571250 0.392667 0.571000 0.397333 0.568500 0.400667 0.561250 0.401000 0.555250 0.400333 0.552500 0.397667 0.548250
0 0.255000 0.534750 0.251333 0.536750 0.249333 0.540500 0.248667 0.547000 0.250667 0.556250 0.251667 0.558000 0.255000 0.559750 0.258000 0.559750 0.262333 0.558500 0.264333 0.556750 0.265333 0.553500 0.265333 0.547000 0.264333 0.540750 0.263333 0.539250 0.259667 0.536000 0.256667 0.534750
0 0.321333 0.474750 0.318667 0.475750 0.317000 0.477750 0.316000 0.482750 0.316000 0.487750 0.316667 0.490250 0.321333 0.496250 0.323000 0.496750 0.326000 0.496250 0.327333 0.495000 0.329000 0.490000 0.329333 0.486500 0.328000 0.479000 0.326667 0.476500 0.323333 0.474750
0 0.281667 0.463250 0.281667 0.467500 0.287000 0.470750 0.291333 0.472250 0.303333 0.472250 0.308000 0.470750 0.310000 0.468000 0.310000 0.465250 0.309000 0.463000 0.307667 0.462000 0.303667 0.461000 0.296333 0.460000 0.290667 0.460250 0.284000 0.461500
0 0.235667 0.398250 0.231667 0.397750 0.228000 0.398500 0.225333 0.399750 0.220000 0.404000 0.216333 0.411250 0.215667 0.416500 0.217667 0.420250 0.220667 0.422000 0.224333 0.422250 0.228667 0.420500 0.233000 0.417000 0.237667 0.410250 0.239000 0.405000 0.238667 0.401250 0.238000 0.399750
0 0.385333 0.437500 0.383333 0.439250 0.383000 0.445250 0.384667 0.450750 0.388000 0.455500 0.392000 0.458500 0.395667 0.459500 0.401000 0.458500 0.403333 0.455250 0.403000 0.447500 0.401000 0.443750 0.396000 0.438750 0.389333 0.437000
0 0.389000 0.393000 0.385000 0.395750 0.383000 0.401000 0.383000 0.408250 0.384333 0.412750 0.388000 0.416750 0.392000 0.418750 0.396333 0.418250 0.397667 0.417250 0.400333 0.412750 0.401000 0.410250 0.400667 0.404750 0.399000 0.399750 0.396333 0.395750 0.392667 0.393500
0 0.416333 0.397000 0.412000 0.400000 0.410667 0.404500 0.411000 0.407500 0.415000 0.416750 0.416667 0.418000 0.420667 0.419000 0.423000 0.417250 0.424667 0.414250 0.425333 0.407250 0.422667 0.399750 0.420333 0.397500
0 0.440333 0.403250 0.438667 0.403250 0.434333 0.406250 0.433000 0.408250 0.432000 0.412250 0.432667 0.419250 0.434667 0.421500 0.437333 0.422250 0.440000 0.422250 0.443333 0.420250 0.445000 0.416000 0.445000 0.407000 0.444000 0.405250
0 0.443000 0.368500 0.439333 0.368250 0.435667 0.369000 0.432000 0.372250 0.429667 0.376250 0.429000 0.381250 0.429667 0.389000 0.431000 0.391000 0.434667 0.392250 0.436667 0.392250 0.440000 0.391000 0.442667 0.388750 0.444333 0.386000 0.445667 0.379250 0.445667 0.375000 0.444333 0.370000
0 0.458667 0.376250 0.455000 0.376500 0.452000 0.378750 0.446667 0.388250 0.445333 0.392000 0.445333 0.395750 0.446333 0.399750 0.447667 0.401250 0.450333 0.402250 0.455000 0.401250 0.458667 0.398500 0.460333 0.396500 0.462667 0.388500 0.462333 0.380750 0.460333 0.377250
0 0.466000 0.348250 0.462333 0.347750 0.456333 0.350750 0.453667 0.353000 0.450000 0.358250 0.448667 0.361750 0.448333 0.366250 0.449667 0.370250 0.451333 0.372000 0.458667 0.372000 0.466333 0.365750 0.468333 0.359250 0.468333 0.352250 0.467333 0.349250
0 0.475000 0.338000 0.472333 0.340000 0.470333 0.345250 0.470333 0.352750 0.472000 0.358000 0.473667 0.359750 0.476667 0.360000 0.479333 0.359250 0.481667 0.356750 0.482667 0.353750 0.482667 0.346500 0.479333 0.339500 0.478000 0.338500
0 0.464333 0.325000 0.461333 0.325000 0.457333 0.326250 0.454667 0.327750 0.452667 0.330500 0.450667 0.337250 0.451000 0.342000 0.452667 0.345500 0.455333 0.347750 0.459667 0.346500 0.465000 0.343500 0.468333 0.339250 0.469333 0.334000 0.469000 0.329250 0.467667 0.326750
0 0.436667 0.324250 0.435000 0.324500 0.431000 0.327500 0.429333 0.330250 0.428000 0.336500 0.428000 0.341500 0.429333 0.345500 0.432000 0.348250 0.436333 0.348750 0.440000 0.347500 0.443000 0.345250 0.444667 0.342750 0.445667 0.338000 0.445667 0.333250 0.444333 0.328000 0.443333 0.326500 0.441000 0.325000
0 0.488667 0.313500 0.486667 0.314000 0.485000 0.315750 0.482333 0.321500 0.482333 0.324500 0.483333 0.330000 0.485667 0.334500 0.490667 0.336750 0.494667 0.335750 0.496667 0.333750 0.498000 0.330000 0.498000 0.321500 0.494667 0.315250 0.491333 0.313500
0 0.458667 0.282750 0.456000 0.284250 0.453667 0.287500 0.452000 0.291250 0.451667 0.296250 0.453333 0.303500 0.455000 0.307250 0.458000 0.309500 0.461333 0.309750 0.464333 0.309000 0.467333 0.306250 0.468333 0.303000 0.468333 0.293250 0.467333 0.289000 0.465333 0.286250 0.462667 0.283750
0 0.419000 0.309500 0.416333 0.309250 0.408667 0.311750 0.406000 0.314250 0.403000 0.321500 0.403000 0.326250 0.404333 0.328500 0.408000 0.331000 0.412333 0.330250 0.417000 0.326500 0.420000 0.322500 0.421333 0.318750 0.421667 0.313750 0.420667 0.310750
0 0.384667 0.331500 0.382000 0.332750 0.380333 0.334750 0.379667 0.337000 0.380333 0.343750 0.384000 0.351000 0.388333 0.353000 0.392000 0.352750 0.394333 0.351750 0.396333 0.348500 0.396667 0.345000 0.395000 0.338250 0.393000 0.335500 0.388667 0.331750
0 0.349667 0.383000 0.345000 0.383500 0.342667 0.385000 0.340667 0.388000 0.339667 0.391750 0.340333 0.401000 0.342667 0.404750 0.345667 0.406250 0.350000 0.406250 0.352667 0.405000 0.355333 0.401750 0.356333 0.398500 0.356667 0.393000 0.355667 0.388250 0.353667 0.385000
