0 0.400333 0.302250 0.397667 0.303500 0.395333 0.305750 0.395333 0.314500 0.399667 0.323500 0.403333 0.325750 0.405000 0.326000 0.408333 0.324750 0.410667 0.322500 0.412000 0.318750 0.412000 0.313750 0.408000 0.306000 0.404000 0.302500
0 0.380000 0.394000 0.376333 0.395750 0.374333 0.400000 0.373667 0.405250 0.374667 0.411750 0.376333 0.416500 0.379000 0.419500 0.381000 0.420750 0.385333 0.421250 0.389000 0.419500 0.390000 0.417500 0.392000 0.409250 0.391667 0.404500 0.388333 0.397000 0.384000 0.394250
0 0.401000 0.403750 0.396333 0.405000 0.393667 0.407000 0.392000 0.409250 0.390000 0.415500 0.389667 0.419500 0.391667 0.427000 0.392667 0.428750 0.396333 0.430750 0.400333 0.430750 0.404000 0.428750 0.407667 0.419750 0.408000 0.411250 0.407333 0.408500 0.405333 0.405750 0.403667 0.404500
0 0.442333 0.391000 0.439000 0.390000 0.435000 0.390250 0.430000 0.392000 0.424000 0.396500 0.420333 0.400250 0.418667 0.403500 0.418333 0.408750 0.419333 0.411000 0.420667 0.412000 0.423333 0.412750 0.427667 0.412250 0.435667 0.408000 0.440333 0.403250 0.444000 0.397250 0.444000 0.392750
0 0.470000 0.391750 0.466667 0.392500 0.463333 0.396000 0.462000 0.400750 0.462333 0.406500 0.463667 0.411750 0.467000 0.416500 0.470333 0.419000 0.474333 0.419250 0.476667 0.417250 0.480667 0.412000 0.481333 0.409250 0.481000 0.403250 0.480000 0.399500 0.475333 0.393500 0.473000 0.392250
0 0.536333 0.415750 0.532667 0.417500 0.531333 0.420250 0.531333 0.432250 0.532333 0.435500 0.534333 0.437500 0.536667 0.438750 0.541333 0.438750 0.544667 0.437000 0.545667 0.435250 0.545667 0.424250 0.544333 0.420500 0.542333 0.418000 0.540333 0.416500
0 0.332667 0.422750 0.330333 0.423250 0.328667 0.424500 0.326000 0.429500 0.325333 0.432000 0.325667 0.439000 0.327667 0.443750 0.330000 0.446750 0.334667 0.449500 0.339000 0.449750 0.342667 0.448250 0.346000 0.443250 0.346667 0.440750 0.346000 0.432000 0.343000 0.426000 0.341000 0.423750 0.338667 0.422750
0 0.272000 0.456500 0.270667 0.456500 0.266667 0.458250 0.263000 0.464000 0.262333 0.469250 0.263000 0.474500 0.264000 0.475750 0.267000 0.477250 0.271000 0.477250 0.272333 0.476750 0.276000 0.473500 0.278000 0.469500 0.278333 0.464750 0.277667 0.461750 0.276000 0.459000
0 0.504333 0.477000 0.501667 0.475500 0.494000 0.475000 0.485667 0.477250 0.476333 0.485750 0.476000 0.490250 0.476667 0.491500 0.478667 0.493000 0.483333 0.494000 0.490000 0.492500 0.497667 0.489000 0.504333 0.482250 0.505333 0.479250
0 0.490667 0.496250 0.486333 0.497250 0.482333 0.500250 0.479667 0.506750 0.479667 0.511250 0.481333 0.516250 0.483000 0.518750 0.486667 0.521000 0.490333 0.520250 0.494333 0.517000 0.496333 0.514000 0.497333 0.509750 0.496000 0.500500 0.494667 0.498500
0 0.511000 0.516750 0.509333 0.517750 0.508333 0.520500 0.508000 0.526250 0.508667 0.530000 0.510667 0.533000 0.513333 0.535000 0.518333 0.535750 0.521000 0.534250 0.521667 0.533000 0.522000 0.527000 0.521333 0.524500 0.517000 0.518250 0.514333 0.516500
0 0.541333 0.518250 0.539333 0.518500 0.536333 0.520000 0.532000 0.524750 0.531000 0.528500 0.531000 0.534250 0.532000 0.538250 0.533333 0.540000 0.537333 0.542250 0.541667 0.540750 0.544667 0.538500 0.546333 0.533500 0.546667 0.527500 0.546000 0.522750 0.544667 0.520250
0 0.660000 0.537000 0.658333 0.535750 0.654000 0.534500 0.648333 0.534500 0.639667 0.535750 0.634333 0.538000 0.630667 0.540500 0.630000 0.543000 0.630333 0.545750 0.634000 0.548500 0.638667 0.549750 0.646000 0.549250 0.654000 0.547250 0.658000 0.545500 0.661333 0.541750 0.661333 0.539750
0 0.404667 0.554750 0.401333 0.556750 0.399667 0.559500 0.399000 0.562500 0.399333 0.569500 0.400333 0.572250 0.403667 0.576250 0.407333 0.577750 0.410667 0.577750 0.413333 0.576750 0.416000 0.572500 0.416667 0.563750 0.413000 0.557000 0.408667 0.555000
0 0.472333 0.517500 0.470000 0.518000 0.466000 0.521750 0.464333 0.525000 0.464000 0.530750 0.465667 0.537250 0.470000 0.542250 0.474333 0.542750 0.479000 0.540750 0.481667 0.537500 0.483000 0.532250 0.483000 0.527750 0.482333 0.524500 0.479667 0.520750 0.475333 0.517750
0 0.470333 0.548250 0.467333 0.549250 0.465667 0.551750 0.465333 0.557500 0.466000 0.560250 0.471000 0.568500 0.474000 0.569750 0.478000 0.569750 0.479667 0.569250 0.481000 0.568000 0.482333 0.564750 0.482333 0.560500 0.481333 0.556000 0.479333 0.553250 0.474667 0.549250
0 0.490333 0.552500 0.488333 0.553500 0.486667 0.556000 0.486667 0.560750 0.488667 0.565000 0.494000 0.570500 0.498000 0.572250 0.502667 0.572250 0.505667 0.569500 0.505667 0.563750 0.500000 0.555750 0.497667 0.553750 0.494667 0.552750
0 0.557000 0.550750 0.555667 0.552250 0.555333 0.554000 0.556000 0.561000 0.559333 0.565000 0.564000 0.568750 0.568000 0.569000 0.570000 0.567750 0.571667 0.564500 0.571333 0.561000 0.569667 0.556000 0.564000 0.551250 0.561333 0.550000
0 0.607333 0.600750 0.603333 0.600750 0.598333 0.602750 0.594667 0.607250 0.593667 0.610750 0.593667 0.618750 0.595000 0.621250 0.598667 0.623000 0.603333 0.622000 0.607333 0.619250 0.612333 0.611250 0.613000 0.608750 0.612667 0.603500 0.612000 0.602500
0 0.544000 0.595750 0.540333 0.597500 0.537333 0.602750 0.535333 0.613250 0.536000 0.616500 0.539667 0.621500 0.541667 0.622500 0.545333 0.623000 0.550333 0.620000 0.553000 0.616250 0.554000 0.612000 0.554000 0.606750 0.553333 0.602750 0.549667 0.597500 0.547000 0.596000
0 0.522000 0.584750 0.518333 0.585750 0.516667 0.587000 0.512333 0.595250 0.512667 0.604500 0.514000 0.607000 0.517333 0.609000 0.522333 0.608500 0.526667 0.603000 0.528000 0.599750 0.528333 0.591750 0.526333 0.587000
0 0.471000 0.575250 0.469333 0.576500 0.468000 0.580250 0.469000 0.589000 0.470667 0.592250 0.473667 0.594000 0.478667 0.594000 0.480667 0.592750 0.482333 0.588750 0.481667 0.580750 0.480000 0.578250 0.475333 0.575500
0 0.470000 0.605500 0.468000 0.607000 0.466667 0.610000 0.467000 0.616000 0.469333 0.621750 0.471333 0.623750 0.473667 0.624750 0.479333 0.624750 0.481333 0.623000 0.482333 0.620000 0.480667 0.611750 0.479333 0.609750 0.474333 0.605750
0 0.535333 0.622250 0.534000 0.619750 0.529333 0.617250 0.522000 0.617250 0.512667 0.618250 0.509000 0.619250 0.503333 0.622500 0.501333 0.625000 0.501000 0.627500 0.504667 0.630500 0.509333 0.632250 0.512667 0.632750 0.521000 0.632250 0.529667 0.629500 0.533333 0.626750 0.535000 0.624250
0 0.434000 0.590500 0.430667 0.590000 0.424333 0.593000 0.421000 0.595750 0.416000 0.603000 0.416000 0.607500 0.418667 0.609500 0.420333 0.610000 0.424000 0.609750 0.426667 0.608750 0.429000 0.607000 0.434667 0.599500 0.435667 0.596750 0.435667 0.592500
0 0.490000 0.649000 0.488000 0.650000 0.485667 0.653750 0.485333 0.658750 0.486333 0.662750 0.492000 0.671000 0.497333 0.673500 0.499000 0.673500 0.501333 0.672750 0.503333 0.671250 0.504667 0.668750 0.505000 0.664750 0.503667 0.658750 0.499667 0.652500 0.497333 0.650250 0.494667 0.649250
0 0.462333 0.683250 0.461667 0.686000 0.462667 0.687750 0.466000 0.690500 0.469667 0.692250 0.479333 0.693000 0.482667 0.692000 0.484000 0.690250 0.482667 0.686000 0.475000 0.682000 0.466667 0.681000 0.463667 0.682000
0 0.555667 0.674000 0.553667 0.675500 0.552667 0.677500 0.553000 0.681500 0.555333 0.687000 0.563000 0.694000 0.567667 0.694000 0.569000 0.693000 0.570000 0.690500 0.570000 0.687750 0.568333 0.681750 0.561000 0.674250 0.558333 0.673750
0 0.439000 0.689000 0.435000 0.688500 0.431333 0.689500 0.425667 0.696750 0.424000 0.703000 0.424000 0.706000 0.425333 0.708750 0.427000 0.710000 0.432667 0.709500 0.437000 0.705750 0.441000 0.697000 0.441000 0.692750 0.440000 0.689750
0 0.416667 0.707500 0.415000 0.707500 0.410000 0.709750 0.405667 0.713000 0.400333 0.720750 0.400000 0.725000 0.401000 0.725750 0.405000 0.726500 0.407667 0.725500 0.413333 0.721250 0.417000 0.717250 0.418667 0.713750 0.418667 0.709500
0 0.455000 0.705000 0.451667 0.705750 0.446667 0.709000 0.443333 0.713250 0.441667 0.717000 0.442333 0.721250 0.444000 0.722250 0.448000 0.722750 0.450667 0.721750 0.455333 0.715750 0.457333 0.708500 0.456667 0.706500
0 0.376667 0.749750 0.371667 0.749250 0.368333 0.750250 0.364333 0.752750 0.361667 0.755750 0.359333 0.760250 0.359333 0.766750 0.360333 0.769000 0.362000 0.770250 0.366000 0.770750 0.370000 0.768750 0.373667 0.765750 0.378667 0.756250 0.378667 0.752250
0 0.301667 0.492750 0.301667 0.494750 0.303333 0.496250 0.306333 0.497250 0.313333 0.498000 0.318667 0.497250 0.323667 0.495000 0.324333 0.494000 0.323333 0.490750 0.322000 0.489750 0.318000 0.488500 0.310667 0.488500 0.305667 0.489750 0.303000 0.491000
