0 0.498667 0.392000 0.493333 0.392500 0.489000 0.396750 0.486333 0.400500 0.485667 0.405750 0.486333 0.413000 0.489000 0.417250 0.493667 0.419750 0.495667 0.419500 0.498667 0.418000 0.503333 0.409000 0.504333 0.404750 0.504333 0.399750 0.502333 0.395750
0 0.434667 0.365750 0.432000 0.367250 0.430667 0.369000 0.428667 0.374750 0.426667 0.377500 0.426000 0.381250 0.427667 0.385250 0.431000 0.387750 0.434000 0.388750 0.436333 0.388750 0.439000 0.387000 0.440667 0.384750 0.442000 0.380500 0.442333 0.376000 0.440333 0.368250 0.436333 0.365750
0 0.427333 0.408000 0.424000 0.406500 0.418333 0.406250 0.408333 0.408250 0.399667 0.414750 0.399000 0.415750 0.399667 0.419750 0.401000 0.420750 0.408000 0.422000 0.416000 0.421750 0.421000 0.420250 0.425667 0.416750 0.428000 0.413250 0.428333 0.411000
0 0.434000 0.419750 0.431000 0.420750 0.428333 0.424250 0.426667 0.433000 0.427667 0.437000 0.430667 0.441750 0.432333 0.443000 0.436333 0.443500 0.438333 0.442000 0.443000 0.436000 0.443667 0.431750 0.440667 0.423000 0.436000 0.419750
0 0.466333 0.439000 0.464000 0.438250 0.459000 0.438250 0.455667 0.439000 0.454000 0.440000 0.449667 0.445000 0.447667 0.446250 0.445333 0.450750 0.445667 0.455500 0.447667 0.458000 0.455333 0.457750 0.460000 0.455750 0.467333 0.447000 0.468000 0.442000 0.467333 0.439750
0 0.487000 0.441250 0.483667 0.441250 0.478000 0.442750 0.473000 0.446750 0.471000 0.450250 0.470667 0.455000 0.473333 0.457500 0.476000 0.457750 0.481667 0.456250 0.487333 0.451500 0.489000 0.448000 0.489000 0.444000
0 0.449667 0.459250 0.448667 0.461750 0.449667 0.466500 0.454333 0.471250 0.462000 0.476250 0.466667 0.478000 0.471000 0.478000 0.472333 0.475250 0.471667 0.472750 0.464000 0.463750 0.458333 0.460750 0.452000 0.459000
0 0.436333 0.453250 0.431333 0.453750 0.429333 0.455250 0.425333 0.463000 0.424667 0.469000 0.425333 0.475250 0.427000 0.479000 0.430000 0.480500 0.432333 0.480500 0.436000 0.478250 0.441333 0.470750 0.442000 0.462250 0.440667 0.457000 0.439333 0.454750
0 0.380000 0.397000 0.375667 0.399000 0.373000 0.403000 0.372000 0.408250 0.372000 0.413750 0.374667 0.421000 0.377333 0.422250 0.382000 0.422500 0.386000 0.421250 0.389333 0.417250 0.390667 0.413000 0.391000 0.407250 0.390333 0.403500 0.388667 0.399750 0.385000 0.397500
0 0.346667 0.437250 0.345000 0.437250 0.341000 0.439250 0.338000 0.443500 0.337000 0.446500 0.336667 0.451500 0.338667 0.458500 0.341000 0.460500 0.344000 0.461250 0.346667 0.461000 0.350000 0.458750 0.351667 0.455750 0.353667 0.448750 0.353333 0.444250 0.351333 0.440250 0.349000 0.438000
0 0.314000 0.404500 0.310667 0.405750 0.308333 0.408000 0.307667 0.411250 0.308000 0.416500 0.309000 0.419750 0.313333 0.426500 0.316000 0.428500 0.319000 0.429250 0.322667 0.428500 0.326333 0.425000 0.327000 0.422750 0.327000 0.417000 0.326333 0.414750 0.321000 0.408000 0.318667 0.406000
0 0.303333 0.406000 0.298667 0.406250 0.294333 0.407500 0.290333 0.411250 0.287333 0.418500 0.287333 0.422000 0.289000 0.424000 0.291667 0.424500 0.299000 0.421750 0.303333 0.418000 0.305667 0.411750 0.305333 0.407750
0 0.307000 0.375250 0.302000 0.375000 0.295667 0.376500 0.290667 0.379500 0.286000 0.383500 0.284667 0.385250 0.283667 0.389250 0.284333 0.391750 0.286333 0.393750 0.294000 0.393000 0.302667 0.388250 0.307667 0.381500 0.308333 0.376750
0 0.275333 0.406500 0.271000 0.407000 0.268000 0.408750 0.265333 0.416250 0.265000 0.421500 0.266333 0.429000 0.267667 0.431250 0.271667 0.433750 0.275667 0.433500 0.279000 0.432000 0.284000 0.424250 0.284333 0.414750 0.283667 0.411500 0.282000 0.408500 0.280667 0.407500
0 0.281667 0.435000 0.279333 0.438500 0.279333 0.440750 0.280333 0.443000 0.289333 0.451750 0.297000 0.453500 0.304333 0.453500 0.308000 0.452250 0.308667 0.451250 0.308667 0.446750 0.302333 0.439750 0.298000 0.438000 0.294333 0.435250 0.285667 0.433750 0.283333 0.434000
0 0.340667 0.464500 0.337333 0.465750 0.335333 0.469750 0.335000 0.479000 0.337000 0.484000 0.340667 0.486000 0.343000 0.486250 0.346667 0.485250 0.349667 0.482750 0.350667 0.479250 0.350667 0.473750 0.349333 0.469750 0.342333 0.464500
0 0.388000 0.480500 0.385333 0.481500 0.383000 0.484250 0.382000 0.486750 0.382000 0.493750 0.384000 0.499750 0.386333 0.502500 0.389000 0.504000 0.393333 0.504500 0.395667 0.503500 0.397333 0.501750 0.398667 0.496000 0.398333 0.489500 0.397333 0.485750 0.395333 0.483250 0.393000 0.481500
0 0.482667 0.502250 0.485667 0.504250 0.489667 0.504750 0.499667 0.504500 0.505333 0.503500 0.510000 0.501250 0.513333 0.498750 0.513000 0.494500 0.510333 0.492750 0.500667 0.491750 0.493333 0.492000 0.487000 0.493500 0.485000 0.494750 0.482667 0.498000
0 0.290333 0.507250 0.288333 0.509750 0.288333 0.515000 0.290667 0.521750 0.295000 0.525750 0.298333 0.527750 0.303000 0.529000 0.307333 0.528750 0.309333 0.527250 0.310333 0.524500 0.308667 0.518000 0.306333 0.514250 0.303000 0.510250 0.299333 0.508250 0.295667 0.507000
0 0.310333 0.569750 0.307333 0.569000 0.302667 0.569750 0.298667 0.571500 0.294333 0.575500 0.290667 0.580500 0.289333 0.584250 0.289000 0.589000 0.290000 0.592000 0.291333 0.593000 0.296000 0.593750 0.301333 0.592500 0.310333 0.584250 0.312000 0.579750 0.311667 0.572000
0 0.353333 0.581750 0.351000 0.584250 0.350667 0.588750 0.351667 0.592500 0.353667 0.596250 0.356667 0.599750 0.363333 0.604000 0.369333 0.606250 0.373333 0.606000 0.375667 0.604250 0.377333 0.600500 0.377000 0.595750 0.374000 0.590250 0.370000 0.586500 0.363333 0.582750 0.358333 0.581000
0 0.387667 0.569500 0.385000 0.570250 0.383667 0.571250 0.381667 0.575500 0.381333 0.581500 0.382667 0.588000 0.385000 0.591750 0.389333 0.595250 0.392000 0.596500 0.395667 0.596500 0.398000 0.595250 0.400667 0.591250 0.401000 0.585750 0.399667 0.579500 0.396000 0.572750 0.392333 0.570250
0 0.251667 0.665250 0.250333 0.666500 0.249667 0.668500 0.249667 0.672250 0.251333 0.678500 0.254333 0.683000 0.259333 0.688000 0.263000 0.689750 0.267000 0.689500 0.269667 0.687500 0.271000 0.684500 0.271000 0.680500 0.268667 0.673250 0.265667 0.670000 0.260333 0.666750 0.256000 0.665250
0 0.282000 0.665500 0.279333 0.666750 0.277667 0.670000 0.277000 0.673750 0.277333 0.682750 0.278333 0.685250 0.282333 0.690250 0.286000 0.691750 0.287667 0.691750 0.293000 0.688750 0.295333 0.685500 0.295667 0.677750 0.295000 0.674000 0.292333 0.669500 0.287667 0.665750
0 0.310333 0.630250 0.305667 0.630000 0.299000 0.633000 0.297000 0.634750 0.294333 0.638500 0.292667 0.644000 0.292667 0.647000 0.295000 0.649750 0.300333 0.650250 0.303333 0.649500 0.307333 0.646750 0.310000 0.643750 0.312000 0.638000 0.312000 0.633500
0 0.331667 0.652250 0.329333 0.651750 0.323000 0.653500 0.315000 0.658500 0.312000 0.666250 0.312333 0.669750 0.314667 0.673000 0.318333 0.672500 0.323000 0.668750 0.327000 0.666500 0.331667 0.662250 0.334000 0.657250 0.333667 0.653500
0 0.333667 0.666500 0.330667 0.666000 0.328333 0.666500 0.325333 0.669250 0.322333 0.670000 0.315667 0.673500 0.314333 0.675500 0.313333 0.679750 0.313333 0.682000 0.315000 0.684000 0.317667 0.685000 0.319333 0.685000 0.324667 0.683500 0.329667 0.680500 0.335000 0.674250 0.335667 0.669000
0 0.354333 0.638000 0.353000 0.638000 0.349667 0.640750 0.347000 0.641250 0.343667 0.643500 0.343000 0.646250 0.337333 0.653250 0.336667 0.659000 0.338000 0.661500 0.340667 0.662750 0.342667 0.662750 0.349667 0.660000 0.357333 0.653750 0.359000 0.648000 0.358667 0.642000 0.357333 0.639250
0 0.351000 0.627250 0.349000 0.627250 0.345000 0.629500 0.341000 0.635250 0.339000 0.640000 0.338667 0.643500 0.341333 0.647000 0.345333 0.646000 0.350667 0.642250 0.354667 0.638000 0.355000 0.632750 0.354333 0.629750
0 0.416333 0.621500 0.412000 0.621500 0.408333 0.623250 0.404667 0.627500 0.400000 0.634750 0.400000 0.638500 0.403000 0.644500 0.405667 0.647000 0.407333 0.647500 0.409333 0.647250 0.412667 0.645500 0.417000 0.640750 0.419333 0.636500 0.420667 0.626750 0.419667 0.623500
0 0.395333 0.646250 0.392333 0.647000 0.389333 0.650500 0.388000 0.654500 0.388333 0.658750 0.390333 0.666500 0.392333 0.669250 0.395667 0.670750 0.399333 0.670750 0.401333 0.670250 0.403000 0.669000 0.404667 0.666500 0.405000 0.657250 0.403667 0.653500 0.401667 0.650500 0.397667 0.646750
0 0.373000 0.662250 0.369333 0.662250 0.364333 0.665500 0.360667 0.671250 0.360667 0.679750 0.361667 0.681750 0.365667 0.684000 0.369000 0.684000 0.371333 0.683000 0.373333 0.681250 0.375333 0.677500 0.376667 0.673250 0.376667 0.667750 0.376000 0.665250
0 0.440333 0.669500 0.436000 0.670250 0.431667 0.672250 0.429333 0.674250 0.426333 0.680750 0.426667 0.686500 0.428000 0.688750 0.431000 0.690500 0.436000 0.690250 0.441333 0.686250 0.444000 0.682250 0.445000 0.673750 0.444000 0.671250
0 0.304333 0.700250 0.302333 0.700500 0.299333 0.702250 0.297667 0.704500 0.297000 0.708500 0.297333 0.717250 0.298667 0.720750 0.301667 0.724250 0.305667 0.726250 0.308667 0.726250 0.311667 0.725000 0.315000 0.717250 0.315000 0.708500 0.313667 0.705500 0.311000 0.702750 0.307333 0.700500
0 0.264000 0.734000 0.259333 0.734000 0.255333 0.736250 0.251000 0.743500 0.250667 0.749250 0.251333 0.753000 0.254000 0.756250 0.256333 0.757250 0.260000 0.757000 0.262000 0.755750 0.264000 0.753750 0.267333 0.747750 0.268333 0.741750 0.268000 0.738000 0.267000 0.735750
0 0.385333 0.712250 0.383667 0.713250 0.382667 0.715750 0.384000 0.724250 0.385000 0.725250 0.393333 0.726250 0.395000 0.725000 0.395667 0.721500 0.394000 0.717500 0.389000 0.712250
0 0.392667 0.724250 0.385000 0.725750 0.381333 0.728750 0.379667 0.731500 0.379667 0.733500 0.381000 0.736000 0.383667 0.736500 0.389000 0.736250 0.395667 0.732750 0.396333 0.728250
