0 0.436333 0.488000 0.430333 0.489000 0.423000 0.493250 0.419000 0.501000 0.419000 0.504500 0.420667 0.506750 0.423000 0.507500 0.427667 0.507500 0.430000 0.506500 0.436333 0.501750 0.439000 0.495250 0.438667 0.490000
0 0.450667 0.290750 0.447333 0.292250 0.445667 0.295000 0.444667 0.302000 0.445000 0.307500 0.446333 0.311500 0.451667 0.315750 0.454000 0.316500 0.456333 0.316500 0.459667 0.315000 0.461667 0.310250 0.462000 0.304500 0.461000 0.298750 0.458667 0.293750 0.455667 0.291750
0 0.494667 0.300750 0.490000 0.301500 0.486667 0.304500 0.485333 0.307000 0.484333 0.312500 0.484333 0.317500 0.485333 0.322750 0.489000 0.326250 0.491667 0.327000 0.495000 0.327000 0.498000 0.325750 0.502000 0.318750 0.502667 0.316250 0.502667 0.310750 0.501667 0.307250 0.498667 0.302250
0 0.449667 0.335000 0.449000 0.338500 0.451000 0.342000 0.455000 0.345000 0.458333 0.346500 0.469667 0.349000 0.474000 0.349000 0.478667 0.347750 0.481000 0.345750 0.481333 0.341250 0.479667 0.338750 0.478000 0.337500 0.470000 0.334750 0.467000 0.333000 0.457667 0.332000 0.452667 0.333000
0 0.467000 0.370000 0.464667 0.372250 0.464667 0.376750 0.466000 0.379250 0.470667 0.383250 0.475667 0.386000 0.481667 0.387500 0.486000 0.387500 0.489667 0.385250 0.490333 0.383250 0.490000 0.379500 0.488333 0.377000 0.484667 0.375000 0.482333 0.372750 0.473333 0.369500
0 0.442667 0.372750 0.439667 0.375250 0.439000 0.377250 0.439667 0.384000 0.441667 0.389000 0.445000 0.393000 0.447667 0.395000 0.450667 0.396250 0.455333 0.396250 0.458667 0.393250 0.458667 0.384000 0.455667 0.379000 0.452000 0.375000 0.447667 0.373000
0 0.377667 0.340000 0.375000 0.341750 0.372333 0.346250 0.372000 0.351250 0.372667 0.355250 0.376333 0.363250 0.380000 0.365750 0.385333 0.366750 0.388667 0.366000 0.389667 0.365250 0.391333 0.361750 0.391667 0.353250 0.390000 0.345750 0.388667 0.343500 0.385000 0.341000 0.381333 0.339750
0 0.522333 0.386250 0.518333 0.385250 0.514000 0.385250 0.509000 0.386250 0.502333 0.389000 0.497333 0.392500 0.496667 0.394500 0.497000 0.397500 0.498667 0.398750 0.501000 0.399250 0.507000 0.399250 0.516333 0.397250 0.522667 0.393250 0.523667 0.388000
0 0.470333 0.400000 0.467333 0.400750 0.464333 0.404250 0.463667 0.411500 0.464667 0.416250 0.466667 0.420250 0.471000 0.424250 0.474333 0.425500 0.479000 0.423750 0.482333 0.420750 0.483333 0.417250 0.483333 0.411500 0.482333 0.407250 0.479333 0.403000 0.474667 0.400250
0 0.442667 0.411500 0.439667 0.413750 0.438667 0.415500 0.438667 0.429000 0.439667 0.431750 0.442667 0.436000 0.447333 0.438500 0.451333 0.438750 0.454000 0.436000 0.454667 0.433000 0.454333 0.425250 0.451667 0.415250 0.448000 0.412500 0.444667 0.411500
0 0.470667 0.439250 0.466667 0.442250 0.464667 0.446250 0.464000 0.450500 0.464333 0.456500 0.465667 0.460500 0.468000 0.463750 0.470333 0.465500 0.474333 0.466500 0.479667 0.463250 0.482000 0.459750 0.482667 0.455750 0.482000 0.447750 0.479000 0.442000 0.475000 0.439250
0 0.485667 0.429750 0.482333 0.431750 0.481333 0.435000 0.482000 0.438250 0.485333 0.445000 0.488667 0.448250 0.494000 0.451500 0.498667 0.452000 0.501667 0.451000 0.504000 0.447500 0.504000 0.442250 0.503000 0.439250 0.500333 0.437250 0.498000 0.433750 0.494000 0.430750 0.491000 0.429500
0 0.559667 0.430250 0.557000 0.431000 0.555667 0.432000 0.553667 0.435000 0.553000 0.437500 0.553667 0.444000 0.557000 0.450750 0.561000 0.453750 0.563333 0.454750 0.568000 0.454750 0.571667 0.451500 0.573000 0.448000 0.571333 0.439500 0.569333 0.435000 0.566333 0.432000 0.564667 0.431000
0 0.583333 0.462000 0.579667 0.464000 0.576000 0.470750 0.575333 0.475250 0.576333 0.480250 0.579333 0.486500 0.582000 0.487750 0.585000 0.487750 0.589333 0.485500 0.591333 0.482000 0.592333 0.476250 0.592333 0.469750 0.591333 0.466250 0.588667 0.463000 0.586667 0.462250
0 0.454667 0.461000 0.451000 0.461000 0.448333 0.462250 0.446667 0.463750 0.445333 0.466750 0.444667 0.473000 0.445000 0.478500 0.446667 0.482500 0.450667 0.485000 0.455000 0.484500 0.458000 0.482250 0.459667 0.480000 0.460333 0.477500 0.460667 0.470000 0.459667 0.465750 0.457667 0.462500
0 0.454333 0.528750 0.450333 0.528500 0.446667 0.529500 0.443000 0.533750 0.440000 0.540500 0.440667 0.545500 0.442000 0.548500 0.443333 0.549750 0.447667 0.550000 0.450667 0.548750 0.454333 0.545250 0.456000 0.542500 0.458000 0.537000 0.458333 0.533500 0.456667 0.530000
0 0.530333 0.544250 0.529333 0.543250 0.526000 0.542500 0.515333 0.543000 0.510000 0.544000 0.505667 0.545750 0.502667 0.548250 0.503333 0.552500 0.504667 0.553750 0.509000 0.554750 0.519333 0.554750 0.522333 0.554250 0.527000 0.552500 0.530000 0.550250 0.530667 0.548500
0 0.342667 0.542000 0.338333 0.542500 0.336000 0.543750 0.332333 0.548250 0.330333 0.553750 0.330000 0.557500 0.331000 0.561250 0.333333 0.564750 0.338000 0.567500 0.342333 0.567500 0.347000 0.565000 0.350333 0.561250 0.351667 0.556250 0.351667 0.549500 0.350667 0.546250 0.349333 0.544500 0.347000 0.543000
0 0.472333 0.578500 0.469667 0.579250 0.468333 0.580250 0.466333 0.583750 0.465667 0.586250 0.466000 0.595500 0.470000 0.602000 0.474333 0.604250 0.478667 0.604000 0.481333 0.602500 0.483333 0.600000 0.484333 0.594000 0.484000 0.587750 0.482333 0.582500 0.480000 0.579500 0.476333 0.578500
0 0.432000 0.610750 0.429667 0.612000 0.426667 0.618000 0.427000 0.626250 0.430000 0.631750 0.432000 0.633000 0.436667 0.633500 0.440000 0.632500 0.441667 0.631000 0.443000 0.627750 0.443000 0.619250 0.440000 0.614500 0.435667 0.611000
0 0.387000 0.613250 0.383667 0.614250 0.379667 0.617750 0.379000 0.619500 0.379000 0.626250 0.380333 0.630500 0.383667 0.634750 0.387000 0.636500 0.391000 0.636750 0.395667 0.635250 0.398000 0.632500 0.399000 0.628500 0.398667 0.622250 0.396667 0.617500 0.392333 0.614250 0.389667 0.613250
0 0.263667 0.594750 0.262333 0.595750 0.261000 0.598750 0.261000 0.604500 0.262000 0.608500 0.265667 0.615000 0.268000 0.617000 0.272333 0.618750 0.275667 0.619500 0.279000 0.619000 0.280333 0.618250 0.282667 0.615250 0.283667 0.611250 0.282667 0.604500 0.280000 0.598250 0.278333 0.596000 0.275000 0.594250 0.268000 0.593750
0 0.255000 0.628250 0.251333 0.629000 0.247333 0.632000 0.245333 0.634500 0.244333 0.639500 0.245667 0.642250 0.246333 0.646750 0.248333 0.650000 0.251667 0.652000 0.255667 0.652500 0.259333 0.651250 0.263333 0.647250 0.264333 0.643500 0.264333 0.636750 0.263667 0.634250 0.261333 0.631500 0.257000 0.628750
0 0.470333 0.674000 0.467333 0.672500 0.464000 0.672250 0.453333 0.673500 0.442000 0.681000 0.441000 0.683750 0.441333 0.686750 0.443000 0.688250 0.445000 0.688500 0.459000 0.687750 0.463333 0.686500 0.467333 0.684000 0.471000 0.678500
0 0.474000 0.634500 0.471000 0.635500 0.468667 0.638250 0.466667 0.642500 0.466000 0.647750 0.467333 0.653250 0.469333 0.656000 0.471000 0.656750 0.475667 0.657000 0.480667 0.655500 0.482667 0.653250 0.483667 0.649250 0.483667 0.641750 0.482333 0.638000 0.479000 0.635500
0 0.403667 0.700500 0.400000 0.699250 0.396000 0.699750 0.392000 0.701000 0.385000 0.705750 0.380333 0.712250 0.380333 0.717000 0.381667 0.718500 0.384333 0.719500 0.389000 0.719750 0.395000 0.718500 0.398000 0.716750 0.400667 0.713500 0.404000 0.711000 0.404667 0.709500 0.405333 0.703750
0 0.401000 0.716000 0.399667 0.717250 0.399000 0.719250 0.399667 0.724000 0.406667 0.732750 0.408000 0.733750 0.412667 0.735250 0.417000 0.735250 0.420000 0.733500 0.420667 0.731750 0.420667 0.726500 0.419667 0.723000 0.417667 0.720000 0.411667 0.716500 0.403667 0.715000
0 0.462667 0.696250 0.459000 0.694500 0.451667 0.694000 0.446333 0.694750 0.439667 0.696750 0.434667 0.700250 0.430667 0.704000 0.430667 0.709250 0.436000 0.711250 0.440333 0.711500 0.443333 0.711250 0.452333 0.708750 0.459000 0.705750 0.463000 0.701750 0.463333 0.697500
0 0.559667 0.759000 0.557000 0.760250 0.555667 0.762750 0.555667 0.768250 0.556667 0.771250 0.560333 0.775750 0.564333 0.779000 0.569000 0.779750 0.571667 0.778250 0.573667 0.775250 0.574000 0.771750 0.572667 0.767250 0.569333 0.762500 0.567667 0.761250 0.563000 0.759250
