0 0.372667 0.399250 0.369333 0.401000 0.367333 0.404000 0.367333 0.416000 0.368667 0.420750 0.371333 0.424750 0.375000 0.427750 0.378000 0.428500 0.381333 0.427500 0.384333 0.423750 0.385667 0.417500 0.385333 0.408250 0.382333 0.403250 0.380000 0.400750 0.376667 0.399250
0 0.428333 0.378250 0.426667 0.378250 0.423000 0.379750 0.419667 0.385250 0.419333 0.390750 0.420333 0.396000 0.422000 0.398500 0.424000 0.399500 0.428000 0.399250 0.431333 0.397000 0.433333 0.393250 0.434333 0.389500 0.434333 0.384750 0.432333 0.380500
0 0.422000 0.404750 0.420000 0.406000 0.419333 0.407250 0.419333 0.412000 0.423333 0.421000 0.431333 0.428750 0.434667 0.429750 0.440000 0.429000 0.441667 0.426750 0.442000 0.422250 0.440333 0.416250 0.435667 0.409000 0.432333 0.406250 0.425333 0.404250
0 0.509667 0.420000 0.507333 0.423250 0.507333 0.431750 0.509000 0.437250 0.514000 0.441500 0.516667 0.442500 0.521000 0.442250 0.522333 0.441500 0.523667 0.439250 0.523667 0.433000 0.522000 0.427750 0.519333 0.423750 0.513333 0.420000
0 0.407000 0.442250 0.403000 0.443500 0.399667 0.446500 0.399333 0.456500 0.400667 0.460250 0.403667 0.464500 0.407333 0.466250 0.409333 0.466500 0.412333 0.466000 0.417000 0.460750 0.418667 0.456750 0.418667 0.452500 0.416333 0.446000 0.412333 0.442750
0 0.396000 0.463750 0.393000 0.462250 0.387333 0.461750 0.380667 0.462250 0.376667 0.463500 0.365667 0.471250 0.364333 0.474000 0.365333 0.476750 0.368333 0.479000 0.374000 0.479250 0.388000 0.475250 0.395333 0.470500 0.396667 0.467750
0 0.424000 0.494500 0.420333 0.496500 0.419000 0.498250 0.417667 0.501750 0.417667 0.507000 0.420000 0.513500 0.423333 0.517000 0.426667 0.518250 0.429000 0.518250 0.432333 0.517250 0.435667 0.513750 0.436333 0.509500 0.435667 0.503000 0.433333 0.498500 0.431000 0.496500 0.427667 0.494500
0 0.454000 0.524000 0.450333 0.524000 0.446667 0.526250 0.443667 0.532750 0.442667 0.541250 0.444667 0.545000 0.447667 0.546250 0.451667 0.546250 0.454333 0.545250 0.458667 0.541000 0.460000 0.538000 0.460667 0.534500 0.460333 0.529750 0.458333 0.526250
0 0.481333 0.504500 0.479333 0.503750 0.471000 0.504500 0.462000 0.509750 0.458333 0.514500 0.457333 0.517500 0.458333 0.521000 0.460000 0.522250 0.462000 0.522750 0.467333 0.522750 0.476000 0.518000 0.480667 0.514000 0.482333 0.511250 0.482667 0.507000
0 0.499000 0.515000 0.495333 0.515250 0.492667 0.516500 0.487333 0.525500 0.486667 0.533250 0.488667 0.536750 0.490333 0.538000 0.493000 0.538750 0.495333 0.538750 0.498000 0.537750 0.503333 0.529250 0.504000 0.526250 0.503667 0.518500 0.503000 0.516750 0.501667 0.515750
0 0.380000 0.552000 0.377333 0.553500 0.376333 0.556000 0.376667 0.561250 0.378000 0.564250 0.380667 0.568250 0.387333 0.574750 0.389333 0.576000 0.393333 0.576500 0.396667 0.574250 0.397667 0.572500 0.398000 0.567250 0.397000 0.563000 0.394333 0.559250 0.389333 0.554250 0.384667 0.552250
0 0.417000 0.569250 0.409000 0.569750 0.404667 0.571750 0.402667 0.574000 0.399667 0.576000 0.396333 0.580500 0.395667 0.582500 0.395667 0.585000 0.396667 0.587500 0.399667 0.589750 0.403333 0.591000 0.405667 0.590750 0.411333 0.588000 0.416667 0.583250 0.419333 0.580000 0.420333 0.577250 0.420333 0.572000 0.419667 0.570500
0 0.404667 0.596000 0.401667 0.594500 0.394000 0.595000 0.392000 0.595500 0.384667 0.599500 0.379333 0.603500 0.378667 0.607750 0.380000 0.611000 0.385000 0.612500 0.389333 0.612000 0.397333 0.609000 0.401000 0.607000 0.405000 0.602500 0.405667 0.598750
0 0.437333 0.602750 0.434333 0.602500 0.431000 0.603500 0.423000 0.610000 0.421000 0.618500 0.421333 0.623500 0.423000 0.625750 0.428000 0.626250 0.432333 0.624500 0.436333 0.621000 0.439333 0.613750 0.440333 0.608500 0.439667 0.604250
0 0.420667 0.627750 0.419333 0.629500 0.419000 0.631500 0.420000 0.635750 0.422667 0.640750 0.432000 0.647000 0.436667 0.647500 0.440333 0.647250 0.441333 0.642750 0.436000 0.632500 0.427667 0.627500 0.422333 0.627250
0 0.409000 0.644000 0.407667 0.644000 0.405000 0.645250 0.399000 0.650750 0.397333 0.656000 0.397333 0.662250 0.400000 0.664000 0.403000 0.663750 0.405333 0.662750 0.407667 0.658750 0.411667 0.655750 0.413000 0.654000 0.414000 0.651000 0.413333 0.646500 0.411667 0.645000
0 0.428000 0.652750 0.424333 0.654000 0.422333 0.656750 0.422333 0.667000 0.423667 0.670750 0.428000 0.674000 0.431000 0.675250 0.432667 0.675250 0.435333 0.674500 0.438667 0.670750 0.439000 0.663750 0.437333 0.658250 0.435333 0.655000 0.432667 0.653500
0 0.435333 0.678750 0.432000 0.678750 0.427333 0.680750 0.423333 0.685000 0.422333 0.687500 0.421667 0.692500 0.422333 0.700000 0.424000 0.702750 0.427667 0.705000 0.432667 0.704250 0.436000 0.702750 0.440000 0.694250 0.440667 0.690750 0.440000 0.682500 0.439333 0.681250
0 0.415333 0.673000 0.412000 0.672250 0.407333 0.673000 0.400667 0.681500 0.399667 0.686000 0.399667 0.690250 0.400667 0.693500 0.403667 0.695250 0.407000 0.694250 0.411667 0.690500 0.414333 0.686000 0.417000 0.679000 0.416667 0.674000
0 0.396000 0.673500 0.391000 0.672250 0.384000 0.673000 0.381667 0.674250 0.377333 0.678250 0.372333 0.685000 0.370667 0.688750 0.371000 0.693000 0.373000 0.695000 0.375667 0.695750 0.380667 0.695500 0.386333 0.693000 0.393333 0.687750 0.395667 0.685000 0.397333 0.681250 0.397333 0.676750
0 0.474333 0.586750 0.471333 0.587500 0.469000 0.590250 0.468000 0.595750 0.468333 0.603000 0.469333 0.607500 0.471000 0.610250 0.474333 0.612750 0.479333 0.613750 0.483000 0.612250 0.485333 0.608000 0.486000 0.603750 0.485667 0.597000 0.483667 0.591000 0.481667 0.588500 0.478667 0.587000
0 0.513333 0.601250 0.510000 0.603250 0.508667 0.606250 0.508333 0.612750 0.510000 0.619000 0.514000 0.624500 0.517667 0.626250 0.521333 0.626750 0.525000 0.625000 0.526667 0.623000 0.527667 0.619250 0.527000 0.611250 0.525667 0.608000 0.521667 0.603000 0.517667 0.601500
0 0.537333 0.599500 0.533333 0.602000 0.532333 0.604000 0.532000 0.612500 0.532667 0.616250 0.536000 0.623500 0.540667 0.626000 0.544667 0.626000 0.547000 0.624500 0.548000 0.623000 0.548333 0.612250 0.547667 0.607750 0.545333 0.602750 0.541667 0.600250
0 0.553333 0.606000 0.551000 0.607500 0.549667 0.610750 0.549667 0.620250 0.550667 0.623500 0.553667 0.627250 0.556333 0.628750 0.559000 0.628750 0.561667 0.627750 0.563667 0.623500 0.564000 0.616250 0.563333 0.612750 0.561667 0.609000 0.560000 0.607250 0.557333 0.606000
0 0.588000 0.589750 0.583333 0.589750 0.579667 0.591250 0.576667 0.595250 0.574667 0.601250 0.574333 0.608500 0.575000 0.611250 0.578000 0.615500 0.581000 0.616750 0.584667 0.616750 0.591000 0.611750 0.592667 0.608000 0.592667 0.595250 0.591333 0.592000
0 0.573000 0.649500 0.567333 0.649750 0.564333 0.652000 0.559000 0.661000 0.558000 0.664750 0.558667 0.669500 0.560333 0.672000 0.563667 0.673250 0.568333 0.672250 0.571000 0.670500 0.576667 0.663000 0.577333 0.660000 0.577000 0.653250 0.575667 0.651000
0 0.522333 0.629750 0.517667 0.630500 0.513667 0.634000 0.511000 0.641750 0.511000 0.647750 0.512000 0.651250 0.514667 0.653750 0.517333 0.654750 0.521333 0.654500 0.523333 0.653250 0.526333 0.649500 0.527667 0.646250 0.528333 0.642000 0.528000 0.634500 0.526333 0.631750
0 0.500667 0.700250 0.497333 0.701750 0.495333 0.704500 0.494000 0.709500 0.494000 0.714000 0.495333 0.720500 0.496333 0.722250 0.498333 0.724000 0.502333 0.724750 0.506333 0.722250 0.507333 0.720500 0.509000 0.714250 0.509000 0.708750 0.507667 0.704750 0.505667 0.702000 0.502667 0.700250
0 0.497000 0.757750 0.493000 0.759500 0.490667 0.763500 0.489333 0.769250 0.489333 0.776000 0.490667 0.779250 0.493000 0.782000 0.497000 0.784000 0.499000 0.784000 0.502333 0.782250 0.506333 0.777000 0.507000 0.774000 0.507000 0.765500 0.504667 0.760250 0.501000 0.758250
0 0.433667 0.762750 0.433667 0.764500 0.435333 0.767000 0.437667 0.768750 0.447000 0.772000 0.453000 0.772750 0.460000 0.772500 0.464667 0.771250 0.467333 0.768250 0.466667 0.765500 0.463667 0.762750 0.450667 0.758500 0.439667 0.758500 0.436000 0.759750
0 0.423000 0.713000 0.419667 0.714500 0.418333 0.716750 0.418000 0.721250 0.419333 0.725000 0.424667 0.732250 0.430000 0.734500 0.435000 0.734750 0.437667 0.733000 0.438667 0.729250 0.438333 0.725750 0.436333 0.720000 0.433000 0.716250 0.428000 0.713250
