0 0.547000 0.260250 0.546333 0.264750 0.547667 0.267750 0.549333 0.269750 0.554333 0.273250 0.564000 0.277000 0.569333 0.277000 0.573000 0.276250 0.575667 0.275000 0.576333 0.270750 0.575333 0.268000 0.569000 0.263250 0.560000 0.259750 0.555000 0.258750 0.550333 0.258750
0 0.561000 0.306000 0.559000 0.306750 0.556000 0.309250 0.555333 0.313000 0.556000 0.317250 0.562000 0.325000 0.564667 0.326750 0.569000 0.327250 0.572333 0.325500 0.573667 0.323250 0.574333 0.318000 0.573333 0.314500 0.568667 0.309250 0.565333 0.306750
0 0.632000 0.312000 0.630000 0.312000 0.625667 0.314250 0.621000 0.321750 0.620667 0.326250 0.622000 0.332250 0.623000 0.334000 0.626333 0.335750 0.630333 0.335750 0.632667 0.334500 0.635667 0.330500 0.637333 0.325750 0.638000 0.318500 0.637000 0.315250 0.634667 0.312750
0 0.678333 0.317000 0.673667 0.317000 0.670333 0.318000 0.665000 0.321500 0.661000 0.329000 0.661000 0.331750 0.662000 0.335000 0.665333 0.337250 0.669667 0.337250 0.674667 0.335750 0.676667 0.334500 0.679000 0.331500 0.682000 0.323250 0.682000 0.320500 0.681333 0.318500
0 0.616333 0.326500 0.613000 0.326750 0.606667 0.329000 0.602667 0.332250 0.598667 0.337750 0.597667 0.341250 0.598000 0.345750 0.600000 0.348000 0.602333 0.348750 0.604667 0.348750 0.607000 0.348000 0.614333 0.341750 0.618333 0.333750 0.618333 0.329000
0 0.603000 0.351750 0.599000 0.353500 0.597000 0.356750 0.597667 0.366250 0.601000 0.373250 0.602667 0.375250 0.610667 0.379500 0.613667 0.379250 0.616333 0.378000 0.618000 0.373500 0.617667 0.368000 0.615000 0.361000 0.607000 0.352750
0 0.580667 0.362250 0.579000 0.363750 0.578000 0.368000 0.578333 0.373250 0.579667 0.377250 0.584000 0.382250 0.587333 0.384000 0.591667 0.385250 0.596000 0.381000 0.596000 0.376750 0.593333 0.368750 0.588333 0.363750 0.584000 0.362000
0 0.634667 0.367000 0.630667 0.368250 0.629333 0.370000 0.628667 0.372000 0.629333 0.381000 0.633333 0.388750 0.635667 0.390000 0.640333 0.390250 0.643000 0.389500 0.644333 0.388500 0.646000 0.385750 0.646000 0.377250 0.642000 0.369500 0.639333 0.367500
0 0.654667 0.384250 0.655667 0.388250 0.658000 0.390500 0.665667 0.393000 0.672667 0.394500 0.678000 0.394250 0.684667 0.393000 0.686667 0.392000 0.688000 0.389500 0.686667 0.385250 0.685000 0.383500 0.674333 0.379750 0.671000 0.379250 0.661333 0.379500 0.658333 0.380250 0.656333 0.381750
0 0.568000 0.399750 0.567333 0.400750 0.568000 0.405250 0.571667 0.408250 0.573667 0.411250 0.579667 0.415500 0.584667 0.417750 0.587333 0.418250 0.592667 0.418000 0.596333 0.416000 0.598000 0.413000 0.598000 0.408750 0.596333 0.406500 0.591000 0.402000 0.585667 0.399750 0.580000 0.398750 0.572667 0.398500
0 0.547000 0.380250 0.547000 0.383250 0.548000 0.385750 0.551333 0.388750 0.554667 0.390250 0.563667 0.392500 0.569000 0.392500 0.574000 0.391750 0.577000 0.389750 0.577333 0.388000 0.576000 0.384500 0.573667 0.382750 0.567000 0.379750 0.560667 0.378250 0.552333 0.377750 0.549000 0.378500
0 0.563333 0.410000 0.560000 0.411500 0.557667 0.414750 0.557333 0.419750 0.560000 0.428000 0.563333 0.432250 0.565333 0.433250 0.569333 0.433500 0.571667 0.432750 0.573667 0.431250 0.575000 0.428750 0.575667 0.423000 0.574333 0.416750 0.569000 0.411000 0.566000 0.410000
0 0.583000 0.421750 0.580000 0.423500 0.579333 0.425750 0.579000 0.432500 0.580000 0.438500 0.583000 0.444250 0.586667 0.446250 0.589000 0.446250 0.592667 0.444250 0.594667 0.440250 0.595333 0.437750 0.595000 0.432500 0.592333 0.425750 0.590667 0.423500 0.587333 0.421750
0 0.652333 0.419000 0.653333 0.421750 0.657667 0.425750 0.664333 0.427250 0.669667 0.427250 0.678333 0.425750 0.683667 0.423000 0.685667 0.419750 0.685000 0.416250 0.683333 0.415000 0.671000 0.412750 0.664667 0.412750 0.658667 0.413500 0.653333 0.416250
0 0.663000 0.452750 0.660667 0.452500 0.658000 0.453000 0.653000 0.455500 0.648000 0.462000 0.646000 0.466250 0.645667 0.470250 0.646667 0.471500 0.649667 0.472500 0.654000 0.472000 0.662667 0.465750 0.665667 0.458750 0.665667 0.455250
0 0.636000 0.447750 0.633667 0.447750 0.631333 0.448750 0.627667 0.451750 0.625667 0.454750 0.625000 0.458750 0.623000 0.463000 0.623000 0.466500 0.625333 0.470500 0.626667 0.471750 0.629667 0.472500 0.631667 0.472500 0.635667 0.471250 0.638667 0.469250 0.640000 0.467000 0.640667 0.454500 0.639333 0.450000 0.638333 0.448750
0 0.612667 0.449500 0.609000 0.449500 0.606667 0.450250 0.603333 0.452750 0.601333 0.456250 0.600333 0.461500 0.601000 0.467500 0.604000 0.471000 0.607000 0.471750 0.611333 0.471000 0.615000 0.469000 0.616333 0.467500 0.617667 0.463500 0.618000 0.456250 0.617333 0.453500 0.615667 0.450500
0 0.560333 0.485500 0.558000 0.486750 0.556000 0.489500 0.555000 0.495500 0.556000 0.502750 0.559667 0.506750 0.565000 0.507250 0.568667 0.504750 0.570667 0.501500 0.570667 0.492500 0.569000 0.487750 0.567333 0.486250 0.565333 0.485500
0 0.572333 0.526000 0.567667 0.526750 0.564667 0.529000 0.562333 0.533500 0.560667 0.539250 0.560667 0.543750 0.563333 0.548500 0.565000 0.549500 0.568000 0.549500 0.569667 0.548500 0.572667 0.545250 0.575000 0.540750 0.575667 0.537000 0.575333 0.530750 0.574667 0.528500
0 0.588000 0.522250 0.583000 0.523000 0.581000 0.524750 0.580000 0.528000 0.580000 0.534000 0.580667 0.536000 0.583333 0.540250 0.584333 0.540750 0.588000 0.540750 0.591333 0.538000 0.592333 0.535250 0.592000 0.525000 0.590667 0.523500
0 0.753000 0.542250 0.751333 0.542250 0.743667 0.546250 0.740667 0.549250 0.736333 0.557500 0.736667 0.562500 0.737333 0.563750 0.739333 0.565000 0.743667 0.565000 0.746333 0.564250 0.748667 0.562750 0.754667 0.553250 0.756000 0.549500 0.756000 0.544500
0 0.666667 0.548750 0.664667 0.552250 0.665333 0.556000 0.668667 0.561000 0.673333 0.566000 0.677000 0.568750 0.681667 0.570500 0.686000 0.571000 0.690000 0.570000 0.691333 0.568250 0.691333 0.563750 0.690000 0.560250 0.686000 0.554500 0.677667 0.548500 0.674667 0.547750 0.669333 0.547750
0 0.598333 0.599000 0.598000 0.603250 0.599000 0.605250 0.602000 0.608000 0.606333 0.609500 0.615667 0.611000 0.623333 0.610750 0.629000 0.608750 0.630667 0.607500 0.631000 0.603500 0.630333 0.602500 0.622000 0.596250 0.613333 0.595250 0.605000 0.595250 0.601000 0.596250
0 0.587333 0.603750 0.584333 0.605000 0.582667 0.607000 0.582000 0.609000 0.582000 0.615000 0.583667 0.620000 0.586000 0.623250 0.588333 0.624250 0.591667 0.624250 0.594000 0.622750 0.595333 0.620250 0.596000 0.611750 0.592333 0.604750 0.591000 0.604000
0 0.592667 0.574500 0.587333 0.576250 0.585000 0.580250 0.582667 0.587500 0.583333 0.596000 0.587333 0.599250 0.590333 0.599750 0.593000 0.599250 0.596667 0.596250 0.599000 0.592750 0.599667 0.589250 0.599333 0.582500 0.597000 0.576500 0.595333 0.575000
0 0.541000 0.573000 0.539000 0.575250 0.538333 0.579250 0.540000 0.587750 0.544333 0.592500 0.549333 0.592750 0.551000 0.591750 0.553000 0.588000 0.551667 0.580250 0.548333 0.575750 0.545000 0.573000
0 0.501333 0.623000 0.498000 0.624750 0.494333 0.628250 0.493333 0.630750 0.493000 0.635750 0.493667 0.639500 0.496333 0.644250 0.499333 0.646750 0.503000 0.647250 0.505667 0.646000 0.508000 0.642500 0.509333 0.636750 0.509333 0.631250 0.506667 0.624750 0.505333 0.623750
0 0.568000 0.658250 0.565000 0.660500 0.564333 0.662250 0.564333 0.669750 0.565333 0.673500 0.568000 0.677750 0.572000 0.680750 0.576000 0.681750 0.580000 0.679250 0.581333 0.676750 0.581667 0.672750 0.580000 0.666750 0.576667 0.661000 0.574000 0.659000 0.572000 0.658250
0 0.579333 0.653250 0.579000 0.655750 0.582333 0.661250 0.585667 0.663750 0.591000 0.666250 0.597000 0.668000 0.603667 0.668000 0.605667 0.666750 0.606333 0.665750 0.606000 0.661500 0.604333 0.658750 0.602667 0.657500 0.591333 0.652500 0.583667 0.651750 0.580333 0.652500
0 0.613667 0.679500 0.610667 0.680250 0.609000 0.682000 0.607333 0.688500 0.607333 0.694250 0.610667 0.702250 0.614667 0.704750 0.616667 0.705000 0.621667 0.704000 0.623333 0.702250 0.624667 0.694750 0.623667 0.685250 0.621667 0.682000 0.618000 0.680000
0 0.694333 0.678500 0.693667 0.680250 0.694000 0.682250 0.698667 0.686250 0.713333 0.691000 0.716667 0.691000 0.719667 0.689500 0.721000 0.686750 0.721000 0.685000 0.716667 0.680500 0.709333 0.677750 0.705667 0.677250 0.697000 0.677250
0 0.721000 0.724500 0.718000 0.722250 0.714000 0.721000 0.703667 0.721000 0.697000 0.722500 0.689000 0.726750 0.688333 0.727750 0.689000 0.733000 0.693000 0.735250 0.709000 0.735250 0.716333 0.733500 0.719333 0.730750 0.721000 0.728000
0 0.641667 0.740000 0.641333 0.744750 0.645333 0.747750 0.654667 0.751250 0.661333 0.752250 0.666000 0.751750 0.670333 0.750750 0.675000 0.747750 0.675000 0.744250 0.674000 0.743250 0.669667 0.741000 0.662333 0.738500 0.655333 0.737500 0.648000 0.737500 0.642667 0.739000
0 0.657667 0.752000 0.655667 0.753250 0.654667 0.754750 0.654667 0.759000 0.656667 0.764250 0.658333 0.766500 0.661000 0.768500 0.664667 0.769500 0.667000 0.769500 0.670000 0.767000 0.670333 0.762250 0.669333 0.758750 0.666333 0.754500 0.664000 0.752750 0.662000 0.752000
0 0.620333 0.745750 0.616333 0.746000 0.612333 0.747500 0.611000 0.748500 0.609333 0.752000 0.608667 0.757000 0.609333 0.764750 0.611000 0.768000 0.615000 0.770000 0.619000 0.769750 0.621667 0.768500 0.624000 0.766000 0.625000 0.762750 0.625667 0.755250 0.624667 0.748500 0.623000 0.746500
0 0.620000 0.710250 0.615000 0.710000 0.611333 0.710750 0.607667 0.712500 0.603667 0.715750 0.602333 0.717750 0.601000 0.722250 0.601000 0.725250 0.602667 0.727000 0.606000 0.727000 0.609000 0.726000 0.615333 0.722250 0.621000 0.717250 0.622000 0.714750 0.622000 0.712250
0 0.565000 0.723000 0.563667 0.724000 0.564000 0.728500 0.568333 0.735500 0.572667 0.738750 0.579667 0.742750 0.583667 0.744250 0.589000 0.743250 0.590667 0.741250 0.590000 0.737000 0.581333 0.728750 0.576000 0.725250 0.569000 0.722750
0 0.577000 0.749750 0.570667 0.749500 0.568333 0.750000 0.564667 0.753000 0.562000 0.760000 0.562333 0.767250 0.564667 0.770250 0.569000 0.770500 0.573000 0.768500 0.577667 0.764250 0.579333 0.759750 0.580000 0.754500 0.579667 0.752250
