0 0.552667 0.593000 0.549000 0.592750 0.547000 0.593250 0.540667 0.596250 0.536333 0.603250 0.536000 0.608500 0.537667 0.611500 0.540333 0.612250 0.544333 0.611500 0.550000 0.607000 0.554333 0.600250 0.554667 0.595500
0 0.345667 0.417500 0.342000 0.420000 0.340000 0.423250 0.339000 0.428250 0.339333 0.435250 0.341000 0.439500 0.344333 0.443000 0.346000 0.444000 0.349667 0.444250 0.351667 0.443500 0.355333 0.440000 0.356667 0.435250 0.356667 0.430000 0.354667 0.423000 0.350000 0.418000
0 0.374333 0.461250 0.372667 0.461250 0.370667 0.463000 0.368333 0.466250 0.367667 0.469000 0.367667 0.475500 0.368333 0.477500 0.370000 0.479250 0.372333 0.480250 0.375000 0.479000 0.377333 0.476250 0.379333 0.470750 0.379333 0.466750 0.377667 0.462250
0 0.392333 0.471250 0.389000 0.472250 0.385333 0.475500 0.383667 0.478500 0.383333 0.484250 0.384333 0.489500 0.385667 0.491500 0.389000 0.494750 0.391667 0.495750 0.393667 0.495750 0.397333 0.494250 0.400000 0.490750 0.401333 0.487250 0.401667 0.480750 0.401000 0.477250 0.398000 0.473500 0.396000 0.472000
0 0.458000 0.473500 0.454333 0.475250 0.451667 0.479000 0.450333 0.483750 0.450333 0.489250 0.454333 0.496500 0.456000 0.497500 0.459667 0.497750 0.466333 0.492500 0.467333 0.491000 0.468000 0.488000 0.467667 0.477500 0.466000 0.475500 0.462667 0.474000
0 0.463667 0.419250 0.461667 0.419250 0.459000 0.420250 0.455333 0.422750 0.452333 0.431250 0.452333 0.436750 0.453333 0.440250 0.455000 0.442750 0.458000 0.443750 0.459667 0.443500 0.465667 0.438750 0.467667 0.435500 0.468333 0.431750 0.468000 0.423500 0.466667 0.421000
0 0.443000 0.417750 0.439000 0.418250 0.432333 0.423250 0.430667 0.428250 0.430667 0.435250 0.432000 0.437250 0.435333 0.438500 0.439333 0.438250 0.443667 0.435750 0.447000 0.428250 0.447000 0.422250 0.445667 0.419750
0 0.418667 0.419250 0.415667 0.419250 0.409333 0.423750 0.407667 0.426750 0.406333 0.436250 0.407333 0.440250 0.409667 0.441500 0.412000 0.441750 0.415000 0.440500 0.418333 0.438000 0.420667 0.435000 0.422000 0.427750 0.421667 0.423000 0.420667 0.420250
0 0.371000 0.391000 0.367333 0.391250 0.364333 0.392750 0.361333 0.396250 0.360000 0.400000 0.360000 0.408750 0.361000 0.412750 0.365000 0.416750 0.368333 0.417250 0.370333 0.416750 0.374000 0.413750 0.378000 0.405250 0.378000 0.399750 0.376667 0.395750 0.374667 0.392500 0.373333 0.391500
0 0.411333 0.384500 0.408333 0.385250 0.405667 0.388750 0.405000 0.391500 0.405667 0.401250 0.406667 0.404750 0.410667 0.408750 0.415000 0.410500 0.417333 0.410500 0.421333 0.408500 0.423000 0.406000 0.424667 0.401250 0.424333 0.397000 0.419333 0.387250 0.415667 0.384750
0 0.440000 0.393250 0.437667 0.393500 0.434667 0.394750 0.430667 0.397750 0.426667 0.403250 0.425000 0.407500 0.425000 0.409500 0.426000 0.413000 0.428000 0.415250 0.432667 0.415500 0.435333 0.414750 0.437333 0.413000 0.443667 0.404000 0.444333 0.401750 0.444000 0.396000 0.442667 0.394500
0 0.494667 0.373750 0.493333 0.374500 0.491333 0.377500 0.491333 0.383250 0.493333 0.390000 0.496667 0.395500 0.499667 0.398000 0.503000 0.399250 0.506667 0.399500 0.510667 0.397250 0.512333 0.393500 0.512333 0.388000 0.511333 0.384250 0.506000 0.377750 0.503667 0.376000 0.498667 0.373500
0 0.478667 0.383500 0.475000 0.385250 0.471000 0.390250 0.470000 0.392750 0.469667 0.401000 0.470333 0.404750 0.472667 0.409000 0.476333 0.411750 0.479667 0.412500 0.482333 0.412000 0.485000 0.410000 0.488333 0.405750 0.489000 0.404000 0.489000 0.394250 0.487333 0.388750 0.484667 0.385000 0.482667 0.383750
0 0.462667 0.361250 0.458333 0.361750 0.454667 0.365000 0.452000 0.369500 0.451667 0.375750 0.452667 0.380750 0.454000 0.383000 0.458000 0.385250 0.460000 0.385250 0.464000 0.383000 0.467333 0.377000 0.467333 0.367000 0.466000 0.364000
0 0.439667 0.348500 0.435667 0.348750 0.430667 0.352000 0.427667 0.359000 0.426667 0.364500 0.426667 0.370500 0.428000 0.373750 0.431000 0.375250 0.435667 0.375250 0.438333 0.374000 0.441333 0.371500 0.444000 0.367000 0.444667 0.363750 0.444333 0.352750 0.443000 0.350750
0 0.368333 0.357000 0.365333 0.358250 0.362000 0.361500 0.360000 0.368500 0.360000 0.373750 0.362000 0.377750 0.365333 0.380250 0.370000 0.381000 0.373667 0.378500 0.376333 0.373250 0.377000 0.365250 0.375667 0.361000 0.372333 0.357500
0 0.411667 0.351500 0.408000 0.353250 0.406333 0.357250 0.407000 0.369250 0.408333 0.372750 0.412000 0.376000 0.416667 0.376250 0.419667 0.375250 0.421667 0.373000 0.422333 0.366500 0.421667 0.359250 0.420667 0.356500 0.418000 0.353000 0.415000 0.351750
0 0.421333 0.315750 0.419333 0.315750 0.415333 0.318250 0.411333 0.322750 0.407667 0.329500 0.407667 0.338000 0.410333 0.341250 0.412667 0.342500 0.416333 0.342000 0.420667 0.339750 0.424333 0.334750 0.426667 0.326750 0.426667 0.322000 0.424333 0.317000
0 0.303667 0.284500 0.302000 0.284500 0.297667 0.286750 0.294333 0.289750 0.291667 0.294500 0.291000 0.297750 0.291667 0.302250 0.293000 0.304000 0.296000 0.305500 0.299333 0.305500 0.303333 0.304000 0.307000 0.299000 0.308333 0.292500 0.308000 0.289250 0.306333 0.285750
0 0.548000 0.262000 0.544333 0.263000 0.541333 0.266500 0.540333 0.271250 0.540667 0.274750 0.542333 0.279000 0.547000 0.284500 0.548667 0.285750 0.553000 0.287000 0.555667 0.285750 0.558667 0.282750 0.559667 0.276750 0.558667 0.268000 0.557333 0.265750 0.553667 0.262750
0 0.458333 0.260750 0.455333 0.261500 0.454000 0.262500 0.451000 0.266500 0.450000 0.270500 0.450000 0.275500 0.451333 0.279750 0.454000 0.282750 0.455667 0.283750 0.459333 0.284250 0.462667 0.282750 0.465333 0.280250 0.466333 0.277000 0.466333 0.272750 0.465333 0.267250 0.463667 0.264000 0.459667 0.261000
0 0.286667 0.459500 0.281667 0.459000 0.275333 0.461250 0.266667 0.469000 0.263667 0.474750 0.264000 0.479000 0.266667 0.481250 0.271667 0.481500 0.277000 0.479250 0.280667 0.476500 0.288000 0.467250 0.288667 0.462000
0 0.307667 0.510000 0.302667 0.510000 0.298333 0.511750 0.293000 0.518000 0.291667 0.521000 0.291333 0.526000 0.293000 0.529750 0.295333 0.531500 0.300000 0.532000 0.304333 0.531000 0.307667 0.529000 0.310667 0.525500 0.312333 0.521500 0.312333 0.514250 0.311000 0.511750
0 0.327000 0.535000 0.324333 0.535250 0.321333 0.536500 0.317333 0.541000 0.316000 0.545500 0.316000 0.552750 0.317333 0.556500 0.321333 0.560250 0.325000 0.561000 0.327333 0.560500 0.330667 0.558250 0.333667 0.554000 0.335000 0.550250 0.335000 0.543750 0.334333 0.541250 0.330000 0.536500
0 0.394000 0.562750 0.388333 0.563250 0.385333 0.565250 0.384000 0.567000 0.382000 0.572500 0.381333 0.578000 0.382000 0.584250 0.384000 0.587750 0.388667 0.589500 0.392333 0.588500 0.396667 0.585000 0.399333 0.580000 0.400333 0.576500 0.400667 0.571250 0.399667 0.567750 0.397333 0.564000
0 0.344333 0.578750 0.342000 0.579500 0.339333 0.584250 0.338667 0.588250 0.340333 0.596000 0.343000 0.600000 0.345000 0.601500 0.350667 0.602000 0.355000 0.600750 0.357333 0.598000 0.358667 0.591750 0.358333 0.586750 0.357000 0.583500 0.353333 0.579500 0.350000 0.578750
0 0.325000 0.571500 0.322667 0.573000 0.321333 0.575500 0.320667 0.579000 0.321333 0.588000 0.323000 0.591000 0.326000 0.593750 0.330667 0.594500 0.333667 0.592750 0.334667 0.591000 0.334667 0.578750 0.333333 0.575750 0.331000 0.573500 0.327333 0.571500
0 0.439333 0.608000 0.435000 0.608250 0.431000 0.610500 0.428667 0.617500 0.429333 0.627500 0.431000 0.631000 0.435000 0.633000 0.438667 0.632750 0.441000 0.631500 0.444000 0.627750 0.445333 0.623250 0.445667 0.618500 0.444333 0.611500 0.442667 0.609500
0 0.412000 0.605750 0.408000 0.607750 0.407000 0.610000 0.406667 0.614750 0.407333 0.618750 0.408667 0.622500 0.410333 0.624500 0.412667 0.626000 0.416667 0.626250 0.419667 0.624500 0.420667 0.622750 0.421000 0.615750 0.420333 0.612000 0.417333 0.607500 0.415000 0.606250
0 0.392667 0.624250 0.388667 0.627500 0.386333 0.634750 0.386333 0.640750 0.388000 0.647250 0.391333 0.651250 0.393000 0.652250 0.397333 0.652750 0.401333 0.650750 0.403667 0.647250 0.404667 0.639750 0.404333 0.634000 0.402667 0.628000 0.401333 0.626000 0.397000 0.624000
0 0.372667 0.667750 0.368667 0.668250 0.366000 0.670250 0.363333 0.673500 0.361667 0.679250 0.362333 0.686250 0.364000 0.689000 0.365667 0.690250 0.367667 0.690750 0.370333 0.690750 0.373667 0.689250 0.376667 0.685250 0.378667 0.679000 0.378667 0.673500 0.378000 0.672000 0.375667 0.669250
0 0.337333 0.641750 0.334667 0.640750 0.329333 0.641250 0.326000 0.643500 0.321333 0.648250 0.318000 0.654500 0.317000 0.658250 0.317333 0.661750 0.318667 0.663750 0.321667 0.664500 0.326000 0.663750 0.334667 0.657750 0.336667 0.654500 0.339000 0.648000 0.339000 0.645000
0 0.321667 0.712750 0.318333 0.715000 0.317000 0.717000 0.316333 0.719500 0.317000 0.725000 0.321333 0.733250 0.326000 0.736500 0.330000 0.737250 0.332000 0.736000 0.334667 0.730500 0.334667 0.723500 0.333333 0.720750 0.325333 0.713250
0 0.298000 0.395750 0.294333 0.397500 0.292000 0.400750 0.291333 0.403750 0.292000 0.412000 0.294000 0.417250 0.296000 0.419750 0.298000 0.421000 0.302667 0.421000 0.305000 0.419250 0.307333 0.414500 0.308000 0.411000 0.307667 0.403750 0.306667 0.400750 0.304333 0.398000 0.302333 0.396500
