0 0.373000 0.250750 0.369333 0.250750 0.367000 0.251750 0.360667 0.260250 0.360000 0.266000 0.360333 0.272500 0.361667 0.274000 0.365333 0.275250 0.370000 0.274500 0.373667 0.272500 0.377667 0.263750 0.377667 0.255750 0.375000 0.251500
0 0.391667 0.251250 0.388333 0.252750 0.386667 0.255750 0.386000 0.264500 0.387333 0.268000 0.390667 0.272750 0.393000 0.274250 0.396333 0.274750 0.399667 0.272500 0.401333 0.269750 0.402000 0.267500 0.401667 0.259000 0.397667 0.252750 0.396333 0.251750
0 0.436333 0.254250 0.434333 0.254500 0.431333 0.256250 0.429333 0.259250 0.427667 0.263750 0.427667 0.268500 0.429000 0.272500 0.430667 0.275000 0.432000 0.276000 0.434667 0.276750 0.436333 0.276500 0.440000 0.273250 0.441000 0.271750 0.442333 0.266250 0.442333 0.262250 0.441333 0.258250 0.439667 0.255750
0 0.461000 0.278000 0.458667 0.278500 0.454667 0.282250 0.454333 0.291500 0.455333 0.295000 0.458333 0.299500 0.462000 0.300750 0.463667 0.300750 0.466000 0.300000 0.468000 0.297500 0.468667 0.294750 0.468667 0.286250 0.467000 0.279750 0.463667 0.278000
0 0.481000 0.307000 0.479667 0.305750 0.478000 0.305250 0.468333 0.305000 0.462333 0.305500 0.455667 0.307250 0.450333 0.310250 0.448667 0.314000 0.449000 0.315500 0.451667 0.318000 0.455000 0.318750 0.462333 0.319250 0.467333 0.318500 0.474333 0.315500 0.480333 0.312000 0.481333 0.310750
0 0.435000 0.315500 0.431333 0.318500 0.430667 0.321500 0.431000 0.326750 0.433333 0.331250 0.436667 0.335500 0.439333 0.337250 0.443000 0.337000 0.445000 0.334000 0.445667 0.330000 0.444667 0.321500 0.440333 0.316750 0.436667 0.315500
0 0.405333 0.282750 0.403667 0.284000 0.402667 0.288000 0.403667 0.292750 0.407667 0.302000 0.411667 0.304750 0.418667 0.307250 0.420667 0.307250 0.424667 0.304750 0.426000 0.302500 0.426333 0.298000 0.424333 0.291750 0.420000 0.285750 0.416333 0.283000 0.409667 0.282250
0 0.427333 0.335000 0.422333 0.334750 0.416000 0.335750 0.409333 0.338250 0.405000 0.343500 0.400667 0.347500 0.400000 0.350750 0.401000 0.353250 0.404667 0.355500 0.411000 0.356000 0.420667 0.351250 0.426333 0.346000 0.429000 0.342500 0.429000 0.337000
0 0.437667 0.343000 0.435000 0.343500 0.432000 0.346000 0.430667 0.348750 0.430000 0.353250 0.431000 0.358750 0.436000 0.367000 0.438667 0.369000 0.440333 0.369000 0.443000 0.368000 0.445667 0.365250 0.447333 0.360750 0.447667 0.353000 0.444333 0.345000 0.440333 0.343250
0 0.373000 0.300500 0.368667 0.301500 0.362333 0.306750 0.360667 0.309250 0.359333 0.318250 0.360667 0.321250 0.364000 0.322500 0.368000 0.322000 0.371000 0.320750 0.373667 0.318250 0.376667 0.310250 0.377000 0.306500 0.375667 0.302750
0 0.408333 0.308000 0.407333 0.309500 0.407667 0.315250 0.412333 0.322000 0.415667 0.325000 0.421000 0.327000 0.424333 0.327000 0.425667 0.325250 0.426333 0.322250 0.424333 0.318000 0.421333 0.314000 0.412667 0.308000
0 0.364667 0.333750 0.361000 0.336250 0.359667 0.338000 0.358000 0.341750 0.357667 0.346500 0.361000 0.354500 0.364333 0.356250 0.366000 0.356250 0.370000 0.354000 0.371333 0.351750 0.372333 0.348250 0.372667 0.341750 0.372000 0.338000 0.370333 0.335500 0.368000 0.334250
0 0.415667 0.360500 0.411000 0.360500 0.409000 0.361250 0.406667 0.364000 0.403667 0.372000 0.403667 0.376750 0.404667 0.378500 0.407667 0.380750 0.409000 0.380750 0.413000 0.378750 0.417333 0.372250 0.418667 0.364750 0.417333 0.361750
0 0.368333 0.414500 0.364667 0.416500 0.362667 0.420500 0.361667 0.424250 0.361333 0.432750 0.362333 0.436250 0.364333 0.439000 0.368667 0.441250 0.371000 0.441250 0.373667 0.440500 0.378000 0.435500 0.379333 0.432250 0.379667 0.427250 0.378000 0.420250 0.375333 0.416250 0.372667 0.414500
0 0.301667 0.414500 0.299000 0.415250 0.297667 0.416250 0.294333 0.420500 0.293000 0.424500 0.293000 0.432500 0.294000 0.436250 0.295667 0.437750 0.301333 0.440250 0.304667 0.440250 0.310000 0.438500 0.311667 0.436750 0.313000 0.431250 0.313333 0.425500 0.312000 0.419750 0.310333 0.417000 0.306333 0.414500
0 0.314667 0.441750 0.313000 0.442750 0.310667 0.446750 0.310667 0.451000 0.312667 0.459000 0.314333 0.461250 0.321333 0.466250 0.326667 0.467000 0.329667 0.463750 0.330333 0.459750 0.329667 0.454750 0.326000 0.446250 0.319000 0.441500
0 0.345333 0.443250 0.340667 0.446250 0.337667 0.453500 0.337667 0.459250 0.339667 0.466250 0.342000 0.468500 0.345333 0.469250 0.349000 0.468750 0.351333 0.467250 0.354333 0.461250 0.355333 0.456250 0.355333 0.451500 0.354000 0.447500 0.350000 0.443750
0 0.397333 0.441250 0.394333 0.441500 0.391333 0.443000 0.387667 0.446250 0.384333 0.451750 0.383667 0.453750 0.384000 0.460500 0.385000 0.462250 0.389000 0.464750 0.392667 0.464250 0.395667 0.462750 0.399333 0.459250 0.401333 0.455500 0.402333 0.451500 0.402000 0.445500 0.401000 0.443000
0 0.443667 0.455250 0.438667 0.455000 0.432333 0.457000 0.423667 0.462250 0.421333 0.466750 0.421000 0.469250 0.421667 0.473500 0.423333 0.475500 0.427000 0.476500 0.430333 0.476500 0.435000 0.475500 0.443667 0.468250 0.445667 0.462750 0.445667 0.458250
0 0.500667 0.454000 0.498667 0.454500 0.497333 0.455750 0.496000 0.459250 0.495667 0.464750 0.496000 0.466750 0.498333 0.471000 0.501333 0.473500 0.502667 0.473750 0.505333 0.473000 0.507333 0.471250 0.509333 0.466500 0.509667 0.461750 0.509000 0.459000 0.506667 0.455250 0.503000 0.454000
0 0.465667 0.477500 0.462667 0.478000 0.461000 0.479500 0.458667 0.485500 0.458667 0.490750 0.462333 0.498250 0.465667 0.500250 0.468000 0.500500 0.470333 0.499750 0.472333 0.498000 0.474333 0.493750 0.474667 0.487500 0.474333 0.485500 0.471333 0.480250 0.468333 0.478000
0 0.390667 0.477000 0.388000 0.477500 0.384000 0.481000 0.382333 0.485750 0.382333 0.491750 0.383000 0.495250 0.384667 0.498500 0.388000 0.500750 0.393667 0.501000 0.397000 0.500500 0.401000 0.497500 0.402000 0.494250 0.402000 0.486500 0.400667 0.483250 0.397333 0.478750 0.394000 0.477250
0 0.369333 0.491750 0.366333 0.493000 0.364333 0.494750 0.363000 0.498000 0.363667 0.503000 0.368333 0.510250 0.373000 0.512750 0.376667 0.512750 0.380333 0.511250 0.381667 0.510000 0.381667 0.501250 0.376667 0.496000 0.375333 0.493500 0.372667 0.491750
0 0.369333 0.516500 0.368000 0.517250 0.365667 0.520250 0.364667 0.526000 0.369000 0.537500 0.372000 0.539250 0.374000 0.539500 0.377667 0.538500 0.381333 0.534000 0.382000 0.530500 0.381667 0.525500 0.377667 0.519250 0.374667 0.517000 0.373333 0.516500
0 0.342667 0.524750 0.341000 0.525750 0.340667 0.530500 0.343333 0.537750 0.348000 0.542500 0.349667 0.543250 0.353333 0.543000 0.355333 0.541500 0.356000 0.538500 0.355667 0.532750 0.354667 0.530750 0.349333 0.525000 0.346667 0.524500
0 0.334333 0.526750 0.330667 0.526500 0.326000 0.527750 0.320333 0.532250 0.315000 0.541000 0.315667 0.545000 0.318000 0.547750 0.326333 0.547000 0.329333 0.546000 0.334333 0.542250 0.337333 0.534500 0.336667 0.529250
0 0.299333 0.553000 0.295667 0.554750 0.294000 0.556500 0.292667 0.560750 0.292667 0.567000 0.294000 0.572500 0.296333 0.576500 0.298667 0.578000 0.302667 0.578500 0.307333 0.576750 0.309333 0.573750 0.310667 0.569750 0.310667 0.560750 0.308000 0.556000 0.303333 0.553250
0 0.355333 0.559250 0.352000 0.559000 0.346333 0.560750 0.342000 0.564500 0.338667 0.569250 0.337667 0.571500 0.337667 0.576500 0.339667 0.580000 0.342000 0.581500 0.346333 0.581500 0.350000 0.580000 0.353667 0.576750 0.357000 0.572250 0.358333 0.568500 0.358333 0.563000 0.357667 0.560750
0 0.314333 0.592500 0.311667 0.591500 0.307333 0.592000 0.301667 0.594500 0.299000 0.596500 0.294000 0.603750 0.293333 0.608250 0.295000 0.612000 0.299667 0.612750 0.302333 0.612000 0.311000 0.607500 0.316000 0.598750 0.316333 0.595500
0 0.412333 0.579500 0.409333 0.581000 0.407333 0.584250 0.406667 0.587500 0.407000 0.596000 0.409000 0.600250 0.414667 0.604500 0.417000 0.604750 0.420000 0.603500 0.422667 0.598750 0.424000 0.593000 0.423667 0.589000 0.421667 0.583750 0.419667 0.581250 0.415667 0.579500
0 0.529333 0.541250 0.526667 0.541500 0.524000 0.542500 0.517667 0.547750 0.516667 0.549500 0.516000 0.554500 0.516667 0.560000 0.518000 0.562500 0.520667 0.563750 0.525333 0.563000 0.529667 0.560500 0.533333 0.553250 0.534000 0.550750 0.533667 0.546000 0.532333 0.543500
0 0.458667 0.625750 0.455667 0.625750 0.454000 0.626500 0.447333 0.635000 0.446333 0.637500 0.446000 0.642250 0.446667 0.644250 0.448333 0.645750 0.451667 0.646000 0.460000 0.638750 0.462667 0.632000 0.462667 0.629250 0.461333 0.626750
0 0.432667 0.630250 0.431000 0.629250 0.425667 0.628000 0.423000 0.628000 0.415333 0.630250 0.408333 0.634250 0.407000 0.637500 0.407667 0.641000 0.411000 0.642750 0.413000 0.643000 0.419333 0.642000 0.426667 0.639750 0.432333 0.634750 0.433000 0.632500
0 0.404667 0.644750 0.402333 0.647500 0.401667 0.651750 0.403667 0.657250 0.407000 0.663000 0.411000 0.666000 0.415667 0.668250 0.420667 0.668000 0.423667 0.666000 0.425000 0.663250 0.425000 0.657750 0.420000 0.651000 0.414667 0.648000 0.411667 0.645500 0.408667 0.644250
0 0.443000 0.646000 0.439000 0.645750 0.435667 0.647250 0.431333 0.650500 0.430333 0.652000 0.428667 0.656750 0.428667 0.662500 0.430333 0.666750 0.432333 0.667750 0.435667 0.668000 0.439333 0.666750 0.444333 0.661250 0.446333 0.653500 0.445667 0.649500 0.444333 0.647000
0 0.458667 0.644750 0.455000 0.647250 0.453000 0.650250 0.452667 0.655750 0.453667 0.662250 0.455333 0.665250 0.458333 0.668000 0.462333 0.669500 0.464000 0.669500 0.467000 0.668750 0.469000 0.666750 0.470333 0.660250 0.470000 0.655500 0.468667 0.650500 0.466667 0.647250 0.463667 0.645250
0 0.483333 0.646250 0.481667 0.646250 0.477667 0.648250 0.476000 0.650500 0.474000 0.656500 0.473667 0.659250 0.474667 0.665750 0.476000 0.667750 0.478333 0.669250 0.482333 0.669250 0.483667 0.668500 0.487667 0.663250 0.489000 0.658750 0.489000 0.650250 0.487000 0.647750
0 0.458333 0.674000 0.455333 0.674750 0.453333 0.677000 0.452000 0.681250 0.452333 0.686500 0.455333 0.695000 0.459667 0.699000 0.461667 0.699750 0.464000 0.699750 0.466333 0.699000 0.468333 0.696500 0.469667 0.691250 0.469333 0.685750 0.468333 0.681750 0.466333 0.678500 0.463000 0.675750
0 0.388667 0.674250 0.385667 0.672750 0.376000 0.674000 0.373000 0.676000 0.364333 0.680000 0.360667 0.683000 0.356667 0.688750 0.357000 0.692750 0.358333 0.693750 0.361000 0.694500 0.366667 0.694500 0.372667 0.693250 0.378667 0.690000 0.385333 0.685000 0.388333 0.681750 0.389333 0.679250
0 0.468667 0.719500 0.465000 0.719000 0.459000 0.720000 0.456667 0.721000 0.454333 0.723250 0.451333 0.727750 0.450000 0.731500 0.450667 0.737000 0.453667 0.739250 0.456333 0.739500 0.459667 0.738750 0.464667 0.736000 0.467667 0.733250 0.471333 0.725000 0.470667 0.720750
0 0.466667 0.602250 0.462667 0.602250 0.459333 0.604250 0.457000 0.607500 0.455333 0.612250 0.455333 0.620000 0.458333 0.624750 0.462333 0.626000 0.466333 0.625250 0.467333 0.624250 0.471000 0.614750 0.470333 0.607250 0.468667 0.603750
