0 0.350667 0.389250 0.348333 0.388000 0.341333 0.387500 0.330667 0.390000 0.325667 0.392250 0.324667 0.394750 0.324667 0.397250 0.326333 0.399000 0.330000 0.400250 0.335333 0.400250 0.342000 0.399250 0.347000 0.397250 0.350333 0.394750 0.351667 0.392250
0 0.504333 0.642250 0.501333 0.642250 0.498333 0.644250 0.494667 0.649500 0.493667 0.653250 0.494333 0.662250 0.497333 0.665750 0.501333 0.667750 0.503333 0.667250 0.506667 0.664750 0.511667 0.655000 0.511667 0.649750 0.506667 0.643000
0 0.353000 0.702250 0.350000 0.703750 0.348667 0.705250 0.347000 0.713750 0.348667 0.721500 0.351333 0.723000 0.354000 0.723250 0.357333 0.721500 0.358333 0.719750 0.359333 0.716000 0.359333 0.708000 0.357667 0.703250
0 0.255000 0.656750 0.252333 0.658500 0.251333 0.660750 0.251333 0.667250 0.254000 0.673750 0.259667 0.680250 0.263000 0.681500 0.267333 0.681000 0.270333 0.678500 0.271000 0.674750 0.268667 0.665250 0.262333 0.658250 0.259333 0.657000
0 0.306000 0.636250 0.302000 0.637500 0.300333 0.639500 0.299333 0.641750 0.299333 0.647000 0.302000 0.654000 0.305333 0.658250 0.306667 0.659250 0.311667 0.659500 0.314667 0.657750 0.316333 0.654250 0.316667 0.649250 0.315000 0.643000 0.311333 0.638250
0 0.322667 0.659750 0.320000 0.662000 0.319333 0.665250 0.321667 0.673500 0.325667 0.678250 0.329333 0.681000 0.333667 0.681250 0.334667 0.680250 0.336000 0.676250 0.336000 0.671000 0.334667 0.667000 0.333667 0.665500 0.326667 0.660000
0 0.326333 0.635250 0.321667 0.638500 0.321333 0.644500 0.322333 0.647750 0.325333 0.652500 0.326667 0.653250 0.329667 0.653250 0.333667 0.651000 0.334667 0.648000 0.334667 0.642250 0.331333 0.637250 0.329667 0.636000
0 0.346000 0.629000 0.344333 0.631500 0.344333 0.638000 0.345667 0.642000 0.348333 0.645750 0.351000 0.648000 0.354000 0.649250 0.357333 0.649000 0.359000 0.647750 0.360000 0.645500 0.359667 0.638750 0.358333 0.634000 0.357000 0.632250 0.352333 0.629250 0.349333 0.628250
0 0.440333 0.633500 0.435000 0.634250 0.431333 0.637250 0.429000 0.641750 0.429000 0.648000 0.430667 0.654250 0.435000 0.657500 0.438667 0.658000 0.444000 0.656250 0.445333 0.654500 0.446333 0.650250 0.446333 0.643000 0.444000 0.635250 0.443000 0.634250
0 0.456000 0.609500 0.454333 0.610000 0.452667 0.611750 0.452000 0.616000 0.452333 0.623250 0.454000 0.627750 0.456000 0.630500 0.460333 0.633250 0.464000 0.633750 0.466667 0.632250 0.468333 0.627750 0.468667 0.621750 0.467667 0.616500 0.463667 0.610500 0.460333 0.609500
0 0.448000 0.613000 0.446000 0.612750 0.440000 0.614500 0.435000 0.618750 0.434000 0.621500 0.431333 0.622500 0.429667 0.627000 0.431000 0.629000 0.436333 0.630000 0.442667 0.628750 0.445000 0.627500 0.448667 0.623250 0.449667 0.620000 0.449667 0.616000
0 0.450333 0.598750 0.446667 0.597750 0.440000 0.599750 0.435333 0.603500 0.434000 0.605750 0.431333 0.607500 0.431333 0.610750 0.432000 0.612000 0.434333 0.613250 0.436667 0.613500 0.442667 0.612000 0.446333 0.610000 0.449667 0.609000 0.451333 0.607500 0.452333 0.604250 0.451667 0.600000
0 0.448000 0.556500 0.442333 0.556250 0.439000 0.557000 0.429667 0.563500 0.428000 0.567000 0.428000 0.570000 0.429000 0.572750 0.431000 0.574250 0.436333 0.574500 0.440000 0.572750 0.445000 0.569250 0.448667 0.564750 0.449667 0.562000 0.449667 0.559250
0 0.443000 0.580000 0.439333 0.579750 0.436000 0.581500 0.431000 0.585750 0.427333 0.591000 0.425000 0.596000 0.425000 0.600500 0.426333 0.603000 0.428000 0.604000 0.435333 0.601750 0.444000 0.594250 0.445333 0.589750 0.445333 0.583000 0.444000 0.580500
0 0.349000 0.597750 0.345667 0.598500 0.341000 0.602750 0.339333 0.608750 0.340667 0.619500 0.342333 0.623000 0.344333 0.625000 0.349667 0.626000 0.354667 0.623750 0.357000 0.619500 0.358000 0.616000 0.358000 0.607000 0.356667 0.603500 0.354667 0.601000 0.350333 0.598000
0 0.329000 0.601000 0.325000 0.603000 0.322667 0.606750 0.321667 0.610750 0.321667 0.615750 0.322667 0.619250 0.324667 0.621500 0.327333 0.623000 0.330667 0.623250 0.333667 0.621500 0.335000 0.619500 0.336333 0.614250 0.336333 0.607500 0.334333 0.602500 0.331333 0.601000
0 0.295333 0.597250 0.294000 0.598750 0.293667 0.602500 0.294333 0.605250 0.297667 0.609500 0.301000 0.611750 0.313000 0.617500 0.316000 0.617750 0.318000 0.617250 0.320000 0.615250 0.320333 0.610250 0.318667 0.606250 0.315333 0.603000 0.310333 0.599500 0.307667 0.599000 0.302667 0.596750 0.298000 0.596500
0 0.353333 0.583000 0.350333 0.581000 0.348333 0.581000 0.345000 0.582250 0.337333 0.587250 0.336667 0.592250 0.338000 0.593000 0.346667 0.592500 0.349333 0.591500 0.352000 0.588500 0.353333 0.585250
0 0.293333 0.579000 0.291667 0.580750 0.291333 0.584000 0.293333 0.589000 0.296000 0.592750 0.299000 0.594250 0.306333 0.595750 0.309333 0.597750 0.312667 0.599000 0.315000 0.599000 0.317667 0.596250 0.317667 0.594750 0.316333 0.590750 0.310667 0.584000 0.303333 0.579500 0.297333 0.578500
0 0.266667 0.583250 0.262667 0.583000 0.260000 0.583750 0.255000 0.587000 0.251000 0.592000 0.248333 0.599250 0.248333 0.603500 0.250333 0.607250 0.252000 0.608250 0.255333 0.608250 0.258667 0.607000 0.264000 0.603250 0.266333 0.600000 0.269667 0.592500 0.269667 0.587000 0.268333 0.584250
0 0.268000 0.562250 0.265333 0.561500 0.262667 0.561500 0.259333 0.562750 0.256333 0.565000 0.251667 0.570250 0.249667 0.575750 0.250000 0.580000 0.251667 0.584500 0.254000 0.584500 0.263000 0.580500 0.266333 0.577250 0.269667 0.569500 0.270000 0.564750
0 0.345000 0.554500 0.341667 0.555250 0.338333 0.559500 0.337333 0.563250 0.337667 0.569000 0.342000 0.577500 0.345000 0.579000 0.349667 0.579000 0.352667 0.576750 0.354667 0.573250 0.355000 0.564750 0.354000 0.561250 0.351000 0.556250 0.349333 0.555250
0 0.396667 0.544500 0.392000 0.545000 0.388000 0.549750 0.386667 0.553250 0.385333 0.560250 0.386333 0.563750 0.388667 0.566000 0.393333 0.566250 0.396000 0.565250 0.400333 0.560000 0.402000 0.553250 0.401667 0.550000 0.400667 0.547750
0 0.411667 0.535250 0.408667 0.537000 0.407000 0.540250 0.406667 0.546250 0.407333 0.550750 0.408333 0.553500 0.411000 0.557000 0.412667 0.558000 0.417333 0.558250 0.420667 0.556750 0.422333 0.553000 0.421333 0.541000 0.420333 0.538750 0.415667 0.535750
0 0.463667 0.477750 0.460333 0.478250 0.455667 0.481250 0.451000 0.486750 0.450333 0.495000 0.451333 0.497500 0.454333 0.499500 0.459000 0.499250 0.460667 0.498250 0.465667 0.490250 0.466667 0.481750 0.465333 0.479000
0 0.415000 0.497000 0.411000 0.498000 0.408333 0.500250 0.407333 0.505000 0.407333 0.510250 0.408333 0.513250 0.411333 0.516750 0.413333 0.518250 0.416667 0.519250 0.420667 0.517500 0.423667 0.513500 0.424667 0.509500 0.424667 0.505000 0.423667 0.501500 0.420667 0.498000 0.419000 0.497250
0 0.275667 0.515500 0.272000 0.517000 0.271333 0.518000 0.270667 0.524750 0.271667 0.529000 0.275333 0.536500 0.279000 0.539000 0.284000 0.540250 0.286667 0.539500 0.288000 0.538500 0.289000 0.536500 0.289333 0.529500 0.288333 0.524000 0.284333 0.518000 0.282667 0.516750 0.279000 0.515500
0 0.173333 0.515500 0.169667 0.513000 0.165667 0.512500 0.157667 0.513000 0.155000 0.514250 0.151333 0.517250 0.150000 0.520750 0.150667 0.523500 0.153333 0.525750 0.155000 0.526250 0.159000 0.526500 0.163000 0.526000 0.170333 0.523000 0.173333 0.521000 0.174667 0.518500 0.174667 0.517250
0 0.161333 0.429750 0.158333 0.430750 0.157000 0.432250 0.156333 0.437750 0.157333 0.441750 0.158667 0.444000 0.162667 0.448000 0.165333 0.449500 0.168667 0.449500 0.171000 0.448250 0.171667 0.446500 0.171667 0.440250 0.170667 0.436250 0.166667 0.431500 0.162667 0.429750
0 0.274000 0.450500 0.270000 0.451500 0.267000 0.454250 0.265667 0.463250 0.266333 0.467000 0.267667 0.469500 0.274000 0.475500 0.276667 0.476000 0.280000 0.475500 0.283667 0.471250 0.285333 0.467000 0.285667 0.463000 0.284000 0.456500 0.282667 0.454250 0.279333 0.451500 0.276000 0.450500
0 0.272000 0.381750 0.268333 0.382000 0.264667 0.384500 0.263000 0.387000 0.261667 0.392000 0.261667 0.398500 0.263000 0.403750 0.264333 0.405500 0.267667 0.406750 0.272333 0.406500 0.275333 0.404750 0.277667 0.401250 0.279000 0.396500 0.279000 0.388000 0.277667 0.385000 0.275000 0.382750
0 0.251667 0.415250 0.249333 0.416500 0.247000 0.419750 0.246333 0.423000 0.246667 0.428250 0.251667 0.437250 0.255333 0.440000 0.260667 0.440750 0.264333 0.439250 0.266000 0.435500 0.266000 0.431500 0.264333 0.423000 0.261333 0.418750 0.258333 0.416500 0.255667 0.415250
0 0.321667 0.422500 0.318667 0.423250 0.317333 0.424250 0.314000 0.429750 0.313333 0.432500 0.313333 0.441250 0.314000 0.444750 0.317333 0.449500 0.321000 0.451500 0.323333 0.451500 0.326667 0.450000 0.330667 0.444000 0.331667 0.440250 0.331667 0.435000 0.331000 0.431000 0.326667 0.423750
0 0.412333 0.424000 0.407667 0.427500 0.405667 0.431500 0.405000 0.436000 0.406333 0.442750 0.407667 0.445250 0.411667 0.448250 0.416333 0.448750 0.419667 0.446500 0.421333 0.443250 0.421333 0.431250 0.419333 0.427000 0.416333 0.424750
0 0.384667 0.405000 0.382000 0.407500 0.381000 0.411000 0.381333 0.416750 0.383000 0.421250 0.386000 0.425000 0.389333 0.427500 0.391667 0.428500 0.396000 0.428250 0.398000 0.427000 0.399000 0.425500 0.400000 0.421750 0.400000 0.418500 0.398333 0.413000 0.396333 0.409750 0.394000 0.407500 0.389333 0.405000
0 0.343333 0.341500 0.340667 0.342500 0.338333 0.344500 0.337333 0.346500 0.336667 0.353000 0.337000 0.358000 0.338000 0.361000 0.340333 0.363250 0.342000 0.364000 0.346000 0.364000 0.348667 0.362750 0.350333 0.360750 0.351667 0.355000 0.351667 0.350500 0.351000 0.346250 0.349667 0.343750 0.346000 0.341500
