0 0.405000 0.398250 0.400000 0.398500 0.397333 0.399750 0.392333 0.404500 0.390667 0.407500 0.389000 0.413750 0.389000 0.419250 0.391000 0.422250 0.393000 0.423500 0.396667 0.423500 0.401667 0.421500 0.405000 0.418500 0.408000 0.412750 0.409333 0.408750 0.409667 0.403250 0.408667 0.400250
0 0.490000 0.392250 0.486667 0.393500 0.485667 0.395500 0.485000 0.399250 0.485667 0.411250 0.486667 0.413500 0.490000 0.417250 0.493000 0.419250 0.496000 0.419500 0.499000 0.418250 0.500333 0.415250 0.501000 0.405750 0.500000 0.400250 0.498667 0.397250 0.493667 0.392750
0 0.515333 0.390500 0.510333 0.392000 0.509000 0.393000 0.506000 0.399250 0.506000 0.403750 0.509333 0.411750 0.513667 0.414000 0.517667 0.414000 0.521000 0.411750 0.522667 0.409000 0.523667 0.404250 0.523333 0.398750 0.521333 0.392000 0.518333 0.390500
0 0.401000 0.434750 0.401000 0.436250 0.403667 0.439000 0.408000 0.440500 0.417333 0.440750 0.429667 0.440000 0.434000 0.439000 0.436333 0.436750 0.436333 0.434250 0.434333 0.432000 0.430333 0.431000 0.420333 0.430000 0.413667 0.430000 0.407000 0.430750 0.404000 0.431750
0 0.493000 0.422250 0.488333 0.424750 0.485667 0.428500 0.484667 0.441250 0.486333 0.446750 0.490333 0.449500 0.495000 0.449750 0.498667 0.448000 0.500000 0.445000 0.501667 0.437000 0.501667 0.431750 0.500000 0.426750 0.498000 0.423750 0.495000 0.422250
0 0.467000 0.445000 0.463333 0.447750 0.462000 0.450750 0.462000 0.461250 0.462667 0.463500 0.465667 0.467750 0.467667 0.469000 0.472333 0.469500 0.474667 0.469000 0.476667 0.467500 0.479000 0.463500 0.479000 0.454750 0.475333 0.447250 0.471000 0.445250
0 0.498667 0.452000 0.495000 0.452250 0.492333 0.453750 0.486667 0.460750 0.485333 0.463500 0.485000 0.468750 0.485667 0.472500 0.490000 0.477000 0.492667 0.477750 0.494667 0.477750 0.498667 0.475500 0.504000 0.465750 0.505000 0.460250 0.504333 0.455250 0.501667 0.452750
0 0.446000 0.485750 0.446667 0.490250 0.454333 0.494250 0.457667 0.495000 0.470667 0.495000 0.479333 0.491250 0.480000 0.490000 0.480000 0.486500 0.479000 0.485250 0.467333 0.482000 0.454333 0.482000 0.447333 0.484250
0 0.539333 0.486500 0.536333 0.488000 0.532667 0.493250 0.532667 0.506000 0.534000 0.510000 0.536333 0.513250 0.539667 0.514750 0.542667 0.514750 0.545667 0.513500 0.549000 0.504750 0.549333 0.499500 0.548333 0.496000 0.544667 0.490000 0.541333 0.486500
0 0.605333 0.516250 0.601667 0.516500 0.599000 0.518000 0.594667 0.525250 0.594667 0.533750 0.596000 0.537500 0.599000 0.540250 0.602333 0.541000 0.604667 0.540500 0.608333 0.538000 0.611667 0.530000 0.611667 0.524250 0.610333 0.520250 0.608667 0.517500
0 0.342333 0.539500 0.338333 0.539500 0.335333 0.540750 0.331667 0.544500 0.329333 0.549250 0.328667 0.556000 0.329333 0.561250 0.331333 0.564500 0.334667 0.566250 0.338333 0.566500 0.342333 0.564250 0.345000 0.560250 0.347333 0.554000 0.347667 0.547250 0.347000 0.544250 0.345333 0.541250
0 0.412667 0.578500 0.409333 0.578500 0.407000 0.579250 0.399667 0.587250 0.397667 0.593500 0.397333 0.599750 0.399000 0.602750 0.400667 0.603750 0.404333 0.603750 0.410000 0.601500 0.414333 0.596250 0.416333 0.591500 0.417000 0.587250 0.416333 0.583500 0.414333 0.579750
0 0.431000 0.563250 0.426667 0.563000 0.423333 0.563750 0.421333 0.565750 0.418667 0.571000 0.418333 0.577750 0.421000 0.585000 0.423333 0.586250 0.428333 0.586000 0.430667 0.584500 0.433667 0.580750 0.435000 0.576000 0.435000 0.568750 0.433667 0.565000
0 0.474000 0.601500 0.471000 0.601250 0.466333 0.602750 0.462333 0.609500 0.461333 0.618500 0.461667 0.624000 0.462667 0.625750 0.467333 0.629250 0.470333 0.629250 0.474333 0.627750 0.478333 0.622750 0.479333 0.620000 0.479333 0.608750 0.476667 0.603250
0 0.421000 0.603750 0.419333 0.605000 0.418000 0.608500 0.418333 0.621000 0.421333 0.627500 0.423667 0.629250 0.428000 0.629250 0.430667 0.627500 0.433000 0.623000 0.433667 0.618750 0.433000 0.610750 0.431000 0.607500 0.427667 0.604500 0.424667 0.603750
0 0.409667 0.604000 0.405667 0.604000 0.400333 0.606000 0.395000 0.611500 0.392000 0.617250 0.391000 0.621500 0.391333 0.626750 0.392000 0.628000 0.393667 0.628750 0.397667 0.629000 0.401000 0.628000 0.404333 0.625750 0.411000 0.614750 0.412667 0.610500 0.412667 0.606500 0.411667 0.605000
0 0.346333 0.648250 0.341667 0.648500 0.338667 0.649750 0.336000 0.651750 0.329667 0.658750 0.327333 0.666000 0.327333 0.670750 0.328333 0.673750 0.330000 0.675250 0.334000 0.675500 0.338333 0.673500 0.342333 0.670500 0.348000 0.662750 0.349667 0.659000 0.350000 0.653250 0.348667 0.649500
0 0.427667 0.653000 0.424000 0.653250 0.422333 0.654250 0.419000 0.657750 0.418000 0.661000 0.417667 0.667250 0.419000 0.673500 0.420000 0.675500 0.422667 0.678250 0.424333 0.679000 0.427333 0.678500 0.434000 0.672750 0.435333 0.669750 0.435667 0.666000 0.434333 0.658000 0.432333 0.655500
0 0.458667 0.657250 0.455000 0.657000 0.453667 0.657500 0.447000 0.662750 0.445333 0.665500 0.444667 0.670750 0.446000 0.678250 0.446667 0.679000 0.450333 0.680250 0.455000 0.679000 0.459667 0.674000 0.461000 0.669000 0.461333 0.661750 0.460333 0.658750
0 0.466667 0.634250 0.463667 0.637000 0.462667 0.639000 0.462000 0.642250 0.462333 0.650000 0.464667 0.654500 0.466667 0.656000 0.470667 0.656000 0.473000 0.654500 0.475000 0.651250 0.475333 0.641750 0.471333 0.634500
0 0.490333 0.633500 0.487333 0.635250 0.485333 0.638750 0.484667 0.642000 0.485000 0.650750 0.486333 0.655250 0.489333 0.659250 0.493333 0.662250 0.495667 0.662500 0.499000 0.661500 0.500667 0.658500 0.501333 0.654750 0.501000 0.644750 0.500000 0.641250 0.497333 0.636750 0.494000 0.634000
0 0.440333 0.672000 0.439000 0.672000 0.435667 0.673750 0.428667 0.682000 0.427667 0.685000 0.428000 0.689000 0.429667 0.692750 0.431333 0.694250 0.435000 0.693750 0.436333 0.692750 0.438667 0.689000 0.442000 0.686250 0.444000 0.682500 0.444333 0.676750 0.443667 0.674250 0.442667 0.673000
0 0.447667 0.701500 0.443667 0.702750 0.442000 0.704500 0.441000 0.708500 0.441000 0.713000 0.442667 0.719250 0.446000 0.725250 0.450333 0.728250 0.452000 0.728250 0.454667 0.726000 0.457333 0.721000 0.457333 0.714250 0.453000 0.704000 0.451000 0.702250
0 0.473333 0.707500 0.470000 0.709500 0.468667 0.713000 0.468667 0.717750 0.471000 0.725000 0.474000 0.727000 0.478000 0.727250 0.480333 0.726250 0.481667 0.724250 0.482333 0.720250 0.481667 0.713750 0.479333 0.710250 0.475333 0.707500
0 0.493667 0.687750 0.489333 0.688750 0.486667 0.691750 0.485000 0.696250 0.485000 0.703000 0.485667 0.706250 0.487667 0.709750 0.492667 0.713750 0.494667 0.714250 0.497667 0.713500 0.502333 0.708750 0.503333 0.706000 0.503333 0.699250 0.502333 0.695000 0.499333 0.689500 0.498000 0.688500
0 0.576333 0.470750 0.574000 0.473500 0.573333 0.475500 0.573667 0.482500 0.575667 0.491000 0.578333 0.493000 0.581000 0.493250 0.584000 0.491250 0.585667 0.485250 0.585333 0.477500 0.581333 0.471500 0.580000 0.470750
