0 0.519333 0.540250 0.516667 0.541000 0.515000 0.544000 0.514000 0.548500 0.514333 0.553250 0.517000 0.559500 0.520667 0.561500 0.523667 0.561500 0.526667 0.560750 0.529667 0.557750 0.530000 0.548750 0.527000 0.542500 0.523000 0.540500
0 0.526333 0.573500 0.523333 0.574000 0.519333 0.577250 0.517333 0.580250 0.516667 0.584250 0.517000 0.592000 0.519000 0.594500 0.521333 0.596000 0.529000 0.594750 0.531000 0.591750 0.531000 0.579500 0.529000 0.575000
0 0.438333 0.310000 0.435333 0.311500 0.434000 0.314250 0.434000 0.318500 0.437000 0.327000 0.439333 0.330750 0.443667 0.334750 0.447333 0.336250 0.451333 0.336250 0.454333 0.333750 0.454333 0.329250 0.452000 0.321250 0.447333 0.314750 0.440667 0.310250
0 0.498000 0.397000 0.494667 0.397000 0.490333 0.399000 0.488000 0.401000 0.486000 0.404000 0.485333 0.406500 0.485667 0.415500 0.486667 0.417250 0.489667 0.419500 0.493333 0.419250 0.495667 0.418250 0.498000 0.416500 0.500333 0.412000 0.501667 0.406750 0.501667 0.403000 0.501000 0.400000
0 0.467000 0.386250 0.463667 0.388750 0.461667 0.391750 0.461333 0.396500 0.462000 0.400750 0.464000 0.404500 0.467333 0.407750 0.470000 0.409250 0.474000 0.409000 0.475333 0.408250 0.478333 0.403750 0.478333 0.396250 0.474667 0.389000 0.470667 0.386500
0 0.556667 0.422500 0.554667 0.424250 0.552000 0.431000 0.552000 0.435750 0.552667 0.439250 0.555333 0.444250 0.557333 0.445750 0.561333 0.446750 0.564000 0.445750 0.566333 0.444000 0.568333 0.440500 0.569000 0.431000 0.565333 0.423750 0.561000 0.421750
0 0.451667 0.398500 0.447667 0.399500 0.446333 0.400500 0.442333 0.408750 0.441667 0.414000 0.442333 0.419750 0.444000 0.421500 0.447000 0.422750 0.451000 0.422000 0.453667 0.420000 0.456333 0.416500 0.458000 0.411750 0.458333 0.407500 0.455000 0.400250
0 0.493333 0.460000 0.491000 0.461000 0.489000 0.463250 0.488333 0.466000 0.488667 0.471000 0.492667 0.476250 0.498000 0.480250 0.502000 0.480500 0.505333 0.479250 0.506333 0.478000 0.506333 0.471250 0.498667 0.461000 0.497333 0.460250
0 0.471000 0.445250 0.468333 0.447500 0.466000 0.452000 0.465333 0.454500 0.465667 0.463750 0.467667 0.467750 0.469333 0.469000 0.474333 0.469750 0.476667 0.468250 0.478000 0.466500 0.480333 0.459250 0.480667 0.454000 0.479333 0.450250 0.475667 0.445750 0.474667 0.445250
0 0.310333 0.447250 0.307333 0.450750 0.307333 0.452500 0.308667 0.456750 0.313667 0.464500 0.315667 0.466500 0.319000 0.468250 0.321667 0.469000 0.326333 0.468750 0.327667 0.467000 0.327667 0.460000 0.325667 0.454250 0.318667 0.447750 0.315667 0.446750
0 0.379667 0.444000 0.377000 0.445500 0.376000 0.448750 0.376333 0.453500 0.379333 0.459750 0.384333 0.463000 0.388667 0.463250 0.390667 0.461500 0.392333 0.458000 0.392333 0.454500 0.390000 0.448000 0.386333 0.445000 0.383000 0.444000
0 0.432000 0.438250 0.428667 0.438750 0.426333 0.439750 0.423333 0.443250 0.422333 0.446500 0.423000 0.456750 0.424333 0.459500 0.428000 0.462000 0.432000 0.461750 0.433667 0.461000 0.436333 0.458500 0.437667 0.451250 0.437000 0.443250 0.435333 0.439750
0 0.404333 0.438500 0.401000 0.439500 0.399667 0.440500 0.398333 0.443000 0.398000 0.450750 0.400000 0.458750 0.403667 0.463500 0.407000 0.465500 0.409667 0.465750 0.411667 0.465250 0.414000 0.462500 0.416000 0.456250 0.415667 0.451500 0.414333 0.446500 0.412000 0.442250 0.408333 0.439250
0 0.587333 0.542500 0.584000 0.543750 0.582667 0.545250 0.581667 0.549000 0.582000 0.553250 0.583333 0.556750 0.586000 0.560250 0.587333 0.561250 0.591333 0.561250 0.593000 0.560250 0.594667 0.557250 0.595000 0.549250 0.592667 0.544250 0.590667 0.543000
0 0.400667 0.407500 0.398667 0.408500 0.397000 0.410750 0.395000 0.415250 0.395667 0.424750 0.399667 0.431750 0.404000 0.434000 0.408000 0.434000 0.411333 0.432000 0.413667 0.427750 0.414333 0.425000 0.413667 0.416000 0.412667 0.413500 0.408000 0.408250 0.404000 0.407250
0 0.426667 0.414500 0.424000 0.415250 0.422000 0.417750 0.421667 0.428250 0.423333 0.433250 0.427000 0.435750 0.429000 0.436000 0.432667 0.435000 0.435333 0.432500 0.436333 0.429250 0.436333 0.422000 0.435333 0.418500 0.433667 0.416250 0.431667 0.415000
0 0.543667 0.573750 0.540333 0.574500 0.536667 0.578250 0.535667 0.581750 0.535667 0.586750 0.536667 0.590750 0.538000 0.592750 0.542667 0.595750 0.546667 0.596250 0.548667 0.595750 0.553333 0.592250 0.554333 0.588250 0.554000 0.583500 0.553000 0.579500 0.549667 0.575250 0.546667 0.574000
0 0.528667 0.751750 0.529667 0.755000 0.532333 0.756500 0.535667 0.757000 0.551000 0.756500 0.560333 0.754000 0.562667 0.752000 0.564333 0.748000 0.560333 0.744250 0.558000 0.743500 0.554333 0.743000 0.543667 0.743000 0.540667 0.743500 0.532667 0.746750
0 0.478667 0.702250 0.476667 0.704500 0.476333 0.708000 0.477000 0.713250 0.478333 0.716500 0.482667 0.721750 0.485667 0.724250 0.489667 0.724000 0.491667 0.721250 0.492000 0.718500 0.491667 0.713500 0.490667 0.710500 0.487333 0.705000 0.482333 0.702250
0 0.455000 0.688500 0.453667 0.689500 0.453000 0.691500 0.453000 0.695000 0.454333 0.700500 0.458000 0.705750 0.462333 0.709250 0.464000 0.709250 0.466333 0.707750 0.467333 0.705750 0.467000 0.697000 0.463667 0.692250 0.460000 0.688750
0 0.477333 0.668750 0.474333 0.670250 0.472667 0.673750 0.472667 0.678250 0.474000 0.684000 0.477667 0.690250 0.482333 0.693000 0.486333 0.692750 0.490000 0.689500 0.491000 0.686000 0.490667 0.680500 0.487000 0.673500 0.483000 0.669750 0.480333 0.668750
0 0.455333 0.656750 0.453000 0.658500 0.452000 0.661000 0.452000 0.666500 0.454667 0.671750 0.458000 0.674500 0.462000 0.676750 0.463667 0.677000 0.466333 0.676000 0.468333 0.673500 0.468667 0.668500 0.467667 0.664000 0.466000 0.662000 0.462667 0.661000
0 0.459667 0.636250 0.455667 0.639250 0.455333 0.649500 0.456000 0.652500 0.458000 0.656250 0.462333 0.659250 0.466333 0.660500 0.468333 0.658500 0.470333 0.654000 0.470000 0.646500 0.469000 0.642500 0.466333 0.637750 0.463333 0.636250
0 0.526000 0.606000 0.523000 0.606750 0.519667 0.609000 0.518000 0.611750 0.517667 0.620000 0.518667 0.622250 0.521333 0.625250 0.524667 0.626250 0.528000 0.626000 0.530000 0.625000 0.532000 0.620250 0.531333 0.610500 0.529333 0.607000
0 0.415000 0.651250 0.409667 0.654500 0.407667 0.657250 0.407000 0.666500 0.407667 0.670000 0.410000 0.674500 0.413667 0.677750 0.415333 0.678500 0.417000 0.678500 0.420667 0.676750 0.423667 0.673250 0.424667 0.669000 0.424667 0.661500 0.423333 0.657500 0.420667 0.653500 0.417333 0.651500
0 0.443000 0.645750 0.440000 0.646500 0.436333 0.649750 0.431667 0.657250 0.431667 0.662500 0.433667 0.667000 0.436333 0.668750 0.440333 0.668750 0.444000 0.666750 0.447000 0.661750 0.449333 0.656000 0.449667 0.652750 0.449000 0.649500 0.446667 0.647000
0 0.434000 0.624500 0.429667 0.627500 0.429000 0.629000 0.430000 0.638750 0.435333 0.644250 0.438333 0.644250 0.440000 0.643500 0.440667 0.641500 0.440000 0.630250 0.436667 0.625250 0.435667 0.624500
0 0.434333 0.600000 0.431667 0.600750 0.429333 0.603250 0.429000 0.607750 0.431333 0.614750 0.439000 0.623000 0.443333 0.623250 0.445000 0.621750 0.446333 0.619000 0.447000 0.616000 0.446667 0.611000 0.442667 0.604000 0.437000 0.600250
0 0.413000 0.614250 0.410333 0.611750 0.406667 0.610750 0.399667 0.610500 0.391667 0.611750 0.388333 0.613000 0.385000 0.615250 0.383667 0.618000 0.384333 0.622250 0.387000 0.624250 0.391333 0.625250 0.399333 0.625250 0.404667 0.624500 0.408667 0.622750 0.412333 0.620000 0.413333 0.616500
0 0.456000 0.465250 0.452000 0.465250 0.450667 0.465750 0.446333 0.469500 0.445333 0.472000 0.444333 0.477500 0.445000 0.484250 0.447000 0.488250 0.450667 0.490250 0.454667 0.489750 0.458667 0.486750 0.460333 0.483000 0.461000 0.479000 0.460667 0.469500 0.459000 0.466750
0 0.427333 0.472250 0.423667 0.474500 0.421667 0.478250 0.421333 0.484500 0.422000 0.490500 0.425667 0.496250 0.427667 0.497750 0.431333 0.497750 0.435667 0.495250 0.437667 0.490500 0.437333 0.478750 0.436000 0.475750 0.432333 0.472750
0 0.402000 0.489500 0.401000 0.490750 0.400667 0.494500 0.403667 0.498500 0.408667 0.502500 0.416333 0.505250 0.421000 0.505250 0.424667 0.504000 0.425667 0.502750 0.425667 0.501000 0.422333 0.495000 0.419333 0.491500 0.412667 0.488000 0.409000 0.487250 0.404667 0.487750
0 0.364667 0.507500 0.360667 0.509250 0.358000 0.513250 0.356667 0.517250 0.356667 0.521750 0.357667 0.525250 0.360667 0.530000 0.366333 0.531250 0.370667 0.530250 0.373000 0.527750 0.374333 0.523250 0.374333 0.516250 0.373667 0.513500 0.371667 0.510000 0.368667 0.508000
0 0.412333 0.511750 0.408667 0.512000 0.406333 0.513250 0.403333 0.516750 0.402667 0.519250 0.402667 0.529250 0.403667 0.531750 0.407667 0.534750 0.412333 0.534500 0.414667 0.533000 0.417333 0.529750 0.418667 0.526000 0.418333 0.517000 0.416667 0.514000
0 0.302333 0.551250 0.298000 0.551500 0.295333 0.552250 0.294000 0.553250 0.292333 0.555500 0.291000 0.560000 0.291000 0.568000 0.292000 0.571000 0.294000 0.574250 0.298000 0.576250 0.302667 0.576000 0.305000 0.574500 0.307667 0.571250 0.309333 0.566000 0.309667 0.560250 0.308333 0.556000 0.304333 0.552250
0 0.395333 0.537250 0.392333 0.535750 0.384333 0.535250 0.377333 0.537500 0.371333 0.540250 0.366667 0.544500 0.367000 0.549250 0.370000 0.551000 0.375667 0.551500 0.389333 0.547750 0.396000 0.541750 0.396333 0.540250
0 0.413667 0.536250 0.411333 0.536250 0.409000 0.537000 0.402667 0.543000 0.399667 0.548500 0.399667 0.556000 0.401333 0.558750 0.404333 0.561000 0.409000 0.560750 0.411667 0.560000 0.417667 0.552500 0.419667 0.545500 0.419333 0.541000 0.416667 0.537250
0 0.396333 0.552750 0.392667 0.552500 0.385333 0.556000 0.380333 0.562000 0.379667 0.563750 0.380000 0.570000 0.381333 0.572750 0.384333 0.574500 0.389000 0.573750 0.393667 0.569500 0.397000 0.565000 0.398667 0.561250 0.398667 0.556500
0 0.407667 0.563500 0.405000 0.564500 0.403000 0.567000 0.402000 0.570000 0.402000 0.573750 0.404667 0.580500 0.407000 0.584250 0.408667 0.585250 0.412667 0.585750 0.415667 0.584750 0.418000 0.582250 0.419000 0.579750 0.418667 0.572500 0.416000 0.567750 0.413333 0.565000 0.411333 0.563750
0 0.427667 0.527500 0.424333 0.529500 0.423667 0.531250 0.424000 0.537500 0.426333 0.542000 0.431333 0.547250 0.436000 0.549000 0.439333 0.549000 0.441333 0.547750 0.443333 0.544500 0.443333 0.540500 0.440333 0.533500 0.434667 0.528500 0.432333 0.527750
0 0.458667 0.502500 0.455333 0.502500 0.451333 0.504500 0.446000 0.509500 0.444667 0.514750 0.445000 0.521250 0.446667 0.526000 0.450333 0.527250 0.452000 0.527250 0.455667 0.525500 0.458667 0.522250 0.460667 0.518250 0.461333 0.506250 0.459667 0.503000
0 0.478333 0.493500 0.475000 0.493750 0.473333 0.494750 0.470000 0.498500 0.468667 0.502500 0.468333 0.511000 0.469333 0.515500 0.471000 0.518500 0.475000 0.520250 0.478667 0.519750 0.482000 0.517750 0.484000 0.512750 0.484333 0.506000 0.483333 0.498250 0.481000 0.495250
0 0.496667 0.507500 0.493333 0.508500 0.491667 0.512000 0.491333 0.514500 0.492667 0.525000 0.494000 0.527500 0.497333 0.531000 0.502000 0.531750 0.505333 0.529500 0.507333 0.526750 0.507333 0.517500 0.505667 0.513500 0.500000 0.508250 0.498333 0.507500
0 0.494333 0.484250 0.491667 0.485250 0.489667 0.487250 0.489000 0.489250 0.489333 0.494500 0.491667 0.498500 0.493667 0.500250 0.499000 0.501250 0.502000 0.500500 0.504333 0.498750 0.506000 0.494750 0.505667 0.491500 0.503667 0.486750 0.502333 0.485500 0.498667 0.484250
0 0.515000 0.488000 0.513000 0.488750 0.511333 0.491000 0.510000 0.494000 0.509333 0.498750 0.511667 0.505750 0.514667 0.510250 0.517667 0.512250 0.522000 0.512500 0.526333 0.510250 0.527333 0.508250 0.528333 0.504000 0.527667 0.498250 0.526000 0.493750 0.523000 0.490750 0.518333 0.488000
0 0.514333 0.519000 0.512000 0.521500 0.511667 0.526000 0.514667 0.530000 0.525667 0.536750 0.531667 0.537500 0.534000 0.537000 0.536000 0.534000 0.536000 0.532250 0.530000 0.523750 0.521333 0.519000
0 0.510000 0.531500 0.505000 0.532000 0.502333 0.533500 0.499667 0.540500 0.500000 0.550000 0.501333 0.552750 0.504333 0.554000 0.506667 0.554000 0.509000 0.552250 0.511000 0.549250 0.513333 0.541500 0.512333 0.534250
