0 0.626667 0.274250 0.623000 0.276000 0.621667 0.278750 0.621333 0.285500 0.622333 0.289250 0.625000 0.294250 0.626667 0.295750 0.629667 0.296500 0.634667 0.296250 0.638000 0.294500 0.639333 0.291500 0.638667 0.282250 0.636333 0.278500 0.633000 0.275750 0.630333 0.274500
0 0.609667 0.326500 0.607000 0.326500 0.603000 0.328500 0.601667 0.330500 0.600000 0.337000 0.600000 0.342250 0.601333 0.346500 0.603000 0.349250 0.607333 0.351250 0.611667 0.350500 0.615333 0.347750 0.618000 0.341500 0.618000 0.336500 0.616333 0.330250 0.614667 0.328500 0.612000 0.327000
0 0.567333 0.341500 0.564333 0.341500 0.559667 0.345250 0.556000 0.351250 0.556000 0.359000 0.560333 0.362250 0.563667 0.361750 0.568667 0.358500 0.570667 0.354750 0.572000 0.350500 0.572000 0.345500 0.569333 0.342250
0 0.560667 0.367000 0.558000 0.368500 0.555333 0.372000 0.554333 0.376500 0.554667 0.384000 0.556667 0.389250 0.561000 0.392250 0.565333 0.392750 0.568000 0.392000 0.570000 0.389500 0.571333 0.383250 0.571333 0.375500 0.568333 0.368750 0.564333 0.367000
0 0.614667 0.359750 0.611333 0.359250 0.606667 0.360750 0.603333 0.364250 0.600667 0.369250 0.599000 0.375250 0.599333 0.380750 0.602000 0.384250 0.604000 0.385250 0.608333 0.385250 0.609667 0.384500 0.614000 0.377250 0.617667 0.372750 0.618333 0.370250 0.618000 0.364750 0.616667 0.361500
0 0.635333 0.372000 0.631333 0.370500 0.627000 0.370500 0.619667 0.372750 0.615000 0.376500 0.612667 0.380750 0.613333 0.385000 0.615000 0.386000 0.623667 0.385500 0.626333 0.383250 0.630333 0.381500 0.635333 0.377500 0.636000 0.376000
0 0.642333 0.378250 0.638333 0.378250 0.634000 0.380500 0.627000 0.385250 0.624667 0.388500 0.621000 0.391250 0.620333 0.392500 0.620667 0.395250 0.622667 0.398000 0.625667 0.398000 0.630667 0.396500 0.639333 0.390750 0.644000 0.382750 0.644000 0.380000
0 0.711667 0.373750 0.710667 0.375500 0.710667 0.377750 0.713000 0.381500 0.720000 0.385000 0.728000 0.387250 0.731667 0.387000 0.733333 0.386000 0.734000 0.384500 0.733667 0.380500 0.732333 0.378500 0.730000 0.376750 0.718000 0.373000 0.713333 0.373000
0 0.662000 0.379000 0.659000 0.378250 0.655667 0.378750 0.650667 0.381250 0.647333 0.384500 0.643333 0.391500 0.643667 0.396500 0.646000 0.400000 0.651667 0.400250 0.654667 0.399500 0.662667 0.392500 0.665333 0.388250 0.665667 0.383750 0.664000 0.380750
0 0.650667 0.406500 0.648000 0.408000 0.646000 0.412250 0.645667 0.416500 0.647000 0.421750 0.650667 0.426750 0.658000 0.429250 0.660333 0.428250 0.662667 0.425000 0.663333 0.420500 0.662667 0.415250 0.660000 0.411750 0.658667 0.408500 0.657333 0.407500 0.654667 0.406500
0 0.635000 0.398000 0.630667 0.399250 0.626000 0.403500 0.622667 0.411250 0.622667 0.416500 0.623667 0.417750 0.626000 0.418750 0.631000 0.418000 0.637667 0.412750 0.638667 0.411250 0.640000 0.406500 0.640000 0.401000 0.639000 0.399000
0 0.593000 0.410750 0.590333 0.414500 0.590000 0.416750 0.591333 0.419500 0.596667 0.423750 0.604000 0.426250 0.611667 0.426250 0.615667 0.424500 0.616333 0.419250 0.615000 0.416750 0.607000 0.411750 0.600000 0.409500 0.596000 0.409250
0 0.583000 0.396500 0.579667 0.398500 0.578333 0.400500 0.577333 0.404250 0.577333 0.409250 0.578333 0.413000 0.579667 0.415000 0.582667 0.416750 0.584667 0.416750 0.589667 0.408500 0.590000 0.402000 0.588667 0.398500 0.585000 0.396500
0 0.557667 0.409000 0.556000 0.409750 0.554667 0.412000 0.554333 0.417750 0.555000 0.420750 0.560000 0.429000 0.563667 0.431250 0.567333 0.431000 0.570000 0.429250 0.571667 0.424500 0.570000 0.416250 0.569333 0.415000 0.561333 0.409000
0 0.545667 0.416750 0.541000 0.417500 0.538667 0.419500 0.536333 0.423750 0.535667 0.429250 0.536667 0.436750 0.540333 0.441500 0.544333 0.443250 0.545667 0.443000 0.549667 0.440000 0.552333 0.436000 0.553333 0.431750 0.552000 0.422750 0.550000 0.419250
0 0.639333 0.433500 0.637000 0.433250 0.634333 0.433750 0.627000 0.438500 0.624667 0.445000 0.624667 0.447750 0.626667 0.449750 0.631333 0.450000 0.635000 0.448000 0.639000 0.444750 0.641000 0.439750 0.641000 0.435500
0 0.653333 0.432250 0.650667 0.432750 0.649000 0.433750 0.645667 0.439000 0.645000 0.447500 0.646333 0.451250 0.649000 0.455250 0.651000 0.456500 0.655000 0.456750 0.657000 0.455500 0.660333 0.451500 0.661667 0.443500 0.661000 0.439500 0.659000 0.434750 0.655333 0.432500
0 0.725667 0.444250 0.723333 0.444250 0.718333 0.446250 0.716333 0.447750 0.712000 0.454000 0.711333 0.458000 0.712000 0.463750 0.714333 0.465750 0.717667 0.467250 0.722000 0.467250 0.725333 0.466000 0.729667 0.460500 0.732000 0.456000 0.732333 0.450500 0.731000 0.447000 0.729333 0.445500
0 0.745000 0.409750 0.740333 0.410750 0.735667 0.414250 0.734333 0.417250 0.733667 0.421750 0.734000 0.431500 0.736667 0.434750 0.740333 0.436000 0.744667 0.435000 0.748000 0.432750 0.750000 0.429250 0.751000 0.425500 0.751333 0.420250 0.750333 0.414000 0.749000 0.411500 0.747667 0.410500
0 0.628000 0.469750 0.626333 0.471000 0.625667 0.474000 0.626000 0.478500 0.627333 0.482000 0.632667 0.488000 0.635333 0.490000 0.638667 0.490750 0.640667 0.489750 0.642667 0.486500 0.643000 0.480750 0.642333 0.477750 0.639000 0.472500 0.636000 0.470250 0.631333 0.469250
0 0.607000 0.487250 0.602333 0.489500 0.601000 0.492000 0.600333 0.496750 0.601333 0.503000 0.603000 0.506750 0.608333 0.511250 0.611667 0.512750 0.615667 0.513000 0.618667 0.510500 0.620333 0.507000 0.620667 0.500250 0.620000 0.497750 0.616000 0.491500 0.611000 0.488000
0 0.478667 0.507750 0.474667 0.509500 0.472667 0.513000 0.472667 0.521750 0.474000 0.525250 0.477000 0.529750 0.478667 0.530500 0.483667 0.530750 0.486667 0.530000 0.489000 0.527500 0.490000 0.525000 0.490000 0.517250 0.487000 0.511250 0.482667 0.508250
0 0.615000 0.518500 0.612000 0.518750 0.607667 0.520250 0.602667 0.523750 0.601333 0.525750 0.600000 0.531000 0.600333 0.537000 0.601667 0.540750 0.604000 0.542750 0.609000 0.543000 0.611667 0.542250 0.616333 0.537500 0.619333 0.529000 0.619333 0.524250 0.618333 0.521000
0 0.630333 0.544250 0.627667 0.545250 0.626333 0.547250 0.626000 0.550000 0.627000 0.555500 0.629667 0.560750 0.634000 0.565000 0.639000 0.565750 0.640667 0.564250 0.642333 0.560500 0.640667 0.553000 0.638333 0.548500 0.634667 0.545750
0 0.651000 0.557750 0.648667 0.560000 0.648000 0.563000 0.648000 0.567250 0.649667 0.572250 0.656000 0.578500 0.661333 0.581000 0.663667 0.580750 0.667333 0.578750 0.668667 0.576750 0.669000 0.571750 0.666667 0.566500 0.664000 0.562750 0.659667 0.559250 0.655000 0.557250
0 0.611333 0.589000 0.607667 0.591250 0.605333 0.595250 0.605000 0.605250 0.605667 0.608000 0.608000 0.612000 0.611000 0.614500 0.615667 0.615250 0.619333 0.614000 0.622000 0.611250 0.623333 0.605750 0.623333 0.600250 0.622333 0.595750 0.620000 0.592250 0.616000 0.589500
0 0.630000 0.599500 0.627333 0.600750 0.625667 0.603250 0.625333 0.609500 0.626333 0.613250 0.630333 0.619250 0.635333 0.624000 0.639000 0.625750 0.643667 0.625500 0.647000 0.623500 0.648000 0.620000 0.647667 0.615500 0.646000 0.611000 0.641000 0.603500 0.638333 0.601250 0.635000 0.600000
0 0.653667 0.592250 0.651333 0.593250 0.649333 0.595250 0.650000 0.600750 0.654333 0.607250 0.658667 0.611250 0.661333 0.612250 0.665667 0.612000 0.667667 0.610750 0.669000 0.607750 0.669000 0.603750 0.667667 0.600750 0.662333 0.594750 0.658000 0.593000
0 0.681333 0.612250 0.678333 0.614000 0.675000 0.618500 0.674000 0.622000 0.674000 0.626500 0.676667 0.631750 0.680333 0.635500 0.682000 0.636500 0.685333 0.636750 0.687000 0.635500 0.690000 0.627500 0.690000 0.620250 0.687000 0.614000 0.685333 0.612750
0 0.723667 0.612750 0.720667 0.614750 0.719000 0.619500 0.719333 0.626250 0.721000 0.631250 0.724667 0.634500 0.728333 0.635250 0.732000 0.633250 0.733667 0.630500 0.734000 0.622500 0.733333 0.619000 0.732000 0.616500 0.729000 0.614000 0.725667 0.612750
0 0.653333 0.645500 0.650333 0.647000 0.649333 0.649250 0.649333 0.654750 0.651667 0.658750 0.652667 0.662250 0.657667 0.669500 0.661333 0.670750 0.666333 0.670500 0.669667 0.666750 0.669667 0.659500 0.667667 0.654500 0.662667 0.648750 0.655333 0.645500
0 0.634667 0.666750 0.631333 0.668750 0.629667 0.671000 0.628667 0.674250 0.629000 0.679000 0.634333 0.690000 0.638000 0.692000 0.642333 0.692000 0.646000 0.690000 0.647333 0.687250 0.647667 0.682250 0.647000 0.678750 0.644333 0.673000 0.640000 0.668500 0.637667 0.667000
0 0.616667 0.637000 0.611000 0.637500 0.606333 0.641000 0.602667 0.648000 0.602000 0.650750 0.602667 0.659500 0.604000 0.662500 0.608000 0.665250 0.612000 0.665500 0.616000 0.664000 0.621000 0.659250 0.623000 0.655000 0.623000 0.641750 0.621333 0.639000 0.619667 0.637750
0 0.583667 0.679750 0.580667 0.678250 0.573000 0.679000 0.569000 0.681000 0.564000 0.685000 0.559333 0.692000 0.560000 0.694750 0.563667 0.697750 0.570000 0.697750 0.576000 0.695500 0.579667 0.693000 0.582667 0.689500 0.584000 0.686250 0.584333 0.681000
0 0.572667 0.658000 0.567000 0.658500 0.563667 0.661000 0.560667 0.666250 0.559000 0.674250 0.561000 0.680750 0.564000 0.683750 0.568000 0.682250 0.577000 0.674750 0.577667 0.668500 0.577333 0.662000 0.576000 0.659750
0 0.545000 0.652250 0.541333 0.654500 0.539667 0.657250 0.539000 0.664000 0.539333 0.669250 0.540333 0.673750 0.541333 0.675000 0.544667 0.677250 0.549000 0.677500 0.552333 0.676000 0.554333 0.674000 0.555667 0.667750 0.555667 0.660500 0.553333 0.654250 0.549667 0.652250
