0 0.494667 0.319000 0.489333 0.321500 0.486667 0.325250 0.485667 0.328250 0.485667 0.334000 0.489667 0.341500 0.492667 0.343250 0.497000 0.343500 0.499667 0.342750 0.502000 0.340500 0.503667 0.334750 0.503667 0.329500 0.500667 0.321500 0.498333 0.319500
0 0.565000 0.321250 0.561000 0.321500 0.556000 0.325500 0.553000 0.330750 0.551667 0.337500 0.553667 0.342250 0.556000 0.344000 0.561000 0.344000 0.563667 0.342750 0.568000 0.338500 0.570333 0.332000 0.570000 0.326000 0.568333 0.322500
0 0.733000 0.314000 0.726333 0.313500 0.719667 0.314500 0.707667 0.322000 0.706000 0.325250 0.706333 0.327250 0.708667 0.329000 0.716333 0.329000 0.725000 0.327000 0.732333 0.321000 0.733667 0.319000 0.733667 0.314750
0 0.626000 0.361500 0.622000 0.363750 0.618667 0.367500 0.618000 0.374750 0.619667 0.380250 0.624000 0.385250 0.627667 0.386250 0.630667 0.385500 0.632333 0.383500 0.634667 0.377500 0.635000 0.372000 0.634333 0.368250 0.632000 0.364500 0.628333 0.361750
0 0.564333 0.351000 0.560000 0.351000 0.556333 0.352000 0.554667 0.353750 0.553333 0.357000 0.553000 0.365750 0.554333 0.371500 0.556000 0.374250 0.559667 0.375500 0.564000 0.375000 0.568000 0.372750 0.569667 0.369250 0.570000 0.360000 0.569000 0.354250 0.568000 0.352500
0 0.534667 0.368000 0.533000 0.368500 0.532000 0.369750 0.530667 0.375500 0.531000 0.382250 0.532333 0.388250 0.538000 0.392500 0.544667 0.392500 0.545667 0.391750 0.547000 0.387500 0.546667 0.380250 0.545667 0.375750 0.543667 0.372750 0.537667 0.368000
0 0.513667 0.360750 0.510333 0.363250 0.509000 0.365250 0.508000 0.369500 0.508333 0.375250 0.510333 0.379250 0.516333 0.385500 0.518000 0.386250 0.521667 0.386250 0.523333 0.384250 0.524667 0.380500 0.524000 0.368750 0.521333 0.363000 0.517667 0.360750
0 0.498000 0.366250 0.494000 0.366000 0.490667 0.367500 0.488667 0.369000 0.486000 0.372500 0.485333 0.376000 0.485667 0.380250 0.486667 0.382250 0.489667 0.384000 0.496000 0.382250 0.499333 0.378250 0.500667 0.374000 0.500667 0.370000 0.499333 0.367000
0 0.515000 0.389000 0.513000 0.389750 0.510333 0.393500 0.510000 0.398750 0.512000 0.405500 0.516333 0.411250 0.518333 0.412750 0.521000 0.413750 0.522667 0.413750 0.526333 0.412250 0.528667 0.406500 0.528333 0.399750 0.523667 0.391500 0.521667 0.390000 0.518667 0.389000
0 0.500000 0.399000 0.496667 0.398750 0.492667 0.399750 0.486667 0.404500 0.485667 0.406000 0.483000 0.415750 0.483000 0.418500 0.483667 0.420500 0.486667 0.422500 0.494667 0.422500 0.497333 0.421500 0.499000 0.420000 0.500333 0.415000 0.503000 0.411750 0.504000 0.409000 0.503000 0.401500 0.502000 0.400000
0 0.564000 0.407000 0.562000 0.404750 0.560000 0.403750 0.554000 0.403250 0.548333 0.403500 0.544667 0.405250 0.532667 0.408000 0.530000 0.412000 0.529667 0.416250 0.532667 0.418750 0.536333 0.419750 0.544333 0.419750 0.552333 0.418250 0.561667 0.412750 0.564333 0.408750
0 0.595333 0.407750 0.591000 0.408000 0.588333 0.408750 0.578333 0.415500 0.575667 0.423250 0.576333 0.426500 0.578000 0.428500 0.580000 0.429250 0.584333 0.429000 0.592333 0.423500 0.595000 0.419750 0.597333 0.413500 0.596667 0.408750
0 0.651667 0.448000 0.648000 0.448250 0.643667 0.450250 0.642000 0.451500 0.640000 0.455250 0.639000 0.463750 0.640333 0.470750 0.641667 0.473000 0.645667 0.475250 0.651000 0.475250 0.653333 0.474250 0.655333 0.472500 0.658000 0.466250 0.658667 0.462750 0.658333 0.455000 0.655333 0.449750
0 0.713000 0.427750 0.709000 0.428000 0.704333 0.430250 0.701000 0.439000 0.701333 0.444500 0.702667 0.448250 0.704667 0.451250 0.708000 0.452750 0.710333 0.452750 0.714333 0.451000 0.717333 0.447750 0.718667 0.444000 0.719000 0.436500 0.718333 0.431500 0.716333 0.428750
0 0.697000 0.471500 0.696667 0.474750 0.701667 0.479500 0.707000 0.482000 0.711000 0.482750 0.721333 0.482500 0.724333 0.481500 0.726667 0.479250 0.727000 0.478000 0.725333 0.474500 0.717667 0.470250 0.711667 0.469250 0.705333 0.469250 0.699667 0.470000
0 0.561000 0.464000 0.556333 0.464750 0.551667 0.469750 0.551000 0.471500 0.550667 0.476250 0.551667 0.481250 0.553667 0.484750 0.556333 0.486750 0.560667 0.486750 0.565000 0.483500 0.567333 0.478250 0.567333 0.470750 0.565000 0.467000
0 0.638333 0.518250 0.635667 0.522000 0.635667 0.526250 0.637000 0.529750 0.639333 0.532250 0.642000 0.537250 0.651333 0.542500 0.653333 0.543000 0.658667 0.542500 0.660333 0.540500 0.660333 0.532750 0.655000 0.524750 0.644333 0.518250 0.642333 0.517750
0 0.595000 0.517500 0.594667 0.521500 0.595667 0.523250 0.599333 0.526000 0.603667 0.527750 0.610000 0.529000 0.617333 0.529500 0.623333 0.528500 0.626000 0.526000 0.626000 0.523250 0.625000 0.520500 0.622333 0.518000 0.619667 0.517000 0.608333 0.515500 0.599667 0.515500 0.596000 0.516500
0 0.697000 0.529750 0.693333 0.527750 0.686667 0.526500 0.679333 0.526500 0.674000 0.527250 0.669000 0.528750 0.666000 0.530500 0.664667 0.532750 0.665000 0.536750 0.666333 0.538250 0.670333 0.539500 0.680333 0.539750 0.687333 0.539250 0.691667 0.537750 0.697000 0.533750
0 0.744000 0.512250 0.743333 0.513250 0.743667 0.517500 0.747667 0.522000 0.753000 0.525750 0.759000 0.527750 0.768000 0.527750 0.771667 0.526000 0.772000 0.522750 0.771333 0.520500 0.769667 0.518000 0.764000 0.514250 0.754667 0.511500 0.748667 0.510500
0 0.631333 0.536000 0.628667 0.536500 0.626667 0.537750 0.623333 0.541250 0.621000 0.545500 0.618333 0.548250 0.618333 0.556500 0.619000 0.557750 0.623000 0.560000 0.627000 0.559750 0.630667 0.557750 0.633667 0.550500 0.635667 0.540500 0.634000 0.537500
0 0.640000 0.543250 0.638333 0.543500 0.636667 0.545250 0.634333 0.550750 0.632333 0.558250 0.633333 0.564750 0.635333 0.566750 0.638000 0.567500 0.643667 0.565250 0.647000 0.561500 0.647000 0.555500 0.648667 0.550500 0.647667 0.545250 0.645333 0.544000
0 0.638000 0.543500 0.636333 0.545250 0.635667 0.548750 0.634000 0.551000 0.632333 0.558000 0.632333 0.561250 0.634333 0.565750 0.635333 0.566500 0.639000 0.566750 0.643000 0.564000 0.640667 0.560500 0.640333 0.554750 0.640667 0.548500 0.643000 0.546750 0.644667 0.548500 0.644000 0.563250 0.646000 0.564000 0.650000 0.567250 0.653667 0.568250 0.655000 0.568000 0.658000 0.565250 0.659667 0.561250 0.659333 0.556250 0.656000 0.547250 0.654333 0.546000 0.646333 0.544000
0 0.779333 0.571250 0.777667 0.572750 0.776333 0.577750 0.776667 0.582250 0.778333 0.587000 0.783333 0.593000 0.788333 0.595250 0.791667 0.595750 0.794667 0.594250 0.796000 0.591250 0.796000 0.582500 0.794667 0.577250 0.791000 0.572750 0.788333 0.571000 0.782667 0.570500
0 0.656667 0.588500 0.655667 0.592250 0.656667 0.595500 0.658333 0.597000 0.666667 0.599500 0.676333 0.601250 0.684333 0.600500 0.687000 0.598500 0.688000 0.595000 0.686000 0.591500 0.678333 0.587750 0.670667 0.586000 0.664000 0.585750 0.660667 0.586250 0.658000 0.587250
0 0.625667 0.579250 0.625667 0.581750 0.626667 0.584000 0.631333 0.586750 0.636000 0.588500 0.642000 0.589750 0.647333 0.589750 0.653333 0.587750 0.655000 0.585750 0.655333 0.583250 0.654000 0.580500 0.651000 0.579000 0.646333 0.577750 0.639000 0.576500 0.634333 0.576500 0.628000 0.577500
0 0.678667 0.621500 0.674333 0.621500 0.672667 0.622000 0.668000 0.626000 0.666333 0.629250 0.665333 0.634000 0.665667 0.639000 0.667667 0.646000 0.670667 0.650500 0.673667 0.650750 0.677333 0.649500 0.681333 0.646000 0.683667 0.642750 0.684667 0.637500 0.684333 0.626750 0.682667 0.623500
0 0.650000 0.636000 0.645667 0.638500 0.644000 0.641750 0.644000 0.651250 0.645000 0.654250 0.649667 0.660000 0.651000 0.660750 0.654667 0.661250 0.659333 0.658250 0.661667 0.655000 0.662333 0.649000 0.661333 0.643250 0.659333 0.639500 0.655667 0.636500 0.654333 0.636000
0 0.551667 0.594750 0.548667 0.596250 0.547333 0.599750 0.547000 0.606000 0.548000 0.610750 0.550667 0.615750 0.556000 0.620500 0.560333 0.620750 0.564667 0.618500 0.566000 0.616250 0.566333 0.610000 0.565000 0.604000 0.561000 0.597500 0.559333 0.596000 0.557000 0.595000
0 0.427000 0.540250 0.423667 0.541250 0.421000 0.544250 0.419667 0.548500 0.419667 0.554250 0.421000 0.560250 0.422667 0.563000 0.424667 0.564500 0.428667 0.565250 0.432333 0.563500 0.435000 0.560250 0.436333 0.554250 0.436333 0.548000 0.435667 0.545250 0.433667 0.542750 0.431333 0.541000
