0 0.514000 0.605750 0.512667 0.607000 0.512000 0.609250 0.512667 0.616000 0.516333 0.622750 0.518000 0.623750 0.522000 0.624000 0.524000 0.622500 0.525000 0.619250 0.524667 0.615750 0.523000 0.611000 0.522000 0.609500 0.518000 0.606500
0 0.489667 0.291250 0.486667 0.288250 0.482000 0.286750 0.470000 0.286750 0.463667 0.288000 0.458333 0.289750 0.455000 0.291750 0.453667 0.294250 0.454000 0.298750 0.458000 0.301500 0.465333 0.303500 0.472667 0.303500 0.482000 0.301750 0.486333 0.300000 0.488333 0.298500 0.490000 0.295250
0 0.442333 0.303750 0.439667 0.304750 0.438333 0.307500 0.438000 0.312500 0.439000 0.318500 0.444333 0.326250 0.447667 0.328250 0.451333 0.328500 0.454667 0.326750 0.456000 0.323500 0.456000 0.321500 0.454333 0.318000 0.453667 0.314500 0.452000 0.311000 0.448667 0.306750 0.444333 0.304000
0 0.532667 0.329250 0.531000 0.330500 0.529000 0.334250 0.528333 0.342000 0.532667 0.350250 0.536000 0.351750 0.537333 0.351750 0.541000 0.349250 0.543000 0.346000 0.543333 0.338000 0.541667 0.334000 0.538667 0.330000 0.537333 0.329250
0 0.513333 0.340750 0.509000 0.341750 0.505000 0.347000 0.503333 0.352500 0.504000 0.358750 0.506000 0.361750 0.510000 0.361500 0.513333 0.360250 0.515667 0.357500 0.518333 0.349250 0.518333 0.345250 0.516333 0.342500
0 0.513000 0.373500 0.509667 0.374750 0.507667 0.377250 0.505667 0.383500 0.505667 0.390250 0.508667 0.397750 0.512333 0.400000 0.514667 0.400500 0.518000 0.399500 0.522333 0.395250 0.524000 0.389250 0.524000 0.383250 0.522000 0.376250 0.517333 0.373750
0 0.499333 0.406000 0.497000 0.406000 0.492667 0.408000 0.486000 0.416250 0.485333 0.424000 0.486667 0.426500 0.489667 0.428000 0.494000 0.426500 0.497667 0.423750 0.500333 0.419250 0.502333 0.412750 0.502333 0.409750 0.501667 0.407250
0 0.432333 0.395500 0.428333 0.396000 0.422667 0.399000 0.419000 0.404000 0.417000 0.408500 0.416333 0.414000 0.417667 0.419250 0.419667 0.422250 0.423000 0.424000 0.427667 0.423250 0.433000 0.419750 0.435333 0.416750 0.437000 0.412750 0.438000 0.405000 0.437667 0.400000 0.435333 0.396500
0 0.408667 0.447500 0.404333 0.447500 0.400667 0.450750 0.398667 0.454500 0.396667 0.462750 0.396667 0.467250 0.398667 0.471500 0.400667 0.473000 0.404000 0.473250 0.407000 0.472000 0.411000 0.468250 0.413000 0.464250 0.413667 0.459250 0.413333 0.453750 0.411667 0.450000
0 0.449667 0.430000 0.446333 0.431000 0.443333 0.435250 0.442000 0.438750 0.441667 0.445000 0.442333 0.448250 0.444667 0.452250 0.447667 0.454500 0.451333 0.454750 0.456333 0.451500 0.458333 0.448000 0.459333 0.444250 0.459333 0.439250 0.458333 0.435750 0.456000 0.431500 0.452333 0.430000
0 0.489667 0.451750 0.486667 0.452750 0.485000 0.455250 0.484667 0.463750 0.485333 0.467000 0.486667 0.469250 0.493333 0.475500 0.497333 0.475500 0.499000 0.474500 0.500333 0.470500 0.499667 0.461500 0.498667 0.458500 0.496000 0.454500 0.494000 0.453000
0 0.560333 0.448250 0.556333 0.448750 0.554000 0.450750 0.551667 0.455000 0.550667 0.459750 0.550333 0.465000 0.551667 0.470250 0.553000 0.471500 0.555667 0.472500 0.558000 0.472500 0.561000 0.471500 0.564000 0.467000 0.565000 0.464000 0.565000 0.454750 0.562000 0.449500
0 0.535667 0.473000 0.533667 0.473750 0.532667 0.475000 0.531667 0.478750 0.532000 0.483750 0.536667 0.490750 0.540000 0.492000 0.542000 0.492000 0.544667 0.490750 0.545667 0.489000 0.545667 0.482250 0.544333 0.479000 0.542667 0.477000 0.537333 0.473000
0 0.498000 0.494250 0.494000 0.494500 0.490667 0.497000 0.487667 0.501500 0.487333 0.509750 0.488333 0.513000 0.490333 0.516000 0.493333 0.517500 0.497667 0.517250 0.501667 0.513000 0.503000 0.508500 0.503333 0.501500 0.501667 0.497500
0 0.432333 0.466750 0.427000 0.466750 0.424667 0.467500 0.422667 0.469000 0.421333 0.471250 0.419667 0.477750 0.420000 0.482250 0.421667 0.487250 0.424333 0.490250 0.428000 0.491500 0.432667 0.491000 0.435333 0.489250 0.437333 0.484250 0.437667 0.476500 0.436667 0.470250 0.435333 0.468250
0 0.579000 0.543000 0.575667 0.544500 0.574333 0.547250 0.574000 0.556750 0.576667 0.564250 0.580333 0.568000 0.584333 0.569000 0.587000 0.567250 0.589000 0.564750 0.590000 0.561250 0.590000 0.556250 0.588333 0.550500 0.584667 0.544250 0.581667 0.543000
0 0.517000 0.581500 0.513000 0.583500 0.510333 0.587250 0.509667 0.592750 0.511333 0.599500 0.512667 0.602000 0.514000 0.603250 0.516667 0.604250 0.521000 0.603750 0.525333 0.599000 0.526667 0.595000 0.526667 0.588750 0.525667 0.586250 0.522333 0.582750 0.520000 0.581750
0 0.470000 0.576250 0.466000 0.579500 0.465667 0.584750 0.467000 0.590000 0.468333 0.592750 0.471333 0.595750 0.474667 0.597250 0.478333 0.597250 0.481667 0.595250 0.482667 0.593000 0.483000 0.588250 0.482000 0.584750 0.478333 0.578750 0.474333 0.576250
0 0.402667 0.574750 0.400667 0.576500 0.400667 0.580750 0.403000 0.587500 0.406333 0.592500 0.408000 0.594000 0.415667 0.597250 0.420000 0.597000 0.421667 0.594500 0.422000 0.589750 0.420333 0.584750 0.417333 0.580250 0.409000 0.575500 0.405667 0.574500
0 0.373667 0.562750 0.372000 0.564750 0.372000 0.568750 0.377000 0.576250 0.380000 0.578250 0.385333 0.580500 0.389000 0.581250 0.394333 0.580750 0.396000 0.579500 0.397000 0.577250 0.397000 0.572500 0.393667 0.568000 0.390333 0.565000 0.386333 0.562750 0.380333 0.561000 0.377000 0.561000
0 0.473667 0.630250 0.470000 0.632000 0.467667 0.635000 0.466000 0.638750 0.465333 0.646500 0.466667 0.650250 0.469000 0.653500 0.471333 0.655000 0.475333 0.655500 0.479000 0.654250 0.482333 0.650750 0.483667 0.646000 0.483667 0.639000 0.482000 0.633500 0.478333 0.631000
0 0.452000 0.653250 0.447000 0.654000 0.442667 0.657500 0.438667 0.665000 0.438333 0.670500 0.439000 0.674000 0.440333 0.676750 0.443000 0.678500 0.446667 0.677750 0.452333 0.675000 0.455000 0.671500 0.457667 0.662750 0.457667 0.658000 0.456000 0.655000
0 0.295333 0.643000 0.291000 0.646250 0.289333 0.648500 0.288000 0.652500 0.287667 0.657250 0.290333 0.666750 0.294333 0.669250 0.298333 0.669250 0.302000 0.667500 0.303667 0.665500 0.305000 0.660750 0.305000 0.652000 0.304333 0.649000 0.302333 0.645500 0.299000 0.643000
0 0.459000 0.677500 0.454333 0.678000 0.447333 0.682500 0.445667 0.684750 0.445000 0.687750 0.445333 0.697000 0.446000 0.698250 0.448000 0.699500 0.452000 0.699750 0.455333 0.698500 0.459667 0.693250 0.462333 0.684500 0.462333 0.681000 0.460667 0.678500
0 0.519000 0.663750 0.517000 0.664250 0.514000 0.666750 0.512667 0.671500 0.512667 0.676750 0.514000 0.681500 0.516667 0.685000 0.518333 0.686000 0.521333 0.686250 0.524333 0.683500 0.526333 0.680000 0.527333 0.676000 0.527333 0.669750 0.526000 0.666000 0.525000 0.665000 0.522333 0.663750
0 0.525000 0.687250 0.517000 0.687750 0.509000 0.696250 0.508000 0.701750 0.508667 0.705750 0.510333 0.707750 0.514000 0.708500 0.517333 0.707250 0.522333 0.704250 0.525667 0.700500 0.528667 0.694250 0.528667 0.692000 0.527667 0.689000
0 0.470000 0.692500 0.466000 0.695500 0.464667 0.697750 0.463667 0.701000 0.464333 0.707750 0.470000 0.716500 0.474000 0.718500 0.476333 0.718500 0.479333 0.717500 0.480667 0.714750 0.481333 0.711500 0.481000 0.705500 0.475667 0.694750 0.474333 0.693500 0.471667 0.692500
0 0.548333 0.690000 0.544333 0.689500 0.540667 0.690500 0.534667 0.696750 0.533333 0.699000 0.532000 0.704250 0.532333 0.708750 0.533333 0.711750 0.536000 0.713500 0.538333 0.713500 0.541333 0.712250 0.545333 0.711500 0.548667 0.708000 0.552333 0.701750 0.553333 0.697750 0.552667 0.694000 0.550667 0.691500
0 0.490333 0.716250 0.489000 0.717750 0.488667 0.721500 0.493667 0.732000 0.497667 0.736500 0.502333 0.737000 0.503667 0.736000 0.504667 0.733500 0.504667 0.729250 0.502000 0.722500 0.497667 0.717500 0.494333 0.716250
0 0.544667 0.714250 0.540333 0.715000 0.536000 0.718750 0.535000 0.721000 0.534667 0.728250 0.535667 0.731500 0.537333 0.734000 0.540000 0.735250 0.544000 0.735000 0.547000 0.733000 0.549667 0.727750 0.549667 0.719500 0.548333 0.717250
0 0.542000 0.757250 0.536333 0.758000 0.533667 0.760500 0.532333 0.764250 0.532333 0.776000 0.534000 0.779750 0.537333 0.781500 0.541667 0.781250 0.544667 0.779750 0.546667 0.776500 0.548000 0.772000 0.548333 0.767000 0.546333 0.760250 0.544333 0.758000
