0 0.526333 0.354000 0.522333 0.354000 0.518000 0.355500 0.510000 0.361250 0.508333 0.364250 0.507000 0.369250 0.507333 0.373500 0.509000 0.375000 0.512333 0.375250 0.517667 0.374250 0.520667 0.373000 0.522667 0.371250 0.527000 0.364750 0.529000 0.358750 0.529000 0.356750
0 0.618667 0.318000 0.618667 0.323500 0.623333 0.327750 0.628667 0.330750 0.634333 0.332500 0.643000 0.332500 0.646333 0.330500 0.646667 0.328000 0.645000 0.323000 0.639333 0.318750 0.631333 0.316250 0.628000 0.315750 0.623000 0.315750
0 0.646667 0.313250 0.645333 0.314750 0.645000 0.319000 0.649000 0.329250 0.657667 0.334500 0.661667 0.334750 0.663000 0.333500 0.663667 0.331250 0.663333 0.325750 0.661667 0.321250 0.659667 0.320000 0.654667 0.313750 0.651000 0.312750
0 0.653667 0.349250 0.654667 0.352250 0.656333 0.354500 0.659667 0.357250 0.663000 0.358750 0.678000 0.359750 0.682333 0.358500 0.683333 0.357250 0.684000 0.354500 0.683333 0.352500 0.677667 0.348750 0.670333 0.346000 0.666667 0.345250 0.657667 0.345750 0.654667 0.347750
0 0.618667 0.350750 0.615000 0.352750 0.614333 0.354250 0.614667 0.358250 0.618667 0.365750 0.622000 0.369750 0.626000 0.372250 0.629667 0.373250 0.634333 0.373000 0.636000 0.371750 0.637333 0.368750 0.635333 0.360500 0.630667 0.355500 0.627333 0.353000 0.622667 0.350500
0 0.609667 0.377000 0.609333 0.381000 0.610667 0.383000 0.614333 0.385250 0.619000 0.386750 0.625667 0.387500 0.630667 0.387250 0.637333 0.384750 0.639667 0.382000 0.639667 0.379500 0.638333 0.376750 0.634333 0.374750 0.619333 0.373750 0.611667 0.375250
0 0.626667 0.391750 0.623667 0.393750 0.621667 0.397000 0.620667 0.400250 0.620667 0.405750 0.622000 0.409000 0.625667 0.412750 0.627333 0.413750 0.631000 0.414250 0.634000 0.411750 0.636667 0.404250 0.637333 0.400250 0.636000 0.396000 0.634667 0.394250 0.631333 0.392000
0 0.659000 0.412500 0.657333 0.412500 0.649333 0.417000 0.647667 0.420000 0.644667 0.423000 0.644000 0.427250 0.644000 0.432500 0.644667 0.434500 0.647000 0.437000 0.650333 0.438000 0.654333 0.438000 0.658000 0.436750 0.659667 0.435500 0.662000 0.431750 0.663667 0.424250 0.663333 0.417500 0.662000 0.414000
0 0.669333 0.394500 0.665333 0.397000 0.665333 0.403500 0.671667 0.413250 0.675667 0.415750 0.678667 0.416250 0.682333 0.414500 0.683667 0.412250 0.684333 0.408250 0.683000 0.403500 0.681000 0.400250 0.677333 0.396750 0.673333 0.394750
0 0.655000 0.397000 0.649667 0.396500 0.643333 0.398750 0.640333 0.400750 0.637333 0.407500 0.637000 0.410250 0.635667 0.411500 0.637000 0.415750 0.638333 0.417000 0.640667 0.417500 0.646000 0.417000 0.652667 0.412250 0.655000 0.409750 0.657000 0.403750 0.657000 0.399500
0 0.653667 0.372250 0.649667 0.374500 0.648000 0.377000 0.647000 0.383250 0.647333 0.388250 0.648000 0.390500 0.650000 0.392500 0.654667 0.394000 0.658333 0.394000 0.662000 0.391250 0.663000 0.389500 0.663333 0.381500 0.662667 0.377250 0.658667 0.373250 0.655667 0.372250
0 0.687000 0.353000 0.685667 0.355000 0.685333 0.358750 0.688667 0.369750 0.693000 0.374000 0.700667 0.377250 0.705667 0.376500 0.708000 0.373500 0.708333 0.368750 0.705667 0.361750 0.702000 0.356750 0.697000 0.352750 0.689000 0.352250
0 0.530333 0.369500 0.530000 0.373250 0.533667 0.376500 0.540333 0.378500 0.551000 0.378750 0.560000 0.377000 0.561333 0.376000 0.563333 0.372500 0.563000 0.369250 0.561000 0.367000 0.550333 0.364750 0.540000 0.365000 0.533333 0.367000
0 0.524667 0.476500 0.520667 0.476500 0.516667 0.478500 0.513667 0.485500 0.512667 0.489750 0.513000 0.493250 0.515333 0.497750 0.517667 0.500750 0.520667 0.502500 0.523000 0.502250 0.528333 0.499000 0.530000 0.495750 0.531000 0.490500 0.531000 0.485500 0.529667 0.479500 0.527667 0.477500
0 0.537000 0.539750 0.535333 0.540750 0.532667 0.544500 0.533333 0.553250 0.535667 0.557500 0.540000 0.561750 0.546000 0.562250 0.550333 0.560250 0.551667 0.557250 0.550333 0.548750 0.545333 0.541500 0.541667 0.539500
0 0.518000 0.507250 0.516000 0.509250 0.515333 0.512250 0.515667 0.517250 0.517000 0.521500 0.520667 0.526000 0.524667 0.529000 0.528667 0.529750 0.530000 0.529500 0.532000 0.528250 0.533667 0.526000 0.533667 0.521000 0.529000 0.510500 0.526333 0.508750 0.521667 0.507250
0 0.564333 0.532750 0.560667 0.534750 0.559333 0.536750 0.558333 0.539750 0.558667 0.545250 0.559667 0.548250 0.563667 0.554750 0.567333 0.556750 0.569333 0.556750 0.573000 0.555500 0.576000 0.552750 0.577000 0.549000 0.576667 0.543250 0.575333 0.539750 0.569667 0.533750 0.568000 0.533000
0 0.630000 0.518250 0.626667 0.520500 0.625000 0.524750 0.624667 0.530000 0.626333 0.537000 0.631333 0.542500 0.634000 0.543500 0.638000 0.543250 0.640667 0.541500 0.642333 0.537000 0.642000 0.532250 0.640333 0.525750 0.639000 0.523500 0.631333 0.518250
0 0.682000 0.517250 0.678000 0.518000 0.674333 0.522750 0.673333 0.525500 0.673333 0.534000 0.675333 0.537750 0.681000 0.542500 0.685333 0.542750 0.686667 0.542000 0.690000 0.536750 0.691333 0.527750 0.691000 0.525250 0.688000 0.519250 0.686000 0.517750
0 0.705333 0.501250 0.700333 0.501500 0.696333 0.503500 0.692000 0.509000 0.690000 0.513000 0.689333 0.518500 0.690667 0.521750 0.692333 0.524000 0.696000 0.525750 0.698333 0.525500 0.703000 0.522500 0.707000 0.518250 0.708667 0.515000 0.709000 0.506000 0.707333 0.502500
0 0.682667 0.451500 0.680667 0.451500 0.674000 0.453250 0.670333 0.455500 0.666000 0.460250 0.664667 0.462750 0.664333 0.466500 0.666000 0.468750 0.668333 0.469250 0.672667 0.469000 0.675333 0.468250 0.678333 0.466500 0.684000 0.459000 0.685333 0.455750 0.685000 0.453750
0 0.717000 0.569500 0.716000 0.570250 0.715333 0.572250 0.717000 0.578750 0.720333 0.584500 0.728000 0.590500 0.732667 0.592000 0.737000 0.591750 0.739667 0.588750 0.739667 0.587000 0.737000 0.580250 0.732333 0.573500 0.729667 0.571500 0.725000 0.569750 0.720667 0.569250
0 0.672667 0.580500 0.672333 0.585000 0.673333 0.586500 0.676000 0.588500 0.680667 0.590000 0.691667 0.590750 0.698667 0.589250 0.702000 0.587500 0.702667 0.585250 0.702333 0.582750 0.700667 0.581000 0.697333 0.579500 0.687333 0.578500 0.681333 0.578500 0.674333 0.579250
0 0.646667 0.579750 0.639667 0.578250 0.631000 0.578250 0.627000 0.579000 0.623333 0.580500 0.618000 0.584000 0.615667 0.587250 0.615667 0.588500 0.618667 0.592000 0.622333 0.593000 0.629667 0.592750 0.636667 0.591250 0.642000 0.588500 0.646333 0.584500 0.647000 0.582000
0 0.576333 0.580250 0.574333 0.583250 0.574667 0.588250 0.580000 0.596000 0.587000 0.601250 0.595667 0.604000 0.599333 0.604250 0.600333 0.603500 0.601333 0.600500 0.601333 0.596250 0.600333 0.593000 0.596667 0.588250 0.590667 0.583250 0.586000 0.580500 0.582667 0.579500 0.578667 0.579500
0 0.587333 0.603250 0.585333 0.604750 0.584333 0.606750 0.587333 0.617250 0.592000 0.624000 0.593333 0.625000 0.599000 0.626250 0.600333 0.626000 0.603000 0.623250 0.603000 0.618500 0.600333 0.610250 0.592333 0.604250
0 0.592667 0.628750 0.588333 0.629500 0.587000 0.630250 0.583333 0.634500 0.581333 0.639750 0.581000 0.643500 0.582000 0.646750 0.584333 0.649750 0.587333 0.651750 0.592000 0.651250 0.596333 0.648000 0.599333 0.644000 0.600000 0.642000 0.600000 0.635500 0.599333 0.633250 0.596333 0.629750
0 0.624333 0.610250 0.623667 0.611500 0.623667 0.615250 0.626667 0.621000 0.630333 0.623750 0.638333 0.626000 0.648667 0.626250 0.652667 0.625000 0.653667 0.623250 0.653333 0.618750 0.652333 0.617250 0.645667 0.611750 0.639000 0.609500 0.631667 0.608500 0.626667 0.608500
0 0.687000 0.608000 0.685667 0.607000 0.681667 0.606750 0.675333 0.607750 0.665333 0.610750 0.663333 0.614500 0.663333 0.617500 0.664333 0.619750 0.665667 0.620500 0.669667 0.620500 0.673667 0.618500 0.677333 0.618250 0.680333 0.616500 0.685000 0.615250 0.687667 0.612500
0 0.693000 0.619500 0.689667 0.617750 0.681333 0.617750 0.674000 0.619750 0.666000 0.624000 0.664667 0.626000 0.664667 0.627500 0.666333 0.628750 0.670000 0.630000 0.680000 0.629250 0.685333 0.628250 0.693000 0.623250
0 0.662000 0.628500 0.657333 0.628750 0.650333 0.634250 0.649333 0.637500 0.648667 0.643250 0.650000 0.649500 0.653333 0.653750 0.657000 0.655250 0.661333 0.654750 0.663333 0.653500 0.666667 0.648500 0.668333 0.643250 0.668333 0.638000 0.667333 0.634250
0 0.685333 0.680500 0.682000 0.681000 0.679667 0.682500 0.677000 0.685250 0.674333 0.690000 0.674333 0.698250 0.676667 0.702750 0.679333 0.704750 0.684000 0.706000 0.686333 0.705750 0.690667 0.702250 0.693000 0.698250 0.693667 0.694750 0.693000 0.688250 0.690333 0.684250
0 0.685333 0.634500 0.677667 0.635000 0.673667 0.638250 0.672333 0.641500 0.672000 0.648750 0.672667 0.651500 0.675667 0.655500 0.677333 0.656750 0.680667 0.657500 0.684667 0.656750 0.686667 0.655250 0.690000 0.646750 0.690000 0.640750
