0 0.551750 0.381333 0.550500 0.384667 0.551250 0.389333 0.556250 0.397333 0.561000 0.400333 0.564000 0.401333 0.568250 0.400667 0.570750 0.397667 0.571500 0.392000 0.569250 0.385000 0.568250 0.383667 0.562750 0.379333 0.558250 0.377667 0.554750 0.378333
0 0.497000 0.606667 0.497500 0.611667 0.500000 0.615333 0.505750 0.618000 0.511750 0.618333 0.514750 0.617667 0.518000 0.615667 0.520000 0.613000 0.521000 0.610333 0.521000 0.607000 0.519750 0.604333 0.517750 0.602333 0.513500 0.600333 0.505000 0.600000 0.502250 0.600667 0.499000 0.603000
0 0.519500 0.627000 0.519500 0.632000 0.520250 0.634667 0.523250 0.638000 0.525500 0.639333 0.528750 0.640000 0.534500 0.639667 0.537750 0.638333 0.540500 0.634333 0.540250 0.631333 0.537500 0.626000 0.529500 0.623000 0.524250 0.623333 0.520750 0.625000
0 0.604500 0.667000 0.604000 0.670667 0.605250 0.674000 0.607250 0.676667 0.610750 0.679000 0.615500 0.680667 0.623000 0.681000 0.624750 0.680000 0.626750 0.677333 0.627000 0.673333 0.625250 0.669333 0.623500 0.667000 0.620000 0.664667 0.616000 0.663333 0.610750 0.663000 0.606750 0.664000
0 0.529750 0.716000 0.528000 0.714333 0.524500 0.714000 0.518000 0.717000 0.514500 0.719667 0.512000 0.723000 0.510000 0.727667 0.510750 0.731333 0.513000 0.733333 0.519000 0.733333 0.522250 0.732000 0.529000 0.724000 0.530000 0.720667
0 0.461000 0.688333 0.460750 0.693333 0.462250 0.696667 0.471000 0.705333 0.474250 0.707000 0.480000 0.708333 0.483000 0.707667 0.485500 0.704667 0.486250 0.701000 0.485000 0.697333 0.483000 0.693333 0.479250 0.689000 0.468750 0.685000 0.463500 0.685333
0 0.349750 0.619333 0.348250 0.621333 0.347250 0.625667 0.347250 0.631667 0.348500 0.637333 0.351000 0.643000 0.353500 0.645667 0.357250 0.645667 0.359500 0.643000 0.360250 0.639333 0.360000 0.633667 0.358750 0.627333 0.357000 0.623333 0.353250 0.619333
0 0.421000 0.487000 0.419000 0.485333 0.415500 0.484667 0.410500 0.486333 0.407750 0.488333 0.403250 0.493000 0.400750 0.497333 0.399500 0.501333 0.400000 0.506333 0.403500 0.508333 0.409000 0.508333 0.413000 0.506333 0.420500 0.497333 0.421750 0.491667 0.421750 0.489333
0 0.390250 0.655000 0.389000 0.652667 0.385000 0.650333 0.379750 0.650000 0.373500 0.651000 0.369250 0.653667 0.368000 0.655333 0.367000 0.658000 0.367250 0.662667 0.369250 0.666667 0.372500 0.669000 0.376500 0.670000 0.381000 0.669667 0.384750 0.668333 0.388500 0.665667 0.389750 0.664000 0.390750 0.661000
0 0.637750 0.600000 0.637500 0.603333 0.639750 0.608000 0.646500 0.611000 0.654000 0.610333 0.656000 0.608667 0.658500 0.604333 0.658000 0.599333 0.655250 0.596000 0.653000 0.595000 0.642000 0.595000 0.639750 0.596333
0 0.711250 0.537000 0.711500 0.541000 0.712750 0.543333 0.717000 0.546667 0.720000 0.547667 0.724250 0.547667 0.733000 0.545000 0.736500 0.541333 0.737250 0.538667 0.737250 0.536333 0.736000 0.532667 0.732750 0.529667 0.731250 0.529333 0.720000 0.529667 0.713500 0.532667 0.712500 0.533667
0 0.619500 0.536333 0.619500 0.540333 0.620500 0.542333 0.622250 0.543667 0.626250 0.544667 0.630750 0.544333 0.636000 0.541667 0.638000 0.538333 0.638000 0.536333 0.636250 0.533667 0.632000 0.532333 0.622750 0.533000 0.621500 0.533667
0 0.645000 0.529000 0.644750 0.534000 0.645750 0.537000 0.650000 0.543000 0.652000 0.544667 0.657250 0.547667 0.660250 0.548333 0.663000 0.548000 0.666750 0.545667 0.667250 0.544667 0.667750 0.540333 0.663500 0.531000 0.655750 0.526333 0.653250 0.525667 0.649250 0.526000
0 0.656500 0.520667 0.656750 0.524000 0.658250 0.526000 0.661750 0.528333 0.667000 0.529333 0.673500 0.527667 0.677000 0.525333 0.679000 0.522000 0.679250 0.517000 0.678250 0.514667 0.674500 0.512333 0.665750 0.512000 0.662250 0.513000 0.658000 0.516000 0.657000 0.517667
0 0.678250 0.420333 0.677250 0.419667 0.673250 0.419667 0.669500 0.421333 0.665500 0.424333 0.661500 0.432000 0.659000 0.439000 0.659250 0.444000 0.661250 0.447333 0.664250 0.448333 0.666500 0.448333 0.668250 0.447333 0.671750 0.444000 0.677750 0.436333 0.679250 0.431667 0.679750 0.427333 0.679500 0.423333
0 0.644500 0.473667 0.645500 0.478667 0.648750 0.482000 0.651250 0.483333 0.656250 0.484333 0.661750 0.484000 0.664500 0.482667 0.668250 0.478667 0.668750 0.475667 0.668500 0.473333 0.667000 0.470000 0.661750 0.467000 0.655500 0.465667 0.649250 0.466667 0.645250 0.470333
0 0.630000 0.447333 0.630000 0.451667 0.631500 0.455333 0.634750 0.459667 0.638000 0.461000 0.643750 0.461333 0.647000 0.460667 0.651750 0.456667 0.653250 0.452000 0.653000 0.447333 0.652250 0.445667 0.650750 0.444000 0.646250 0.441667 0.638250 0.441333 0.635500 0.442000 0.631500 0.445000
0 0.584000 0.494667 0.583500 0.499000 0.585000 0.502667 0.587500 0.505667 0.591250 0.507333 0.597750 0.507667 0.600500 0.507000 0.602500 0.505000 0.604250 0.501333 0.604500 0.496667 0.603750 0.493667 0.599000 0.490000 0.595500 0.488333 0.590500 0.488667 0.587250 0.490667
0 0.523500 0.454000 0.523500 0.456333 0.524500 0.459333 0.530000 0.463000 0.532250 0.463667 0.536750 0.463333 0.538000 0.462667 0.540500 0.459333 0.540250 0.456000 0.539000 0.453333 0.535000 0.450667 0.530000 0.448667 0.525250 0.450000
0 0.544000 0.427333 0.541750 0.428667 0.540250 0.431000 0.539000 0.438000 0.539500 0.447333 0.541000 0.452000 0.543500 0.456000 0.545750 0.456667 0.548500 0.455000 0.550500 0.451667 0.551500 0.446667 0.551500 0.442000 0.550500 0.436000 0.548500 0.430667 0.545500 0.427333
0 0.490000 0.575000 0.489250 0.580667 0.490250 0.583333 0.494250 0.589000 0.497750 0.592667 0.500750 0.594333 0.505750 0.595667 0.511000 0.595000 0.513250 0.592667 0.513250 0.590000 0.512500 0.587333 0.506500 0.578667 0.495000 0.571667 0.493250 0.571667
0 0.618750 0.557667 0.618500 0.561333 0.619750 0.564000 0.623500 0.569000 0.626750 0.571667 0.630500 0.573333 0.635500 0.573333 0.638500 0.571667 0.640000 0.569333 0.640500 0.565000 0.639500 0.561333 0.635750 0.556667 0.632750 0.554667 0.628750 0.553333 0.624250 0.553333 0.621000 0.554667
0 0.612000 0.535000 0.608500 0.533667 0.604000 0.534667 0.598750 0.541333 0.595250 0.549000 0.595000 0.557000 0.596500 0.561333 0.599000 0.562667 0.603250 0.561667 0.605750 0.560000 0.608500 0.556667 0.612000 0.548667 0.613750 0.542667 0.613500 0.537667
0 0.625000 0.603000 0.622500 0.599000 0.618500 0.597667 0.615000 0.597667 0.610750 0.599000 0.606250 0.602333 0.605250 0.604333 0.604750 0.608000 0.606250 0.612000 0.607750 0.613333 0.610750 0.614333 0.616750 0.614333 0.621250 0.612667 0.623750 0.610333 0.625000 0.607000
0 0.564250 0.529333 0.560750 0.529333 0.558000 0.532000 0.556000 0.535667 0.554750 0.541333 0.554500 0.550000 0.555500 0.555667 0.556750 0.558667 0.559750 0.561333 0.563750 0.560333 0.565250 0.558667 0.567750 0.553667 0.569000 0.548667 0.569000 0.539333 0.568000 0.534667
0 0.545750 0.555667 0.544250 0.554000 0.541000 0.552333 0.537000 0.552000 0.533750 0.552667 0.527500 0.557000 0.525750 0.560000 0.525750 0.564000 0.528750 0.569000 0.532250 0.570667 0.537750 0.570667 0.540750 0.569667 0.544500 0.567333 0.546250 0.564333 0.546750 0.559333
0 0.554000 0.583333 0.553750 0.587333 0.555250 0.591333 0.557000 0.593000 0.560750 0.594333 0.568750 0.594333 0.573000 0.592667 0.577000 0.588667 0.577750 0.585667 0.577750 0.582667 0.576250 0.579333 0.569250 0.576667 0.563500 0.576667 0.557750 0.578333 0.556000 0.579333
0 0.475500 0.517667 0.474500 0.516333 0.467750 0.514000 0.463250 0.514000 0.459250 0.515000 0.455500 0.517000 0.454250 0.518667 0.453000 0.522000 0.452750 0.526333 0.454500 0.530000 0.458000 0.531667 0.464250 0.532000 0.467500 0.531333 0.471250 0.529000 0.474750 0.525667 0.476000 0.522333
0 0.524000 0.607000 0.524000 0.612000 0.525750 0.614667 0.528750 0.616667 0.533250 0.618000 0.537750 0.618000 0.543250 0.616000 0.545500 0.613333 0.546250 0.609333 0.546000 0.606667 0.544500 0.603667 0.541500 0.601667 0.536500 0.600333 0.531750 0.600333 0.528500 0.601333 0.525750 0.603333
