0 0.516750 0.508667 0.517500 0.513333 0.521250 0.518000 0.526500 0.522333 0.529250 0.523333 0.534250 0.523333 0.537500 0.522000 0.540250 0.518000 0.540000 0.514000 0.538250 0.509667 0.533000 0.505333 0.529000 0.503000 0.523750 0.502667 0.521000 0.503333 0.518000 0.505333
0 0.584750 0.551667 0.583500 0.549333 0.579750 0.547667 0.571000 0.548333 0.567500 0.550667 0.565250 0.553667 0.564250 0.556333 0.564500 0.559333 0.565250 0.561333 0.568750 0.563333 0.575250 0.563333 0.579000 0.562333 0.581500 0.561000 0.584000 0.558000 0.585000 0.553667
0 0.598250 0.556333 0.599250 0.561333 0.603000 0.565000 0.606000 0.566000 0.610500 0.566000 0.615250 0.564333 0.619000 0.560333 0.619750 0.558000 0.619750 0.555000 0.618000 0.550333 0.615750 0.548000 0.612750 0.547333 0.607000 0.547333 0.603250 0.548333 0.599500 0.552667
0 0.628250 0.533333 0.628250 0.537000 0.629500 0.538667 0.634500 0.542667 0.638000 0.543667 0.646250 0.543000 0.650250 0.540667 0.652000 0.537667 0.651750 0.533333 0.651000 0.532000 0.647000 0.529667 0.644250 0.529000 0.638500 0.528667 0.635500 0.529333 0.630000 0.531667
0 0.678000 0.571333 0.677250 0.569333 0.674500 0.566333 0.670750 0.565000 0.664750 0.565000 0.658250 0.567667 0.653750 0.571333 0.650750 0.576333 0.650750 0.580333 0.653250 0.583667 0.655250 0.584667 0.661500 0.585333 0.665750 0.584667 0.669500 0.583333 0.674000 0.580000 0.677250 0.576000 0.678000 0.573667
0 0.705500 0.666000 0.703750 0.661000 0.700750 0.658333 0.698000 0.657667 0.689500 0.658333 0.686000 0.660333 0.681000 0.664667 0.680000 0.666333 0.679750 0.670667 0.681250 0.673000 0.684750 0.675667 0.689000 0.677000 0.693750 0.677000 0.700000 0.675000 0.702500 0.673333 0.704750 0.670667
0 0.398500 0.489333 0.398500 0.494333 0.399750 0.498000 0.408500 0.502667 0.412000 0.503333 0.418250 0.502667 0.420000 0.501667 0.422000 0.498000 0.421500 0.494667 0.419500 0.491333 0.413000 0.486333 0.410750 0.485667 0.402250 0.485667 0.399750 0.486667
0 0.384000 0.519667 0.384250 0.523667 0.385750 0.526333 0.388750 0.528667 0.394500 0.530333 0.401000 0.530333 0.405500 0.529000 0.408500 0.526000 0.410000 0.522000 0.409000 0.518000 0.407750 0.516667 0.403750 0.514333 0.400250 0.513667 0.394250 0.514000 0.385250 0.517000
0 0.410750 0.623000 0.411250 0.627333 0.414500 0.631667 0.419250 0.633333 0.427250 0.633333 0.432000 0.631333 0.435500 0.627667 0.436250 0.624667 0.436250 0.621333 0.435250 0.618333 0.432250 0.616333 0.426750 0.615000 0.420750 0.615333 0.415500 0.617000 0.412500 0.619333
0 0.443000 0.602667 0.443500 0.608000 0.445750 0.610667 0.448250 0.612000 0.454250 0.613000 0.459500 0.611667 0.464000 0.607333 0.464750 0.604000 0.463500 0.600667 0.459000 0.597000 0.455500 0.596333 0.450250 0.596667 0.446500 0.598000
0 0.305000 0.471000 0.305250 0.475000 0.306750 0.477333 0.311000 0.481000 0.314500 0.482333 0.318000 0.482667 0.323000 0.481333 0.326000 0.479333 0.328250 0.474333 0.328250 0.470333 0.326750 0.467000 0.319000 0.463333 0.315000 0.463333 0.310750 0.464667 0.307000 0.467667
0 0.425500 0.666000 0.423250 0.663667 0.418000 0.661667 0.415500 0.661333 0.410750 0.662667 0.405750 0.665333 0.403500 0.668000 0.402500 0.670000 0.402500 0.674333 0.404500 0.677667 0.407250 0.679000 0.417750 0.678333 0.420500 0.677000 0.423750 0.673333 0.425500 0.670000
0 0.482250 0.665000 0.480500 0.662333 0.478250 0.661000 0.469750 0.661000 0.462250 0.665000 0.460000 0.668667 0.459750 0.671333 0.460500 0.674000 0.462750 0.676000 0.466000 0.677000 0.470250 0.676667 0.475500 0.674667 0.480750 0.670333 0.482250 0.667333
0 0.533750 0.462333 0.528000 0.462000 0.525250 0.463000 0.517250 0.470000 0.515250 0.475333 0.513500 0.478000 0.512250 0.482000 0.513000 0.487333 0.515000 0.489667 0.518250 0.491000 0.522250 0.489333 0.528750 0.483333 0.533500 0.474667 0.534750 0.471000 0.535250 0.465667
0 0.500750 0.638333 0.499750 0.635667 0.497750 0.633667 0.495250 0.633000 0.486500 0.633333 0.482500 0.635000 0.479250 0.637667 0.477500 0.641333 0.477500 0.644000 0.478500 0.647000 0.481500 0.649000 0.483750 0.649667 0.489500 0.649333 0.498500 0.645000 0.500250 0.642333
0 0.513500 0.596000 0.510500 0.594333 0.501500 0.595000 0.497500 0.599000 0.496250 0.602667 0.496750 0.606333 0.497750 0.608000 0.499500 0.608667 0.507000 0.608000 0.510750 0.604667 0.513500 0.600667
0 0.495250 0.556000 0.493500 0.553333 0.491000 0.551667 0.486500 0.551333 0.483000 0.552000 0.478250 0.554000 0.475500 0.556000 0.474250 0.559000 0.474250 0.561000 0.476250 0.563667 0.478500 0.565333 0.487250 0.565333 0.489750 0.564667 0.494000 0.561333 0.495000 0.559667
0 0.557000 0.614333 0.556750 0.617333 0.557250 0.619667 0.563500 0.628333 0.568750 0.632000 0.571500 0.633000 0.576500 0.633000 0.579000 0.630667 0.579500 0.626667 0.576750 0.622000 0.568750 0.614667 0.562750 0.611667 0.559750 0.611667
0 0.538250 0.618333 0.538250 0.620000 0.539750 0.624000 0.541250 0.626000 0.544500 0.628667 0.548500 0.630667 0.556750 0.631000 0.560250 0.628000 0.560250 0.625333 0.558000 0.621333 0.555000 0.618333 0.549750 0.615333 0.544250 0.614667 0.541000 0.615667
0 0.518250 0.598667 0.518250 0.600333 0.519500 0.603667 0.524750 0.608333 0.528250 0.609333 0.534000 0.609333 0.536500 0.607333 0.536500 0.603667 0.533000 0.599333 0.529250 0.596000 0.525750 0.595000 0.521500 0.595000 0.519500 0.596000
0 0.500000 0.509000 0.497750 0.510000 0.495750 0.514000 0.495000 0.525667 0.497250 0.533667 0.501250 0.538333 0.502750 0.538333 0.506500 0.534000 0.508000 0.527333 0.507750 0.518667 0.506500 0.513333 0.504250 0.510000 0.502750 0.509000
0 0.412500 0.524333 0.411750 0.525667 0.411500 0.529000 0.415750 0.541333 0.419250 0.546000 0.423500 0.549333 0.426500 0.550000 0.429000 0.549333 0.430500 0.545667 0.430500 0.540333 0.428750 0.533333 0.427750 0.531333 0.423500 0.525667 0.420000 0.523333 0.416000 0.522667
0 0.434500 0.552000 0.433500 0.555333 0.433500 0.557667 0.434750 0.561667 0.438750 0.569000 0.447750 0.576000 0.451750 0.576000 0.455000 0.573000 0.455500 0.568333 0.454750 0.565000 0.450500 0.556667 0.444000 0.551333 0.441500 0.550333 0.438250 0.550000 0.436000 0.550667
0 0.411500 0.581000 0.411750 0.584667 0.415500 0.589000 0.419750 0.591000 0.426000 0.591000 0.431000 0.589000 0.434500 0.586000 0.435750 0.583667 0.436000 0.579667 0.435000 0.577333 0.431500 0.573667 0.427500 0.572333 0.421750 0.572333 0.415500 0.575000
0 0.391250 0.599667 0.391000 0.604333 0.392500 0.607333 0.397000 0.610000 0.401750 0.611333 0.405500 0.611333 0.412000 0.609667 0.414750 0.607000 0.416250 0.603667 0.416000 0.598667 0.413250 0.595333 0.404000 0.593667 0.399250 0.594000 0.393750 0.596000
0 0.329000 0.512667 0.329000 0.514667 0.330250 0.518000 0.334000 0.522000 0.337500 0.524000 0.344750 0.526000 0.350250 0.526000 0.354250 0.524000 0.356750 0.521333 0.357500 0.518667 0.357250 0.516000 0.355250 0.512333 0.349750 0.508667 0.341500 0.507333 0.334000 0.508000 0.330750 0.509333
0 0.331250 0.536667 0.333250 0.542000 0.337750 0.545333 0.340750 0.546000 0.346500 0.545667 0.349250 0.544667 0.352000 0.542333 0.354750 0.537667 0.354250 0.533333 0.353250 0.532000 0.349750 0.530333 0.343250 0.529000 0.338500 0.529333 0.334250 0.531667 0.332500 0.533333
0 0.366250 0.493000 0.366250 0.495000 0.368250 0.499000 0.373750 0.501333 0.380750 0.501333 0.385000 0.499000 0.386500 0.495667 0.386500 0.493333 0.385250 0.490333 0.381250 0.487000 0.378250 0.486000 0.373750 0.486000 0.370000 0.487667 0.367250 0.490333
0 0.377000 0.469000 0.377250 0.472667 0.379000 0.476000 0.384000 0.479333 0.388500 0.480333 0.393250 0.480667 0.397250 0.479667 0.401000 0.477000 0.402750 0.474667 0.403250 0.472333 0.403250 0.469667 0.400500 0.465000 0.397000 0.462333 0.391250 0.461333 0.384750 0.461333 0.380250 0.463000 0.377750 0.466333
