0 0.369667 0.727750 0.369333 0.729750 0.370333 0.733000 0.376000 0.738500 0.378667 0.740000 0.384000 0.741750 0.391000 0.742750 0.396000 0.742000 0.397667 0.741000 0.399000 0.737750 0.399000 0.735500 0.397667 0.732250 0.394000 0.729000 0.389333 0.726500 0.380667 0.724000 0.376333 0.724000 0.371667 0.726000
0 0.450667 0.734250 0.447667 0.735250 0.446000 0.737750 0.446000 0.749500 0.447333 0.752250 0.451667 0.756750 0.455000 0.758750 0.459000 0.759250 0.463667 0.756500 0.465000 0.754000 0.466000 0.750000 0.465000 0.744000 0.460333 0.737000 0.458667 0.735750 0.455000 0.734500
0 0.450667 0.715250 0.449000 0.717250 0.449000 0.721750 0.450000 0.725250 0.454000 0.731000 0.458333 0.734250 0.463000 0.735750 0.466667 0.736250 0.469000 0.733250 0.469000 0.730250 0.467333 0.724250 0.465000 0.720250 0.458667 0.715750 0.455667 0.715000
0 0.467000 0.691750 0.464333 0.694000 0.463333 0.698250 0.464667 0.702000 0.469333 0.710000 0.474667 0.713500 0.477000 0.714000 0.482000 0.713500 0.483667 0.711750 0.484667 0.708500 0.484000 0.702250 0.482000 0.697750 0.475000 0.692500 0.471333 0.691500
0 0.451333 0.654500 0.448333 0.655750 0.446000 0.658000 0.444667 0.666000 0.445000 0.671750 0.447000 0.677500 0.451333 0.680500 0.455667 0.681000 0.458667 0.680000 0.460667 0.677750 0.461667 0.674000 0.461667 0.664500 0.459000 0.657000 0.455000 0.655250
0 0.659000 0.634500 0.654333 0.635000 0.649333 0.638000 0.646667 0.642250 0.646000 0.644750 0.646000 0.650750 0.648333 0.656250 0.650333 0.658750 0.654667 0.660000 0.658333 0.659500 0.660667 0.658000 0.663333 0.655000 0.664333 0.651500 0.664333 0.641000 0.662333 0.636500
0 0.590333 0.658000 0.587333 0.658000 0.585667 0.659000 0.580667 0.665500 0.579667 0.673000 0.581000 0.676500 0.583667 0.679250 0.586667 0.680250 0.589667 0.680000 0.592333 0.678750 0.594333 0.674750 0.595333 0.670750 0.595667 0.665750 0.595000 0.662000 0.593333 0.659250
0 0.447667 0.626000 0.446000 0.627000 0.445000 0.630250 0.445333 0.638500 0.447333 0.645500 0.453333 0.651500 0.458667 0.653000 0.461000 0.651250 0.463667 0.646000 0.464000 0.641750 0.462667 0.635250 0.460000 0.629750 0.457667 0.627250 0.453333 0.625750
0 0.426000 0.642750 0.423333 0.644500 0.422000 0.648250 0.422333 0.655000 0.424333 0.660250 0.428667 0.666250 0.432333 0.669500 0.435667 0.670750 0.440333 0.670750 0.443333 0.666500 0.443667 0.658250 0.440667 0.651000 0.435667 0.644500 0.432000 0.642750
0 0.393000 0.651000 0.389333 0.651750 0.385333 0.653750 0.380333 0.658750 0.378667 0.665000 0.379000 0.668750 0.380667 0.672250 0.383667 0.673750 0.388333 0.673750 0.393000 0.671500 0.397000 0.666250 0.398333 0.661750 0.398333 0.656500 0.396333 0.652250
0 0.403667 0.612250 0.400667 0.614500 0.399333 0.617250 0.399000 0.620750 0.399667 0.624750 0.402333 0.629750 0.406000 0.634250 0.408000 0.635750 0.411667 0.635750 0.416000 0.631750 0.418000 0.627750 0.416667 0.619500 0.411333 0.614000 0.407000 0.612500
0 0.274333 0.580750 0.270667 0.581750 0.267333 0.584250 0.266667 0.586250 0.267000 0.593250 0.269333 0.599000 0.274333 0.604750 0.276333 0.605500 0.279667 0.605500 0.283667 0.601500 0.285000 0.599250 0.285667 0.596750 0.285333 0.592250 0.284000 0.588250 0.280333 0.583250 0.278333 0.581750
0 0.444000 0.371250 0.440333 0.373250 0.439000 0.376500 0.440333 0.389250 0.442333 0.393500 0.445333 0.396500 0.447667 0.397750 0.451333 0.398250 0.456000 0.396250 0.458000 0.392250 0.458333 0.385000 0.456667 0.378000 0.455667 0.376000 0.451667 0.372000 0.448000 0.371000
0 0.460000 0.431000 0.460000 0.433000 0.461667 0.436750 0.470000 0.443500 0.475667 0.445000 0.480000 0.445000 0.482667 0.443750 0.483000 0.438500 0.482000 0.437000 0.475000 0.431750 0.468000 0.429750 0.462333 0.429750
0 0.420333 0.457500 0.417667 0.460500 0.417333 0.464500 0.419333 0.470500 0.422000 0.475250 0.428000 0.480000 0.431333 0.481250 0.435333 0.481000 0.436333 0.480500 0.437667 0.477750 0.437667 0.471500 0.435333 0.463250 0.428333 0.457500 0.424667 0.457000
0 0.439333 0.485750 0.435667 0.484750 0.430667 0.485000 0.424000 0.488500 0.420000 0.492250 0.418333 0.495000 0.417333 0.500250 0.418000 0.503250 0.420333 0.506250 0.423333 0.507000 0.428000 0.506750 0.435667 0.502750 0.442667 0.494000 0.442000 0.489250
0 0.474000 0.492500 0.470333 0.493500 0.466333 0.497750 0.465000 0.501250 0.464667 0.506000 0.466000 0.512500 0.470000 0.518000 0.473333 0.519250 0.475667 0.519250 0.480000 0.517000 0.483000 0.513250 0.483667 0.510250 0.483667 0.502250 0.482333 0.497500 0.480000 0.494500 0.478000 0.493250
0 0.556000 0.518250 0.553000 0.516500 0.549333 0.516000 0.543000 0.516500 0.539000 0.517750 0.531333 0.523250 0.528667 0.526250 0.527667 0.530500 0.529000 0.533750 0.532667 0.535250 0.537333 0.535250 0.545333 0.533000 0.554000 0.526500 0.556667 0.522250
0 0.337000 0.662250 0.334667 0.665750 0.335333 0.670500 0.337667 0.675000 0.341333 0.679000 0.345000 0.681500 0.348667 0.683000 0.353000 0.683250 0.357000 0.682000 0.358667 0.678250 0.358667 0.674500 0.357667 0.671250 0.354333 0.667250 0.349667 0.664000 0.343000 0.662000 0.339000 0.661750
0 0.443000 0.509000 0.441000 0.510500 0.439333 0.513500 0.439667 0.519750 0.441000 0.525000 0.443333 0.529750 0.445667 0.532250 0.447333 0.533000 0.452000 0.533000 0.454667 0.532000 0.456667 0.529750 0.457000 0.524500 0.455667 0.519250 0.450667 0.510500 0.447333 0.508750
0 0.455000 0.535750 0.447333 0.536500 0.442333 0.540000 0.439667 0.543750 0.438333 0.549000 0.438000 0.556750 0.439667 0.560000 0.442667 0.561750 0.447333 0.561250 0.452333 0.558500 0.458667 0.549500 0.459667 0.545750 0.459667 0.540500 0.458667 0.538500
0 0.387667 0.545000 0.384000 0.546750 0.382333 0.549500 0.381000 0.555750 0.381000 0.561500 0.384000 0.568500 0.387000 0.569750 0.389667 0.570000 0.393000 0.569000 0.397000 0.565000 0.398000 0.560750 0.398000 0.555750 0.396000 0.548250 0.393000 0.546000 0.389667 0.545000
0 0.436000 0.565750 0.431667 0.566000 0.428667 0.567250 0.424000 0.570250 0.422000 0.572500 0.419333 0.579250 0.419333 0.581750 0.420667 0.585000 0.423667 0.586750 0.428333 0.586750 0.433333 0.583750 0.436333 0.580500 0.439000 0.573750 0.439333 0.571000 0.438667 0.568000
0 0.389333 0.577250 0.385667 0.577500 0.381333 0.579250 0.376333 0.584750 0.374667 0.589000 0.374333 0.593500 0.375333 0.596500 0.377333 0.598500 0.382333 0.598500 0.386667 0.597000 0.390333 0.594000 0.393333 0.589250 0.394333 0.586250 0.394000 0.580500 0.392667 0.578750
0 0.404667 0.585500 0.400667 0.588000 0.399000 0.591000 0.398333 0.594000 0.399000 0.602750 0.400000 0.605000 0.404333 0.608750 0.412000 0.609500 0.414333 0.608000 0.417667 0.603250 0.418333 0.599250 0.417667 0.592500 0.416000 0.589500 0.413000 0.586500 0.409333 0.585500
0 0.392667 0.605250 0.388333 0.605500 0.384667 0.608250 0.383000 0.610500 0.380667 0.619750 0.381667 0.622750 0.384000 0.624750 0.389667 0.624500 0.392667 0.622250 0.394667 0.619250 0.397333 0.610750 0.395667 0.607000
0 0.283333 0.642250 0.279333 0.638250 0.276000 0.637750 0.267333 0.638500 0.260000 0.640000 0.254000 0.642250 0.251333 0.644500 0.250333 0.646250 0.250333 0.651000 0.252000 0.652500 0.257000 0.654000 0.266000 0.654000 0.271667 0.653250 0.278000 0.651250 0.282000 0.648250 0.283333 0.646500
0 0.353000 0.736000 0.348667 0.735500 0.345000 0.736250 0.337333 0.744500 0.336333 0.747500 0.337000 0.755500 0.337667 0.756750 0.342000 0.759250 0.346333 0.758500 0.350667 0.756000 0.356333 0.748250 0.357000 0.739750 0.354667 0.736750
