0 0.496667 0.267500 0.495000 0.269500 0.494667 0.272000 0.497000 0.277000 0.501667 0.284000 0.505000 0.286750 0.507667 0.287750 0.510000 0.288000 0.512333 0.287250 0.514333 0.285750 0.515000 0.284250 0.515000 0.279750 0.513333 0.274750 0.505667 0.269750 0.499000 0.267250
0 0.425333 0.439750 0.424667 0.443000 0.426333 0.445000 0.431000 0.447750 0.438333 0.449500 0.444333 0.449750 0.449667 0.448750 0.452000 0.447500 0.453667 0.444250 0.453333 0.442500 0.451667 0.440250 0.447000 0.438500 0.434333 0.438000 0.427333 0.438750
0 0.457667 0.444750 0.454667 0.445500 0.452667 0.447750 0.454000 0.459500 0.455667 0.462500 0.459333 0.465500 0.462000 0.466500 0.464000 0.466500 0.466333 0.465750 0.468000 0.463500 0.468667 0.459000 0.468333 0.454000 0.467000 0.450250 0.464333 0.447000 0.460000 0.445000
0 0.384333 0.445500 0.380667 0.447250 0.379000 0.450500 0.379000 0.455750 0.380000 0.460000 0.385000 0.467500 0.388333 0.469000 0.396000 0.468500 0.397667 0.467500 0.398667 0.465000 0.398667 0.460500 0.397000 0.455000 0.390333 0.447000 0.388000 0.445750
0 0.345000 0.431000 0.341333 0.435250 0.341333 0.443000 0.344333 0.453000 0.348333 0.455750 0.350333 0.456250 0.353667 0.455250 0.356667 0.452250 0.357333 0.448500 0.357000 0.442250 0.356000 0.439000 0.350333 0.432000 0.349000 0.431250
0 0.340667 0.461500 0.339000 0.463250 0.339000 0.467250 0.345000 0.475750 0.349667 0.479250 0.352667 0.480250 0.356667 0.480250 0.359000 0.479500 0.360333 0.478250 0.361000 0.474000 0.357333 0.467250 0.350000 0.462250 0.342667 0.461000
0 0.350333 0.484750 0.346000 0.484750 0.344667 0.485250 0.340667 0.489250 0.337667 0.494250 0.337667 0.498250 0.339000 0.502500 0.341000 0.505250 0.345000 0.507500 0.348333 0.506750 0.350333 0.505250 0.352333 0.502500 0.355000 0.496500 0.355333 0.493000 0.354333 0.488500 0.353000 0.486250
0 0.364333 0.485250 0.361667 0.486500 0.360333 0.489000 0.360333 0.494750 0.361333 0.497250 0.364667 0.502250 0.366667 0.503750 0.368333 0.506250 0.373000 0.509000 0.377000 0.509000 0.380667 0.506750 0.381667 0.503500 0.381667 0.501250 0.378667 0.494750 0.372667 0.486500 0.369333 0.485250
0 0.466667 0.490250 0.464333 0.489750 0.462000 0.490000 0.455333 0.493250 0.449333 0.498500 0.447000 0.501750 0.447000 0.504000 0.448000 0.507000 0.450667 0.509000 0.455667 0.509500 0.458667 0.508250 0.466667 0.500750 0.468333 0.495500 0.468333 0.493250
0 0.471000 0.504500 0.467667 0.504250 0.465000 0.505250 0.455667 0.512500 0.451667 0.517500 0.450000 0.521000 0.450000 0.524500 0.451333 0.526500 0.455000 0.526750 0.458667 0.526000 0.467000 0.522250 0.472333 0.512750 0.472667 0.508250 0.472333 0.506250
0 0.396667 0.531000 0.393667 0.533000 0.392000 0.536000 0.390333 0.541250 0.390333 0.547750 0.391333 0.552500 0.392667 0.554750 0.396000 0.557500 0.401000 0.558000 0.404333 0.556000 0.406333 0.552500 0.407667 0.540000 0.405333 0.532500 0.401667 0.531000
0 0.373000 0.525500 0.369333 0.527250 0.368333 0.528750 0.367667 0.532000 0.368333 0.539000 0.369667 0.541500 0.374333 0.546000 0.377000 0.547000 0.380333 0.547000 0.382667 0.545500 0.384333 0.541750 0.384333 0.533000 0.380333 0.527000
0 0.325000 0.518000 0.324000 0.522250 0.327667 0.526500 0.332667 0.529750 0.338333 0.531250 0.346333 0.532000 0.353333 0.532000 0.356000 0.530500 0.356333 0.526500 0.355667 0.524750 0.349000 0.520000 0.344667 0.517750 0.338667 0.516000 0.331667 0.515750 0.326667 0.516750
0 0.316667 0.494500 0.311333 0.492500 0.308000 0.492750 0.305667 0.493500 0.298667 0.498750 0.295000 0.502500 0.293000 0.506000 0.292667 0.509750 0.295000 0.512750 0.302667 0.513750 0.309000 0.511750 0.312000 0.509750 0.315333 0.506250 0.318667 0.500750 0.319000 0.497500
0 0.244333 0.520250 0.243000 0.522750 0.243667 0.528750 0.250667 0.537750 0.256667 0.540250 0.260667 0.540250 0.263333 0.539250 0.264667 0.536750 0.264333 0.531750 0.260333 0.524000 0.255667 0.520250 0.251667 0.518750 0.248333 0.519000
0 0.287000 0.541500 0.283000 0.541250 0.279667 0.542500 0.276667 0.545250 0.274333 0.549000 0.273667 0.556000 0.274333 0.561750 0.275667 0.564000 0.279000 0.565750 0.283667 0.565500 0.287667 0.563000 0.289333 0.560750 0.292000 0.554500 0.292000 0.547000 0.290333 0.544500
0 0.417333 0.553500 0.415333 0.553750 0.412000 0.555750 0.410667 0.559000 0.410000 0.563500 0.411667 0.569000 0.415667 0.571500 0.419333 0.571000 0.421333 0.569250 0.423000 0.562750 0.422333 0.556500 0.420333 0.554000
0 0.460333 0.555500 0.456667 0.555750 0.454333 0.557000 0.450667 0.563750 0.449667 0.567500 0.449667 0.572750 0.451667 0.578500 0.453333 0.580250 0.457667 0.581500 0.459667 0.581250 0.463667 0.577250 0.466000 0.572500 0.466667 0.569250 0.466333 0.559750 0.463333 0.556000
0 0.473667 0.587750 0.472000 0.585750 0.467333 0.582250 0.459667 0.580750 0.451000 0.581500 0.443667 0.583000 0.441333 0.584500 0.440333 0.587250 0.442333 0.590750 0.444667 0.592500 0.458000 0.594750 0.466000 0.594500 0.468333 0.593750 0.472333 0.591500
0 0.471000 0.606500 0.468667 0.608750 0.467333 0.612750 0.467333 0.618750 0.468333 0.623000 0.471000 0.627250 0.476667 0.631500 0.478000 0.632000 0.482000 0.631750 0.484333 0.629500 0.486000 0.625250 0.486000 0.620750 0.483667 0.612750 0.482333 0.610250 0.478000 0.607250 0.474333 0.606000
0 0.424333 0.590250 0.419667 0.589750 0.408667 0.595750 0.406000 0.603250 0.406333 0.608750 0.407333 0.611000 0.408667 0.612000 0.413000 0.612000 0.418000 0.609750 0.421000 0.607500 0.425667 0.600000 0.426667 0.596500 0.426000 0.592250
0 0.385000 0.623000 0.380000 0.626750 0.379667 0.633500 0.380333 0.638750 0.381667 0.641750 0.384667 0.645500 0.388333 0.648250 0.392333 0.648750 0.396333 0.646750 0.398000 0.643750 0.398333 0.637250 0.397667 0.633250 0.394000 0.626750 0.389000 0.623500
0 0.421333 0.646000 0.419333 0.644750 0.415000 0.644500 0.407333 0.646250 0.399667 0.650000 0.395667 0.653250 0.393000 0.656750 0.393000 0.659250 0.396000 0.660750 0.404000 0.660250 0.409333 0.658000 0.412667 0.657500 0.419667 0.655250 0.422000 0.651000
0 0.420333 0.665000 0.418667 0.664750 0.414667 0.665500 0.407000 0.671000 0.403667 0.675500 0.401667 0.680500 0.401667 0.682000 0.403667 0.684000 0.405333 0.684000 0.408333 0.682750 0.419333 0.674500 0.421333 0.670750 0.421333 0.666250
0 0.357667 0.639750 0.356667 0.642500 0.358000 0.645500 0.359667 0.647500 0.364000 0.650500 0.368333 0.652250 0.371333 0.652750 0.374667 0.652500 0.377333 0.651000 0.377667 0.649500 0.376333 0.645500 0.373000 0.642000 0.365667 0.640000 0.362000 0.639500
0 0.354000 0.626250 0.353667 0.627750 0.355000 0.630750 0.363000 0.638500 0.366667 0.640000 0.376667 0.641500 0.378000 0.640750 0.379000 0.638500 0.378667 0.633750 0.376667 0.630500 0.372667 0.627250 0.368667 0.625750 0.358667 0.624250 0.356000 0.624750
0 0.370333 0.595500 0.367667 0.595500 0.365333 0.596250 0.361667 0.600000 0.360667 0.602750 0.360667 0.612500 0.362333 0.616500 0.364000 0.618500 0.366000 0.619500 0.369333 0.619500 0.373000 0.617500 0.374667 0.615000 0.375667 0.611000 0.376000 0.606250 0.375000 0.600000 0.373000 0.596500
0 0.346000 0.595500 0.344667 0.596750 0.342333 0.603000 0.342333 0.605250 0.344333 0.614250 0.345667 0.615750 0.349333 0.616000 0.353000 0.613750 0.354667 0.611750 0.356000 0.608000 0.356000 0.602250 0.355000 0.599250 0.353000 0.596500 0.350333 0.595250
0 0.303333 0.596000 0.305000 0.600250 0.311000 0.604000 0.314000 0.605000 0.318333 0.605500 0.328667 0.605000 0.331667 0.604250 0.333667 0.602250 0.334000 0.598750 0.332333 0.596250 0.326333 0.594000 0.318667 0.592750 0.311000 0.592750 0.305333 0.594250
0 0.292000 0.630250 0.283667 0.630250 0.277667 0.634250 0.274667 0.637250 0.271333 0.643000 0.270667 0.646250 0.272333 0.648250 0.274000 0.648750 0.279667 0.648500 0.283333 0.646750 0.288333 0.643250 0.291667 0.639750 0.294333 0.635000 0.293333 0.631500
0 0.294333 0.651250 0.290667 0.650250 0.284333 0.650000 0.279667 0.650750 0.274000 0.653250 0.271333 0.657500 0.273667 0.662250 0.278667 0.665000 0.287667 0.664000 0.294333 0.662250 0.295667 0.661250 0.297333 0.658000 0.297000 0.654250
0 0.255333 0.653750 0.254333 0.654500 0.254000 0.658750 0.260667 0.669500 0.267000 0.674750 0.270667 0.675500 0.276000 0.675250 0.277333 0.674000 0.277000 0.666000 0.271000 0.658250 0.263333 0.653750 0.261333 0.653250
