0 0.313667 0.424000 0.311000 0.424750 0.308000 0.427750 0.306667 0.431250 0.307000 0.436500 0.309333 0.443500 0.313667 0.451250 0.314667 0.452000 0.319000 0.453000 0.322000 0.452000 0.326000 0.447750 0.327000 0.444250 0.326667 0.438500 0.324000 0.432000 0.319000 0.425750 0.316000 0.424250
0 0.365000 0.430500 0.361667 0.430750 0.359667 0.432000 0.354000 0.439250 0.353000 0.443000 0.352667 0.450250 0.353333 0.453000 0.356333 0.457500 0.360000 0.459250 0.363333 0.458750 0.366333 0.456750 0.369667 0.451250 0.371667 0.445500 0.372000 0.442000 0.371333 0.437750 0.368000 0.432750
0 0.420333 0.442250 0.418667 0.444500 0.418333 0.449000 0.419333 0.452750 0.423000 0.460000 0.427333 0.463750 0.432000 0.466250 0.434667 0.467000 0.439667 0.466500 0.441333 0.463500 0.441000 0.458000 0.436333 0.449250 0.434667 0.447250 0.428000 0.442750 0.424333 0.441750
0 0.453333 0.445750 0.450667 0.445750 0.446667 0.448250 0.444667 0.451250 0.443000 0.457250 0.443000 0.466000 0.446667 0.471500 0.449667 0.472250 0.451667 0.472250 0.453333 0.471500 0.458000 0.467250 0.459667 0.463500 0.460333 0.459250 0.459667 0.450000 0.458333 0.447750 0.456333 0.446500
0 0.401333 0.529250 0.403333 0.530750 0.406000 0.531500 0.421000 0.532000 0.428000 0.530750 0.432333 0.529000 0.435000 0.526500 0.435333 0.524500 0.433000 0.522250 0.424667 0.519500 0.416333 0.519500 0.403667 0.523250 0.401333 0.525250
0 0.369333 0.511000 0.365333 0.511250 0.361000 0.512750 0.356000 0.517000 0.353667 0.521500 0.352667 0.524750 0.353000 0.532250 0.355000 0.536500 0.358000 0.538500 0.362333 0.538750 0.365333 0.538000 0.369667 0.533750 0.372667 0.528500 0.373667 0.523500 0.373667 0.516500 0.372333 0.513500
0 0.283000 0.546750 0.280000 0.546000 0.276333 0.546500 0.272333 0.549250 0.271333 0.551750 0.267667 0.556250 0.266667 0.559000 0.266000 0.564750 0.268000 0.568250 0.272333 0.568500 0.277667 0.565500 0.280000 0.563500 0.282000 0.560500 0.284333 0.553750 0.284667 0.548750
0 0.497333 0.544750 0.494333 0.546250 0.492667 0.548750 0.492000 0.557000 0.492667 0.560750 0.494333 0.564000 0.497000 0.565750 0.499333 0.566000 0.502667 0.564750 0.504000 0.562250 0.504667 0.553500 0.503333 0.548250 0.498667 0.544750
0 0.513667 0.554250 0.511333 0.556750 0.509667 0.563750 0.510000 0.569250 0.512333 0.573750 0.516333 0.577000 0.521000 0.577250 0.523333 0.575750 0.525000 0.572750 0.525667 0.563500 0.523667 0.557000 0.522333 0.555250 0.518333 0.553750
0 0.537667 0.578000 0.533000 0.578000 0.530333 0.579500 0.526333 0.588500 0.526000 0.595750 0.527000 0.598750 0.528667 0.601500 0.532333 0.603500 0.534000 0.603500 0.538333 0.601000 0.542333 0.595250 0.542667 0.587250 0.542000 0.584000 0.540333 0.580000
0 0.475000 0.612750 0.471667 0.613250 0.470333 0.614000 0.467333 0.621500 0.467667 0.625250 0.470000 0.630500 0.471000 0.631250 0.473667 0.631500 0.475000 0.631250 0.477333 0.629250 0.481000 0.623500 0.481000 0.618500 0.479667 0.615750
0 0.427000 0.619000 0.424000 0.619750 0.422667 0.620750 0.419333 0.625500 0.418000 0.630750 0.418000 0.636000 0.419000 0.641750 0.421667 0.647000 0.423667 0.648250 0.428667 0.648750 0.432667 0.646750 0.435333 0.642500 0.436667 0.638500 0.437000 0.629250 0.436333 0.625250 0.434667 0.622500 0.431333 0.620250
0 0.384000 0.649750 0.380333 0.650500 0.377000 0.653500 0.376000 0.656500 0.376333 0.666250 0.378333 0.671000 0.380667 0.674250 0.384333 0.676250 0.388333 0.676250 0.391667 0.674000 0.393333 0.670500 0.393333 0.661250 0.392667 0.658000 0.389667 0.652250 0.388333 0.651000
0 0.447667 0.619500 0.446000 0.620500 0.444667 0.622500 0.444000 0.626250 0.444000 0.632750 0.445000 0.638500 0.446333 0.640750 0.454333 0.647000 0.459000 0.647750 0.461333 0.644000 0.462333 0.639000 0.462000 0.634000 0.460000 0.626250 0.458333 0.623500 0.455667 0.621500 0.451667 0.619500
0 0.446667 0.642250 0.444000 0.644250 0.443000 0.646000 0.443333 0.651000 0.444667 0.655250 0.448667 0.660250 0.451333 0.662500 0.455000 0.664250 0.458667 0.664250 0.460000 0.662500 0.460667 0.659000 0.459333 0.650750 0.458333 0.649500 0.453000 0.646250 0.450667 0.643750 0.448000 0.642250
0 0.477333 0.634500 0.474000 0.634500 0.469667 0.637250 0.466000 0.643000 0.464333 0.647500 0.463667 0.651250 0.464333 0.656250 0.466000 0.659750 0.469667 0.662000 0.471667 0.662000 0.474667 0.660750 0.479333 0.656000 0.480333 0.654000 0.481667 0.647500 0.481333 0.638500 0.479667 0.635750
0 0.493667 0.642000 0.491000 0.643750 0.488333 0.649250 0.488000 0.659250 0.489333 0.662000 0.493667 0.667000 0.498000 0.667750 0.499667 0.666750 0.503667 0.662250 0.504667 0.659250 0.504000 0.652250 0.502333 0.646750 0.500000 0.643250 0.498000 0.642000
0 0.521000 0.628750 0.517333 0.628500 0.514667 0.629500 0.512667 0.631000 0.510000 0.635000 0.508667 0.642500 0.509000 0.648000 0.510667 0.651500 0.514000 0.653250 0.518333 0.652250 0.521333 0.650000 0.523667 0.645750 0.524333 0.642750 0.524333 0.635000 0.523000 0.630750
0 0.492000 0.666250 0.489667 0.664750 0.485000 0.663750 0.479000 0.663750 0.473333 0.665000 0.469667 0.666500 0.467667 0.668750 0.467333 0.674250 0.469667 0.676250 0.472667 0.676750 0.479333 0.676500 0.486000 0.674750 0.489333 0.673000 0.492333 0.670500
0 0.502000 0.671750 0.494000 0.672250 0.492000 0.674250 0.488667 0.681000 0.488333 0.689000 0.490667 0.694000 0.493667 0.696000 0.497667 0.695500 0.499667 0.694000 0.505667 0.685250 0.506333 0.681000 0.505333 0.675750 0.504333 0.673500
0 0.443000 0.664000 0.441667 0.666000 0.441667 0.671000 0.442667 0.674000 0.446333 0.678500 0.450333 0.680750 0.455333 0.684750 0.459667 0.685500 0.462333 0.684500 0.464333 0.682000 0.464333 0.678250 0.461333 0.672500 0.451333 0.664750 0.448000 0.663750
0 0.443667 0.682000 0.440667 0.685250 0.441000 0.690000 0.442667 0.694000 0.446333 0.698500 0.451000 0.702000 0.455667 0.703500 0.459667 0.703250 0.461667 0.701000 0.462333 0.696250 0.459333 0.689750 0.456000 0.687000 0.452333 0.685500 0.451000 0.684000
0 0.454333 0.713000 0.454000 0.716500 0.454667 0.717750 0.458667 0.720000 0.465333 0.722000 0.469000 0.722500 0.475667 0.722000 0.478333 0.720500 0.480000 0.717750 0.479667 0.716250 0.474333 0.712750 0.466667 0.710750 0.459333 0.711000 0.455333 0.712000
0 0.431333 0.716000 0.427000 0.716000 0.424333 0.717000 0.420667 0.720500 0.416667 0.728250 0.416333 0.732500 0.417667 0.735750 0.419667 0.737750 0.424333 0.737250 0.428333 0.734000 0.434000 0.722500 0.433333 0.717250
0 0.338667 0.741750 0.337000 0.742500 0.335667 0.744750 0.335333 0.749000 0.336667 0.756500 0.338333 0.759500 0.342667 0.764000 0.345000 0.765000 0.348333 0.765000 0.350667 0.763750 0.352000 0.760500 0.351333 0.751000 0.348667 0.746500 0.345333 0.743250 0.341667 0.741500
0 0.471000 0.728000 0.468000 0.729750 0.465333 0.734250 0.464667 0.736500 0.465000 0.744000 0.466000 0.747000 0.467667 0.748750 0.471000 0.750000 0.474667 0.750000 0.477000 0.747500 0.479333 0.741000 0.479667 0.735500 0.475333 0.728750
0 0.442667 0.778750 0.440000 0.780500 0.438667 0.782750 0.438333 0.790000 0.439000 0.793750 0.442667 0.800250 0.446667 0.803250 0.450667 0.803750 0.453000 0.802500 0.455333 0.799000 0.456000 0.796000 0.455667 0.791000 0.451333 0.782750 0.447000 0.779750 0.444333 0.778750
0 0.491667 0.736750 0.489333 0.738000 0.488000 0.740250 0.487333 0.743250 0.488000 0.748500 0.489333 0.752000 0.492333 0.756500 0.497667 0.760250 0.499333 0.760250 0.501667 0.759500 0.502667 0.758500 0.503333 0.756750 0.503333 0.751250 0.498667 0.739250 0.495000 0.736750
0 0.524333 0.712750 0.520667 0.712250 0.518000 0.713250 0.509333 0.720000 0.508333 0.722750 0.508333 0.726500 0.509667 0.729250 0.514333 0.729250 0.522333 0.724250 0.526000 0.718000 0.526000 0.715250
0 0.542667 0.731250 0.539667 0.731500 0.533667 0.735250 0.531333 0.743000 0.531333 0.748750 0.532333 0.751250 0.535333 0.754250 0.540000 0.756000 0.542333 0.755500 0.545667 0.752750 0.548667 0.747750 0.549667 0.741500 0.549333 0.736000 0.548333 0.734500 0.544667 0.731750
0 0.564000 0.690750 0.560333 0.691250 0.557000 0.693750 0.554667 0.698250 0.554333 0.706500 0.556333 0.713250 0.560667 0.715750 0.564667 0.715750 0.568333 0.713750 0.570667 0.709250 0.571333 0.706000 0.570667 0.696500 0.568000 0.692750
0 0.541000 0.684500 0.533667 0.688750 0.532333 0.691750 0.531667 0.695500 0.532000 0.699750 0.533333 0.704000 0.536333 0.707000 0.538000 0.706750 0.542000 0.702750 0.544667 0.697000 0.544667 0.688500 0.543000 0.685750
0 0.544333 0.666750 0.540333 0.667000 0.534333 0.670250 0.529333 0.674250 0.524333 0.681250 0.524000 0.685750 0.526000 0.688250 0.530333 0.688500 0.533333 0.687250 0.544667 0.679250 0.546667 0.674500 0.546667 0.669500
