0 0.535667 0.305750 0.532333 0.307000 0.528667 0.314250 0.528667 0.322250 0.530000 0.326500 0.532333 0.330000 0.534000 0.331000 0.537667 0.331500 0.541667 0.329250 0.544000 0.326500 0.545000 0.322250 0.543667 0.311250 0.541333 0.307250 0.539000 0.306000
0 0.446333 0.421250 0.443000 0.422250 0.441667 0.424500 0.441000 0.427750 0.441667 0.440000 0.445667 0.448000 0.447667 0.449250 0.452000 0.449750 0.455667 0.448000 0.457667 0.444000 0.458667 0.440250 0.457667 0.432250 0.453000 0.423250 0.450667 0.421750
0 0.419000 0.452500 0.416333 0.454500 0.416000 0.458750 0.419333 0.466500 0.424333 0.473250 0.427000 0.474750 0.432000 0.475250 0.433333 0.474250 0.434000 0.469250 0.433000 0.465250 0.429667 0.459000 0.426000 0.455000 0.420333 0.452500
0 0.433333 0.459000 0.435000 0.461500 0.436667 0.462750 0.439333 0.463500 0.451667 0.463500 0.458667 0.461500 0.464333 0.455750 0.464333 0.454500 0.459333 0.452000 0.447000 0.452000 0.439667 0.453250 0.436000 0.454500 0.434667 0.455500
0 0.485333 0.451250 0.483000 0.450000 0.479000 0.450000 0.470000 0.453250 0.466000 0.457750 0.460333 0.461750 0.459333 0.464250 0.459333 0.467000 0.462000 0.468250 0.467667 0.468250 0.474000 0.467000 0.483667 0.459500 0.486333 0.454750
0 0.520333 0.462250 0.518000 0.462500 0.516667 0.463250 0.514333 0.467250 0.512667 0.472000 0.512000 0.479000 0.513000 0.482750 0.516667 0.488500 0.519000 0.489750 0.522333 0.490000 0.525333 0.488000 0.526667 0.486250 0.527667 0.481500 0.527333 0.471000 0.526000 0.466750 0.522000 0.462500
0 0.474000 0.475750 0.470667 0.475500 0.466000 0.478250 0.461667 0.485500 0.462000 0.491250 0.463667 0.494500 0.467000 0.497750 0.471333 0.496500 0.473333 0.495000 0.476000 0.490000 0.476667 0.487500 0.476667 0.479500 0.475333 0.476500
0 0.447667 0.470750 0.443333 0.471000 0.440333 0.473500 0.438333 0.477000 0.437333 0.481000 0.437333 0.487250 0.438333 0.490500 0.439667 0.491500 0.444000 0.491500 0.448333 0.487750 0.451000 0.482750 0.451000 0.475000 0.449333 0.472000
0 0.478333 0.499250 0.473667 0.499500 0.471000 0.500250 0.469333 0.501500 0.468000 0.505250 0.465333 0.509250 0.463333 0.513500 0.463000 0.517500 0.464333 0.521000 0.466667 0.523000 0.470333 0.523250 0.473333 0.521500 0.475333 0.519500 0.480667 0.511250 0.482000 0.507750 0.482000 0.503750 0.481000 0.501000
0 0.489667 0.511500 0.487333 0.514000 0.486000 0.518000 0.485667 0.525000 0.486333 0.528500 0.489333 0.533000 0.493000 0.535000 0.495000 0.535250 0.498333 0.533500 0.500000 0.529500 0.499333 0.517750 0.497667 0.514250 0.495000 0.512000
0 0.442333 0.521750 0.439000 0.523500 0.438000 0.525250 0.437333 0.529250 0.438000 0.537000 0.440333 0.541500 0.442667 0.543500 0.444000 0.544000 0.448000 0.544000 0.451000 0.542250 0.452000 0.540250 0.452667 0.536500 0.452333 0.529250 0.449667 0.524750 0.444000 0.521750
0 0.431667 0.515750 0.427667 0.515750 0.424333 0.516750 0.423000 0.517750 0.419667 0.525000 0.419667 0.534250 0.421000 0.537500 0.424333 0.539750 0.428333 0.540000 0.432333 0.538250 0.436000 0.532000 0.436667 0.529000 0.436667 0.521000 0.435000 0.517500
0 0.339333 0.541250 0.339333 0.545250 0.343333 0.549000 0.347000 0.550250 0.352667 0.550750 0.366000 0.550250 0.373333 0.548250 0.375333 0.545500 0.375000 0.541250 0.373000 0.538750 0.364333 0.535250 0.357667 0.535250 0.351333 0.536250 0.341000 0.539250
0 0.333333 0.495750 0.330667 0.496500 0.329000 0.498500 0.328667 0.505250 0.329667 0.510000 0.334000 0.516500 0.337000 0.518500 0.341667 0.519000 0.344333 0.517500 0.346333 0.514500 0.346667 0.512250 0.345667 0.506750 0.342000 0.500250 0.335667 0.496500
0 0.472000 0.542750 0.469333 0.542750 0.466333 0.544000 0.463000 0.548250 0.461667 0.553500 0.461667 0.561250 0.463333 0.565250 0.466667 0.568250 0.469667 0.568750 0.471333 0.568500 0.475333 0.565000 0.479000 0.553750 0.478333 0.548500 0.475667 0.544500 0.474000 0.543250
0 0.451000 0.570250 0.446667 0.570750 0.444333 0.572750 0.442333 0.576500 0.442333 0.584750 0.443000 0.588000 0.444667 0.591500 0.446667 0.592750 0.451000 0.592500 0.452333 0.591750 0.455667 0.583750 0.456333 0.580000 0.456000 0.575500 0.454000 0.572000
0 0.478667 0.571500 0.474667 0.571500 0.471000 0.574000 0.466667 0.581000 0.465667 0.584750 0.466000 0.591000 0.466667 0.592250 0.470667 0.595000 0.474333 0.595000 0.477667 0.592250 0.480333 0.587250 0.481333 0.584000 0.481667 0.576500 0.480333 0.572750
0 0.557667 0.605250 0.556333 0.604250 0.553667 0.603750 0.548667 0.604250 0.544667 0.605750 0.536333 0.610500 0.532667 0.614000 0.529333 0.619000 0.529667 0.622750 0.530667 0.624250 0.532667 0.625000 0.540000 0.624750 0.545667 0.623250 0.549000 0.621250 0.556000 0.615750 0.559000 0.612000 0.559000 0.607250
0 0.494667 0.625750 0.494667 0.628000 0.497333 0.631250 0.509667 0.637000 0.515667 0.638250 0.519000 0.638250 0.526667 0.636000 0.528333 0.634500 0.528000 0.631000 0.521667 0.625500 0.519000 0.625000 0.514333 0.622750 0.507667 0.621750 0.498667 0.622000 0.497333 0.622500
0 0.470333 0.641250 0.466667 0.641500 0.463667 0.643750 0.462000 0.647000 0.461000 0.653250 0.462333 0.662750 0.464000 0.664250 0.465667 0.667250 0.468667 0.668250 0.471333 0.668000 0.474333 0.665500 0.476000 0.662750 0.476667 0.659750 0.476667 0.653000 0.475333 0.646500 0.473333 0.642750
0 0.436000 0.624000 0.433000 0.624000 0.427667 0.626000 0.422667 0.630500 0.419667 0.634750 0.418667 0.638500 0.419000 0.642750 0.420333 0.644000 0.424333 0.644000 0.426000 0.643250 0.432667 0.638500 0.435000 0.636000 0.438000 0.630250 0.438000 0.626250
0 0.413667 0.632750 0.411000 0.632250 0.404333 0.633500 0.399667 0.635500 0.391667 0.641000 0.390000 0.643000 0.388000 0.648750 0.388000 0.650750 0.389667 0.652750 0.392000 0.653750 0.396667 0.653750 0.403667 0.650500 0.409333 0.647000 0.412333 0.643750 0.415000 0.639000 0.415333 0.635250
0 0.428667 0.656750 0.424667 0.657000 0.422667 0.658000 0.419000 0.665750 0.418667 0.671750 0.420000 0.677500 0.421000 0.679000 0.423333 0.680250 0.428333 0.679500 0.431333 0.677250 0.433667 0.673500 0.434333 0.666000 0.432333 0.658500
0 0.455000 0.661000 0.451000 0.661000 0.445333 0.665250 0.442000 0.670250 0.440667 0.673250 0.440333 0.678750 0.441333 0.681500 0.443667 0.683000 0.447667 0.683250 0.450667 0.682000 0.454000 0.678250 0.456000 0.674750 0.457333 0.670750 0.457333 0.665000 0.456333 0.662250
0 0.419000 0.686000 0.419000 0.690000 0.420333 0.691000 0.424000 0.692000 0.430667 0.693000 0.439667 0.693500 0.443333 0.692500 0.445333 0.690250 0.445333 0.688000 0.444333 0.686000 0.440667 0.683750 0.436000 0.682500 0.428000 0.682000 0.421000 0.684000
0 0.380333 0.698750 0.377333 0.700750 0.376000 0.703500 0.375667 0.714000 0.377000 0.717500 0.380333 0.720000 0.385333 0.720250 0.388667 0.718250 0.389667 0.716250 0.390333 0.712750 0.390000 0.704500 0.388667 0.701250 0.386000 0.699250 0.384667 0.698750
0 0.377000 0.649500 0.372667 0.646250 0.363333 0.645750 0.357000 0.646500 0.346667 0.649500 0.345000 0.650750 0.344333 0.655000 0.345333 0.656000 0.348333 0.656750 0.366667 0.657000 0.371000 0.656500 0.374667 0.655250 0.376333 0.653750
0 0.455667 0.701250 0.451333 0.702000 0.447667 0.704000 0.442667 0.713250 0.442667 0.720750 0.445333 0.724250 0.447667 0.725500 0.451000 0.725250 0.453000 0.724000 0.456333 0.720750 0.459000 0.715750 0.460000 0.709750 0.459667 0.703750 0.458667 0.702250
0 0.470000 0.685000 0.468000 0.686250 0.466333 0.689500 0.466333 0.693750 0.469000 0.702250 0.471333 0.705750 0.474667 0.708250 0.479000 0.709500 0.481667 0.708250 0.483000 0.706250 0.483000 0.696750 0.479667 0.689250 0.474333 0.685500
0 0.521000 0.661500 0.516667 0.661250 0.514000 0.662500 0.510333 0.666250 0.508333 0.669750 0.507333 0.674000 0.507333 0.682000 0.509000 0.685000 0.513000 0.687000 0.516000 0.686250 0.521667 0.682500 0.524667 0.674500 0.524333 0.665250 0.522667 0.662500
0 0.529000 0.683250 0.524667 0.683250 0.517667 0.686000 0.514667 0.688250 0.508333 0.696500 0.508333 0.699750 0.509667 0.702000 0.515000 0.702500 0.519000 0.701750 0.522333 0.699750 0.529000 0.694000 0.530667 0.690000 0.530667 0.685750
0 0.603000 0.658500 0.599333 0.661000 0.596667 0.665250 0.596667 0.673500 0.598000 0.678750 0.600333 0.683000 0.602667 0.685250 0.607667 0.686000 0.611333 0.684250 0.613667 0.681750 0.615000 0.678000 0.615000 0.670750 0.614000 0.666250 0.610667 0.661000 0.607333 0.658500
0 0.467000 0.734750 0.465333 0.735750 0.462667 0.739750 0.462000 0.742750 0.462333 0.747500 0.465667 0.752750 0.468000 0.754000 0.471333 0.754500 0.474667 0.752750 0.475667 0.751000 0.477000 0.744750 0.476667 0.741750 0.475333 0.737500 0.473667 0.735750 0.471333 0.734750
0 0.515000 0.747500 0.513333 0.745750 0.505333 0.743500 0.493333 0.744000 0.483667 0.746750 0.481667 0.748250 0.479667 0.751000 0.479667 0.753000 0.482000 0.755750 0.486667 0.757750 0.490333 0.758500 0.498667 0.757750 0.513333 0.754000 0.515000 0.752500
0 0.540667 0.739500 0.537333 0.740500 0.534667 0.742500 0.532333 0.747750 0.533000 0.759500 0.534333 0.763250 0.537000 0.765500 0.541333 0.765250 0.544667 0.762250 0.547667 0.752000 0.547667 0.747250 0.546667 0.743750 0.544000 0.740750
0 0.583667 0.746750 0.579667 0.747250 0.575667 0.751000 0.572667 0.757500 0.572667 0.766750 0.574333 0.770500 0.576333 0.772250 0.579667 0.772000 0.582000 0.770500 0.585000 0.767250 0.586667 0.763250 0.587333 0.753250 0.586000 0.749000
0 0.521333 0.759000 0.516667 0.759000 0.514333 0.759750 0.509333 0.764000 0.507667 0.767750 0.506000 0.775250 0.506333 0.779500 0.509000 0.785000 0.513000 0.786750 0.518333 0.785250 0.522333 0.782000 0.524000 0.778750 0.525333 0.772250 0.525333 0.765750 0.523000 0.760250
0 0.486000 0.806000 0.479000 0.805500 0.476333 0.806250 0.471000 0.809250 0.464667 0.814500 0.462000 0.817500 0.460667 0.821500 0.461667 0.825000 0.463000 0.826250 0.466333 0.827250 0.470667 0.826750 0.475000 0.824750 0.483333 0.818750 0.487667 0.811000 0.487333 0.807750
