0 0.636000 0.556667 0.635250 0.556000 0.630000 0.556000 0.626000 0.558000 0.621750 0.563333 0.619000 0.569333 0.618500 0.574333 0.619250 0.577000 0.623000 0.580667 0.627000 0.580333 0.631500 0.577667 0.635750 0.570333 0.637000 0.566667 0.637500 0.559667
0 0.654500 0.551000 0.650500 0.554000 0.649000 0.556667 0.648500 0.567333 0.648750 0.572667 0.650250 0.579333 0.652500 0.581667 0.655750 0.582333 0.658500 0.581667 0.660250 0.580000 0.661250 0.576000 0.661250 0.572333 0.663000 0.567667 0.662000 0.561000 0.658750 0.553333 0.657500 0.552000
0 0.663500 0.561333 0.663250 0.565333 0.664250 0.568667 0.666250 0.571000 0.670250 0.573667 0.675000 0.574000 0.678250 0.573333 0.681000 0.571000 0.682750 0.568000 0.682500 0.564000 0.676750 0.559667 0.669250 0.558000 0.665500 0.558667
0 0.666750 0.520667 0.667000 0.522667 0.669750 0.526333 0.673750 0.529667 0.677250 0.531000 0.686250 0.530667 0.688000 0.528667 0.688750 0.526333 0.688500 0.523000 0.687250 0.519667 0.686000 0.518000 0.682250 0.516333 0.677750 0.516000 0.670500 0.517000 0.668500 0.518000
0 0.384750 0.638333 0.385000 0.643000 0.387500 0.647667 0.394750 0.651333 0.400500 0.652000 0.404250 0.651000 0.408000 0.646667 0.408250 0.642333 0.405500 0.636667 0.403750 0.634667 0.399750 0.633000 0.388750 0.633000 0.387000 0.634000
0 0.405250 0.602667 0.405750 0.607000 0.407500 0.609333 0.412500 0.611333 0.417750 0.611333 0.420500 0.610667 0.426500 0.607000 0.428250 0.604000 0.428500 0.600000 0.427250 0.596333 0.425500 0.595000 0.421000 0.593667 0.414500 0.593333 0.410500 0.594000 0.407750 0.595333
0 0.421500 0.568000 0.420250 0.566000 0.416750 0.564667 0.408500 0.566333 0.402500 0.572000 0.401750 0.576667 0.404000 0.579667 0.406500 0.580667 0.413000 0.580333 0.418750 0.577333 0.420500 0.575333 0.421500 0.572000
0 0.353500 0.571667 0.353750 0.575667 0.357000 0.581333 0.364750 0.584333 0.369000 0.584000 0.373250 0.582333 0.374750 0.580333 0.376000 0.576333 0.375500 0.572333 0.373250 0.568333 0.365500 0.565667 0.357750 0.567333 0.354500 0.570000
0 0.353000 0.548333 0.353500 0.552333 0.359000 0.557667 0.363000 0.560000 0.366000 0.561000 0.370500 0.561000 0.373250 0.559667 0.375250 0.557000 0.375250 0.553333 0.373750 0.549333 0.371250 0.547000 0.366000 0.544333 0.360750 0.544000 0.357500 0.544667 0.354250 0.546667
0 0.376750 0.525000 0.377000 0.528667 0.380500 0.533000 0.384750 0.535333 0.388000 0.536000 0.393750 0.535667 0.396250 0.535000 0.398000 0.533000 0.398250 0.528667 0.396250 0.525333 0.388750 0.522000 0.383500 0.521667 0.378500 0.523000
0 0.403750 0.528667 0.405250 0.532667 0.408500 0.536000 0.413000 0.537667 0.417750 0.537667 0.420000 0.537000 0.427000 0.531667 0.428500 0.529667 0.428500 0.525667 0.427750 0.524333 0.422250 0.521000 0.418750 0.520000 0.414500 0.520000 0.408500 0.522333 0.404500 0.525667
0 0.432250 0.501333 0.433250 0.506333 0.436500 0.510667 0.442500 0.514333 0.446000 0.515000 0.450250 0.514667 0.451500 0.514000 0.453250 0.510667 0.453500 0.506333 0.452000 0.501667 0.443500 0.495667 0.438750 0.495667 0.435250 0.497667
0 0.474750 0.478333 0.470500 0.474000 0.466500 0.472667 0.463000 0.472667 0.459250 0.474000 0.454500 0.477000 0.453000 0.479667 0.452500 0.483000 0.453250 0.485667 0.455250 0.488000 0.460250 0.490000 0.465250 0.490000 0.470500 0.487667 0.473500 0.484333 0.474500 0.482333
0 0.465500 0.505333 0.466000 0.509667 0.469500 0.513667 0.473250 0.515000 0.478750 0.515333 0.482250 0.515000 0.486250 0.513333 0.490000 0.509000 0.491250 0.504667 0.490750 0.501667 0.489500 0.500667 0.482750 0.497667 0.477750 0.497333 0.469750 0.499667 0.467750 0.501000
0 0.471500 0.521667 0.470500 0.520000 0.467000 0.518333 0.461250 0.518333 0.457750 0.519333 0.454500 0.521000 0.450750 0.525667 0.450250 0.529667 0.451500 0.532667 0.455000 0.535000 0.458500 0.535333 0.462250 0.534333 0.467000 0.531667 0.468750 0.529667 0.471000 0.525000
0 0.469500 0.532667 0.469500 0.537333 0.471500 0.540667 0.474500 0.542667 0.480250 0.542667 0.485750 0.540667 0.490000 0.537667 0.491750 0.534000 0.491750 0.529333 0.489750 0.525667 0.487000 0.524667 0.479250 0.524333 0.474000 0.526333
0 0.472250 0.549000 0.470750 0.546333 0.466750 0.542333 0.460000 0.541667 0.453250 0.543333 0.447500 0.547333 0.446250 0.549333 0.446250 0.552333 0.446750 0.554000 0.451750 0.558667 0.455000 0.560000 0.460500 0.560333 0.466750 0.559000 0.469250 0.557333 0.472000 0.553000
0 0.481000 0.540000 0.481500 0.541667 0.483000 0.541667 0.483250 0.540333 0.482750 0.539667
0 0.513250 0.528000 0.509500 0.528667 0.506250 0.533333 0.504000 0.540333 0.503750 0.549333 0.504500 0.552000 0.506000 0.554000 0.509750 0.555000 0.512750 0.553667 0.514000 0.552000 0.516000 0.545333 0.516750 0.539333 0.516500 0.533000 0.515000 0.529667
0 0.536750 0.511000 0.533250 0.510667 0.528750 0.514333 0.525750 0.518000 0.523750 0.524333 0.523250 0.528333 0.523500 0.533333 0.524750 0.537000 0.529000 0.537333 0.534000 0.532000 0.536750 0.527333 0.538500 0.520333 0.538500 0.515000 0.537750 0.512333
0 0.535250 0.462000 0.534250 0.458333 0.533250 0.457000 0.530000 0.455000 0.524000 0.454333 0.518500 0.455333 0.516750 0.456333 0.512000 0.462333 0.512000 0.465333 0.513000 0.468000 0.517250 0.471333 0.520750 0.472333 0.526750 0.472333 0.530000 0.471333 0.534000 0.468000 0.535000 0.465667
0 0.543000 0.478333 0.543000 0.482667 0.544250 0.486000 0.548500 0.488333 0.555250 0.488333 0.559500 0.487000 0.561250 0.485000 0.562250 0.481000 0.562250 0.478667 0.560250 0.475333 0.554500 0.473333 0.548000 0.474000 0.544750 0.476000
0 0.540750 0.501333 0.540750 0.502667 0.543250 0.507333 0.546750 0.511333 0.549750 0.513000 0.553000 0.513333 0.561000 0.508333 0.562250 0.505667 0.562250 0.501000 0.561250 0.497000 0.559500 0.494667 0.556250 0.493000 0.548500 0.493000 0.545250 0.494333 0.541750 0.498000
0 0.571000 0.497333 0.571250 0.500333 0.572250 0.502000 0.576750 0.503667 0.584750 0.503333 0.587250 0.502000 0.589000 0.499000 0.589000 0.497333 0.588250 0.496000 0.585250 0.494000 0.582750 0.493333 0.575750 0.493667 0.572750 0.495000
0 0.587250 0.467000 0.584750 0.471000 0.585000 0.478000 0.587000 0.485667 0.589750 0.489667 0.594500 0.493333 0.597500 0.493000 0.599250 0.490667 0.599500 0.485667 0.598500 0.482000 0.598250 0.478333 0.596250 0.471667 0.591500 0.467667
0 0.666000 0.690333 0.664500 0.688333 0.662750 0.687333 0.657750 0.687333 0.651000 0.690000 0.649000 0.692000 0.645750 0.698000 0.645250 0.705667 0.646750 0.708667 0.650500 0.711000 0.655500 0.711000 0.660500 0.709000 0.665000 0.704667 0.667750 0.698667 0.667500 0.694000
0 0.679500 0.433333 0.678500 0.431667 0.673500 0.430333 0.665750 0.431000 0.661500 0.434000 0.659250 0.437333 0.658750 0.440000 0.660250 0.443333 0.662500 0.445000 0.665000 0.445667 0.672500 0.445000 0.674750 0.444000 0.678500 0.440333 0.679750 0.436667
0 0.677000 0.470000 0.676750 0.471333 0.678500 0.475667 0.683500 0.482333 0.686250 0.484000 0.690500 0.485000 0.693500 0.485000 0.695750 0.483000 0.696000 0.478667 0.695500 0.477000 0.690500 0.470333 0.685750 0.468000 0.680750 0.468000
0 0.638250 0.638333 0.636500 0.640333 0.635750 0.643000 0.635500 0.650667 0.636000 0.654333 0.638000 0.660000 0.642750 0.668333 0.646000 0.670000 0.648500 0.669333 0.651000 0.666667 0.651750 0.662667 0.651750 0.658667 0.650000 0.650333 0.646000 0.641667 0.642250 0.638667
0 0.536000 0.697000 0.533500 0.693667 0.529250 0.691667 0.524500 0.692000 0.516500 0.696333 0.514750 0.698667 0.513000 0.703333 0.513250 0.708000 0.514000 0.709667 0.516000 0.711000 0.520000 0.712000 0.529750 0.710333 0.534750 0.705000 0.536250 0.701333
0 0.513500 0.681000 0.515000 0.684667 0.517500 0.687000 0.521500 0.688333 0.529250 0.688333 0.534000 0.686333 0.538250 0.683333 0.540750 0.678333 0.540500 0.674000 0.536500 0.669667 0.531750 0.668000 0.525500 0.668000 0.519000 0.670333 0.516500 0.672000 0.514000 0.676333
0 0.507250 0.580333 0.506000 0.579000 0.500000 0.579000 0.493250 0.580333 0.486750 0.585333 0.484500 0.588000 0.483250 0.591000 0.483750 0.595333 0.486000 0.597333 0.488500 0.598000 0.491250 0.598000 0.497000 0.596333 0.502500 0.592000 0.505750 0.588333 0.507500 0.584000
0 0.538000 0.565000 0.536750 0.563333 0.532750 0.562000 0.525500 0.562000 0.520000 0.564333 0.518000 0.567333 0.517750 0.569000 0.519250 0.572667 0.521250 0.574333 0.525750 0.576000 0.529500 0.576000 0.532750 0.575000 0.536250 0.572000 0.538000 0.568667
0 0.511750 0.590667 0.511750 0.592667 0.513250 0.596333 0.517250 0.599000 0.522750 0.599667 0.526500 0.598667 0.530000 0.596667 0.533000 0.592000 0.533500 0.587333 0.530000 0.583000 0.521750 0.582000 0.516750 0.583667 0.512750 0.588333
0 0.607750 0.676667 0.607750 0.683333 0.611250 0.693000 0.614750 0.696333 0.616500 0.696333 0.618750 0.695000 0.619250 0.693333 0.618750 0.689667 0.615750 0.681333 0.611750 0.677000
0 0.623000 0.619000 0.619750 0.621333 0.618500 0.623333 0.617750 0.626667 0.617750 0.636333 0.618500 0.642667 0.619750 0.646000 0.622250 0.648667 0.623750 0.649000 0.627250 0.648000 0.629250 0.646000 0.630250 0.643000 0.630250 0.632667 0.629750 0.628000 0.627750 0.621667 0.626500 0.620000
0 0.630750 0.603667 0.627750 0.600000 0.626000 0.599000 0.620250 0.597667 0.616000 0.598333 0.611750 0.601000 0.610000 0.603000 0.609000 0.606333 0.609000 0.611667 0.611000 0.615333 0.614250 0.617000 0.619000 0.617333 0.623000 0.616667 0.627500 0.614000 0.630000 0.611000 0.630750 0.608333
0 0.577750 0.584333 0.577500 0.589000 0.578250 0.592000 0.580250 0.594333 0.587500 0.598000 0.591250 0.598667 0.598500 0.598000 0.600500 0.597000 0.601500 0.595667 0.602500 0.592333 0.601750 0.588000 0.600250 0.585667 0.592250 0.580333 0.584500 0.580000 0.580500 0.580667
0 0.578750 0.533667 0.578250 0.537000 0.579750 0.543333 0.583750 0.548667 0.587250 0.551667 0.590750 0.553667 0.595000 0.554000 0.597250 0.553000 0.599500 0.549667 0.599500 0.546000 0.598250 0.541333 0.592750 0.533667 0.589000 0.532000 0.580000 0.532333
0 0.619250 0.560000 0.616000 0.557000 0.613250 0.556333 0.607750 0.557000 0.603750 0.559333 0.598750 0.565333 0.597750 0.568333 0.597750 0.572667 0.599500 0.576667 0.603000 0.578667 0.607250 0.579000 0.612250 0.577000 0.616250 0.573333 0.618500 0.569000 0.619500 0.565333
