0 0.491333 0.373250 0.487667 0.371000 0.483333 0.370250 0.478667 0.370500 0.470000 0.372500 0.461667 0.376750 0.459667 0.380250 0.460000 0.384750 0.462333 0.387000 0.467000 0.388750 0.475333 0.389000 0.482667 0.387000 0.490000 0.382250 0.492000 0.380000 0.493000 0.376250
0 0.446667 0.367000 0.443000 0.368250 0.441667 0.370000 0.439667 0.374500 0.439000 0.382000 0.439667 0.386500 0.442667 0.391500 0.444000 0.392500 0.448000 0.393500 0.452000 0.391250 0.453333 0.389250 0.455000 0.375250 0.454333 0.372000 0.452667 0.368750 0.450333 0.367500
0 0.374667 0.369750 0.373000 0.370750 0.372000 0.372750 0.372333 0.377250 0.373667 0.380750 0.376667 0.385250 0.382333 0.389750 0.386667 0.391000 0.390000 0.390750 0.392667 0.388750 0.393000 0.383750 0.389000 0.375750 0.381000 0.370000 0.379333 0.369500
0 0.471000 0.408250 0.468333 0.410500 0.467000 0.414750 0.468667 0.423750 0.470667 0.427000 0.474000 0.429000 0.478667 0.428750 0.480333 0.427750 0.482333 0.424500 0.482667 0.418500 0.482000 0.415000 0.479333 0.411500 0.475333 0.408500
0 0.452000 0.396750 0.450333 0.396750 0.446667 0.398250 0.442667 0.404750 0.442333 0.412500 0.443000 0.415750 0.446667 0.418750 0.450667 0.418750 0.453333 0.417250 0.456000 0.413750 0.457667 0.409250 0.457667 0.405500 0.456333 0.400500 0.454667 0.398500
0 0.487333 0.439500 0.482667 0.439250 0.477333 0.440500 0.470000 0.444750 0.466667 0.447500 0.464333 0.451500 0.464333 0.455750 0.466333 0.458250 0.470000 0.459000 0.473667 0.458500 0.482333 0.454250 0.486333 0.450250 0.488333 0.447250 0.489333 0.442750
0 0.521333 0.467750 0.517667 0.467500 0.513333 0.468750 0.510000 0.471000 0.508000 0.477000 0.508333 0.487000 0.510000 0.490000 0.514000 0.492000 0.517667 0.491750 0.520333 0.490000 0.522667 0.487250 0.525667 0.478250 0.525000 0.472000 0.524333 0.470250
0 0.531333 0.488750 0.528667 0.490250 0.526667 0.493250 0.527000 0.497000 0.529667 0.502750 0.532667 0.507250 0.538000 0.510750 0.540667 0.512000 0.545000 0.511750 0.547000 0.510250 0.548333 0.507250 0.548000 0.502250 0.545667 0.496250 0.544333 0.494250 0.537667 0.489250 0.535000 0.488500
0 0.424333 0.459750 0.422333 0.460750 0.420667 0.463500 0.420667 0.468000 0.423333 0.476000 0.427000 0.479750 0.430333 0.481000 0.432667 0.481000 0.435667 0.479500 0.436333 0.477750 0.436333 0.472000 0.435333 0.468250 0.431667 0.462250 0.427667 0.460000
0 0.389000 0.452250 0.385000 0.452250 0.380333 0.454000 0.377000 0.458250 0.375667 0.462000 0.376333 0.470750 0.380667 0.475000 0.385000 0.476250 0.388333 0.475750 0.390667 0.474250 0.394000 0.470500 0.395000 0.467250 0.395333 0.462250 0.394000 0.455750 0.392667 0.454000
0 0.407333 0.536250 0.404333 0.537000 0.400000 0.541000 0.399333 0.543250 0.399333 0.549750 0.400333 0.553000 0.403667 0.558250 0.407333 0.560750 0.411333 0.560750 0.413667 0.559500 0.416667 0.555000 0.417667 0.547750 0.417000 0.544250 0.415000 0.540250 0.411667 0.537500
0 0.468000 0.534750 0.466000 0.535000 0.462333 0.537500 0.461000 0.540000 0.460000 0.544500 0.460000 0.550000 0.461667 0.556250 0.463333 0.558250 0.466000 0.559250 0.467667 0.559250 0.470000 0.558250 0.474667 0.554500 0.476333 0.550500 0.476333 0.543750 0.475333 0.539500 0.471333 0.535500
0 0.569333 0.545500 0.565667 0.544250 0.559000 0.544250 0.554667 0.545000 0.548333 0.547250 0.542667 0.552250 0.540667 0.555750 0.540667 0.557250 0.544333 0.560500 0.549000 0.562000 0.553000 0.562000 0.561000 0.560250 0.567000 0.556250 0.570000 0.553000 0.571000 0.548250
0 0.566667 0.575250 0.561667 0.575750 0.556667 0.579250 0.553000 0.588250 0.553000 0.592750 0.554333 0.596250 0.557333 0.599250 0.560000 0.600250 0.564000 0.599500 0.569000 0.596500 0.571667 0.590500 0.572667 0.580750 0.570000 0.576750
0 0.475000 0.633750 0.471667 0.634500 0.470333 0.635500 0.469333 0.637500 0.468333 0.643750 0.468667 0.653000 0.469333 0.655500 0.472333 0.659250 0.474667 0.660750 0.479333 0.661000 0.482667 0.659000 0.484667 0.655000 0.485333 0.650750 0.485000 0.642000 0.482333 0.635750 0.479000 0.634000
0 0.482000 0.663750 0.477667 0.663750 0.475000 0.664750 0.470000 0.668250 0.467000 0.674750 0.467000 0.680250 0.468333 0.683500 0.470667 0.685000 0.475333 0.685250 0.481667 0.681250 0.483667 0.678500 0.485000 0.674250 0.485333 0.668750 0.484667 0.666250
0 0.454333 0.672000 0.450000 0.672750 0.446333 0.676250 0.444667 0.681750 0.444667 0.688750 0.446333 0.693750 0.451333 0.698000 0.455667 0.698500 0.458667 0.697000 0.461000 0.693750 0.463333 0.688250 0.463667 0.682000 0.458667 0.673500
0 0.459333 0.649250 0.455333 0.649000 0.452000 0.650250 0.448333 0.653500 0.445667 0.657250 0.445000 0.666250 0.446333 0.668750 0.450667 0.672000 0.455000 0.671500 0.457333 0.670000 0.460000 0.667000 0.462000 0.662750 0.463000 0.659250 0.462667 0.654000 0.460667 0.650250
0 0.430667 0.644000 0.426667 0.646000 0.424000 0.649250 0.423000 0.659000 0.424000 0.663500 0.427667 0.668750 0.431333 0.670750 0.436333 0.670250 0.438000 0.668500 0.440333 0.662500 0.440667 0.655500 0.439333 0.649750 0.436667 0.645500 0.435000 0.644500
0 0.352333 0.681000 0.352000 0.682750 0.353000 0.686500 0.360667 0.691000 0.368000 0.692500 0.377667 0.692750 0.381333 0.692000 0.383667 0.690000 0.383667 0.685000 0.380667 0.681750 0.376667 0.680250 0.369333 0.678750 0.361000 0.678500 0.356333 0.679000
0 0.487000 0.735500 0.482667 0.733750 0.474667 0.734000 0.468667 0.735250 0.462000 0.739750 0.458667 0.743000 0.457667 0.744750 0.457667 0.749000 0.461000 0.751500 0.466667 0.752750 0.479000 0.748750 0.483000 0.745500 0.487000 0.740250
0 0.420333 0.772750 0.415667 0.772750 0.413000 0.774000 0.408000 0.778250 0.405333 0.782750 0.404000 0.786500 0.403667 0.790750 0.405333 0.794250 0.407667 0.796000 0.412000 0.796000 0.413333 0.795500 0.418333 0.791500 0.421000 0.788000 0.423667 0.778250 0.423333 0.775500
0 0.403333 0.293750 0.400667 0.294750 0.398667 0.298750 0.398667 0.306250 0.399667 0.311500 0.404667 0.318500 0.407333 0.320500 0.412667 0.321750 0.416667 0.320500 0.419333 0.317750 0.420333 0.315250 0.419667 0.307250 0.413000 0.297500 0.408333 0.294500
0 0.498333 0.302250 0.493333 0.303250 0.490667 0.306000 0.485667 0.314000 0.484667 0.324000 0.485667 0.327250 0.487667 0.328250 0.490333 0.328500 0.495333 0.326750 0.498667 0.324000 0.501667 0.318500 0.503000 0.314000 0.503000 0.306500 0.502000 0.304750
0 0.424000 0.336500 0.420333 0.337500 0.417000 0.341500 0.416333 0.345250 0.416667 0.350500 0.418333 0.356000 0.420000 0.358750 0.423333 0.361750 0.428333 0.362250 0.432333 0.361000 0.435333 0.358250 0.436000 0.356000 0.435667 0.346500 0.434000 0.342500 0.431000 0.339000 0.428333 0.337000
0 0.361667 0.313000 0.357000 0.313250 0.354000 0.315000 0.352000 0.317750 0.350000 0.323500 0.350000 0.330000 0.351667 0.333750 0.353667 0.335750 0.357000 0.337000 0.361000 0.336500 0.364333 0.334250 0.367000 0.329250 0.367667 0.324250 0.367000 0.317750 0.365667 0.314750
0 0.574000 0.385000 0.573000 0.388000 0.573667 0.391000 0.575000 0.393500 0.579333 0.397500 0.586000 0.401250 0.591333 0.402750 0.595667 0.403000 0.599000 0.402000 0.600667 0.400750 0.601667 0.396500 0.600333 0.392750 0.591333 0.385500 0.584333 0.383500 0.577000 0.383500
