0 0.454333 0.250250 0.451333 0.251500 0.449333 0.255250 0.448667 0.258500 0.449000 0.264750 0.450333 0.268750 0.453000 0.273000 0.455333 0.274750 0.458000 0.275750 0.459667 0.275750 0.464000 0.273000 0.466333 0.268250 0.466000 0.259750 0.463667 0.255250 0.460667 0.252000 0.458667 0.250750
0 0.411333 0.292000 0.408667 0.293000 0.407000 0.295000 0.406000 0.299000 0.406333 0.306250 0.407667 0.310750 0.411000 0.314500 0.415333 0.316500 0.416667 0.316500 0.419333 0.315000 0.420667 0.312000 0.420667 0.300500 0.419667 0.297250 0.416667 0.293500 0.413000 0.292000
0 0.461667 0.380500 0.459333 0.381250 0.456000 0.384750 0.454667 0.390500 0.455000 0.396500 0.456333 0.400000 0.460000 0.404750 0.462667 0.406000 0.465667 0.406000 0.468000 0.405000 0.469333 0.402250 0.470000 0.391750 0.467667 0.383250 0.463667 0.380500
0 0.503333 0.432500 0.501333 0.432500 0.498667 0.434250 0.494667 0.440750 0.494000 0.447750 0.497333 0.451000 0.501000 0.450500 0.503000 0.449250 0.505667 0.446250 0.507333 0.443000 0.507333 0.435750 0.506000 0.433500
0 0.338000 0.378500 0.335000 0.377000 0.331333 0.376250 0.326667 0.376250 0.321000 0.377500 0.311000 0.383500 0.305667 0.388250 0.305667 0.390750 0.306667 0.393250 0.310333 0.395500 0.314000 0.396750 0.323333 0.395750 0.330000 0.393500 0.335000 0.390250 0.339667 0.385000 0.339667 0.380500
0 0.329667 0.405250 0.326667 0.403500 0.324000 0.403500 0.313667 0.406250 0.306000 0.412750 0.304333 0.415250 0.304667 0.419500 0.306000 0.421500 0.309667 0.422500 0.314667 0.422250 0.320333 0.420500 0.325000 0.417750 0.330333 0.411750 0.331000 0.407250
0 0.392333 0.446500 0.388667 0.446750 0.384000 0.449250 0.382333 0.451750 0.380667 0.457250 0.380667 0.462000 0.381667 0.464000 0.384000 0.466000 0.388667 0.468250 0.392667 0.467500 0.396667 0.465750 0.399333 0.459500 0.399667 0.454500 0.398333 0.450500 0.395667 0.447500
0 0.430667 0.452000 0.428000 0.454000 0.427667 0.456000 0.428333 0.459750 0.431000 0.466750 0.437667 0.471750 0.439000 0.472250 0.442667 0.471750 0.443667 0.470750 0.444000 0.468750 0.443000 0.463250 0.441000 0.461250 0.436333 0.453250 0.433000 0.452000
0 0.430000 0.477500 0.428333 0.475000 0.424333 0.473250 0.415333 0.473000 0.408333 0.474250 0.401000 0.477500 0.399667 0.479000 0.399667 0.482250 0.400667 0.483500 0.408333 0.485750 0.414667 0.486000 0.419667 0.485500 0.428333 0.483000 0.430000 0.479750
0 0.389000 0.470000 0.385667 0.467750 0.377667 0.466250 0.373333 0.466750 0.362000 0.470750 0.360000 0.473500 0.360000 0.476000 0.361333 0.478250 0.364667 0.480000 0.370667 0.480000 0.376667 0.478000 0.380667 0.477500 0.385333 0.475500 0.388333 0.472500
0 0.364000 0.485250 0.360667 0.487000 0.359333 0.489250 0.358333 0.493250 0.359000 0.498250 0.361333 0.503000 0.366667 0.506500 0.370000 0.507000 0.373000 0.505750 0.375000 0.502000 0.375667 0.499000 0.375000 0.494500 0.373333 0.491000 0.369667 0.486500 0.366333 0.485250
0 0.373667 0.481500 0.372667 0.483500 0.372667 0.487000 0.375667 0.492250 0.381667 0.497750 0.386000 0.499250 0.394333 0.500500 0.397000 0.500500 0.400000 0.499000 0.400667 0.498000 0.400667 0.493500 0.397000 0.488250 0.394000 0.485500 0.388000 0.482250 0.381000 0.479500 0.376333 0.480000
0 0.433667 0.493250 0.431000 0.493250 0.428667 0.494500 0.425333 0.498500 0.424000 0.503000 0.424000 0.509500 0.426000 0.514250 0.428000 0.516250 0.431667 0.517250 0.435000 0.516750 0.436667 0.515750 0.439667 0.509500 0.439333 0.502250 0.436333 0.494250
0 0.441667 0.527750 0.437000 0.527750 0.433000 0.529750 0.430333 0.532000 0.426667 0.540000 0.427000 0.544500 0.428000 0.545750 0.430333 0.546500 0.435667 0.546000 0.440000 0.542500 0.443333 0.538000 0.444667 0.534000 0.444000 0.529500
0 0.249333 0.513000 0.248333 0.515500 0.248333 0.518250 0.250333 0.521250 0.258667 0.526000 0.265000 0.527500 0.268667 0.527750 0.274333 0.526500 0.277667 0.524750 0.278667 0.522750 0.278667 0.520500 0.277667 0.518250 0.275000 0.515750 0.270667 0.513250 0.260667 0.510750 0.253000 0.511250
0 0.517667 0.568750 0.513667 0.571250 0.512333 0.575750 0.513000 0.583750 0.514667 0.587250 0.517000 0.589750 0.522333 0.590250 0.525000 0.589000 0.526667 0.587250 0.527667 0.584000 0.527333 0.576500 0.526000 0.572750 0.523667 0.570250 0.521333 0.569000
0 0.408333 0.571250 0.406667 0.572250 0.405333 0.575500 0.406667 0.584500 0.408667 0.587750 0.412333 0.591000 0.415333 0.591750 0.417333 0.591500 0.420000 0.589750 0.420667 0.588500 0.420333 0.579500 0.418000 0.575750 0.414667 0.572500 0.412333 0.571250
0 0.388667 0.600750 0.385000 0.603000 0.383333 0.606500 0.384333 0.615000 0.386333 0.618000 0.388000 0.622750 0.391667 0.624500 0.397000 0.624500 0.400333 0.622750 0.402000 0.619750 0.402333 0.611500 0.401333 0.608250 0.398333 0.603250 0.396333 0.601750 0.392333 0.600500
0 0.357333 0.607250 0.356000 0.610250 0.356333 0.613750 0.357333 0.616000 0.361667 0.620250 0.372667 0.624500 0.381333 0.624500 0.384000 0.623250 0.385000 0.620000 0.384000 0.616750 0.381000 0.612750 0.378000 0.610500 0.372000 0.607750 0.365000 0.606000 0.361000 0.606000
0 0.361667 0.623000 0.360333 0.624750 0.361000 0.631750 0.367667 0.639250 0.372667 0.640000 0.374000 0.639000 0.375000 0.635500 0.373667 0.627000 0.372333 0.625750 0.368667 0.624250
0 0.431000 0.627500 0.428333 0.629250 0.427333 0.631250 0.427333 0.635750 0.430333 0.643250 0.432000 0.645750 0.435667 0.648750 0.437000 0.651000 0.439333 0.653000 0.442667 0.654500 0.447667 0.654250 0.451000 0.652500 0.452333 0.649750 0.452333 0.645750 0.451000 0.641250 0.446000 0.634000 0.443000 0.631500 0.436333 0.627500
0 0.470000 0.631750 0.468667 0.634250 0.469667 0.639000 0.473333 0.642250 0.478000 0.645000 0.484000 0.647500 0.489333 0.648750 0.497667 0.648750 0.500333 0.647250 0.501333 0.644250 0.501000 0.641750 0.498667 0.637750 0.494667 0.635000 0.491000 0.633250 0.481667 0.630750 0.473333 0.630500
0 0.430333 0.651750 0.427000 0.652750 0.424667 0.655250 0.424000 0.657250 0.424000 0.665500 0.425667 0.669500 0.428333 0.672250 0.431000 0.673250 0.435000 0.673250 0.437333 0.671750 0.439000 0.669250 0.440000 0.665500 0.440000 0.660250 0.439333 0.657750 0.435333 0.652750 0.432667 0.651750
0 0.434333 0.676750 0.431000 0.677750 0.427333 0.681500 0.426333 0.685000 0.426333 0.691500 0.427000 0.694000 0.429667 0.698000 0.431667 0.699500 0.436000 0.700250 0.439667 0.699000 0.442667 0.695500 0.444000 0.691500 0.444000 0.686750 0.442667 0.681750 0.439333 0.678000 0.436333 0.676750
0 0.458333 0.677250 0.455667 0.678250 0.451333 0.681750 0.450000 0.685000 0.450000 0.687500 0.452667 0.697750 0.454667 0.700750 0.457333 0.701750 0.459667 0.701750 0.463000 0.699000 0.464667 0.696500 0.465667 0.693500 0.466333 0.685750 0.464667 0.680750 0.462667 0.679000
0 0.397000 0.657250 0.394000 0.656500 0.389000 0.656750 0.386000 0.657750 0.383333 0.659500 0.376667 0.665500 0.375333 0.669750 0.376333 0.675000 0.377333 0.675500 0.381667 0.675500 0.388667 0.673000 0.393000 0.670250 0.396000 0.667000 0.397333 0.664250 0.397667 0.658250
0 0.341000 0.651250 0.336667 0.652250 0.335000 0.653750 0.333333 0.658500 0.333333 0.662250 0.334667 0.669500 0.337333 0.674000 0.341000 0.676250 0.343000 0.676500 0.346333 0.676000 0.349000 0.674000 0.350667 0.670250 0.351000 0.665250 0.350000 0.660750 0.348333 0.657500 0.343667 0.652750
0 0.317333 0.622500 0.314333 0.623750 0.312000 0.627250 0.311333 0.635000 0.313667 0.641000 0.317333 0.645750 0.320333 0.647250 0.322667 0.647500 0.325667 0.646500 0.328333 0.643250 0.329667 0.638500 0.329333 0.633750 0.326333 0.626000 0.323000 0.624000 0.319000 0.622500
0 0.329333 0.655500 0.326000 0.654750 0.321667 0.655250 0.317000 0.657750 0.313333 0.662250 0.309667 0.669500 0.309000 0.675250 0.310000 0.678250 0.314000 0.680500 0.318000 0.680000 0.326667 0.673250 0.330667 0.667750 0.332000 0.664000 0.332000 0.658000 0.331333 0.656750
0 0.399000 0.717750 0.395667 0.717250 0.391667 0.718500 0.387333 0.721000 0.384000 0.724750 0.382333 0.729000 0.381667 0.736000 0.382667 0.739500 0.385000 0.741500 0.389667 0.742000 0.393000 0.740750 0.397667 0.737000 0.400667 0.731000 0.402333 0.725000 0.401667 0.719500
0 0.190000 0.593500 0.185333 0.595750 0.184000 0.598250 0.184000 0.608500 0.185000 0.612000 0.187667 0.616750 0.190000 0.618250 0.194000 0.618750 0.198333 0.615750 0.201667 0.611750 0.202333 0.603000 0.200667 0.598500 0.198000 0.595000 0.194333 0.593750
