0 0.661500 0.525333 0.664500 0.529000 0.669250 0.530333 0.678250 0.530000 0.685000 0.526000 0.686000 0.524667 0.687000 0.522000 0.687000 0.517667 0.686000 0.515333 0.682750 0.513667 0.679250 0.513000 0.670250 0.513000 0.664750 0.516667 0.661500 0.521000
0 0.674500 0.474333 0.675000 0.478333 0.676500 0.481000 0.678000 0.482667 0.681750 0.484667 0.685500 0.485333 0.690250 0.484667 0.693000 0.483333 0.695000 0.479333 0.695000 0.477333 0.694000 0.474333 0.690750 0.471000 0.688500 0.470000 0.681250 0.469667 0.677000 0.471000
0 0.653250 0.492333 0.651500 0.494333 0.650500 0.497333 0.652500 0.506333 0.657750 0.515333 0.661500 0.517000 0.663750 0.516333 0.665500 0.511667 0.665500 0.506000 0.664750 0.501667 0.663000 0.497333 0.660750 0.494000 0.658750 0.492333
0 0.613500 0.477667 0.613500 0.480000 0.614250 0.482333 0.617750 0.487333 0.620000 0.488667 0.626750 0.489000 0.631500 0.488000 0.632750 0.487000 0.634000 0.483333 0.633750 0.479000 0.633000 0.477000 0.631500 0.475000 0.627250 0.472667 0.618750 0.472667 0.615750 0.474333
0 0.606250 0.454333 0.606500 0.457000 0.608250 0.460000 0.611000 0.462000 0.614500 0.463333 0.620250 0.463333 0.623750 0.462333 0.627250 0.460000 0.628750 0.456333 0.628750 0.454333 0.626750 0.451000 0.623750 0.449000 0.621000 0.448333 0.610750 0.449000 0.608250 0.450667
0 0.645750 0.411333 0.646500 0.415333 0.649000 0.418000 0.652750 0.419333 0.657000 0.419333 0.659250 0.418667 0.662750 0.415667 0.663750 0.412667 0.663750 0.408667 0.662750 0.407000 0.661250 0.406333 0.653500 0.405667 0.647500 0.408000
0 0.567500 0.630000 0.568000 0.634333 0.570750 0.639333 0.579750 0.641667 0.585000 0.641667 0.590750 0.640333 0.593500 0.638667 0.596000 0.635000 0.596000 0.631000 0.593750 0.627333 0.592000 0.626000 0.587000 0.624667 0.581000 0.624333 0.572000 0.625333 0.568750 0.627000
0 0.485500 0.611333 0.483500 0.607333 0.481750 0.606000 0.477500 0.605333 0.471250 0.606667 0.465000 0.611667 0.464000 0.614667 0.464250 0.619000 0.466250 0.622333 0.468000 0.623333 0.476000 0.623667 0.478500 0.623000 0.481500 0.621333 0.483500 0.619000 0.485000 0.615667
0 0.439750 0.572000 0.438500 0.572667 0.435250 0.580000 0.434750 0.583333 0.435000 0.588000 0.438250 0.604333 0.439750 0.606000 0.443000 0.606667 0.444000 0.606333 0.445750 0.604000 0.447750 0.598000 0.448500 0.587667 0.447250 0.580667 0.444250 0.574333 0.443000 0.572667
0 0.407750 0.568333 0.407500 0.573333 0.408250 0.575667 0.411750 0.579333 0.415000 0.581000 0.420500 0.581000 0.427250 0.578333 0.430250 0.575000 0.432250 0.570333 0.432250 0.567000 0.431000 0.564000 0.427500 0.562000 0.422750 0.561333 0.417250 0.561667 0.411500 0.563667 0.408750 0.566333
0 0.395750 0.622333 0.393250 0.624667 0.392250 0.627000 0.392000 0.632000 0.392500 0.636000 0.395250 0.642667 0.398750 0.647333 0.401750 0.648000 0.404000 0.646000 0.404750 0.643333 0.405000 0.635667 0.404000 0.628667 0.403250 0.626667 0.400500 0.623333
0 0.426250 0.658000 0.427000 0.662667 0.430500 0.666333 0.438750 0.669000 0.444250 0.667000 0.448000 0.662667 0.448750 0.659000 0.448500 0.657333 0.447000 0.655333 0.443000 0.652333 0.435250 0.652000 0.432250 0.653000 0.428250 0.655333
0 0.435000 0.634667 0.435250 0.638333 0.436750 0.640667 0.439500 0.643000 0.443000 0.644000 0.451750 0.643333 0.456250 0.639333 0.458250 0.635667 0.458250 0.634000 0.456000 0.630000 0.454750 0.629000 0.449750 0.627667 0.445250 0.627667 0.439000 0.629333
0 0.483250 0.720667 0.481750 0.719000 0.477500 0.717667 0.470750 0.718000 0.465250 0.720000 0.463250 0.721333 0.461250 0.724000 0.460000 0.727667 0.460500 0.732000 0.462000 0.734333 0.467000 0.737000 0.471500 0.737000 0.475250 0.735667 0.479750 0.732667 0.483000 0.729333 0.483750 0.726000
0 0.541250 0.631000 0.540500 0.634000 0.540750 0.635667 0.542000 0.637667 0.544000 0.639000 0.549750 0.638667 0.552000 0.635333 0.551000 0.631667 0.548750 0.629333 0.545250 0.628667
0 0.507250 0.610667 0.506000 0.609333 0.502750 0.608667 0.497000 0.609000 0.493000 0.610333 0.487500 0.619333 0.487000 0.621667 0.487500 0.625333 0.489750 0.627667 0.493000 0.628667 0.496000 0.628667 0.498500 0.628000 0.506000 0.623333 0.508000 0.619333 0.508250 0.614667
0 0.526250 0.626333 0.523250 0.627000 0.520500 0.630333 0.518000 0.635000 0.517000 0.641333 0.517250 0.649667 0.518250 0.653000 0.520500 0.656000 0.524750 0.657333 0.527000 0.656667 0.529000 0.654667 0.531000 0.646667 0.531500 0.641667 0.531250 0.634667 0.530250 0.630333 0.528750 0.628000
0 0.598000 0.658000 0.599000 0.663333 0.602000 0.666333 0.604000 0.667333 0.610000 0.667667 0.612500 0.667000 0.616250 0.664333 0.618000 0.662000 0.619250 0.658667 0.619250 0.657000 0.618250 0.653667 0.615500 0.650667 0.612750 0.649667 0.606750 0.649667 0.603000 0.651000 0.600500 0.653000 0.599000 0.655000
0 0.556750 0.582667 0.555500 0.584333 0.554250 0.588333 0.554250 0.594667 0.556000 0.601000 0.560750 0.607333 0.564750 0.609667 0.568000 0.609667 0.569000 0.609000 0.570250 0.605667 0.570500 0.602000 0.570000 0.595667 0.568000 0.590333 0.561750 0.582667 0.560750 0.582000
0 0.594500 0.588333 0.594250 0.593000 0.595000 0.596000 0.598500 0.599667 0.601250 0.600667 0.607250 0.601000 0.611750 0.600000 0.616750 0.597333 0.619250 0.592667 0.618750 0.587333 0.615750 0.584000 0.612000 0.582333 0.604250 0.582000 0.601250 0.582667 0.596250 0.585667
0 0.465000 0.524333 0.463500 0.520333 0.459750 0.517333 0.453750 0.517000 0.447500 0.517667 0.440250 0.522667 0.438500 0.525000 0.438250 0.529667 0.439500 0.532000 0.443750 0.535000 0.446750 0.536000 0.454500 0.535667 0.459000 0.534333 0.463500 0.531333 0.465000 0.528333
0 0.439000 0.548000 0.439750 0.551333 0.442000 0.554333 0.446750 0.556333 0.450750 0.556333 0.455750 0.554667 0.458500 0.552333 0.460000 0.549333 0.460000 0.545000 0.458500 0.541333 0.455500 0.539000 0.446750 0.539000 0.444250 0.540000 0.440750 0.543000 0.439500 0.545000
0 0.462750 0.571667 0.464000 0.575667 0.466250 0.577667 0.469500 0.578667 0.475250 0.578667 0.478750 0.577667 0.482000 0.575667 0.483500 0.573000 0.483500 0.568667 0.482250 0.566333 0.479250 0.564667 0.471500 0.564000 0.466000 0.566000 0.463250 0.569000
0 0.490250 0.569333 0.489000 0.572000 0.488750 0.577000 0.493500 0.588333 0.498000 0.593333 0.501750 0.593667 0.503500 0.592667 0.504500 0.589667 0.503750 0.581333 0.499250 0.571667 0.497750 0.569667 0.494750 0.568000 0.493000 0.568000
0 0.510000 0.560667 0.510500 0.564667 0.512250 0.568000 0.517500 0.570667 0.522000 0.571000 0.526250 0.570000 0.529000 0.568000 0.531250 0.561667 0.531250 0.558667 0.530750 0.556333 0.528500 0.554333 0.524000 0.553333 0.518500 0.553333 0.512500 0.556000
0 0.482250 0.556000 0.483000 0.560333 0.485500 0.562667 0.489500 0.564667 0.497500 0.564333 0.502250 0.562333 0.505500 0.559000 0.506500 0.556667 0.506500 0.552000 0.505250 0.549333 0.502000 0.547667 0.497250 0.547000 0.490500 0.547333 0.486750 0.549000
0 0.497750 0.524667 0.498250 0.526667 0.501000 0.531000 0.505750 0.533667 0.513250 0.533667 0.518250 0.531667 0.521250 0.529000 0.521000 0.525333 0.520000 0.524000 0.515250 0.520333 0.510500 0.518667 0.504750 0.518333 0.501000 0.519333 0.498500 0.522000
0 0.610750 0.544000 0.611250 0.547667 0.613000 0.550333 0.617500 0.553333 0.620000 0.554000 0.625000 0.554000 0.629000 0.552667 0.632000 0.550000 0.633250 0.545667 0.633000 0.540667 0.631500 0.538667 0.627250 0.537333 0.621000 0.537333 0.615750 0.538667 0.612250 0.541000
0 0.584750 0.517667 0.583500 0.516333 0.579750 0.515000 0.575000 0.515000 0.569000 0.517000 0.567000 0.518333 0.564250 0.521667 0.563500 0.524333 0.563750 0.527667 0.565000 0.530000 0.568250 0.531333 0.575750 0.531000 0.579000 0.530000 0.581250 0.528333 0.583750 0.525000 0.585000 0.522000
0 0.525000 0.497667 0.525500 0.501667 0.527250 0.504333 0.529500 0.506333 0.532750 0.507333 0.538000 0.507333 0.541500 0.506000 0.544250 0.504000 0.545750 0.501333 0.545750 0.497667 0.543250 0.494333 0.540000 0.492667 0.531000 0.492667 0.527500 0.494333
0 0.548250 0.478667 0.548250 0.482333 0.548750 0.483667 0.552000 0.487667 0.556750 0.490000 0.561500 0.490000 0.565000 0.488667 0.568000 0.486667 0.569500 0.482667 0.569000 0.479000 0.568250 0.477667 0.564000 0.474667 0.560250 0.473000 0.556000 0.473000 0.553250 0.474000 0.549000 0.477000
0 0.576500 0.478000 0.578000 0.483000 0.580500 0.486000 0.583750 0.488000 0.588250 0.489333 0.591750 0.489333 0.596750 0.488333 0.599000 0.487000 0.599500 0.486000 0.599750 0.481667 0.599250 0.479000 0.595500 0.475333 0.591000 0.472667 0.586250 0.471667 0.580500 0.472667 0.579250 0.473333
0 0.719500 0.517000 0.718000 0.513333 0.716250 0.511667 0.711750 0.511333 0.705500 0.513333 0.700500 0.516667 0.699500 0.518000 0.698250 0.521000 0.698250 0.525333 0.700000 0.527667 0.702250 0.529000 0.705500 0.530000 0.709500 0.530000 0.717000 0.525333 0.719250 0.521333
