0 0.518333 0.383750 0.513667 0.384000 0.509333 0.387000 0.506000 0.394000 0.504667 0.399000 0.505000 0.403500 0.507667 0.408250 0.510333 0.410250 0.514000 0.410500 0.517000 0.409250 0.522333 0.404000 0.523667 0.397750 0.523667 0.389750 0.522000 0.385250
0 0.561333 0.377000 0.559000 0.377500 0.556000 0.379500 0.552000 0.388000 0.552000 0.393000 0.554000 0.397000 0.556667 0.400750 0.560000 0.402500 0.561667 0.402250 0.565000 0.400000 0.567000 0.397250 0.568333 0.393500 0.568000 0.383750 0.565000 0.378500
0 0.539333 0.423500 0.540333 0.428000 0.546000 0.432500 0.548667 0.433750 0.557333 0.435250 0.568333 0.435500 0.571667 0.433000 0.572000 0.431000 0.570000 0.427250 0.568000 0.425250 0.564000 0.423250 0.552667 0.420750 0.545000 0.420750 0.541000 0.422000
0 0.489667 0.441000 0.486667 0.442750 0.485000 0.446250 0.484667 0.451250 0.485333 0.456250 0.486667 0.460500 0.488667 0.463500 0.490667 0.464750 0.494333 0.465250 0.497333 0.463250 0.498667 0.460500 0.499333 0.455000 0.499000 0.447750 0.498000 0.445500 0.494000 0.442000 0.491333 0.441000
0 0.469333 0.426000 0.466000 0.427000 0.462333 0.431000 0.461667 0.441000 0.462333 0.443500 0.468667 0.452000 0.470333 0.453000 0.472667 0.453000 0.475333 0.452000 0.477333 0.448250 0.479000 0.443000 0.479000 0.437500 0.477333 0.430750 0.476000 0.428750 0.474000 0.427000 0.471333 0.426000
0 0.404000 0.404500 0.400667 0.404500 0.396667 0.407000 0.395667 0.408250 0.393667 0.415250 0.394000 0.420500 0.395333 0.424250 0.398000 0.426500 0.400667 0.427750 0.403667 0.427000 0.405000 0.426000 0.409333 0.415500 0.408667 0.408750
0 0.434667 0.479000 0.432333 0.477750 0.428333 0.477750 0.423000 0.478750 0.412000 0.486250 0.410667 0.489250 0.411333 0.491750 0.412667 0.492750 0.417667 0.493500 0.420333 0.493250 0.427667 0.491000 0.434333 0.486000 0.435667 0.483500 0.435667 0.481000
0 0.486667 0.467000 0.485667 0.467500 0.484333 0.469750 0.484333 0.476500 0.486000 0.482250 0.489667 0.486000 0.494333 0.488750 0.498667 0.488500 0.501333 0.486500 0.502000 0.484500 0.502000 0.481250 0.498667 0.471750 0.495000 0.468750
0 0.513667 0.503000 0.509333 0.505250 0.507333 0.508750 0.506333 0.512750 0.506667 0.517750 0.509000 0.523250 0.513667 0.526000 0.517667 0.526000 0.522000 0.523500 0.523333 0.521250 0.524000 0.510750 0.521667 0.505500 0.517667 0.503250
0 0.470000 0.522750 0.465667 0.524750 0.463667 0.528750 0.463667 0.531750 0.466000 0.542500 0.469000 0.545750 0.472000 0.546250 0.475333 0.545500 0.477333 0.542750 0.479000 0.537500 0.479000 0.532000 0.475333 0.524250
0 0.454333 0.516000 0.451333 0.515750 0.446667 0.516750 0.439667 0.525750 0.438667 0.532000 0.439000 0.537000 0.440667 0.540750 0.443000 0.542750 0.447333 0.542750 0.450667 0.541250 0.453333 0.538250 0.456000 0.533500 0.457000 0.529500 0.457333 0.520750 0.456667 0.517500
0 0.374667 0.532500 0.375333 0.535750 0.377333 0.537750 0.381667 0.539250 0.388000 0.540250 0.396333 0.540500 0.402667 0.539750 0.405333 0.538250 0.406000 0.536750 0.406000 0.533000 0.405000 0.531250 0.396333 0.528250 0.391667 0.527750 0.384333 0.527750 0.376333 0.529750
0 0.493333 0.592750 0.492667 0.594750 0.493333 0.597000 0.496000 0.599250 0.501000 0.602000 0.508667 0.603750 0.514333 0.604000 0.520333 0.603750 0.522000 0.603250 0.523000 0.602000 0.523667 0.599000 0.522000 0.596250 0.513333 0.592500 0.506333 0.590750 0.502000 0.590500 0.496333 0.591250
0 0.423333 0.585500 0.420333 0.587500 0.419333 0.590000 0.418667 0.595000 0.419000 0.601750 0.420000 0.605000 0.422667 0.608000 0.427667 0.609000 0.429333 0.608000 0.432333 0.603750 0.433000 0.601000 0.433000 0.594000 0.432333 0.591250 0.430000 0.587250 0.427667 0.585750
0 0.423000 0.608500 0.421333 0.610000 0.420000 0.614250 0.420333 0.619000 0.422000 0.624500 0.423667 0.627000 0.431000 0.632750 0.435333 0.633500 0.439000 0.632500 0.440667 0.630750 0.440667 0.626000 0.436000 0.614500 0.431000 0.609750 0.424333 0.608250
0 0.491333 0.624750 0.489000 0.626000 0.487000 0.630500 0.486333 0.634250 0.487000 0.638500 0.489000 0.643750 0.493000 0.649000 0.497667 0.650750 0.499000 0.650000 0.502000 0.646250 0.502667 0.640250 0.502333 0.634500 0.499333 0.626750 0.496000 0.625000
0 0.474333 0.634750 0.471333 0.635750 0.469667 0.637500 0.468667 0.642500 0.468667 0.651750 0.469667 0.655250 0.474000 0.659750 0.479333 0.661750 0.483000 0.660500 0.485667 0.655500 0.485667 0.649500 0.483667 0.641250 0.481667 0.637750 0.478333 0.635250
0 0.404667 0.625750 0.402000 0.627250 0.400333 0.631000 0.400333 0.635750 0.402333 0.645000 0.405667 0.651000 0.408000 0.652750 0.412000 0.653000 0.414667 0.650500 0.416333 0.646250 0.417000 0.642250 0.416667 0.635000 0.411667 0.627250 0.408667 0.625750
0 0.321333 0.617250 0.320333 0.619750 0.322000 0.623500 0.330667 0.630250 0.334000 0.631750 0.341000 0.633000 0.346000 0.632750 0.350000 0.631500 0.350333 0.627500 0.349667 0.626250 0.341667 0.619500 0.336333 0.617500 0.328000 0.616000 0.325000 0.616000
0 0.335000 0.649500 0.333333 0.650500 0.332000 0.655500 0.333000 0.660000 0.337000 0.667250 0.342333 0.671500 0.345333 0.672250 0.348667 0.671750 0.350333 0.670500 0.351000 0.668000 0.351000 0.663000 0.349667 0.657750 0.346333 0.653750 0.342000 0.650000 0.339333 0.649250
0 0.366000 0.674750 0.364333 0.675250 0.361667 0.677750 0.359000 0.684500 0.359000 0.689000 0.360333 0.693500 0.362333 0.695250 0.364333 0.696000 0.366000 0.696000 0.370333 0.693250 0.372667 0.689000 0.372667 0.681000 0.371667 0.677750 0.369667 0.675500
0 0.443667 0.651250 0.440667 0.653750 0.440000 0.656250 0.440000 0.659000 0.441333 0.663750 0.445667 0.670500 0.450667 0.673500 0.455333 0.673750 0.458000 0.671750 0.459333 0.669250 0.459333 0.664000 0.457333 0.657750 0.451000 0.652000 0.447333 0.650750
0 0.482333 0.664750 0.479667 0.664250 0.477333 0.664500 0.474000 0.666000 0.470000 0.669000 0.461667 0.681000 0.461333 0.686250 0.463333 0.688250 0.466000 0.689250 0.469333 0.689250 0.474333 0.687750 0.479333 0.683750 0.483667 0.678750 0.485000 0.675250 0.485000 0.669250 0.484000 0.666500
0 0.491667 0.656000 0.487667 0.657500 0.485667 0.660500 0.485000 0.663500 0.485667 0.671000 0.486333 0.673250 0.489333 0.678000 0.493333 0.680500 0.496333 0.680500 0.499000 0.679250 0.500333 0.677250 0.502333 0.670750 0.502000 0.666250 0.498000 0.657750 0.494333 0.656000
0 0.536000 0.643250 0.533667 0.643750 0.531667 0.645500 0.530000 0.651750 0.530667 0.661000 0.532333 0.665750 0.535333 0.669500 0.538667 0.671500 0.542333 0.671750 0.545000 0.670500 0.546333 0.667000 0.546667 0.660500 0.545000 0.649750 0.541667 0.646000 0.538000 0.643500
0 0.522000 0.685250 0.518000 0.686000 0.515000 0.688500 0.513000 0.692250 0.512000 0.696500 0.512000 0.700750 0.513000 0.705000 0.515333 0.708500 0.517667 0.710000 0.522000 0.710000 0.527333 0.705000 0.528667 0.700750 0.528000 0.690000 0.526333 0.687250
0 0.461667 0.708250 0.459667 0.710000 0.459000 0.713750 0.463333 0.723250 0.470000 0.729750 0.477333 0.732000 0.479333 0.732000 0.481667 0.730250 0.482333 0.727500 0.479667 0.721750 0.477000 0.718750 0.474333 0.714000 0.467000 0.708500 0.464667 0.708000
0 0.414667 0.700250 0.414333 0.705500 0.416333 0.708500 0.419667 0.711000 0.430333 0.714000 0.441000 0.714750 0.444667 0.714000 0.447333 0.711500 0.448000 0.707750 0.446333 0.704500 0.444000 0.702750 0.435333 0.698750 0.428333 0.697500 0.419667 0.697500 0.416333 0.698750
0 0.358000 0.710000 0.355000 0.710500 0.352333 0.712000 0.349000 0.720750 0.349000 0.727500 0.350667 0.732250 0.352667 0.734750 0.356333 0.735500 0.358333 0.735250 0.361333 0.733250 0.364000 0.728750 0.364667 0.724250 0.364667 0.719250 0.363000 0.713000 0.361333 0.711250
0 0.369000 0.736500 0.365333 0.736500 0.362000 0.738250 0.356667 0.745000 0.355667 0.748500 0.356000 0.755750 0.357667 0.759250 0.360667 0.760500 0.363333 0.760500 0.366000 0.759750 0.369667 0.756000 0.372667 0.751250 0.373000 0.740500 0.371667 0.738250
0 0.385000 0.768000 0.384667 0.767000 0.380333 0.764000 0.377333 0.763000 0.371667 0.762250 0.365667 0.763500 0.358333 0.763750 0.353000 0.765750 0.351000 0.767000 0.350333 0.768250 0.351000 0.771500 0.352667 0.773000 0.360667 0.776000 0.367333 0.776000 0.373000 0.775000 0.381667 0.772250 0.383667 0.770750
0 0.419333 0.747750 0.416667 0.749250 0.415667 0.752750 0.416667 0.756500 0.422000 0.764750 0.424667 0.766250 0.428667 0.767000 0.431000 0.766000 0.432667 0.764250 0.432667 0.759000 0.427667 0.751750 0.421000 0.748000
0 0.447000 0.781750 0.443667 0.783750 0.442333 0.786500 0.442000 0.792000 0.442667 0.795000 0.446667 0.803750 0.450667 0.807250 0.454667 0.807500 0.457333 0.805750 0.459333 0.802250 0.459667 0.797000 0.458667 0.790500 0.454333 0.783500 0.451333 0.781750
