0 0.703000 0.267000 0.698333 0.266500 0.694333 0.267500 0.689333 0.271500 0.685333 0.275750 0.682000 0.283250 0.683000 0.286500 0.685000 0.288250 0.690000 0.288000 0.693000 0.286750 0.701667 0.280250 0.704667 0.272000 0.704333 0.268500
0 0.648000 0.317000 0.647667 0.319250 0.649333 0.322000 0.653667 0.326750 0.658000 0.329250 0.665000 0.331000 0.672000 0.331000 0.674667 0.330500 0.676667 0.329000 0.677667 0.326750 0.676667 0.322750 0.669667 0.318250 0.662667 0.315750 0.657000 0.314750 0.650667 0.315000
0 0.599667 0.308500 0.597333 0.310000 0.596000 0.313750 0.596333 0.318250 0.599000 0.325750 0.602333 0.329250 0.606667 0.331250 0.611000 0.331000 0.613000 0.329750 0.614333 0.326500 0.614333 0.321500 0.612000 0.315250 0.606333 0.309500 0.603667 0.308500
0 0.611000 0.370750 0.607667 0.370500 0.603000 0.372250 0.598000 0.377000 0.594667 0.384000 0.595000 0.390500 0.596000 0.393000 0.599667 0.395000 0.604000 0.395250 0.607667 0.393750 0.613000 0.388000 0.615000 0.382500 0.615333 0.377750 0.614333 0.373750 0.613333 0.372250
0 0.588667 0.366750 0.586000 0.366750 0.583333 0.367500 0.580667 0.370000 0.579000 0.373500 0.577333 0.384250 0.579333 0.388250 0.582667 0.389750 0.585333 0.389500 0.591667 0.384750 0.593667 0.381000 0.594000 0.376250 0.592667 0.370000 0.591667 0.368250
0 0.740667 0.356500 0.736667 0.356500 0.733667 0.357500 0.728000 0.362250 0.727000 0.365000 0.726667 0.370000 0.727667 0.373250 0.729333 0.374250 0.733333 0.374750 0.736333 0.373750 0.740333 0.371250 0.741667 0.369500 0.744000 0.364250 0.744333 0.360250 0.743000 0.358000
0 0.662000 0.415500 0.661333 0.416500 0.661333 0.420750 0.663333 0.424500 0.666667 0.428250 0.673333 0.432250 0.681000 0.434250 0.685333 0.433500 0.687333 0.432250 0.688667 0.427250 0.685333 0.420500 0.678333 0.415750 0.670667 0.414000 0.665667 0.414250
0 0.619667 0.408750 0.618667 0.411500 0.619000 0.413000 0.623667 0.419750 0.630667 0.424250 0.635667 0.425750 0.641000 0.425750 0.643667 0.424750 0.644000 0.419750 0.638333 0.412500 0.632667 0.408500 0.627667 0.407250 0.623333 0.407250
0 0.635333 0.431000 0.631000 0.431000 0.627333 0.432000 0.621667 0.439500 0.619667 0.444500 0.619333 0.448000 0.621333 0.451750 0.623333 0.453000 0.627000 0.452500 0.631000 0.450500 0.633667 0.445250 0.635333 0.443500 0.637333 0.436250
0 0.589000 0.419500 0.586000 0.419750 0.580667 0.421750 0.579000 0.423000 0.575000 0.429500 0.574000 0.432000 0.573667 0.436500 0.575000 0.440000 0.578000 0.441750 0.581000 0.442000 0.584667 0.440750 0.590000 0.436250 0.591333 0.434250 0.592667 0.430000 0.592667 0.423000 0.591667 0.420750
0 0.553667 0.455250 0.554000 0.459750 0.557333 0.462500 0.562000 0.465000 0.566667 0.466000 0.572333 0.466000 0.575667 0.464750 0.577000 0.463500 0.578000 0.458250 0.577000 0.455250 0.575000 0.454000 0.571667 0.453250 0.560333 0.452750 0.557000 0.453250
0 0.508000 0.439750 0.508000 0.443750 0.510000 0.445500 0.514333 0.447000 0.522667 0.448250 0.530000 0.447750 0.537333 0.444500 0.538667 0.443000 0.538667 0.439750 0.537667 0.438500 0.528333 0.435500 0.517333 0.436000 0.510000 0.438000
0 0.685000 0.436250 0.682000 0.438250 0.681667 0.443000 0.685333 0.453750 0.689000 0.459250 0.690667 0.460500 0.694667 0.462000 0.698333 0.461750 0.700667 0.460750 0.702667 0.458500 0.703000 0.452250 0.701667 0.446750 0.696667 0.440250 0.693000 0.437250 0.689667 0.436000
0 0.767333 0.448250 0.763333 0.448000 0.759333 0.449750 0.752000 0.455250 0.750000 0.462000 0.750000 0.467500 0.751333 0.470500 0.753000 0.471750 0.754667 0.472250 0.760000 0.472000 0.764333 0.469750 0.766667 0.466750 0.769333 0.459500 0.769667 0.456750 0.769000 0.451250
0 0.672667 0.498000 0.668333 0.499500 0.665333 0.502500 0.664000 0.506250 0.664000 0.511250 0.666333 0.518000 0.670333 0.521250 0.674333 0.521500 0.678000 0.519000 0.679000 0.517250 0.680333 0.512250 0.680333 0.506250 0.678333 0.500500 0.675000 0.498250
0 0.688333 0.517250 0.686000 0.518500 0.684667 0.521000 0.684667 0.525750 0.689333 0.533250 0.695333 0.538000 0.697667 0.539000 0.702000 0.539250 0.704667 0.537000 0.704667 0.532750 0.702333 0.525250 0.694000 0.517750
0 0.680000 0.477750 0.677667 0.476500 0.670000 0.476000 0.666000 0.476750 0.661667 0.478500 0.657333 0.481500 0.653000 0.486750 0.652000 0.489000 0.652000 0.491250 0.653333 0.493000 0.658000 0.494250 0.662333 0.494500 0.665000 0.493000 0.671000 0.491000 0.678333 0.485750 0.680333 0.482750
0 0.786667 0.539000 0.783667 0.540000 0.782000 0.541250 0.780333 0.545250 0.780333 0.552000 0.781667 0.556250 0.783333 0.558750 0.786333 0.561250 0.790667 0.562250 0.794667 0.561250 0.795667 0.560000 0.796333 0.557250 0.796333 0.548000 0.794333 0.541500 0.790667 0.539250
0 0.631000 0.534750 0.627667 0.535250 0.626333 0.536000 0.622333 0.540250 0.618667 0.547500 0.618667 0.556750 0.623000 0.560750 0.627667 0.560750 0.631333 0.558500 0.637333 0.548750 0.638000 0.544000 0.637000 0.540250
0 0.641667 0.550250 0.640333 0.552000 0.640000 0.556500 0.643333 0.561000 0.653667 0.566000 0.658333 0.569750 0.666000 0.570250 0.669333 0.569000 0.670000 0.568000 0.669667 0.564000 0.662000 0.555750 0.647000 0.549250 0.643667 0.549500
0 0.633667 0.559250 0.630000 0.562500 0.629333 0.565250 0.630333 0.567750 0.634000 0.572750 0.643000 0.579750 0.650000 0.582000 0.654667 0.582000 0.659000 0.581000 0.660000 0.579500 0.659667 0.575250 0.658667 0.572750 0.655000 0.568000 0.649000 0.564000 0.645000 0.562500 0.638667 0.559000
0 0.564000 0.540500 0.560333 0.540500 0.556000 0.543250 0.553333 0.548250 0.552333 0.553250 0.552333 0.558250 0.554000 0.564250 0.556000 0.567000 0.559667 0.568500 0.561333 0.568500 0.564000 0.567500 0.568000 0.564750 0.569333 0.562500 0.570667 0.557500 0.571000 0.552750 0.570000 0.546750 0.568333 0.543500
0 0.516333 0.516750 0.513333 0.517500 0.510000 0.521000 0.508667 0.525000 0.508667 0.532750 0.511000 0.537750 0.513667 0.539750 0.518333 0.540500 0.521000 0.539250 0.523667 0.536500 0.525333 0.533000 0.525667 0.527250 0.525333 0.524750 0.522000 0.518750 0.519000 0.517000
0 0.701333 0.627250 0.701333 0.630500 0.713333 0.638250 0.720333 0.639750 0.725333 0.639500 0.729333 0.638500 0.731667 0.635500 0.731000 0.633250 0.728333 0.631250 0.722000 0.627750 0.717667 0.626250 0.704333 0.626000
0 0.655000 0.622000 0.650667 0.622000 0.646000 0.624250 0.644000 0.626750 0.642333 0.632500 0.642333 0.636250 0.645667 0.643000 0.650667 0.645750 0.653667 0.645000 0.656000 0.643250 0.659667 0.639000 0.661333 0.634250 0.660667 0.626250 0.659333 0.624500
0 0.621333 0.618250 0.618000 0.620000 0.616333 0.622500 0.616667 0.627250 0.618333 0.632000 0.623667 0.639000 0.628000 0.642750 0.630000 0.643500 0.634000 0.643250 0.635667 0.642250 0.637000 0.638750 0.637333 0.635000 0.636333 0.632500 0.631000 0.624250 0.624000 0.618250
0 0.639333 0.663000 0.635000 0.663250 0.631000 0.665000 0.626667 0.669500 0.624667 0.682750 0.626000 0.685750 0.627333 0.686500 0.634333 0.687500 0.638333 0.686500 0.640000 0.684750 0.644000 0.674750 0.644333 0.668750 0.643000 0.664750
0 0.538000 0.750250 0.534000 0.748250 0.530000 0.747500 0.525000 0.747750 0.516667 0.749500 0.512667 0.751250 0.509667 0.753750 0.508667 0.755500 0.509000 0.759750 0.510333 0.761250 0.514333 0.763000 0.522000 0.763250 0.529000 0.762000 0.537667 0.757500 0.538667 0.756000 0.538667 0.751500
