0 0.490333 0.330250 0.489333 0.329250 0.484333 0.328000 0.477333 0.328250 0.468000 0.329500 0.462333 0.332250 0.455333 0.337250 0.456000 0.340500 0.458000 0.342750 0.463333 0.344000 0.467667 0.344000 0.481667 0.341500 0.486333 0.339250 0.488667 0.337250 0.490333 0.334750
0 0.512667 0.342000 0.509000 0.343750 0.507333 0.346750 0.506667 0.350750 0.507333 0.360500 0.509000 0.365500 0.513667 0.370000 0.517667 0.370000 0.519667 0.368500 0.522000 0.365000 0.522667 0.362250 0.522667 0.352000 0.520000 0.345250 0.514333 0.342000
0 0.466000 0.348500 0.463333 0.350250 0.462000 0.352750 0.461667 0.362250 0.468000 0.373750 0.470333 0.375250 0.475000 0.375500 0.478000 0.373500 0.480000 0.369750 0.479333 0.360750 0.476000 0.353500 0.474333 0.351500 0.469667 0.349000
0 0.425333 0.350250 0.423333 0.350750 0.420000 0.353500 0.419000 0.356500 0.419333 0.363000 0.422000 0.369750 0.424000 0.372750 0.427667 0.375000 0.432667 0.375250 0.435333 0.374000 0.436333 0.372000 0.436667 0.365000 0.435667 0.358250 0.432333 0.352500 0.428000 0.350250
0 0.533667 0.338000 0.532000 0.339000 0.528667 0.345750 0.529333 0.354000 0.531333 0.358500 0.537000 0.365750 0.540667 0.368000 0.544333 0.367750 0.545667 0.367000 0.547000 0.365000 0.548000 0.359250 0.547667 0.353750 0.545667 0.346250 0.543667 0.343000 0.538000 0.338250
0 0.561333 0.376500 0.559333 0.376750 0.556000 0.378750 0.553667 0.383500 0.553000 0.386750 0.553333 0.393750 0.554667 0.399750 0.556000 0.401500 0.559333 0.402000 0.561667 0.401500 0.565667 0.398250 0.568000 0.391750 0.568000 0.384250 0.566667 0.381000 0.564333 0.377500
0 0.545000 0.396000 0.540333 0.396250 0.535000 0.400250 0.533333 0.402500 0.531000 0.411000 0.531667 0.416000 0.533333 0.417500 0.537667 0.417750 0.544000 0.412750 0.545667 0.410500 0.547667 0.405000 0.547667 0.399500 0.546333 0.397000
0 0.474333 0.380750 0.470333 0.381500 0.467333 0.384250 0.463333 0.392500 0.463000 0.398250 0.463667 0.401250 0.466000 0.405250 0.467333 0.406250 0.470000 0.407000 0.474000 0.406750 0.476000 0.405750 0.479667 0.401000 0.481000 0.397000 0.481000 0.388750 0.480000 0.384750 0.477667 0.382500
0 0.467000 0.422500 0.465333 0.423250 0.462667 0.427250 0.462000 0.431500 0.462333 0.436500 0.464000 0.440750 0.467000 0.444750 0.468333 0.445750 0.471333 0.446500 0.474333 0.445750 0.476333 0.444000 0.478000 0.439750 0.478000 0.432500 0.474333 0.424250 0.470667 0.422500
0 0.430667 0.432000 0.429333 0.435750 0.431000 0.438750 0.439667 0.444000 0.446000 0.445750 0.455333 0.447250 0.459000 0.447000 0.460667 0.445750 0.461667 0.444250 0.461667 0.442000 0.460000 0.438500 0.451667 0.433750 0.444667 0.431250 0.439333 0.430500 0.435000 0.430500
0 0.512333 0.445500 0.509000 0.446500 0.506667 0.450000 0.505333 0.453750 0.505667 0.459500 0.509333 0.468250 0.513667 0.470750 0.518333 0.471000 0.522000 0.469250 0.523333 0.466750 0.523333 0.459500 0.522333 0.453500 0.521000 0.450750 0.518333 0.447750 0.514333 0.445500
0 0.541333 0.446250 0.537667 0.446250 0.535000 0.447750 0.532333 0.450750 0.530667 0.455500 0.530333 0.464500 0.531667 0.467250 0.535667 0.468750 0.538000 0.468750 0.541000 0.467000 0.543667 0.463250 0.545333 0.459250 0.545000 0.450750 0.543000 0.447500
0 0.553000 0.416500 0.552000 0.417000 0.550000 0.420250 0.550333 0.427500 0.554333 0.433500 0.557000 0.435250 0.560333 0.435500 0.561667 0.434750 0.563333 0.432250 0.563333 0.428500 0.562000 0.423250 0.558667 0.418750 0.556333 0.417000
0 0.623000 0.508000 0.619000 0.510250 0.617667 0.512750 0.617000 0.522750 0.618333 0.529500 0.619667 0.531000 0.623667 0.533000 0.627000 0.532000 0.630000 0.529000 0.631667 0.525500 0.632667 0.517000 0.631667 0.513500 0.629333 0.510250 0.626667 0.508500
0 0.356667 0.487000 0.353667 0.489250 0.351667 0.493000 0.350333 0.497500 0.350333 0.502750 0.353000 0.510000 0.354333 0.510750 0.358000 0.511000 0.361667 0.507750 0.363333 0.505000 0.364000 0.502750 0.364000 0.496250 0.361667 0.489750 0.359000 0.487500
0 0.405000 0.520500 0.403667 0.520500 0.399667 0.522250 0.397000 0.524750 0.394333 0.530000 0.393667 0.540000 0.395000 0.543750 0.397000 0.545500 0.401000 0.545750 0.404667 0.544000 0.410000 0.533250 0.410667 0.530000 0.410333 0.525000 0.408667 0.522500
0 0.442667 0.560750 0.440333 0.562500 0.439333 0.564500 0.439667 0.570250 0.442000 0.576250 0.445667 0.582000 0.448000 0.584250 0.451000 0.585500 0.454333 0.585250 0.456000 0.584500 0.457667 0.581000 0.457667 0.576500 0.456333 0.571750 0.451667 0.563750 0.446667 0.561000
0 0.494333 0.575500 0.493000 0.576250 0.490667 0.580500 0.489333 0.586750 0.489667 0.592250 0.492667 0.599250 0.494000 0.600250 0.498000 0.600500 0.499667 0.599500 0.502333 0.595250 0.503333 0.587250 0.501000 0.580000 0.497667 0.575750
0 0.458667 0.590500 0.454000 0.590500 0.451333 0.591250 0.447333 0.593250 0.444667 0.596250 0.441000 0.604750 0.441000 0.611750 0.442000 0.614750 0.443667 0.616500 0.448333 0.617000 0.451333 0.616250 0.455667 0.612250 0.459000 0.607750 0.461333 0.599750 0.461333 0.594500
0 0.389667 0.569250 0.384000 0.570250 0.379667 0.573250 0.376333 0.576750 0.374333 0.581250 0.373000 0.587000 0.373667 0.590250 0.376333 0.592750 0.380000 0.592750 0.382333 0.591750 0.387333 0.588500 0.389333 0.586000 0.393000 0.574500 0.392667 0.571000
0 0.388000 0.591500 0.384333 0.591250 0.377667 0.593750 0.376333 0.595000 0.374667 0.602500 0.374667 0.611000 0.377000 0.615250 0.380667 0.615500 0.382000 0.615000 0.386000 0.611750 0.388000 0.608750 0.389333 0.605500 0.390000 0.601000 0.390000 0.594750 0.389333 0.592750
0 0.413000 0.609000 0.409000 0.609000 0.405667 0.610250 0.403667 0.611750 0.398333 0.618500 0.397000 0.622500 0.396667 0.627750 0.397667 0.631750 0.399667 0.633500 0.401667 0.633750 0.405333 0.633000 0.412333 0.627750 0.413333 0.626250 0.417000 0.616750 0.416667 0.611000
0 0.440333 0.625000 0.440000 0.627250 0.446667 0.632750 0.459000 0.639000 0.467000 0.639000 0.474667 0.635500 0.474667 0.634000 0.472333 0.630250 0.467667 0.626500 0.465667 0.625750 0.455000 0.623500 0.451667 0.622250 0.444333 0.622500 0.441667 0.623500
0 0.478333 0.639250 0.475333 0.637250 0.474000 0.637000 0.467333 0.638750 0.463000 0.638750 0.459000 0.640250 0.455333 0.640750 0.453667 0.642000 0.449667 0.648000 0.449000 0.651250 0.451333 0.653250 0.455333 0.654250 0.460000 0.654250 0.467667 0.652250 0.471000 0.650750 0.477000 0.646250 0.479000 0.642750
0 0.547000 0.612000 0.544667 0.610750 0.540333 0.610500 0.533000 0.613250 0.528333 0.617250 0.525000 0.622500 0.525667 0.627000 0.528333 0.628000 0.533333 0.627750 0.537667 0.626500 0.542667 0.624000 0.545333 0.622000 0.548667 0.616500 0.548667 0.614250
0 0.558667 0.670250 0.556333 0.671000 0.553000 0.674000 0.551333 0.678000 0.550667 0.682750 0.551667 0.687500 0.556000 0.693250 0.560000 0.693750 0.562000 0.693000 0.566000 0.690000 0.567667 0.685000 0.568000 0.681000 0.565333 0.673000 0.561000 0.670250
0 0.548333 0.688500 0.545667 0.687000 0.540333 0.687000 0.532667 0.688000 0.527667 0.689750 0.516667 0.696500 0.515333 0.699750 0.515333 0.701750 0.517667 0.703500 0.521333 0.703750 0.528667 0.703250 0.536667 0.701000 0.547667 0.693250 0.548667 0.691000
0 0.495000 0.702500 0.490667 0.703500 0.489000 0.704500 0.486667 0.707750 0.485333 0.713000 0.485667 0.721750 0.486667 0.725000 0.489333 0.728250 0.491000 0.729500 0.493000 0.730000 0.494667 0.729750 0.499333 0.725250 0.502000 0.718250 0.502000 0.712500 0.500000 0.705500 0.498000 0.703000
0 0.436333 0.673000 0.434000 0.672000 0.429667 0.671750 0.423667 0.672250 0.414333 0.674250 0.404000 0.681250 0.403333 0.683000 0.403667 0.686000 0.407333 0.687250 0.416333 0.687250 0.424333 0.685000 0.427333 0.683750 0.435333 0.678750 0.436333 0.677000
0 0.557000 0.727750 0.555667 0.728500 0.554333 0.731500 0.554333 0.736000 0.556333 0.743000 0.559000 0.747500 0.561333 0.749750 0.564000 0.751000 0.567667 0.750750 0.570000 0.748500 0.570667 0.744750 0.570333 0.737750 0.569333 0.734500 0.567333 0.732000 0.561000 0.727750
