0 0.337333 0.619250 0.335333 0.621000 0.334333 0.623000 0.334333 0.628000 0.336000 0.632500 0.338000 0.635250 0.343333 0.639000 0.345000 0.639500 0.349333 0.639000 0.351000 0.637750 0.352667 0.635000 0.352667 0.631250 0.351333 0.626750 0.350333 0.625250 0.342333 0.619500
0 0.454000 0.615250 0.451333 0.616250 0.448667 0.619000 0.447333 0.622250 0.447333 0.627250 0.449000 0.631750 0.451333 0.635500 0.454667 0.638000 0.459000 0.638250 0.462667 0.635750 0.463667 0.634250 0.464667 0.629750 0.464333 0.624750 0.463333 0.621750 0.460000 0.617000 0.456333 0.615250
0 0.440333 0.594000 0.438667 0.593750 0.431667 0.595250 0.425333 0.602250 0.424000 0.605750 0.424000 0.611750 0.426667 0.613750 0.432000 0.613750 0.435333 0.612500 0.440000 0.607750 0.442000 0.604000 0.442667 0.600250 0.442000 0.595750
0 0.459000 0.651250 0.454000 0.652000 0.450333 0.655500 0.449000 0.658250 0.448667 0.664250 0.449667 0.669250 0.451333 0.672000 0.455000 0.675250 0.459000 0.675250 0.462667 0.673500 0.465333 0.670750 0.466333 0.667250 0.466333 0.661250 0.464667 0.655500 0.463667 0.654000
0 0.540333 0.641750 0.538000 0.643250 0.536667 0.646000 0.537000 0.650000 0.539667 0.657750 0.542667 0.662000 0.545667 0.664500 0.548333 0.665750 0.552333 0.665500 0.555000 0.662750 0.555667 0.658750 0.555000 0.654000 0.553333 0.649750 0.546000 0.642250
0 0.482667 0.684750 0.479000 0.685000 0.473333 0.688000 0.471000 0.691000 0.468667 0.699250 0.468667 0.705500 0.469667 0.709000 0.471000 0.710000 0.474667 0.709750 0.478333 0.708000 0.482667 0.704750 0.484333 0.702250 0.486667 0.694000 0.487000 0.689000 0.485000 0.686000
0 0.501000 0.717250 0.497667 0.713750 0.495667 0.713250 0.489000 0.713250 0.478333 0.715250 0.471000 0.717750 0.469000 0.720250 0.469000 0.722000 0.470000 0.724500 0.474000 0.726250 0.484333 0.727500 0.490000 0.727250 0.497000 0.725500 0.499000 0.724250 0.501333 0.720750
0 0.537333 0.719500 0.536000 0.720750 0.535667 0.725750 0.540000 0.736000 0.543667 0.740500 0.546000 0.742250 0.549000 0.743500 0.552333 0.743000 0.554667 0.740500 0.555333 0.738000 0.555333 0.733500 0.553333 0.727250 0.548000 0.721250 0.545667 0.719500 0.543333 0.719000
0 0.481667 0.770250 0.481000 0.771500 0.481333 0.776000 0.484667 0.779750 0.486333 0.780750 0.497667 0.783750 0.503667 0.784250 0.507000 0.783750 0.511000 0.780000 0.511000 0.778250 0.509333 0.775000 0.503333 0.772500 0.501333 0.770750 0.497667 0.769000 0.493333 0.768000 0.488000 0.768000 0.483667 0.769000
0 0.385333 0.752250 0.381000 0.750250 0.370667 0.750250 0.365333 0.751250 0.362333 0.752500 0.359000 0.755500 0.357667 0.758250 0.357667 0.760500 0.360000 0.762250 0.363333 0.763000 0.368667 0.763000 0.374333 0.762000 0.378333 0.760500 0.385000 0.756250
0 0.458000 0.584500 0.455000 0.585500 0.452000 0.587750 0.449000 0.594000 0.448667 0.598250 0.449333 0.604000 0.452333 0.609250 0.456333 0.612000 0.459667 0.612500 0.464000 0.610000 0.466667 0.606500 0.467667 0.603750 0.467667 0.595750 0.466667 0.591500 0.464667 0.587500 0.462333 0.585750 0.459333 0.584500
0 0.419667 0.637750 0.417667 0.637250 0.411667 0.637750 0.408333 0.639750 0.407000 0.641500 0.404667 0.651000 0.405667 0.654750 0.408000 0.656500 0.413000 0.656750 0.417667 0.654500 0.420333 0.651250 0.421667 0.642500 0.421000 0.639000
0 0.453333 0.579000 0.450333 0.577250 0.447000 0.576750 0.439333 0.577000 0.432333 0.578750 0.429000 0.580250 0.424333 0.584000 0.423333 0.587000 0.423667 0.588750 0.429000 0.592500 0.435667 0.593000 0.442000 0.591500 0.452000 0.585000 0.454000 0.581250
0 0.368000 0.587250 0.365333 0.588500 0.362333 0.593250 0.361667 0.595250 0.361667 0.603000 0.363000 0.606750 0.367000 0.611500 0.369333 0.612750 0.373333 0.612750 0.374667 0.612000 0.378333 0.607500 0.379000 0.604000 0.378333 0.595750 0.374333 0.588250 0.372667 0.587250
0 0.345000 0.587250 0.343000 0.588500 0.341000 0.591000 0.340333 0.594750 0.340667 0.600000 0.343333 0.607750 0.345000 0.610000 0.349000 0.612000 0.352667 0.611750 0.357000 0.609500 0.358667 0.607000 0.359000 0.598000 0.358333 0.595250 0.355667 0.591500 0.350000 0.587500
0 0.349000 0.352500 0.345333 0.352500 0.344000 0.353000 0.340000 0.356500 0.337000 0.361000 0.335333 0.368750 0.335333 0.373750 0.337000 0.377250 0.341000 0.378750 0.345667 0.378250 0.348667 0.377000 0.351000 0.374750 0.352333 0.372250 0.354333 0.364500 0.354000 0.358000 0.351000 0.353500
0 0.364667 0.357500 0.361667 0.358500 0.359667 0.360750 0.357333 0.369500 0.357667 0.372250 0.361667 0.379000 0.365667 0.381000 0.369667 0.381250 0.373333 0.379000 0.376000 0.372750 0.375667 0.365500 0.374000 0.360500 0.372000 0.358750 0.369667 0.357750
0 0.401667 0.376000 0.402667 0.380250 0.404667 0.382000 0.408667 0.383750 0.414000 0.385000 0.424333 0.384750 0.428000 0.383250 0.430667 0.380750 0.430667 0.377000 0.429000 0.374750 0.427000 0.373500 0.419667 0.371250 0.408333 0.371500 0.405333 0.372250 0.403333 0.373250
0 0.365333 0.386500 0.361667 0.388750 0.360667 0.390750 0.360000 0.401750 0.360667 0.404750 0.363000 0.408750 0.366000 0.410500 0.370000 0.411000 0.373333 0.409000 0.374333 0.406500 0.375000 0.402000 0.374667 0.394000 0.372667 0.388250 0.370000 0.386750
0 0.419333 0.407500 0.415667 0.408000 0.412667 0.411000 0.410333 0.416000 0.410333 0.420500 0.411333 0.425500 0.415000 0.431500 0.416333 0.432250 0.419667 0.432750 0.423333 0.431500 0.426333 0.428250 0.427667 0.424250 0.427667 0.415750 0.424000 0.409750 0.422000 0.408250
0 0.407667 0.436250 0.403667 0.439250 0.403000 0.442750 0.403667 0.450500 0.405667 0.454750 0.408667 0.458750 0.413000 0.460750 0.417000 0.461000 0.420000 0.459500 0.421000 0.456250 0.421000 0.448750 0.419667 0.443000 0.416333 0.438250 0.412000 0.436500
0 0.391000 0.429000 0.387667 0.429250 0.384000 0.431250 0.381667 0.435500 0.380667 0.439750 0.381000 0.448000 0.382000 0.452000 0.383667 0.455000 0.385333 0.456000 0.388000 0.456500 0.392667 0.455250 0.395333 0.451750 0.397333 0.446250 0.398333 0.439750 0.398333 0.435500 0.396667 0.431250 0.394667 0.430000
0 0.354667 0.443000 0.350000 0.442250 0.346000 0.443500 0.338000 0.450500 0.335333 0.454250 0.333333 0.459250 0.333000 0.462750 0.334333 0.464750 0.337333 0.465750 0.342333 0.465250 0.345667 0.463750 0.351000 0.460000 0.355000 0.454750 0.356667 0.450000 0.356667 0.446250
0 0.497667 0.446000 0.494000 0.447750 0.491667 0.451250 0.490333 0.456500 0.490000 0.464750 0.491667 0.471000 0.493333 0.473500 0.494667 0.474500 0.498667 0.475500 0.501667 0.474250 0.506333 0.470000 0.508333 0.463750 0.508333 0.457250 0.507000 0.451750 0.505667 0.449750 0.502000 0.447000
0 0.413667 0.470500 0.411000 0.470500 0.408333 0.471500 0.403333 0.477000 0.402667 0.478500 0.402667 0.484250 0.403333 0.487000 0.404667 0.488250 0.409000 0.487750 0.412333 0.485250 0.414667 0.481750 0.416333 0.478000 0.417000 0.474000 0.415667 0.471250
0 0.396667 0.504000 0.392000 0.504000 0.389667 0.505000 0.384000 0.509250 0.381333 0.513500 0.379667 0.519000 0.380000 0.524500 0.381667 0.527250 0.384333 0.528750 0.388667 0.528750 0.392333 0.527000 0.396333 0.523750 0.398000 0.521500 0.400000 0.513500 0.400000 0.509000 0.399000 0.506250
0 0.370000 0.538750 0.365000 0.538000 0.359667 0.539750 0.357333 0.541500 0.353000 0.548500 0.352333 0.552250 0.352667 0.558500 0.353667 0.560500 0.357667 0.562750 0.361667 0.562750 0.366000 0.561750 0.372333 0.553500 0.373333 0.549000 0.373333 0.542750 0.372667 0.540500
0 0.267000 0.537500 0.265000 0.540500 0.265667 0.545750 0.268000 0.549750 0.273667 0.554000 0.283667 0.559000 0.288333 0.559250 0.292000 0.558500 0.293667 0.556750 0.293000 0.552500 0.291667 0.549500 0.286667 0.544000 0.279000 0.538750 0.272333 0.537250
0 0.254667 0.592500 0.251667 0.593250 0.248000 0.596000 0.247000 0.598750 0.247000 0.604250 0.248000 0.608000 0.251333 0.614750 0.255000 0.616750 0.258667 0.616750 0.260667 0.616250 0.264333 0.612750 0.265667 0.608500 0.265667 0.602250 0.263333 0.595250 0.260333 0.593250
0 0.311333 0.585000 0.306667 0.584750 0.301000 0.586500 0.294667 0.591750 0.291333 0.595750 0.290333 0.599000 0.290333 0.604500 0.291667 0.606000 0.294000 0.607000 0.299333 0.606250 0.303000 0.604750 0.309667 0.599250 0.311333 0.596500 0.313000 0.589500 0.312667 0.586750
0 0.427333 0.664750 0.424667 0.663500 0.421333 0.663500 0.415667 0.664250 0.407333 0.667250 0.399667 0.673500 0.398667 0.676750 0.399000 0.678250 0.400333 0.679250 0.404333 0.680500 0.411333 0.680500 0.419333 0.678250 0.424667 0.674500 0.427667 0.670500 0.428000 0.666000
0 0.365333 0.697500 0.362000 0.696250 0.357667 0.696750 0.352667 0.698250 0.346000 0.701500 0.338000 0.708250 0.337000 0.711500 0.337333 0.713500 0.341000 0.715250 0.349667 0.714500 0.357667 0.711250 0.362667 0.706750 0.366000 0.702000
0 0.325333 0.665000 0.324000 0.662750 0.322333 0.661500 0.318333 0.660250 0.307333 0.660000 0.300333 0.661250 0.293333 0.663500 0.289667 0.665500 0.287333 0.669500 0.287667 0.672750 0.288333 0.674000 0.291333 0.675500 0.304667 0.675500 0.311333 0.674750 0.321333 0.670500 0.324667 0.667500
0 0.388667 0.629750 0.385333 0.630750 0.382333 0.634000 0.381333 0.642500 0.382333 0.649250 0.384000 0.653000 0.387333 0.655500 0.391000 0.656000 0.396333 0.655250 0.398000 0.654000 0.399667 0.650750 0.400667 0.643000 0.399667 0.638250 0.397000 0.633250 0.392667 0.630500
