0 0.537667 0.312000 0.533667 0.312750 0.532000 0.314000 0.528333 0.323250 0.528667 0.333500 0.532000 0.339250 0.536000 0.341250 0.537667 0.341250 0.544333 0.335250 0.545333 0.333500 0.546000 0.329500 0.546000 0.322250 0.544333 0.315250 0.541667 0.312750
0 0.467333 0.312750 0.465333 0.314000 0.464333 0.317500 0.464333 0.322500 0.466000 0.329000 0.470333 0.336250 0.474667 0.339000 0.478667 0.339000 0.481667 0.337000 0.483333 0.333500 0.483333 0.327750 0.482000 0.321500 0.475667 0.313750 0.470667 0.312500
0 0.497000 0.333250 0.492667 0.336000 0.490667 0.339250 0.489333 0.343750 0.489333 0.351250 0.490000 0.354000 0.492333 0.356250 0.495000 0.357250 0.498333 0.357500 0.501333 0.354000 0.503000 0.350250 0.504000 0.342250 0.503333 0.338000 0.501667 0.335250 0.499000 0.333250
0 0.516667 0.773500 0.512667 0.775500 0.510667 0.779750 0.510000 0.785000 0.510333 0.787500 0.512667 0.792250 0.514333 0.793500 0.518000 0.794250 0.520667 0.793250 0.522333 0.792000 0.524333 0.785250 0.524333 0.779750 0.522333 0.775250 0.521000 0.774250
0 0.423333 0.750750 0.421000 0.752250 0.418333 0.759000 0.418667 0.767250 0.421333 0.772500 0.424333 0.774000 0.428000 0.774250 0.432000 0.772000 0.434000 0.768000 0.434333 0.759000 0.431333 0.752750 0.428667 0.751000
0 0.465333 0.727500 0.462333 0.728750 0.460667 0.731750 0.460333 0.736750 0.461667 0.744250 0.466667 0.752250 0.469000 0.754500 0.471333 0.756000 0.475000 0.756250 0.478333 0.753250 0.479333 0.751250 0.479667 0.744250 0.476667 0.735500 0.474333 0.732250 0.468000 0.727750
0 0.588333 0.690000 0.584000 0.690000 0.580333 0.692750 0.577333 0.697250 0.576000 0.701750 0.575667 0.705750 0.579000 0.713250 0.580667 0.714750 0.583667 0.716000 0.586333 0.715500 0.591333 0.712750 0.593333 0.708750 0.593333 0.695500 0.591667 0.692000
0 0.498000 0.703250 0.493667 0.703250 0.491333 0.704500 0.485333 0.712750 0.484667 0.716000 0.485333 0.724750 0.488333 0.729250 0.490333 0.730750 0.493667 0.730250 0.495000 0.729500 0.498333 0.726250 0.499667 0.723500 0.501667 0.716000 0.502000 0.708250 0.500667 0.705000
0 0.310000 0.621750 0.308333 0.624750 0.308333 0.629250 0.309000 0.631250 0.312333 0.635250 0.314000 0.638500 0.321667 0.644000 0.326333 0.643750 0.329000 0.639750 0.329333 0.635250 0.326000 0.628000 0.324000 0.626000 0.317333 0.622500 0.314000 0.621500
0 0.384667 0.650000 0.382333 0.650750 0.380333 0.652250 0.378667 0.655000 0.378000 0.657250 0.378000 0.665500 0.379333 0.669500 0.381333 0.671750 0.384667 0.673000 0.388667 0.673000 0.391667 0.670750 0.393000 0.668500 0.394333 0.662500 0.394000 0.657750 0.389333 0.651250 0.388000 0.650500
0 0.490333 0.645750 0.485667 0.649500 0.484667 0.657500 0.485000 0.661750 0.486333 0.666000 0.489333 0.670750 0.491000 0.671750 0.494667 0.672250 0.497667 0.671500 0.499667 0.669750 0.501667 0.663000 0.502000 0.657750 0.500000 0.650500 0.498667 0.648500 0.494667 0.646000
0 0.469333 0.656750 0.465667 0.658500 0.463333 0.662500 0.462333 0.666500 0.462333 0.670250 0.464333 0.677250 0.466667 0.681250 0.470000 0.683750 0.472000 0.683750 0.475333 0.682250 0.478333 0.677250 0.479333 0.674250 0.479333 0.665000 0.475333 0.658250 0.472000 0.656750
0 0.399667 0.590500 0.396000 0.592250 0.394333 0.594750 0.393667 0.604750 0.394667 0.608000 0.397667 0.612500 0.400000 0.614500 0.404000 0.615000 0.406667 0.612750 0.409000 0.607750 0.409000 0.598750 0.408000 0.595500 0.405000 0.592000 0.402333 0.590750
0 0.450000 0.609000 0.447667 0.609500 0.446333 0.610500 0.443333 0.618500 0.443000 0.625500 0.444333 0.630000 0.446667 0.634250 0.450333 0.636500 0.452000 0.636750 0.456333 0.635500 0.460333 0.631250 0.461333 0.627500 0.461333 0.618500 0.458667 0.611500 0.455667 0.609500
0 0.459667 0.585750 0.455000 0.585500 0.451000 0.587000 0.445667 0.591000 0.441667 0.595000 0.439667 0.599000 0.439333 0.604500 0.440667 0.607250 0.443000 0.609250 0.447000 0.609000 0.451000 0.607500 0.459667 0.598000 0.462000 0.591750 0.461667 0.587750
0 0.319000 0.567000 0.317333 0.567000 0.313667 0.569000 0.311000 0.572000 0.310000 0.574750 0.309667 0.585000 0.311000 0.587000 0.313333 0.588250 0.315333 0.588250 0.318667 0.586000 0.322333 0.579750 0.323000 0.571500 0.321667 0.569250
0 0.423000 0.550250 0.419667 0.552000 0.417333 0.556750 0.417333 0.562000 0.418000 0.565250 0.420000 0.569000 0.423000 0.570750 0.426000 0.570750 0.428000 0.570250 0.430333 0.568000 0.431667 0.565000 0.431667 0.559500 0.431000 0.556000 0.428333 0.551500 0.427333 0.550750
0 0.551000 0.566500 0.550333 0.568000 0.551000 0.572500 0.556333 0.576750 0.567000 0.579000 0.575667 0.579250 0.582333 0.578000 0.585333 0.576250 0.586000 0.573750 0.585333 0.570750 0.580000 0.566500 0.576667 0.564750 0.573333 0.564000 0.556667 0.563750 0.552667 0.564750
0 0.533000 0.560250 0.529000 0.564750 0.528333 0.572250 0.531000 0.580250 0.533000 0.583750 0.536000 0.585000 0.538000 0.585000 0.540667 0.584000 0.543667 0.580750 0.544000 0.571750 0.540667 0.563500 0.537667 0.560750
0 0.485667 0.539250 0.485333 0.542750 0.486667 0.545750 0.494333 0.550250 0.504333 0.553500 0.509333 0.553250 0.513333 0.551750 0.514667 0.549500 0.513667 0.545500 0.512333 0.543750 0.507333 0.540000 0.497667 0.537000 0.489667 0.537000 0.487000 0.538000
0 0.467333 0.532750 0.465667 0.534000 0.464667 0.537000 0.465333 0.543750 0.469667 0.553000 0.470333 0.553500 0.473333 0.553500 0.475333 0.552750 0.477000 0.549500 0.477000 0.540000 0.474333 0.534750 0.471333 0.532750
0 0.322667 0.518000 0.318667 0.518500 0.315333 0.520250 0.310000 0.525750 0.307000 0.532250 0.306333 0.536000 0.306333 0.541250 0.307000 0.542250 0.310000 0.543750 0.313667 0.543500 0.317000 0.542000 0.325333 0.532750 0.327000 0.528250 0.327000 0.521500 0.326000 0.519750
0 0.353000 0.511750 0.349000 0.514000 0.346333 0.517500 0.345333 0.523000 0.345667 0.529250 0.347667 0.534750 0.349667 0.537500 0.353333 0.539500 0.358000 0.539500 0.361667 0.536500 0.363667 0.533000 0.365000 0.527500 0.365000 0.521000 0.364000 0.517500 0.362000 0.515000 0.357333 0.511750
0 0.385000 0.527750 0.385000 0.529750 0.387000 0.531250 0.389667 0.532250 0.395000 0.533000 0.404000 0.533000 0.408667 0.531500 0.411667 0.529250 0.411000 0.525750 0.409000 0.524500 0.404333 0.523250 0.395667 0.523250 0.389000 0.524250 0.385667 0.526000
0 0.464000 0.443000 0.463333 0.443500 0.463333 0.447750 0.466667 0.455000 0.470000 0.460000 0.478000 0.464500 0.481667 0.463750 0.482667 0.462250 0.482667 0.458250 0.481333 0.454750 0.476333 0.450250 0.474000 0.446500 0.467333 0.442500
0 0.364667 0.424250 0.361667 0.424500 0.357667 0.426000 0.352667 0.430250 0.348667 0.436000 0.347000 0.439500 0.346667 0.445750 0.347667 0.448500 0.349667 0.450000 0.354000 0.450250 0.358000 0.449000 0.362000 0.446500 0.366000 0.442250 0.369000 0.435250 0.369333 0.429750 0.368333 0.427000
0 0.399667 0.461500 0.398333 0.462750 0.398667 0.467250 0.408667 0.476500 0.416333 0.481000 0.424000 0.481500 0.426333 0.480000 0.427333 0.478000 0.425667 0.473250 0.424333 0.471000 0.420667 0.468250 0.411000 0.462500 0.405333 0.461000
0 0.444667 0.415500 0.442667 0.415750 0.439000 0.418750 0.436667 0.426250 0.436333 0.432250 0.437000 0.436750 0.438667 0.440250 0.442333 0.441750 0.446333 0.441250 0.449333 0.440000 0.452333 0.436500 0.453000 0.434000 0.453000 0.426750 0.451667 0.420500 0.447333 0.416000
0 0.462667 0.422500 0.461667 0.423750 0.461667 0.428750 0.466667 0.437500 0.470000 0.441000 0.475333 0.444000 0.478000 0.444750 0.482000 0.444000 0.483000 0.442750 0.483333 0.438000 0.482667 0.435000 0.480000 0.430250 0.474000 0.425000 0.467333 0.422500
0 0.495667 0.450500 0.495333 0.452500 0.496333 0.455500 0.503000 0.459250 0.515333 0.460250 0.520333 0.459500 0.522333 0.458000 0.523000 0.454500 0.522000 0.453000 0.514000 0.449500 0.506333 0.448000 0.501000 0.448000 0.498000 0.448750
0 0.559667 0.435750 0.556333 0.435750 0.552000 0.438750 0.549333 0.446500 0.550667 0.454750 0.554000 0.458500 0.556667 0.460000 0.560333 0.459500 0.561333 0.458750 0.563667 0.454750 0.565333 0.448750 0.564667 0.440000 0.561667 0.436750
0 0.510000 0.414750 0.508000 0.416250 0.507333 0.419000 0.508000 0.432500 0.509333 0.435000 0.510667 0.436000 0.513333 0.437000 0.517333 0.437000 0.521000 0.435500 0.522333 0.433500 0.523333 0.428750 0.523000 0.420500 0.522000 0.418500 0.519000 0.416750 0.514333 0.415000
0 0.475333 0.395000 0.473667 0.395000 0.470000 0.396750 0.467667 0.400250 0.466333 0.404750 0.465667 0.416750 0.467000 0.419750 0.469667 0.421250 0.474000 0.421250 0.475333 0.420500 0.480667 0.413000 0.482333 0.408250 0.482667 0.403500 0.482000 0.400250 0.479667 0.397000
0 0.556000 0.345750 0.553000 0.347500 0.551333 0.351000 0.551000 0.355000 0.552333 0.361500 0.556000 0.368000 0.560333 0.370750 0.564333 0.370500 0.566333 0.369250 0.568667 0.365000 0.569000 0.361750 0.566000 0.352750 0.561667 0.347500 0.559333 0.346000
0 0.470667 0.341500 0.467000 0.342000 0.463667 0.344750 0.462333 0.347000 0.461000 0.352500 0.461000 0.362000 0.462333 0.364750 0.466000 0.366750 0.467333 0.366750 0.470333 0.365250 0.474000 0.361750 0.476333 0.355750 0.476000 0.344750 0.474667 0.342750
0 0.485333 0.361500 0.484333 0.364000 0.485000 0.368500 0.489667 0.373750 0.503000 0.378250 0.510333 0.378500 0.514000 0.377000 0.514667 0.373250 0.512667 0.369750 0.498667 0.361250 0.495000 0.360250 0.486667 0.360750
