0 0.487667 0.623000 0.488333 0.625000 0.490667 0.627500 0.494000 0.629000 0.498667 0.629750 0.506000 0.629500 0.514333 0.628000 0.517000 0.626750 0.520000 0.623750 0.519667 0.621000 0.517667 0.618500 0.508000 0.616500 0.499333 0.616750 0.494333 0.617750 0.489667 0.620250
0 0.626667 0.603250 0.622667 0.603250 0.618333 0.606500 0.616000 0.611500 0.615000 0.621000 0.615667 0.624000 0.618000 0.627500 0.622667 0.629750 0.626667 0.629250 0.629333 0.627750 0.632000 0.623250 0.633000 0.619250 0.633000 0.611250 0.630667 0.606250
0 0.571000 0.611500 0.568667 0.614250 0.568667 0.616250 0.570333 0.620750 0.572333 0.623750 0.580000 0.629250 0.583667 0.630500 0.588667 0.630000 0.591667 0.628000 0.592333 0.626500 0.591667 0.622000 0.589333 0.618250 0.584667 0.614250 0.577000 0.610750 0.573333 0.610750
0 0.555667 0.617000 0.551333 0.619500 0.549333 0.622750 0.548667 0.627750 0.549000 0.631250 0.551333 0.636250 0.553333 0.638250 0.555667 0.639250 0.557667 0.639250 0.560333 0.638250 0.561667 0.636750 0.563667 0.631000 0.564000 0.625750 0.561667 0.618500 0.559333 0.617250
0 0.537000 0.658750 0.532333 0.660250 0.524667 0.669000 0.523333 0.673000 0.524000 0.678250 0.525667 0.679500 0.529333 0.677750 0.537667 0.669000 0.539000 0.661750
0 0.538333 0.674250 0.536000 0.674500 0.533333 0.676500 0.529667 0.681000 0.527667 0.685000 0.528333 0.693250 0.529333 0.695000 0.533000 0.697750 0.537667 0.696750 0.542000 0.693000 0.544667 0.688500 0.545333 0.683250 0.544667 0.678250 0.541333 0.675000
0 0.573667 0.712250 0.571667 0.710000 0.568333 0.708750 0.564667 0.708250 0.556667 0.708500 0.550333 0.710250 0.546000 0.712250 0.544667 0.713750 0.544000 0.716750 0.545000 0.718250 0.549000 0.720500 0.554000 0.720750 0.560333 0.720250 0.570667 0.717000 0.573667 0.713750
0 0.330333 0.577750 0.328333 0.579000 0.327333 0.582000 0.327667 0.587250 0.329333 0.592000 0.332667 0.595500 0.337333 0.598750 0.340333 0.599750 0.342667 0.599750 0.346000 0.597750 0.347000 0.595750 0.346667 0.591250 0.343000 0.583250 0.341000 0.580500 0.339000 0.579000 0.335333 0.578000
0 0.463000 0.559250 0.460667 0.560750 0.459000 0.564000 0.460667 0.572750 0.462333 0.576500 0.465333 0.580750 0.470000 0.583500 0.471667 0.583500 0.474333 0.582000 0.475333 0.580000 0.475333 0.571000 0.471667 0.564750 0.467333 0.560250
0 0.450000 0.570500 0.447333 0.571000 0.444667 0.574000 0.443667 0.576500 0.443667 0.581250 0.445000 0.588750 0.446667 0.592000 0.448333 0.592750 0.452000 0.593000 0.455333 0.592000 0.458000 0.589000 0.458667 0.586750 0.458667 0.579250 0.456000 0.573250 0.452333 0.570750
0 0.272000 0.344750 0.270000 0.346750 0.269333 0.351250 0.270667 0.357000 0.272667 0.361000 0.275667 0.365250 0.279667 0.368000 0.284000 0.369750 0.287667 0.369750 0.291333 0.367000 0.293333 0.362250 0.291333 0.353750 0.287333 0.348250 0.283333 0.345250 0.279667 0.344250
0 0.479000 0.402000 0.477667 0.403500 0.477667 0.408500 0.478667 0.411750 0.485000 0.420000 0.487000 0.421000 0.490667 0.421500 0.494000 0.419500 0.495667 0.415750 0.495000 0.411750 0.491333 0.404500 0.489333 0.402500 0.486000 0.401500 0.481667 0.401250
0 0.533667 0.375250 0.529333 0.375000 0.525333 0.376250 0.518000 0.384500 0.517000 0.388750 0.517000 0.394250 0.518000 0.397000 0.520667 0.398750 0.524667 0.399000 0.529000 0.397750 0.530667 0.396250 0.535000 0.389500 0.536667 0.385250 0.537000 0.379750 0.535667 0.376500
0 0.536333 0.422000 0.531000 0.421750 0.527000 0.422250 0.524000 0.423250 0.523333 0.424250 0.523000 0.429250 0.523667 0.432000 0.525333 0.435000 0.528667 0.437000 0.534000 0.436750 0.536667 0.435250 0.537667 0.433750 0.538667 0.425750 0.538000 0.423000
0 0.481333 0.401250 0.479000 0.402000 0.477667 0.403500 0.477667 0.408500 0.478667 0.411750 0.485000 0.420000 0.487000 0.421000 0.491000 0.421500 0.493667 0.420000 0.495667 0.416000 0.495000 0.411750 0.493333 0.408000 0.490000 0.402750 0.486333 0.401500
0 0.401000 0.447500 0.396667 0.447500 0.393667 0.448750 0.391667 0.450250 0.390000 0.454250 0.389000 0.460750 0.389333 0.465750 0.391333 0.469750 0.394333 0.471000 0.397000 0.471000 0.400667 0.469500 0.403667 0.467250 0.405000 0.464750 0.405667 0.461000 0.405333 0.452000 0.404000 0.449500
0 0.472000 0.458500 0.470000 0.458250 0.463000 0.460500 0.459000 0.463500 0.452333 0.471000 0.450667 0.474000 0.451000 0.475250 0.453667 0.477000 0.456667 0.478000 0.459333 0.478000 0.467333 0.473750 0.473667 0.463750 0.473667 0.461000
0 0.497333 0.468750 0.496333 0.470250 0.497333 0.474500 0.501333 0.479000 0.503333 0.480250 0.510000 0.482500 0.517333 0.482750 0.522000 0.480000 0.522667 0.478500 0.522000 0.474250 0.517667 0.470750 0.514333 0.469000 0.506000 0.467000 0.501000 0.467000
0 0.525000 0.484000 0.522333 0.486250 0.521333 0.489750 0.522000 0.493750 0.524333 0.498000 0.530000 0.502750 0.533000 0.503500 0.537667 0.503250 0.539333 0.501750 0.540333 0.498750 0.539667 0.494000 0.537667 0.489000 0.532000 0.484750 0.529333 0.483750
0 0.552000 0.479000 0.548333 0.481000 0.545667 0.485500 0.545000 0.494750 0.546333 0.499000 0.548333 0.501750 0.551333 0.503000 0.553667 0.503250 0.557667 0.502250 0.560333 0.500250 0.562000 0.494500 0.561667 0.485500 0.560000 0.482000 0.557333 0.480000 0.554000 0.479000
0 0.510333 0.488500 0.505333 0.488750 0.501667 0.492250 0.500333 0.495250 0.498667 0.503000 0.500667 0.509000 0.502000 0.510500 0.504000 0.511000 0.506667 0.510750 0.508000 0.509000 0.510667 0.507250 0.514000 0.501250 0.514667 0.498000 0.514333 0.491750 0.513333 0.490000
0 0.531000 0.508000 0.528667 0.508250 0.524667 0.511500 0.522667 0.516750 0.522333 0.525750 0.524000 0.528750 0.525667 0.529750 0.529000 0.530000 0.531000 0.528750 0.534000 0.524750 0.537000 0.518500 0.537000 0.514250 0.535667 0.510500 0.533667 0.508500
0 0.491333 0.512000 0.489333 0.512000 0.486667 0.513000 0.482000 0.517000 0.480667 0.521250 0.480667 0.526500 0.481667 0.530000 0.485000 0.534500 0.486667 0.535500 0.489000 0.535750 0.491667 0.535250 0.495333 0.532750 0.497333 0.529750 0.498000 0.525500 0.497333 0.516750 0.495333 0.514000
0 0.475667 0.516000 0.474333 0.514750 0.471000 0.514000 0.463667 0.514000 0.450333 0.517000 0.446333 0.520250 0.446000 0.522250 0.446667 0.524750 0.448000 0.526000 0.450667 0.527000 0.459333 0.527000 0.467667 0.525250 0.471333 0.524000 0.474667 0.521500 0.476000 0.518750
0 0.421000 0.486750 0.419000 0.487000 0.415333 0.489000 0.411333 0.494500 0.409333 0.501250 0.409667 0.506500 0.411667 0.510000 0.415000 0.512000 0.417333 0.512000 0.421000 0.510000 0.425000 0.506500 0.427667 0.501750 0.428333 0.498000 0.427667 0.492000 0.425000 0.488250
0 0.337667 0.518250 0.333333 0.518750 0.330333 0.521250 0.328333 0.524750 0.328000 0.530500 0.328667 0.533250 0.330000 0.535250 0.332667 0.536500 0.335000 0.536500 0.339667 0.533500 0.342000 0.529250 0.342333 0.524750 0.341667 0.521750 0.340667 0.520250
0 0.442333 0.543500 0.439333 0.544500 0.437000 0.548250 0.436000 0.556250 0.437000 0.560500 0.439667 0.565250 0.443000 0.567250 0.447000 0.567500 0.451667 0.564750 0.453333 0.560750 0.453000 0.553000 0.451667 0.548250 0.447333 0.544500 0.444333 0.543500
0 0.486000 0.544000 0.482000 0.544750 0.479000 0.546750 0.477667 0.548500 0.476667 0.553250 0.476667 0.560750 0.477333 0.562750 0.481000 0.568000 0.482333 0.569000 0.484667 0.569500 0.487333 0.569250 0.491333 0.566250 0.494333 0.561500 0.495000 0.558500 0.494667 0.552250 0.493333 0.549000 0.490000 0.545500
0 0.533667 0.542250 0.529333 0.544000 0.526000 0.547750 0.524667 0.550750 0.523667 0.562000 0.524667 0.564500 0.528333 0.566250 0.530000 0.566250 0.533667 0.563750 0.536667 0.560000 0.538000 0.556750 0.538667 0.553250 0.538000 0.545250 0.536333 0.543250
0 0.577667 0.539500 0.574667 0.540500 0.571667 0.544250 0.571000 0.551000 0.572333 0.554750 0.575333 0.557000 0.579667 0.557500 0.584667 0.555000 0.586000 0.552250 0.586333 0.547500 0.585333 0.543250 0.583667 0.540500 0.580667 0.539500
0 0.618333 0.527250 0.615667 0.529000 0.614667 0.530750 0.614667 0.535750 0.618333 0.542250 0.622333 0.544500 0.623667 0.544500 0.627000 0.541000 0.627667 0.538000 0.627333 0.534000 0.624000 0.528500 0.622667 0.527500
0 0.534000 0.571000 0.529667 0.571500 0.528000 0.572750 0.525000 0.576250 0.523667 0.580000 0.523667 0.588750 0.524667 0.590500 0.528333 0.592250 0.530333 0.592250 0.533667 0.590750 0.538000 0.584250 0.538667 0.581000 0.538333 0.575500 0.536667 0.572000
0 0.560333 0.567500 0.556000 0.567500 0.551667 0.570000 0.549000 0.572500 0.546667 0.582750 0.546667 0.588000 0.549000 0.590500 0.553667 0.589000 0.555000 0.587250 0.559000 0.584250 0.561000 0.581250 0.562333 0.575000 0.562333 0.570750 0.561667 0.568750
0 0.561667 0.586750 0.559667 0.586750 0.556000 0.588250 0.549333 0.595250 0.548667 0.603750 0.550333 0.607000 0.553000 0.609250 0.557333 0.609500 0.561000 0.608500 0.562667 0.607000 0.566667 0.600250 0.567333 0.596750 0.566667 0.590750 0.565000 0.588000
0 0.575000 0.582750 0.571333 0.584250 0.569667 0.587250 0.569667 0.593750 0.570667 0.599500 0.573667 0.604500 0.576000 0.606250 0.579333 0.607500 0.581333 0.607500 0.584667 0.606000 0.585667 0.604000 0.586333 0.600250 0.585667 0.591500 0.583667 0.587000 0.581000 0.584750 0.577000 0.582750
0 0.494333 0.570000 0.493333 0.571500 0.493333 0.573000 0.494667 0.575250 0.501333 0.580250 0.503667 0.581250 0.510333 0.582500 0.515667 0.582500 0.517667 0.581750 0.518333 0.580750 0.518333 0.576250 0.514000 0.571500 0.509667 0.569750 0.502000 0.568000 0.497667 0.568000
0 0.490667 0.586750 0.490667 0.588500 0.494333 0.591500 0.501000 0.593250 0.508333 0.593250 0.514000 0.592500 0.516333 0.591250 0.518333 0.588250 0.518000 0.585250 0.517000 0.583750 0.514000 0.582750 0.509000 0.582750 0.507333 0.582250 0.501667 0.582250 0.493667 0.584250
0 0.419333 0.715750 0.415333 0.718000 0.414000 0.720500 0.414000 0.724500 0.415333 0.730500 0.419333 0.736500 0.423667 0.739750 0.428333 0.740000 0.432333 0.737250 0.434333 0.732750 0.434333 0.727750 0.433333 0.724750 0.431000 0.720750 0.427333 0.717250 0.424333 0.716000
0 0.451667 0.715000 0.447667 0.715500 0.446000 0.716500 0.443000 0.720250 0.442333 0.722500 0.442333 0.731500 0.443667 0.734250 0.447000 0.736500 0.450000 0.736250 0.451667 0.735500 0.454667 0.731250 0.457000 0.725250 0.457000 0.720000 0.455333 0.717000
0 0.513667 0.666750 0.509000 0.667500 0.507000 0.669250 0.504667 0.673250 0.504667 0.682250 0.506667 0.686500 0.509667 0.688250 0.513667 0.688250 0.517333 0.686000 0.519000 0.682000 0.519333 0.673500 0.516667 0.669250
0 0.489333 0.673250 0.486000 0.674750 0.484333 0.678500 0.484000 0.686500 0.485000 0.692750 0.486000 0.695250 0.490000 0.699000 0.494333 0.699500 0.498000 0.697250 0.499667 0.693750 0.500333 0.689000 0.499667 0.681500 0.499000 0.679500 0.495000 0.674000 0.492667 0.673250
0 0.467000 0.644250 0.462333 0.647750 0.461000 0.649750 0.460000 0.657750 0.461000 0.662000 0.463000 0.665500 0.466667 0.667750 0.470333 0.667750 0.473333 0.665750 0.475333 0.663250 0.476667 0.659000 0.477000 0.653750 0.476333 0.650000 0.474333 0.646750 0.470667 0.644500
0 0.466333 0.619250 0.462667 0.622000 0.462000 0.623250 0.462000 0.631750 0.466667 0.639500 0.470000 0.640750 0.473333 0.640750 0.475333 0.639750 0.476333 0.636750 0.475667 0.625750 0.474000 0.622500 0.471333 0.620500 0.469000 0.619500
0 0.495333 0.635750 0.493667 0.635500 0.491667 0.636000 0.486667 0.639000 0.484000 0.642250 0.481000 0.649500 0.481333 0.655750 0.482333 0.658500 0.485333 0.660250 0.487333 0.660250 0.490333 0.659250 0.496000 0.655000 0.498333 0.651250 0.499000 0.647500 0.498667 0.638500 0.497667 0.637000
