0 0.504667 0.515750 0.501333 0.517250 0.500667 0.519000 0.500000 0.525250 0.501000 0.530500 0.504000 0.534750 0.508667 0.538500 0.513000 0.540250 0.514333 0.540250 0.517333 0.538000 0.518000 0.536750 0.518333 0.532500 0.514333 0.521500 0.511000 0.516750 0.509333 0.516000
0 0.506000 0.360750 0.504667 0.361750 0.502333 0.368000 0.502333 0.372750 0.503667 0.376750 0.507333 0.381500 0.509000 0.382250 0.510667 0.382250 0.513333 0.380750 0.515000 0.377750 0.515667 0.368250 0.513333 0.361750 0.510333 0.360250
0 0.577667 0.346250 0.575333 0.347250 0.571667 0.351750 0.571333 0.359250 0.572333 0.362250 0.574667 0.365750 0.576667 0.367000 0.580667 0.367500 0.583667 0.365500 0.585000 0.363000 0.586000 0.358250 0.585667 0.352500 0.583333 0.348250 0.580667 0.346250
0 0.582333 0.379500 0.579667 0.380250 0.575667 0.384500 0.574667 0.389000 0.574667 0.394000 0.575333 0.397500 0.579000 0.404000 0.581667 0.405500 0.584667 0.406000 0.587667 0.405000 0.589333 0.403750 0.591333 0.400750 0.592000 0.391500 0.590667 0.385250 0.589000 0.382750 0.585000 0.379750
0 0.369667 0.399500 0.367333 0.400750 0.362667 0.406250 0.362000 0.407750 0.362000 0.412000 0.363000 0.416500 0.365000 0.420500 0.368667 0.422500 0.371667 0.422500 0.373667 0.422000 0.376667 0.419500 0.379000 0.413500 0.379333 0.408000 0.377667 0.404000 0.375000 0.400750 0.373000 0.399500
0 0.283667 0.467250 0.279667 0.471500 0.278667 0.474000 0.278667 0.478750 0.281000 0.486000 0.283333 0.489500 0.287333 0.491250 0.291333 0.491250 0.294000 0.490500 0.296000 0.487750 0.296667 0.484000 0.296000 0.474750 0.294333 0.470250 0.291333 0.468000 0.287667 0.466500
0 0.490667 0.468000 0.486667 0.469000 0.483667 0.471000 0.479333 0.478750 0.479000 0.483500 0.480000 0.487250 0.482667 0.490500 0.485667 0.491000 0.488000 0.490500 0.491000 0.488500 0.494667 0.482500 0.496333 0.478250 0.496667 0.473250 0.495667 0.470250 0.493667 0.468750
0 0.513667 0.493250 0.510000 0.493250 0.507333 0.495000 0.504667 0.498250 0.503667 0.501500 0.504000 0.509750 0.505000 0.511500 0.509000 0.513750 0.510667 0.513750 0.514333 0.512000 0.518000 0.505500 0.518000 0.498250 0.515333 0.494500
0 0.580333 0.501750 0.575333 0.501750 0.572000 0.502750 0.564333 0.509000 0.562000 0.515750 0.562000 0.522000 0.564000 0.525250 0.569000 0.525750 0.576667 0.522000 0.582667 0.514250 0.584333 0.510500 0.584667 0.506000 0.583667 0.503750
0 0.537667 0.520500 0.536000 0.520500 0.532667 0.522250 0.529333 0.525250 0.527667 0.528750 0.527333 0.533250 0.529333 0.540750 0.532000 0.542000 0.535000 0.541750 0.537667 0.540250 0.540667 0.536000 0.542333 0.532250 0.542667 0.527500 0.542000 0.524500
0 0.487667 0.512000 0.485667 0.512750 0.484333 0.517000 0.485667 0.526000 0.486667 0.528500 0.491000 0.532500 0.495000 0.533250 0.497667 0.532000 0.499000 0.529750 0.499000 0.522750 0.497667 0.517000 0.494333 0.513000 0.490333 0.511750
0 0.439667 0.517250 0.438667 0.518000 0.437333 0.523250 0.437667 0.529750 0.439000 0.533000 0.443000 0.538000 0.446000 0.539000 0.450333 0.538750 0.452000 0.537500 0.452667 0.534250 0.452667 0.526500 0.452000 0.524000 0.445333 0.517750 0.443667 0.517000
0 0.392667 0.518000 0.391000 0.520250 0.390333 0.522750 0.390333 0.526000 0.392000 0.532000 0.399333 0.540750 0.401667 0.542000 0.405000 0.542500 0.408000 0.541000 0.409667 0.537500 0.409333 0.532250 0.406000 0.525000 0.404000 0.522000 0.399667 0.518250 0.397333 0.517500
0 0.396333 0.542000 0.393000 0.543750 0.392000 0.545000 0.392000 0.554250 0.395333 0.560000 0.399333 0.564000 0.401333 0.565000 0.404667 0.565250 0.407333 0.563500 0.410333 0.557500 0.409333 0.550250 0.403667 0.543000 0.399667 0.542000
0 0.415000 0.554500 0.412333 0.555500 0.411333 0.556500 0.409333 0.560750 0.409000 0.566750 0.409667 0.572250 0.411333 0.576750 0.412667 0.578250 0.416667 0.579500 0.420333 0.578750 0.423000 0.575750 0.425000 0.569750 0.425333 0.563750 0.424333 0.561000 0.421000 0.556250 0.417000 0.554500
0 0.443000 0.547500 0.440333 0.548500 0.438333 0.550750 0.436000 0.556250 0.436000 0.561250 0.439000 0.569750 0.444000 0.571500 0.449333 0.570000 0.451667 0.567500 0.453000 0.562000 0.453000 0.556750 0.452000 0.552250 0.449667 0.549250 0.447667 0.548000
0 0.474667 0.547250 0.470333 0.547750 0.468000 0.549000 0.462000 0.555750 0.460667 0.560500 0.460667 0.564750 0.461667 0.567750 0.463333 0.569000 0.465667 0.569500 0.469000 0.569000 0.471333 0.567500 0.475333 0.563250 0.477000 0.559250 0.478333 0.552250 0.477000 0.548500
0 0.505000 0.541000 0.502000 0.542000 0.500667 0.543500 0.499333 0.548250 0.499333 0.552500 0.502333 0.560500 0.504333 0.562500 0.506667 0.563000 0.510667 0.561250 0.512000 0.559750 0.513333 0.555750 0.513333 0.549250 0.511000 0.543500 0.506667 0.541000
0 0.561333 0.543000 0.556000 0.543750 0.551000 0.547750 0.548333 0.552250 0.547333 0.555500 0.547667 0.562500 0.548667 0.564250 0.552333 0.566250 0.557000 0.565750 0.560000 0.564500 0.563000 0.561500 0.565667 0.556500 0.566667 0.553500 0.566667 0.548250 0.564667 0.545000
0 0.517000 0.562750 0.512333 0.562500 0.508667 0.563500 0.501333 0.571250 0.500000 0.577750 0.500000 0.581500 0.500667 0.584250 0.502667 0.586000 0.506667 0.586250 0.514333 0.582250 0.518333 0.576000 0.520333 0.569500 0.520000 0.564750
0 0.537333 0.569750 0.533000 0.569750 0.528667 0.572250 0.528000 0.574250 0.524333 0.578750 0.524333 0.588500 0.526000 0.592250 0.528667 0.593750 0.533333 0.592750 0.535667 0.591000 0.538000 0.588000 0.540667 0.579750 0.540667 0.573250 0.539333 0.571000
0 0.579333 0.564500 0.576333 0.566250 0.575000 0.568250 0.574333 0.570750 0.574333 0.580500 0.575333 0.584000 0.579000 0.588000 0.580333 0.588750 0.583667 0.589250 0.584667 0.588750 0.587333 0.584750 0.588667 0.581500 0.588667 0.572500 0.584667 0.565500 0.583667 0.564750
0 0.596000 0.588000 0.592667 0.590000 0.591667 0.591500 0.591000 0.594750 0.591667 0.600250 0.595333 0.607750 0.599667 0.610750 0.604333 0.611000 0.607333 0.609750 0.608667 0.607250 0.608667 0.600500 0.607667 0.595750 0.603333 0.590750 0.599667 0.588500
0 0.502333 0.589000 0.498667 0.589000 0.493667 0.591000 0.491333 0.593000 0.486333 0.595250 0.480000 0.603500 0.480000 0.607750 0.482333 0.609750 0.489333 0.610250 0.496667 0.608000 0.498333 0.606750 0.505333 0.595500 0.505333 0.591250
0 0.470667 0.576000 0.470000 0.577750 0.470333 0.581000 0.475667 0.584750 0.482000 0.587500 0.487333 0.589250 0.492000 0.589500 0.497667 0.588250 0.499333 0.587250 0.500000 0.583750 0.498333 0.579750 0.490667 0.575750 0.487000 0.575000 0.482333 0.573000 0.478000 0.573000 0.473667 0.574250
0 0.425667 0.586750 0.423333 0.587250 0.422000 0.588250 0.419667 0.591750 0.418667 0.594500 0.418667 0.601250 0.420333 0.607000 0.423000 0.610750 0.424667 0.611750 0.428667 0.612000 0.431000 0.610500 0.433333 0.607500 0.434333 0.603750 0.434333 0.596000 0.433333 0.591750 0.431667 0.589250 0.428333 0.586750
0 0.600000 0.734250 0.596667 0.736250 0.595667 0.738000 0.594667 0.742000 0.595000 0.748750 0.596333 0.751750 0.599000 0.755000 0.601667 0.756750 0.604000 0.757250 0.607333 0.755750 0.609333 0.752250 0.610667 0.747750 0.610333 0.742000 0.608000 0.736000 0.604000 0.734250
0 0.572000 0.714500 0.569333 0.716250 0.567333 0.719250 0.567000 0.725250 0.571667 0.732250 0.577000 0.735250 0.580667 0.735500 0.583667 0.734500 0.585333 0.732750 0.585000 0.726250 0.582000 0.720500 0.577333 0.715750 0.575667 0.714750
0 0.583667 0.699500 0.580333 0.701250 0.579333 0.703000 0.578667 0.712000 0.579333 0.714000 0.585000 0.722000 0.587000 0.723500 0.589000 0.723500 0.591667 0.722500 0.593000 0.720250 0.593667 0.717750 0.593333 0.707750 0.592333 0.704500 0.589000 0.700750 0.587667 0.700000
0 0.595667 0.677250 0.592667 0.681750 0.593000 0.686750 0.595333 0.693000 0.603000 0.699500 0.607333 0.700000 0.609667 0.699000 0.612000 0.696750 0.612000 0.690000 0.607000 0.681500 0.600000 0.677750
0 0.580000 0.672250 0.575333 0.673500 0.572000 0.678500 0.571667 0.683500 0.572667 0.688750 0.576000 0.693000 0.579000 0.692500 0.581667 0.691000 0.584000 0.686500 0.584333 0.680500 0.583667 0.676250 0.582000 0.673250
0 0.580667 0.641000 0.576000 0.641250 0.574000 0.642000 0.571667 0.643750 0.567667 0.650500 0.566667 0.655750 0.567333 0.661250 0.568667 0.663250 0.572667 0.665250 0.576333 0.665500 0.580667 0.662500 0.584667 0.657500 0.586000 0.654250 0.586333 0.648500 0.585667 0.645500 0.583667 0.642000
0 0.616333 0.633250 0.610667 0.633000 0.606667 0.634250 0.602667 0.636500 0.597000 0.641250 0.595333 0.643750 0.594667 0.649000 0.595000 0.651000 0.596333 0.652000 0.599000 0.653000 0.604333 0.652250 0.607667 0.651000 0.612333 0.647000 0.616000 0.643000 0.618000 0.639250 0.618000 0.634750
0 0.529667 0.649750 0.528000 0.651250 0.526667 0.654500 0.526667 0.660500 0.528667 0.667000 0.530667 0.670250 0.532667 0.672000 0.536000 0.673000 0.541000 0.672750 0.543667 0.670750 0.545000 0.666750 0.544000 0.658500 0.542000 0.655750 0.536667 0.651000 0.533333 0.650000
0 0.514333 0.641000 0.510000 0.641750 0.508667 0.642750 0.504667 0.650250 0.504667 0.656250 0.506333 0.660750 0.509333 0.664000 0.513000 0.664750 0.519000 0.661750 0.521333 0.658750 0.522667 0.655000 0.522667 0.648750 0.521667 0.645750 0.518667 0.642000
0 0.462333 0.630250 0.462333 0.635250 0.463000 0.636000 0.469000 0.639250 0.474667 0.640250 0.483667 0.640250 0.490333 0.639250 0.497667 0.635250 0.498333 0.633000 0.498000 0.630250 0.496333 0.629000 0.491333 0.627000 0.486000 0.626000 0.476667 0.625750 0.470000 0.626250 0.466667 0.627250
0 0.478667 0.653000 0.474000 0.653000 0.471000 0.654250 0.462333 0.666500 0.462333 0.673250 0.463000 0.674750 0.467000 0.677750 0.470667 0.677250 0.475333 0.674500 0.480667 0.667250 0.482000 0.663500 0.482000 0.657250 0.480667 0.654250
0 0.497667 0.673000 0.493333 0.673000 0.490000 0.674250 0.483000 0.682000 0.481000 0.688250 0.481333 0.693750 0.483333 0.696500 0.486000 0.698250 0.490333 0.697750 0.497333 0.693250 0.498667 0.691250 0.500333 0.683000 0.500333 0.676750 0.499333 0.674000
0 0.497333 0.705500 0.496000 0.708000 0.496000 0.709500 0.502333 0.717500 0.509000 0.721000 0.512667 0.722000 0.518667 0.722750 0.522333 0.721500 0.522667 0.716000 0.522000 0.714250 0.511667 0.705500 0.509000 0.704500 0.502667 0.703500 0.500667 0.703750
0 0.435667 0.715000 0.430667 0.715250 0.424667 0.718250 0.422333 0.720000 0.419333 0.725250 0.418000 0.728750 0.418333 0.734250 0.419667 0.736750 0.423333 0.738500 0.427333 0.738250 0.430667 0.737000 0.434333 0.734500 0.437000 0.731250 0.439333 0.725500 0.439667 0.720500 0.438000 0.717000
0 0.399333 0.643250 0.397000 0.644250 0.395667 0.646000 0.395667 0.652250 0.399667 0.663000 0.403667 0.665500 0.405333 0.665500 0.408333 0.664500 0.410000 0.662750 0.410667 0.658500 0.409667 0.652750 0.408667 0.650000 0.405000 0.645000 0.401333 0.643250
0 0.287000 0.612250 0.284333 0.613500 0.282333 0.615500 0.280667 0.619750 0.280333 0.623750 0.282333 0.631750 0.286333 0.634750 0.288333 0.635000 0.292667 0.633750 0.295333 0.631250 0.296333 0.627500 0.296000 0.619500 0.294667 0.617000 0.290667 0.613750
0 0.318000 0.621750 0.314000 0.621750 0.311000 0.623500 0.307667 0.627500 0.306333 0.631250 0.306000 0.635500 0.307000 0.639000 0.310000 0.643000 0.313000 0.644250 0.315333 0.644250 0.319000 0.642000 0.322333 0.637750 0.323667 0.634250 0.324000 0.629750 0.323333 0.626000 0.322000 0.624250
0 0.360333 0.547250 0.357667 0.548000 0.356000 0.549250 0.353667 0.552500 0.352333 0.556250 0.352333 0.563000 0.353000 0.565500 0.355667 0.569250 0.360333 0.572750 0.362333 0.573000 0.366333 0.571000 0.369667 0.565750 0.370333 0.563750 0.370333 0.556500 0.368667 0.552000 0.366333 0.548500 0.364000 0.547500
0 0.558333 0.723000 0.556000 0.723000 0.550000 0.727500 0.547667 0.731750 0.546667 0.735750 0.546333 0.744000 0.547667 0.746250 0.551333 0.747750 0.555667 0.747250 0.558333 0.745500 0.561667 0.739750 0.563000 0.734000 0.563000 0.727500 0.561333 0.724250
0 0.423667 0.335000 0.419333 0.334750 0.416000 0.336000 0.413333 0.338250 0.409000 0.345000 0.408000 0.348500 0.408000 0.354000 0.409333 0.355750 0.412000 0.357500 0.416667 0.357250 0.419000 0.356000 0.424333 0.348250 0.426333 0.342750 0.426333 0.338250 0.425333 0.336250
0 0.495333 0.374750 0.490667 0.375250 0.487667 0.377000 0.481667 0.385500 0.480667 0.388750 0.481333 0.395000 0.482333 0.397000 0.486333 0.399000 0.490000 0.398750 0.493000 0.396750 0.496667 0.393000 0.498667 0.389500 0.499667 0.384000 0.499333 0.377000 0.498000 0.375500
