0 0.498000 0.269250 0.493333 0.269750 0.489000 0.273750 0.487667 0.276750 0.487333 0.284250 0.489000 0.287750 0.493333 0.291000 0.495667 0.290750 0.499000 0.288750 0.503333 0.283250 0.502333 0.274500 0.500333 0.271250
0 0.601000 0.304500 0.599667 0.303250 0.595667 0.302500 0.588000 0.302500 0.581000 0.303250 0.572667 0.306000 0.569000 0.310000 0.569000 0.311750 0.571333 0.314500 0.574667 0.315250 0.581667 0.315250 0.591667 0.313750 0.598667 0.311250 0.600333 0.310000 0.601667 0.307250
0 0.596000 0.261500 0.594333 0.263000 0.593667 0.266750 0.594333 0.272250 0.596000 0.276250 0.598333 0.279250 0.604000 0.283000 0.607000 0.284000 0.612667 0.283750 0.614333 0.282750 0.616000 0.280500 0.616333 0.278000 0.615667 0.274250 0.612000 0.267750 0.607333 0.264000 0.599667 0.261500
0 0.676667 0.369250 0.674667 0.368750 0.672333 0.369250 0.665333 0.374250 0.663667 0.376500 0.661333 0.382250 0.661000 0.386500 0.662000 0.389250 0.665333 0.391000 0.670333 0.391000 0.672333 0.390250 0.675667 0.388000 0.678333 0.384500 0.679667 0.379500 0.679667 0.375000 0.678333 0.370750
0 0.650333 0.414250 0.645333 0.414500 0.641667 0.416500 0.638000 0.424000 0.637667 0.430250 0.638667 0.433750 0.640667 0.436500 0.644667 0.437750 0.649000 0.437500 0.652333 0.436250 0.654667 0.433750 0.656333 0.429000 0.656667 0.424000 0.656000 0.419750 0.654000 0.416250
0 0.662667 0.445500 0.661333 0.447000 0.661000 0.451750 0.664333 0.460000 0.671000 0.465500 0.673667 0.466500 0.678333 0.466000 0.681667 0.462750 0.682000 0.457500 0.677667 0.448750 0.670333 0.444750 0.665333 0.444500
0 0.651333 0.454750 0.647333 0.455500 0.645667 0.456750 0.641333 0.462750 0.641000 0.470500 0.641667 0.474000 0.642667 0.476000 0.646333 0.479250 0.650333 0.479250 0.654667 0.476500 0.656000 0.474250 0.657667 0.467250 0.657000 0.458500 0.654667 0.455500
0 0.700333 0.482250 0.696333 0.482250 0.690000 0.485250 0.685000 0.492750 0.684000 0.497000 0.684667 0.500750 0.686000 0.502500 0.688667 0.503500 0.694333 0.502750 0.698667 0.499000 0.701000 0.496000 0.702667 0.491250 0.702667 0.485500 0.701333 0.482750
0 0.779667 0.460750 0.775667 0.462750 0.774000 0.466000 0.774667 0.474750 0.780333 0.482000 0.782667 0.483500 0.787000 0.484000 0.789000 0.483000 0.791333 0.477750 0.791333 0.471000 0.787667 0.463000 0.783667 0.461000
0 0.692000 0.431500 0.689333 0.432000 0.685667 0.436250 0.684667 0.438750 0.684667 0.443500 0.689000 0.455500 0.692667 0.458250 0.695333 0.458250 0.698000 0.457500 0.701000 0.454750 0.702000 0.452000 0.702000 0.444500 0.701000 0.439500 0.698000 0.434000 0.694667 0.431750
0 0.627667 0.433250 0.623333 0.433500 0.619000 0.436000 0.616667 0.439250 0.615667 0.443000 0.614000 0.445750 0.613667 0.451750 0.614667 0.454750 0.618333 0.456500 0.623667 0.455250 0.627667 0.451250 0.629667 0.447500 0.631000 0.438250 0.630000 0.435000
0 0.603000 0.486500 0.600000 0.488250 0.596333 0.493250 0.595333 0.502000 0.596000 0.505500 0.599000 0.510750 0.603333 0.513750 0.607333 0.513750 0.612000 0.510500 0.614667 0.505750 0.614667 0.495000 0.612667 0.490250 0.611000 0.488250 0.607667 0.486500
0 0.583667 0.513000 0.579667 0.513500 0.575000 0.516750 0.571667 0.523500 0.571667 0.530000 0.575000 0.534750 0.579333 0.538000 0.581333 0.538000 0.585000 0.536000 0.588667 0.531750 0.590000 0.528000 0.589000 0.517000 0.587667 0.515250
0 0.533333 0.521000 0.528333 0.524750 0.526667 0.529500 0.526333 0.533000 0.528000 0.537500 0.532333 0.542250 0.533667 0.543000 0.536667 0.543250 0.538333 0.542500 0.542667 0.537500 0.544000 0.533500 0.544000 0.529500 0.542000 0.524750 0.537000 0.521250
0 0.560667 0.448250 0.557333 0.449000 0.554667 0.450500 0.550667 0.455000 0.549667 0.458750 0.549333 0.463500 0.550333 0.467500 0.552667 0.470500 0.556000 0.471500 0.560333 0.471000 0.565000 0.466000 0.566000 0.462750 0.566000 0.454250 0.564000 0.450500
0 0.560333 0.402000 0.557000 0.402000 0.554667 0.403500 0.550333 0.408500 0.549000 0.412500 0.548667 0.418500 0.550333 0.424000 0.552333 0.425750 0.555333 0.426500 0.557333 0.426500 0.560333 0.425250 0.561333 0.424250 0.563000 0.419750 0.564333 0.408250 0.562667 0.404500
0 0.533000 0.410500 0.530333 0.409500 0.525000 0.409750 0.509667 0.415000 0.505000 0.419250 0.503000 0.423000 0.503000 0.424750 0.504667 0.427250 0.508000 0.428250 0.518000 0.427750 0.523667 0.426000 0.528667 0.423250 0.532667 0.419500 0.534333 0.416500 0.534000 0.411750
0 0.538000 0.471250 0.536000 0.471500 0.533000 0.473750 0.529667 0.481000 0.529667 0.488000 0.531000 0.490750 0.532667 0.491750 0.537000 0.491500 0.539333 0.490000 0.542333 0.486500 0.543333 0.483250 0.543667 0.477500 0.543000 0.474750 0.540667 0.472250
0 0.522000 0.429750 0.517000 0.430250 0.514000 0.432000 0.509333 0.438750 0.508667 0.447500 0.510333 0.451000 0.513000 0.452750 0.517333 0.452500 0.519000 0.451750 0.522000 0.449250 0.523333 0.446750 0.525333 0.440250 0.525333 0.435000 0.524000 0.431750
0 0.604000 0.546250 0.602000 0.548250 0.600333 0.557250 0.601000 0.561500 0.603000 0.565750 0.606333 0.567500 0.608000 0.567500 0.611000 0.565000 0.612667 0.561250 0.612667 0.552000 0.611333 0.548000 0.608000 0.545750
0 0.539667 0.545750 0.536667 0.546750 0.535333 0.548500 0.534000 0.556000 0.535667 0.564000 0.539333 0.568500 0.541000 0.569500 0.545333 0.569750 0.548333 0.568000 0.550333 0.564750 0.551000 0.556000 0.549333 0.551000 0.547000 0.548250 0.543333 0.546000
0 0.670000 0.560750 0.665667 0.565000 0.664000 0.572500 0.665000 0.580750 0.667667 0.583500 0.670333 0.585000 0.674667 0.585250 0.677000 0.584500 0.679667 0.581500 0.682000 0.570750 0.681667 0.568000 0.678667 0.562500 0.674667 0.560250
0 0.697333 0.538500 0.693333 0.538500 0.689667 0.539750 0.687667 0.541750 0.685333 0.546750 0.684333 0.550750 0.684333 0.556250 0.686000 0.559750 0.689000 0.561500 0.693333 0.561250 0.695000 0.560500 0.701000 0.556250 0.702333 0.554000 0.703000 0.547750 0.702000 0.541250 0.700333 0.539500
0 0.643000 0.633750 0.639333 0.636000 0.637667 0.638750 0.636667 0.645750 0.637333 0.650000 0.639000 0.654750 0.641667 0.658250 0.644667 0.660000 0.649000 0.660250 0.651000 0.659750 0.653667 0.658000 0.655667 0.654250 0.656000 0.647500 0.655000 0.641750 0.652667 0.637250 0.650000 0.634750 0.646333 0.633500
0 0.601000 0.656250 0.599000 0.657500 0.597667 0.661250 0.597667 0.666750 0.599667 0.673750 0.603000 0.678000 0.607333 0.680500 0.610333 0.681500 0.615000 0.681250 0.617667 0.678250 0.618333 0.675500 0.618000 0.669250 0.616000 0.663500 0.612667 0.658500 0.611000 0.657250 0.607000 0.655750
0 0.541667 0.587000 0.537333 0.588250 0.533333 0.591250 0.531000 0.595750 0.530000 0.602500 0.530333 0.607500 0.532667 0.611500 0.536333 0.613250 0.541000 0.612750 0.544333 0.611000 0.546333 0.608000 0.548667 0.600250 0.548667 0.595000 0.547000 0.590750 0.544333 0.587500
0 0.447333 0.537500 0.445000 0.538500 0.442000 0.541250 0.440667 0.547000 0.441000 0.553000 0.442000 0.556500 0.444667 0.561250 0.447667 0.562750 0.452000 0.563000 0.455333 0.562000 0.457333 0.560000 0.459000 0.555750 0.459333 0.548000 0.455667 0.540500 0.451000 0.537500
0 0.424000 0.619500 0.422667 0.620500 0.421333 0.623000 0.421333 0.630750 0.422667 0.635750 0.424333 0.638500 0.428333 0.641750 0.432000 0.643250 0.435333 0.643000 0.436333 0.642500 0.438000 0.639250 0.438333 0.636000 0.437667 0.629750 0.436000 0.624750 0.434333 0.622250 0.431000 0.620000 0.428333 0.619000
