0 0.565667 0.290750 0.562667 0.291250 0.559667 0.293250 0.556333 0.298250 0.555333 0.307250 0.556000 0.311000 0.560000 0.314750 0.563333 0.315500 0.567667 0.314750 0.569000 0.313750 0.572333 0.307250 0.573000 0.302500 0.572667 0.298750 0.571000 0.294250 0.569000 0.291500
0 0.615667 0.287500 0.612000 0.285500 0.608000 0.284500 0.602333 0.284500 0.595333 0.286000 0.591000 0.288250 0.589000 0.290500 0.589333 0.295500 0.592000 0.297750 0.595667 0.299250 0.599667 0.299500 0.607333 0.298500 0.611667 0.297000 0.615333 0.294750 0.616667 0.292250 0.616667 0.289500
0 0.653667 0.309250 0.650667 0.310750 0.648333 0.314000 0.648000 0.318500 0.649000 0.322750 0.650667 0.325750 0.656000 0.331250 0.658000 0.332250 0.662000 0.332250 0.665000 0.330750 0.667333 0.328000 0.668333 0.323750 0.667667 0.320000 0.665667 0.315500 0.663000 0.312000 0.658667 0.309500
0 0.627667 0.344750 0.625667 0.346000 0.622333 0.352000 0.622000 0.360750 0.623333 0.363750 0.625667 0.366000 0.627000 0.366500 0.631333 0.366500 0.633000 0.365750 0.636333 0.362000 0.637333 0.358750 0.637667 0.353250 0.636000 0.349250 0.633667 0.346250 0.631333 0.344750
0 0.576333 0.366500 0.575667 0.369750 0.577667 0.373250 0.579667 0.375250 0.583333 0.377250 0.588333 0.379000 0.594000 0.379750 0.599333 0.379500 0.602000 0.377750 0.602667 0.376500 0.602667 0.373250 0.600000 0.369500 0.592000 0.366000 0.585000 0.364750 0.579667 0.364750 0.577333 0.365500
0 0.577667 0.338250 0.573667 0.338000 0.571333 0.338500 0.563000 0.343250 0.556333 0.353000 0.556000 0.357750 0.557333 0.359000 0.560000 0.360000 0.568333 0.359750 0.575000 0.354750 0.578333 0.349750 0.580333 0.343000 0.579667 0.339500
0 0.565333 0.318250 0.561333 0.318750 0.559000 0.320250 0.556000 0.323750 0.555000 0.326500 0.555667 0.334500 0.558000 0.338250 0.561000 0.340250 0.565333 0.339750 0.569000 0.337500 0.570667 0.334750 0.571667 0.331000 0.571667 0.327750 0.570000 0.321750 0.569000 0.320250
0 0.566333 0.366750 0.561000 0.368250 0.560000 0.369500 0.559000 0.378000 0.560000 0.382250 0.564000 0.388500 0.567333 0.390250 0.569333 0.390250 0.573000 0.388000 0.575000 0.385000 0.576000 0.382000 0.576333 0.376250 0.572667 0.369000 0.568667 0.366750
0 0.543667 0.393250 0.540333 0.393750 0.536000 0.399000 0.535667 0.406500 0.536333 0.409250 0.538667 0.413000 0.541000 0.414500 0.545333 0.415000 0.549667 0.412750 0.551000 0.409750 0.551333 0.406750 0.550667 0.400500 0.549667 0.398250 0.546667 0.394500 0.545333 0.393500
0 0.615667 0.422000 0.610333 0.422000 0.607000 0.422750 0.602667 0.426000 0.599333 0.429750 0.596333 0.437250 0.597000 0.443250 0.599000 0.446000 0.600667 0.446500 0.607333 0.446000 0.611333 0.444250 0.616667 0.440000 0.618667 0.435250 0.619333 0.426500 0.618333 0.423500
0 0.710333 0.446250 0.706333 0.446500 0.704000 0.447750 0.698667 0.454500 0.696667 0.458500 0.696000 0.461750 0.696667 0.467750 0.701000 0.471500 0.704000 0.472500 0.708333 0.472000 0.710333 0.470750 0.713667 0.466750 0.716333 0.460000 0.716333 0.451500 0.714000 0.447750
0 0.790667 0.498500 0.788333 0.496750 0.783667 0.495750 0.775667 0.496000 0.767667 0.498000 0.759000 0.501250 0.758333 0.503000 0.758667 0.507000 0.760333 0.508500 0.765333 0.510250 0.772000 0.510250 0.779000 0.509000 0.784667 0.506750 0.788333 0.504250 0.790333 0.501750
0 0.685667 0.473250 0.683667 0.472750 0.678333 0.473250 0.673667 0.474750 0.669333 0.477500 0.665333 0.481750 0.663667 0.486500 0.663667 0.491000 0.665000 0.492750 0.675000 0.492750 0.677333 0.492000 0.683000 0.487500 0.686333 0.483250 0.687333 0.480250 0.687333 0.476000
0 0.668667 0.496000 0.665000 0.497250 0.662667 0.501000 0.661667 0.504750 0.661667 0.509750 0.663333 0.514250 0.665333 0.517000 0.667333 0.518250 0.670667 0.519000 0.674667 0.517750 0.678667 0.514500 0.680333 0.510000 0.679000 0.500500 0.677667 0.498250 0.674000 0.496250
0 0.614333 0.502250 0.610667 0.502000 0.608000 0.503000 0.603000 0.507750 0.601333 0.512750 0.602000 0.520250 0.603000 0.522500 0.607000 0.525000 0.611000 0.524750 0.613667 0.523500 0.616000 0.521750 0.618000 0.517750 0.619000 0.513750 0.619000 0.507750 0.617333 0.504250
0 0.587667 0.460250 0.584333 0.461750 0.583000 0.463250 0.581667 0.468500 0.582333 0.474250 0.587000 0.482750 0.591333 0.484750 0.595667 0.484500 0.599333 0.482500 0.600333 0.480250 0.600667 0.474250 0.600000 0.470500 0.595667 0.463000 0.591667 0.460250
0 0.574000 0.467250 0.572667 0.466000 0.565000 0.463250 0.556667 0.463500 0.548000 0.465750 0.545667 0.469000 0.545333 0.471500 0.547333 0.473750 0.551000 0.475750 0.555333 0.476500 0.561667 0.476500 0.568000 0.475500 0.572333 0.473250 0.574667 0.471000
0 0.566333 0.482750 0.564667 0.480750 0.560667 0.479000 0.556333 0.479250 0.552000 0.478750 0.549000 0.479500 0.545333 0.479500 0.541333 0.480250 0.536333 0.482500 0.533667 0.484500 0.533000 0.487250 0.536333 0.489750 0.543667 0.491250 0.553333 0.491000 0.560000 0.489750 0.564667 0.487250 0.566000 0.486000
0 0.649667 0.547000 0.649333 0.550250 0.650333 0.552500 0.659667 0.558000 0.665000 0.560250 0.668333 0.560750 0.675000 0.560750 0.678333 0.559500 0.679333 0.557250 0.678333 0.555000 0.670667 0.548250 0.655667 0.545500 0.652000 0.545750
0 0.597333 0.559750 0.597667 0.562000 0.600333 0.565000 0.603333 0.566500 0.610000 0.567500 0.619667 0.567500 0.624333 0.566750 0.630667 0.564750 0.633000 0.561250 0.632000 0.557250 0.630667 0.556000 0.623667 0.553750 0.610000 0.553500 0.604000 0.554500 0.598667 0.557250
0 0.564000 0.539000 0.561000 0.540250 0.560000 0.541750 0.559667 0.548750 0.560667 0.552750 0.562667 0.557000 0.565000 0.560000 0.568667 0.561500 0.572667 0.561250 0.575000 0.559750 0.576667 0.556750 0.576000 0.548000 0.571333 0.541250 0.568000 0.539250
0 0.648333 0.584250 0.646333 0.583500 0.642000 0.583500 0.634000 0.587250 0.629667 0.591250 0.626000 0.596000 0.626000 0.602000 0.626667 0.603750 0.628000 0.604750 0.632667 0.605250 0.637333 0.604000 0.642667 0.601000 0.647000 0.597250 0.650333 0.592250 0.651667 0.588500 0.651000 0.586250
0 0.615333 0.596500 0.611667 0.597750 0.610000 0.599250 0.608333 0.604000 0.608667 0.611500 0.609667 0.616000 0.612333 0.620000 0.616000 0.622750 0.620333 0.623750 0.624000 0.622750 0.626333 0.618500 0.627333 0.614000 0.626667 0.604000 0.625667 0.601000 0.624000 0.599000 0.618667 0.596750
0 0.669333 0.640500 0.664667 0.640250 0.658667 0.641750 0.656667 0.643000 0.650667 0.650000 0.649000 0.653250 0.648667 0.658750 0.650667 0.661500 0.654333 0.662500 0.658667 0.660750 0.663000 0.657750 0.669667 0.650000 0.670667 0.647500 0.671000 0.642750
0 0.588333 0.696750 0.587333 0.698250 0.587333 0.702250 0.591667 0.709000 0.598333 0.716500 0.599000 0.718250 0.600333 0.719250 0.603333 0.720000 0.608667 0.720000 0.610667 0.718000 0.611000 0.713000 0.607667 0.705500 0.598000 0.697500 0.593333 0.696000 0.590667 0.696000
0 0.624667 0.720250 0.622667 0.719000 0.615667 0.717750 0.610000 0.718000 0.607333 0.718750 0.603667 0.718500 0.602333 0.719000 0.595667 0.723750 0.594667 0.725250 0.594000 0.729250 0.595667 0.732250 0.599000 0.733750 0.602667 0.734000 0.609333 0.733750 0.617000 0.732250 0.622333 0.729250 0.625000 0.725250
0 0.527667 0.665000 0.527667 0.667500 0.529333 0.670500 0.532667 0.672750 0.537667 0.674000 0.548000 0.674750 0.551333 0.674500 0.557667 0.672500 0.559333 0.670250 0.558667 0.666750 0.557000 0.665000 0.546000 0.661500 0.536333 0.661500 0.532667 0.662000 0.529333 0.663250
0 0.506000 0.648750 0.501667 0.648500 0.498667 0.649750 0.497000 0.651750 0.494667 0.657250 0.494000 0.661250 0.494333 0.666250 0.496000 0.669500 0.497667 0.671000 0.502667 0.670500 0.506333 0.667750 0.507667 0.665500 0.508667 0.662250 0.509000 0.656750 0.508000 0.651250
0 0.541000 0.742750 0.538333 0.744500 0.537000 0.747500 0.537333 0.753000 0.538667 0.758500 0.540333 0.762250 0.544333 0.766250 0.546333 0.767500 0.549333 0.768250 0.552667 0.766750 0.554000 0.764500 0.554667 0.758500 0.553667 0.752250 0.548000 0.745250 0.544667 0.743000
