0 0.468000 0.372000 0.466000 0.372250 0.462333 0.375750 0.461000 0.383500 0.462333 0.391750 0.466000 0.394500 0.468000 0.394500 0.471333 0.393250 0.473667 0.389500 0.475000 0.385000 0.475000 0.378250 0.474333 0.375750 0.471000 0.372500
0 0.453333 0.436000 0.452333 0.440250 0.454333 0.443750 0.464667 0.448000 0.471000 0.450000 0.475667 0.450500 0.481333 0.450250 0.486000 0.448000 0.486000 0.445500 0.483000 0.440000 0.479333 0.438000 0.472000 0.436750 0.465000 0.434750 0.454667 0.435000
0 0.427667 0.423500 0.424333 0.425000 0.422667 0.427750 0.421667 0.432000 0.422000 0.441250 0.423000 0.444750 0.427000 0.448250 0.431333 0.449000 0.434667 0.447250 0.437000 0.443500 0.437667 0.440000 0.437333 0.433500 0.436000 0.428250 0.434667 0.426250 0.432000 0.424000
0 0.478667 0.491750 0.477333 0.493500 0.478333 0.497000 0.486667 0.503750 0.494000 0.506750 0.498000 0.507250 0.501667 0.506000 0.502667 0.504000 0.502667 0.501500 0.496667 0.494500 0.491333 0.492000 0.484000 0.490500 0.481667 0.490500
0 0.446333 0.491500 0.443000 0.492500 0.441333 0.493750 0.439667 0.498500 0.439667 0.501500 0.440667 0.506000 0.442667 0.510500 0.445000 0.512250 0.448667 0.512750 0.451333 0.511500 0.452333 0.509750 0.453667 0.505000 0.453667 0.500750 0.451333 0.493000 0.448333 0.491500
0 0.460333 0.513000 0.459000 0.512000 0.453333 0.512000 0.440000 0.517500 0.434333 0.524500 0.434667 0.529000 0.436000 0.530000 0.438667 0.530500 0.442667 0.530250 0.448000 0.528250 0.454667 0.524750 0.458667 0.521000 0.460333 0.518500
0 0.503667 0.525750 0.497333 0.525250 0.485333 0.532000 0.481000 0.537750 0.480000 0.541000 0.481000 0.544750 0.482667 0.546250 0.484333 0.546750 0.489667 0.546500 0.492000 0.545500 0.498000 0.541000 0.506000 0.530250 0.505667 0.527500
0 0.520667 0.531500 0.516667 0.531500 0.513333 0.532500 0.510667 0.535750 0.509000 0.539750 0.509000 0.545500 0.510333 0.549000 0.512667 0.552500 0.515667 0.553750 0.518333 0.553750 0.521667 0.552000 0.523333 0.549750 0.524333 0.546250 0.524333 0.536250 0.523000 0.532750
0 0.474667 0.545250 0.470333 0.545500 0.466333 0.548500 0.464000 0.554750 0.464000 0.559750 0.465667 0.565250 0.468667 0.568750 0.471000 0.569750 0.474667 0.569500 0.476333 0.568500 0.479333 0.565000 0.481333 0.559750 0.481333 0.553500 0.480000 0.549250
0 0.451000 0.549500 0.447333 0.550250 0.445667 0.551500 0.441333 0.556500 0.440667 0.559500 0.440667 0.564500 0.442667 0.572250 0.445667 0.577500 0.447667 0.578750 0.450000 0.579000 0.454000 0.578000 0.458667 0.573250 0.460667 0.565500 0.459667 0.556250 0.456000 0.551750
0 0.403667 0.550000 0.400667 0.551000 0.399000 0.553000 0.397667 0.559000 0.397667 0.567750 0.398667 0.571750 0.400667 0.574750 0.403667 0.577000 0.408000 0.577250 0.410667 0.576250 0.413333 0.573500 0.414333 0.568750 0.414000 0.560500 0.411667 0.555000 0.408333 0.551750
0 0.382333 0.563500 0.380333 0.564750 0.379333 0.567250 0.379667 0.572750 0.381333 0.577250 0.383667 0.581000 0.385667 0.582500 0.389667 0.584500 0.393000 0.584750 0.396000 0.582500 0.397000 0.580000 0.395000 0.572500 0.389333 0.563750 0.387667 0.563250
0 0.377333 0.532500 0.376000 0.533750 0.375333 0.536000 0.375333 0.542500 0.377000 0.548000 0.381333 0.554250 0.385000 0.555750 0.388667 0.555500 0.390667 0.553500 0.391333 0.551000 0.391000 0.544000 0.389000 0.537000 0.386333 0.533500 0.385000 0.532750 0.382667 0.532250
0 0.271000 0.480750 0.268000 0.482500 0.265667 0.486250 0.265000 0.495000 0.266000 0.498500 0.268333 0.502750 0.271333 0.504750 0.275333 0.505250 0.279000 0.503250 0.280000 0.501500 0.280000 0.490750 0.279000 0.486000 0.276667 0.482250 0.274333 0.481000
0 0.323000 0.664500 0.318000 0.665500 0.314000 0.669000 0.312667 0.671750 0.310667 0.685750 0.313667 0.688750 0.318333 0.688000 0.321667 0.685750 0.327000 0.678500 0.327667 0.675500 0.327333 0.668000 0.326000 0.665500
0 0.428333 0.592500 0.424333 0.593500 0.422333 0.595000 0.420000 0.599000 0.418333 0.603750 0.419000 0.614750 0.422667 0.619500 0.424333 0.620250 0.428667 0.620000 0.432667 0.617000 0.435333 0.612250 0.436333 0.608750 0.436667 0.600500 0.435333 0.596000 0.432333 0.593500
0 0.447000 0.594000 0.442333 0.596500 0.439667 0.600250 0.439000 0.602250 0.439000 0.609500 0.439667 0.612250 0.442333 0.616500 0.447667 0.618500 0.450667 0.617500 0.452667 0.615250 0.453667 0.605250 0.452000 0.597000 0.450667 0.595500
0 0.493000 0.582500 0.490333 0.583250 0.486667 0.586250 0.485667 0.591000 0.486333 0.596000 0.488333 0.601500 0.492000 0.607750 0.494000 0.609000 0.498333 0.609000 0.500667 0.607250 0.502000 0.603750 0.502667 0.594750 0.500667 0.588000 0.498667 0.584500 0.494667 0.582500
0 0.537333 0.579500 0.533333 0.580750 0.529333 0.588500 0.530000 0.595500 0.532333 0.598500 0.533667 0.599000 0.537333 0.598250 0.538667 0.597000 0.541667 0.591750 0.542333 0.588500 0.541333 0.583750 0.538667 0.580250
0 0.536000 0.623000 0.533667 0.623500 0.530000 0.626750 0.529000 0.633250 0.530000 0.638750 0.532333 0.645250 0.536000 0.649000 0.538000 0.649500 0.541333 0.648500 0.543333 0.646750 0.545667 0.643000 0.546000 0.638000 0.545333 0.632250 0.543333 0.627250 0.540667 0.624750 0.538000 0.623250
0 0.548667 0.647250 0.546333 0.649750 0.546667 0.654250 0.550667 0.659000 0.555667 0.663000 0.560000 0.664250 0.564333 0.664250 0.567333 0.663000 0.568333 0.661250 0.568333 0.657250 0.562000 0.650000 0.554000 0.647000
0 0.540667 0.659250 0.537333 0.661250 0.534333 0.665750 0.533333 0.671250 0.533333 0.677500 0.534667 0.681750 0.536667 0.684750 0.539667 0.686250 0.542333 0.686250 0.545000 0.684750 0.546667 0.682250 0.548000 0.678250 0.548333 0.671750 0.547667 0.666250 0.546333 0.662500 0.544333 0.660250
0 0.529000 0.654250 0.526667 0.653500 0.524333 0.653500 0.518000 0.656000 0.516000 0.657500 0.510000 0.666500 0.510000 0.670500 0.513333 0.674750 0.518667 0.675250 0.521000 0.674500 0.527333 0.669750 0.529333 0.667250 0.531000 0.662750 0.531000 0.657250
0 0.490333 0.633000 0.488667 0.634250 0.487667 0.638750 0.489000 0.647250 0.493333 0.654750 0.496667 0.656750 0.498333 0.657000 0.501333 0.654750 0.502333 0.651750 0.501000 0.642750 0.497667 0.635000 0.494000 0.633000
0 0.479000 0.629750 0.474333 0.629500 0.471000 0.630750 0.463333 0.638000 0.460667 0.643750 0.461000 0.650500 0.462667 0.652250 0.466667 0.653000 0.470000 0.651750 0.474667 0.648250 0.479000 0.643500 0.481667 0.638250 0.481667 0.634000 0.480667 0.631500
0 0.424000 0.641500 0.422000 0.642750 0.421000 0.646750 0.423000 0.656250 0.425333 0.659250 0.430333 0.663250 0.435000 0.663750 0.436667 0.662750 0.437667 0.660000 0.437667 0.653500 0.436333 0.649000 0.431000 0.643000 0.428333 0.641750
0 0.475333 0.682250 0.471333 0.682750 0.470000 0.683750 0.463000 0.696750 0.463333 0.703000 0.465000 0.705500 0.466333 0.706250 0.467667 0.706250 0.470333 0.705000 0.474333 0.701250 0.478333 0.692500 0.479000 0.690000 0.478667 0.685250
0 0.504000 0.697750 0.501000 0.697250 0.498000 0.698000 0.493333 0.701000 0.489333 0.705250 0.486333 0.709500 0.484667 0.713750 0.484667 0.717750 0.486667 0.720750 0.491000 0.720750 0.493000 0.719750 0.498667 0.718500 0.500667 0.717000 0.506000 0.708000 0.507000 0.705000 0.506667 0.700500 0.505667 0.698750
0 0.513000 0.704750 0.510000 0.707500 0.509000 0.710000 0.508667 0.714500 0.509333 0.719250 0.512333 0.725250 0.516333 0.728000 0.518333 0.728250 0.522333 0.726250 0.524333 0.721750 0.523667 0.713500 0.522667 0.710750 0.519333 0.707000 0.516667 0.705250
0 0.559667 0.702500 0.556000 0.703000 0.553333 0.705750 0.551667 0.711500 0.551667 0.716000 0.552667 0.720500 0.555667 0.725000 0.558333 0.726250 0.561333 0.726750 0.564667 0.725750 0.568000 0.722000 0.569000 0.713500 0.565333 0.705250 0.561667 0.703000
0 0.502333 0.726750 0.498333 0.726500 0.494333 0.728000 0.486667 0.735750 0.484667 0.742750 0.484667 0.745750 0.485667 0.748500 0.489333 0.750250 0.491667 0.750250 0.497333 0.748750 0.499000 0.747500 0.504000 0.740750 0.505667 0.736500 0.504667 0.729000
0 0.538000 0.741250 0.536333 0.741250 0.532333 0.743500 0.528667 0.754000 0.529000 0.761750 0.530667 0.764750 0.533333 0.766750 0.536333 0.766500 0.539333 0.764500 0.543000 0.760000 0.544333 0.755500 0.544000 0.747250 0.543000 0.744250 0.541333 0.742250
0 0.493667 0.764750 0.489667 0.767500 0.488333 0.771750 0.488333 0.776250 0.489333 0.779250 0.492667 0.783000 0.494667 0.784000 0.498667 0.784000 0.501333 0.781250 0.502333 0.779000 0.501667 0.771750 0.499000 0.766250 0.497333 0.765000
0 0.470667 0.771750 0.466667 0.774750 0.464000 0.778750 0.463000 0.783750 0.463667 0.787000 0.466333 0.792750 0.470000 0.795500 0.474333 0.795000 0.477000 0.792000 0.478000 0.787500 0.478000 0.780000 0.475667 0.773500 0.473667 0.772250
