0 0.427333 0.485750 0.423667 0.486250 0.418333 0.491750 0.416667 0.495250 0.416333 0.499500 0.417667 0.505000 0.419667 0.507250 0.422333 0.508000 0.425667 0.507750 0.428667 0.506000 0.432000 0.498500 0.432000 0.490000 0.429333 0.486750
0 0.283000 0.367500 0.279333 0.369750 0.278000 0.372250 0.278000 0.380000 0.282000 0.387250 0.283667 0.388250 0.287333 0.388500 0.290000 0.386250 0.291667 0.383500 0.292667 0.376000 0.291667 0.373000 0.288333 0.368500 0.287000 0.367750
0 0.313000 0.398250 0.310000 0.398250 0.307000 0.399500 0.305667 0.401000 0.304333 0.404750 0.304667 0.416500 0.306000 0.420250 0.309667 0.422000 0.311667 0.421750 0.314333 0.419750 0.318000 0.412500 0.319000 0.408000 0.318333 0.400500 0.316000 0.399000
0 0.300000 0.450250 0.298000 0.451500 0.297000 0.454000 0.297000 0.460750 0.298333 0.466750 0.303000 0.472250 0.306667 0.474250 0.309333 0.474250 0.312000 0.472750 0.313667 0.468250 0.313333 0.463000 0.311333 0.455750 0.310000 0.453500 0.306333 0.450750 0.304000 0.450000
0 0.266000 0.467000 0.263000 0.467500 0.259000 0.471000 0.258333 0.478750 0.259667 0.483750 0.262333 0.487250 0.264333 0.488500 0.268333 0.489250 0.271667 0.488250 0.273333 0.486250 0.274667 0.481250 0.274667 0.476000 0.273333 0.471000 0.272000 0.469000 0.268333 0.467250
0 0.381333 0.419000 0.377667 0.419250 0.372333 0.423500 0.369333 0.429000 0.368667 0.435500 0.370000 0.439000 0.372333 0.441250 0.377333 0.441000 0.380667 0.439000 0.383000 0.436250 0.386333 0.428500 0.386333 0.422500 0.383667 0.420000
0 0.490667 0.386500 0.487000 0.388750 0.485333 0.391750 0.484667 0.406000 0.486333 0.412500 0.490000 0.414750 0.494000 0.415000 0.497000 0.414000 0.499000 0.412500 0.501667 0.404500 0.502000 0.398750 0.501000 0.394500 0.498000 0.389000 0.494667 0.387250
0 0.598333 0.402750 0.595000 0.404500 0.593667 0.408250 0.593667 0.416000 0.595000 0.423500 0.596333 0.425500 0.600000 0.426500 0.602667 0.429000 0.606667 0.431000 0.608000 0.431000 0.612333 0.428500 0.613333 0.426500 0.614333 0.422250 0.613667 0.415250 0.612000 0.411500 0.608333 0.407000 0.603667 0.403750 0.600667 0.402750
0 0.595667 0.424750 0.594333 0.426500 0.593000 0.430750 0.593000 0.436750 0.594667 0.444750 0.596000 0.447500 0.599667 0.451750 0.602000 0.452500 0.607000 0.452250 0.608667 0.450750 0.609667 0.448000 0.610000 0.439000 0.609000 0.433000 0.607333 0.430250 0.600000 0.425250
0 0.555333 0.461000 0.552000 0.462000 0.548667 0.466000 0.547667 0.469250 0.547667 0.476000 0.548667 0.479500 0.551333 0.483000 0.553667 0.484500 0.558667 0.485000 0.561667 0.483750 0.564000 0.480500 0.565667 0.475250 0.565667 0.470750 0.561667 0.462500 0.559333 0.461250
0 0.486667 0.459500 0.482667 0.462750 0.481667 0.467000 0.482000 0.470250 0.484000 0.475750 0.485667 0.478250 0.487000 0.479250 0.491000 0.479750 0.494667 0.477750 0.496333 0.475250 0.496667 0.469000 0.495667 0.465750 0.492667 0.461500 0.490000 0.459750
0 0.474333 0.446500 0.470333 0.446500 0.467000 0.448250 0.462333 0.453750 0.461333 0.458000 0.461333 0.466250 0.462000 0.467750 0.463333 0.468500 0.467000 0.469250 0.471000 0.469000 0.473333 0.468000 0.475333 0.466000 0.477667 0.458500 0.477667 0.453000 0.476000 0.448000
0 0.434000 0.470250 0.431667 0.469250 0.418667 0.469500 0.415333 0.470250 0.408000 0.476000 0.406333 0.478250 0.406333 0.483250 0.408000 0.486750 0.412000 0.488500 0.419000 0.488250 0.421000 0.487750 0.424000 0.485500 0.428000 0.484000 0.433333 0.478500 0.435333 0.475250 0.435000 0.471750
0 0.446667 0.519500 0.443667 0.520500 0.439333 0.524500 0.438333 0.528000 0.438333 0.537000 0.439667 0.540250 0.442667 0.544000 0.445000 0.545250 0.448667 0.545500 0.452000 0.543750 0.456000 0.538250 0.457000 0.534250 0.457000 0.528500 0.456000 0.524750 0.452333 0.521000 0.450333 0.520000
0 0.419667 0.519250 0.416667 0.522250 0.416000 0.524500 0.416000 0.530250 0.419667 0.538000 0.423333 0.540500 0.425667 0.540500 0.428667 0.539250 0.430333 0.536000 0.431000 0.529250 0.428667 0.522250 0.426667 0.520250 0.424333 0.519250
0 0.354667 0.510000 0.351333 0.511000 0.348667 0.513000 0.346333 0.517250 0.345667 0.522250 0.347333 0.529500 0.354333 0.534750 0.357333 0.535250 0.362000 0.532500 0.365000 0.529000 0.366000 0.525750 0.366000 0.520250 0.365000 0.517000 0.362000 0.512000 0.358333 0.510000
0 0.323333 0.527750 0.322333 0.529250 0.323333 0.533750 0.326333 0.537500 0.330333 0.540250 0.338000 0.544250 0.342667 0.545500 0.349000 0.545500 0.351667 0.544000 0.353667 0.541500 0.353333 0.536500 0.350333 0.532750 0.347000 0.531250 0.343333 0.528500 0.334000 0.525500 0.327000 0.525750
0 0.357333 0.597750 0.354333 0.599000 0.351667 0.602000 0.349667 0.608500 0.349667 0.613500 0.352333 0.620750 0.355667 0.622750 0.358000 0.623250 0.361667 0.622250 0.365000 0.619000 0.366667 0.614750 0.367000 0.607250 0.365333 0.601500 0.361667 0.598500
0 0.504667 0.717250 0.504667 0.721000 0.508667 0.725000 0.518667 0.729000 0.524000 0.729750 0.529667 0.729250 0.536333 0.726500 0.537667 0.725000 0.537000 0.720500 0.527667 0.716000 0.521000 0.714750 0.512333 0.714000 0.506667 0.715500
0 0.493333 0.692500 0.490333 0.694500 0.488667 0.696750 0.488667 0.708500 0.490667 0.713500 0.492667 0.715750 0.496333 0.717250 0.499000 0.717250 0.501333 0.714750 0.503000 0.710500 0.503000 0.704000 0.501000 0.697500 0.498333 0.693500 0.496667 0.692750
0 0.467000 0.682750 0.465667 0.684500 0.465667 0.687000 0.469667 0.693500 0.475000 0.696000 0.479000 0.696500 0.481000 0.695750 0.482333 0.694000 0.482000 0.690000 0.480000 0.687750 0.474000 0.683500 0.470667 0.682500
0 0.538000 0.668500 0.534667 0.669500 0.531000 0.673250 0.529000 0.680750 0.529667 0.685250 0.530667 0.686750 0.533000 0.688500 0.536000 0.689250 0.538000 0.689000 0.542000 0.686000 0.544333 0.679500 0.543667 0.673250 0.541333 0.670000
0 0.474333 0.645000 0.470333 0.645500 0.466333 0.648750 0.463000 0.653750 0.462667 0.655500 0.463000 0.661250 0.466000 0.667500 0.470000 0.669750 0.471667 0.669750 0.475667 0.667750 0.479333 0.662750 0.480667 0.659000 0.481000 0.653000 0.480000 0.649250
0 0.462333 0.623750 0.459667 0.626250 0.459667 0.628500 0.462667 0.636500 0.466000 0.640000 0.470333 0.643250 0.473000 0.644000 0.476667 0.643500 0.478000 0.641500 0.478333 0.638000 0.477333 0.634250 0.475000 0.630000 0.472000 0.626500 0.467000 0.624000
0 0.481667 0.599000 0.478333 0.598000 0.471333 0.599000 0.465667 0.602000 0.461667 0.605000 0.458000 0.610750 0.457000 0.613750 0.457333 0.618500 0.459000 0.620750 0.462000 0.621500 0.467333 0.621500 0.474333 0.617500 0.479333 0.613250 0.482333 0.609250 0.483333 0.606000 0.483000 0.601000
0 0.449000 0.594250 0.446333 0.594500 0.443333 0.596250 0.440667 0.603000 0.441333 0.611500 0.443667 0.614500 0.447333 0.616500 0.451000 0.616000 0.453000 0.614750 0.456667 0.605750 0.456667 0.601750 0.455667 0.597750 0.453000 0.595000
0 0.490667 0.558250 0.485667 0.559500 0.481667 0.564500 0.480333 0.569250 0.480333 0.573500 0.481667 0.577750 0.484333 0.581000 0.486667 0.582250 0.490667 0.581500 0.495667 0.576500 0.497333 0.571500 0.497667 0.566250 0.497000 0.563500 0.494667 0.560000
0 0.517333 0.578250 0.513000 0.578000 0.509333 0.579250 0.504667 0.587500 0.503667 0.594000 0.504333 0.599500 0.506000 0.602000 0.510000 0.604000 0.513000 0.603250 0.517667 0.600000 0.521000 0.596750 0.522667 0.593250 0.523000 0.586250 0.522333 0.583000 0.521000 0.580250
0 0.584000 0.554500 0.580333 0.555000 0.578000 0.556500 0.575333 0.560750 0.574000 0.565000 0.573667 0.569000 0.574333 0.573000 0.576000 0.576250 0.580333 0.579750 0.584667 0.579250 0.587333 0.576750 0.589667 0.573250 0.590667 0.569750 0.590333 0.560250 0.588667 0.556750 0.587000 0.555500
0 0.498333 0.525250 0.494000 0.525750 0.486667 0.530750 0.485333 0.532750 0.485667 0.543500 0.486667 0.545750 0.490000 0.548250 0.495000 0.547750 0.497667 0.546250 0.498667 0.544750 0.501333 0.532500 0.501000 0.529250
0 0.428000 0.544250 0.423000 0.544250 0.419333 0.546500 0.418000 0.548500 0.416667 0.553250 0.416667 0.560250 0.418000 0.564750 0.420333 0.567500 0.424000 0.569000 0.428000 0.568250 0.431000 0.565750 0.432667 0.563500 0.434000 0.559500 0.434000 0.553250 0.433000 0.548750 0.431333 0.546500
0 0.387333 0.623750 0.380667 0.624750 0.378667 0.626000 0.377000 0.628500 0.375667 0.633250 0.375667 0.642000 0.377000 0.646000 0.380333 0.649000 0.384000 0.649750 0.388333 0.649000 0.390667 0.647250 0.393333 0.643750 0.394333 0.639750 0.394333 0.633250 0.393000 0.627250 0.390667 0.625000
