0 0.517667 0.351250 0.513333 0.351250 0.510000 0.352750 0.508333 0.354500 0.506000 0.360000 0.505000 0.366000 0.505000 0.372250 0.506333 0.375250 0.508000 0.376750 0.510000 0.377500 0.513333 0.377500 0.517000 0.375500 0.520333 0.372500 0.522333 0.369250 0.523333 0.364250 0.523000 0.358000 0.521333 0.353750
0 0.471667 0.362750 0.469667 0.362750 0.467667 0.363750 0.462333 0.368750 0.460667 0.373000 0.460667 0.378250 0.461667 0.381500 0.462667 0.382000 0.467000 0.381750 0.471667 0.377750 0.475000 0.372750 0.475667 0.370250 0.475333 0.365250 0.474333 0.363750
0 0.423667 0.404250 0.419333 0.407250 0.417667 0.413000 0.418000 0.419750 0.419667 0.425000 0.421667 0.427500 0.424333 0.428750 0.427000 0.428750 0.430000 0.427250 0.432333 0.424000 0.433667 0.419000 0.433667 0.412750 0.432000 0.407500 0.428333 0.404750
0 0.490333 0.426750 0.485667 0.429750 0.484333 0.432000 0.483667 0.435250 0.484333 0.443750 0.486000 0.449250 0.489667 0.453750 0.493000 0.455250 0.497000 0.455250 0.499000 0.454250 0.501000 0.449250 0.501333 0.440750 0.499333 0.431250 0.497333 0.429250 0.493667 0.427250
0 0.399667 0.452500 0.395333 0.453750 0.393000 0.456250 0.391333 0.461750 0.391333 0.468000 0.393333 0.475000 0.397000 0.478250 0.401000 0.479250 0.404000 0.478000 0.406333 0.475250 0.407667 0.471500 0.407667 0.465000 0.405000 0.455750 0.404000 0.454250
0 0.520667 0.479250 0.517667 0.480000 0.516000 0.481750 0.514667 0.486000 0.514667 0.491000 0.515333 0.494500 0.517000 0.498000 0.519333 0.499500 0.522000 0.500250 0.525667 0.499000 0.527000 0.497750 0.528333 0.494750 0.528333 0.486500 0.526000 0.482250 0.522667 0.479750
0 0.539667 0.492000 0.536667 0.492750 0.534667 0.494250 0.532333 0.497500 0.531667 0.500500 0.531667 0.509750 0.532667 0.513750 0.535333 0.516750 0.537667 0.518000 0.541000 0.518250 0.544333 0.517250 0.546333 0.514250 0.547333 0.509500 0.547333 0.501250 0.544667 0.493500 0.541667 0.492000
0 0.510000 0.497500 0.508333 0.498500 0.506667 0.501500 0.507000 0.511000 0.509333 0.515750 0.513333 0.518750 0.517333 0.519500 0.519667 0.517750 0.520333 0.510500 0.518667 0.503250 0.517333 0.501250 0.513333 0.498000
0 0.463667 0.519250 0.463000 0.522000 0.465000 0.524500 0.468667 0.527500 0.474000 0.530250 0.481667 0.531750 0.486667 0.531750 0.490667 0.531250 0.494000 0.529000 0.493667 0.524750 0.486333 0.519250 0.481667 0.517250 0.479333 0.516750 0.468333 0.516750 0.465000 0.517750
0 0.446333 0.521000 0.444333 0.521750 0.441667 0.524500 0.442000 0.530500 0.451000 0.544500 0.455000 0.544250 0.458667 0.541500 0.459333 0.537750 0.459000 0.532750 0.454000 0.524250 0.451000 0.522000
0 0.418000 0.530000 0.417333 0.533750 0.419000 0.537250 0.426667 0.542250 0.434333 0.545500 0.437333 0.546000 0.444333 0.546000 0.448333 0.544500 0.449333 0.541750 0.449000 0.540000 0.445000 0.534750 0.441000 0.531750 0.432333 0.528750 0.421333 0.528500
0 0.425000 0.549000 0.420333 0.549500 0.417000 0.552000 0.415000 0.555500 0.414000 0.559750 0.413667 0.564500 0.414667 0.571750 0.416000 0.574000 0.420333 0.576500 0.424000 0.576000 0.427333 0.574000 0.430333 0.568000 0.430667 0.560500 0.429667 0.553000 0.428333 0.550500
0 0.426333 0.598250 0.423000 0.596250 0.417667 0.595250 0.414000 0.595250 0.412000 0.596000 0.401667 0.604250 0.400333 0.606500 0.401000 0.609500 0.404000 0.611750 0.408333 0.612000 0.411667 0.611500 0.415000 0.609750 0.420000 0.608250 0.425667 0.603250 0.427000 0.600250
0 0.399333 0.579500 0.397667 0.580500 0.395667 0.583500 0.395667 0.592000 0.398667 0.596250 0.399667 0.600000 0.400667 0.600750 0.404667 0.600750 0.406667 0.599250 0.409333 0.595500 0.409000 0.589500 0.404000 0.580750 0.401333 0.579500
0 0.352000 0.557750 0.348667 0.560500 0.348667 0.565250 0.353667 0.575750 0.358667 0.579750 0.361333 0.581000 0.366333 0.581250 0.370000 0.580250 0.372333 0.577250 0.372667 0.571250 0.369667 0.564500 0.364000 0.559750 0.358000 0.557000 0.354667 0.557000
0 0.400333 0.620750 0.398000 0.623000 0.397000 0.626250 0.397333 0.630250 0.399000 0.634500 0.404000 0.640750 0.406667 0.642750 0.409000 0.643750 0.413000 0.644000 0.414667 0.642500 0.416333 0.637500 0.416333 0.633500 0.413000 0.626000 0.407333 0.622250 0.404333 0.621000
0 0.427333 0.629000 0.424000 0.629750 0.422667 0.630750 0.420333 0.634250 0.419333 0.638000 0.419333 0.643000 0.420667 0.647500 0.423000 0.651250 0.426000 0.652250 0.428333 0.652000 0.433000 0.647000 0.434000 0.642500 0.433000 0.634000 0.430667 0.631000
0 0.399667 0.649250 0.399333 0.652000 0.400000 0.654000 0.410000 0.659000 0.414667 0.659500 0.420333 0.658250 0.421333 0.655250 0.420333 0.652250 0.413000 0.647500 0.404667 0.646500
0 0.419667 0.663750 0.418333 0.665250 0.418333 0.667000 0.420667 0.670750 0.429667 0.674750 0.431667 0.676250 0.434000 0.676750 0.436000 0.676500 0.437333 0.674750 0.437333 0.672250 0.436333 0.669000 0.435000 0.667250 0.427333 0.663500 0.423333 0.662750
0 0.415667 0.672000 0.412667 0.669750 0.409333 0.669750 0.401333 0.671250 0.397333 0.672750 0.386000 0.681250 0.385667 0.685750 0.388667 0.687500 0.396333 0.687500 0.404333 0.685500 0.412667 0.679000 0.416333 0.674000
0 0.422667 0.677750 0.420333 0.681000 0.422000 0.686000 0.428000 0.690000 0.432667 0.691750 0.436333 0.692000 0.439000 0.690500 0.439000 0.688250 0.435333 0.682000 0.427667 0.677750
0 0.410667 0.688750 0.408333 0.688500 0.405667 0.690000 0.399333 0.698500 0.398333 0.704000 0.399000 0.708750 0.400667 0.710750 0.403333 0.711500 0.405000 0.711500 0.408667 0.709500 0.412000 0.706250 0.413667 0.702250 0.414333 0.693500 0.412667 0.689500
0 0.431333 0.695500 0.427333 0.696750 0.424667 0.701250 0.424667 0.712750 0.426333 0.715250 0.430667 0.719000 0.436000 0.719500 0.439000 0.716750 0.440000 0.714250 0.440667 0.710000 0.440333 0.704250 0.439000 0.700000 0.437000 0.697000 0.435667 0.696000
0 0.390000 0.706750 0.387667 0.706750 0.384000 0.708250 0.379000 0.713250 0.376333 0.717500 0.375333 0.721250 0.375333 0.728000 0.376333 0.730250 0.380000 0.732250 0.381667 0.732250 0.385333 0.730750 0.387667 0.729000 0.390667 0.724750 0.393667 0.714000 0.393667 0.710000 0.393000 0.708250
0 0.403667 0.720500 0.400667 0.722000 0.399000 0.724250 0.398000 0.727500 0.398000 0.736000 0.399667 0.741250 0.402667 0.744750 0.404333 0.746000 0.407667 0.746250 0.410667 0.744750 0.413333 0.740750 0.414000 0.738000 0.413667 0.728750 0.412667 0.725500 0.410000 0.722000 0.407667 0.720750
0 0.420000 0.736750 0.417667 0.740250 0.417667 0.744750 0.418667 0.748000 0.423333 0.755000 0.427000 0.757500 0.430667 0.758750 0.432667 0.758750 0.435000 0.757750 0.436000 0.756000 0.436000 0.751250 0.434333 0.747750 0.427667 0.739500 0.424000 0.737500
0 0.419000 0.716250 0.417000 0.719250 0.417333 0.724250 0.423333 0.732250 0.429333 0.735000 0.435667 0.736500 0.437667 0.733000 0.436333 0.726500 0.432333 0.721000 0.421667 0.716250
0 0.451667 0.714000 0.449667 0.715750 0.447333 0.720250 0.447667 0.729000 0.451000 0.736500 0.454667 0.739000 0.458667 0.739000 0.461000 0.737500 0.462667 0.733500 0.463333 0.730000 0.463000 0.723250 0.462333 0.721000 0.459333 0.717000 0.455333 0.714500
0 0.467000 0.657000 0.465000 0.658500 0.462333 0.664000 0.462333 0.673750 0.463333 0.677500 0.465667 0.680000 0.467000 0.680750 0.470000 0.680750 0.472333 0.678750 0.474667 0.673500 0.475333 0.664500 0.471667 0.657500 0.470667 0.657000
0 0.536333 0.661500 0.533667 0.662500 0.529667 0.666500 0.528667 0.669500 0.528333 0.674750 0.528667 0.678250 0.530333 0.682250 0.533000 0.684500 0.537667 0.685750 0.542667 0.683750 0.544667 0.681500 0.546000 0.677250 0.546000 0.669750 0.544667 0.665500 0.540667 0.662500
0 0.542333 0.694250 0.537000 0.694250 0.533000 0.695750 0.531000 0.697750 0.526333 0.705250 0.524667 0.709750 0.524333 0.713750 0.525333 0.716500 0.528333 0.718000 0.533333 0.717250 0.538000 0.714500 0.544000 0.706000 0.545333 0.701500 0.545333 0.696500 0.544667 0.695250
0 0.584000 0.633500 0.580000 0.633500 0.575667 0.636000 0.572333 0.642750 0.572000 0.650750 0.573000 0.654500 0.575333 0.657500 0.579000 0.659500 0.581667 0.659500 0.584667 0.658250 0.587667 0.654000 0.589667 0.648500 0.590000 0.641500 0.589333 0.638750 0.586333 0.634750
