0 0.605667 0.317000 0.604667 0.315000 0.602333 0.313750 0.591000 0.311750 0.582667 0.312750 0.577667 0.314000 0.575000 0.315750 0.574000 0.318500 0.575667 0.321500 0.580000 0.323750 0.588000 0.325250 0.593667 0.325250 0.597667 0.324500 0.602000 0.322500 0.605000 0.320250
0 0.708333 0.315000 0.705667 0.316000 0.703667 0.318500 0.703333 0.323000 0.704667 0.330000 0.708333 0.334750 0.715667 0.339000 0.717667 0.339000 0.720000 0.337500 0.721667 0.334500 0.721667 0.329500 0.719333 0.322750 0.716333 0.317750 0.712333 0.315250
0 0.575667 0.282750 0.575333 0.286750 0.578333 0.289750 0.581667 0.295000 0.587667 0.299500 0.590667 0.301000 0.592667 0.301000 0.595000 0.299750 0.596000 0.295250 0.591333 0.287500 0.587667 0.284750 0.584000 0.283000 0.580667 0.282250
0 0.591667 0.341250 0.588333 0.341750 0.579667 0.345000 0.573333 0.352750 0.571667 0.356750 0.571667 0.358500 0.572667 0.361000 0.575333 0.363000 0.580333 0.362750 0.583667 0.361250 0.591333 0.352750 0.593667 0.346500 0.593000 0.342500
0 0.555333 0.357750 0.551667 0.359500 0.549667 0.364500 0.549667 0.369750 0.551667 0.376750 0.553333 0.379000 0.559333 0.382000 0.564333 0.382000 0.568333 0.377500 0.568667 0.371750 0.568000 0.369000 0.562667 0.360500 0.560333 0.358750 0.557667 0.357750
0 0.537000 0.393500 0.533000 0.396000 0.531333 0.399500 0.531000 0.406000 0.531667 0.410750 0.533000 0.415000 0.535667 0.418000 0.538000 0.419500 0.541667 0.420000 0.544000 0.419250 0.546333 0.416750 0.547333 0.403500 0.546667 0.400250 0.544667 0.397000 0.541333 0.394500
0 0.553667 0.380750 0.552000 0.381750 0.550667 0.386250 0.550667 0.389500 0.553000 0.396500 0.555667 0.400750 0.557000 0.401750 0.561000 0.403500 0.564667 0.403750 0.568000 0.402250 0.569000 0.400500 0.569000 0.393250 0.568333 0.391250 0.565000 0.385500 0.561000 0.382000 0.557667 0.380750
0 0.591667 0.375250 0.587000 0.375250 0.584333 0.376250 0.582333 0.378250 0.579667 0.384250 0.579333 0.393750 0.580667 0.397250 0.584000 0.399750 0.588667 0.398750 0.592000 0.396000 0.593667 0.393000 0.594667 0.388750 0.594667 0.383250 0.593667 0.377250
0 0.600667 0.388500 0.598667 0.389500 0.596667 0.392250 0.596667 0.398500 0.598667 0.404000 0.604000 0.408250 0.606667 0.409250 0.611000 0.409000 0.612667 0.407750 0.614000 0.404000 0.613667 0.399500 0.612000 0.394500 0.608667 0.390250 0.603667 0.388250
0 0.599667 0.369500 0.598000 0.372250 0.598000 0.374000 0.602333 0.384250 0.609333 0.389500 0.615667 0.390250 0.617333 0.389250 0.619000 0.385500 0.618333 0.380500 0.616333 0.375750 0.613333 0.372500 0.608667 0.369250 0.603000 0.368500
0 0.631667 0.400500 0.629333 0.400500 0.626333 0.401750 0.622000 0.407500 0.621000 0.410750 0.620667 0.415750 0.621667 0.418250 0.623667 0.420750 0.627333 0.422250 0.630667 0.421750 0.632000 0.421000 0.635333 0.416000 0.636667 0.411750 0.636000 0.404500 0.635000 0.402750
0 0.685000 0.399250 0.679667 0.398750 0.674333 0.399750 0.664333 0.407250 0.662000 0.411500 0.661667 0.413750 0.662000 0.416750 0.665333 0.419250 0.669667 0.419250 0.677000 0.416000 0.684000 0.410500 0.685667 0.408500 0.686667 0.405250 0.686333 0.400500
0 0.671667 0.439000 0.669000 0.439750 0.666000 0.442750 0.665333 0.445250 0.665667 0.450750 0.670333 0.459500 0.673667 0.462000 0.678000 0.462500 0.681333 0.460000 0.683000 0.455250 0.682667 0.447250 0.677667 0.440250 0.674667 0.439000
0 0.587667 0.422750 0.583333 0.422750 0.580000 0.424250 0.576333 0.431500 0.576000 0.439750 0.577000 0.443250 0.579333 0.447000 0.583333 0.448750 0.586667 0.447750 0.591333 0.443750 0.593667 0.436500 0.594000 0.431500 0.593333 0.428000 0.590667 0.424250
0 0.565333 0.422500 0.560667 0.422750 0.559333 0.423500 0.556000 0.427500 0.555000 0.431250 0.554667 0.439000 0.555667 0.443250 0.560333 0.446750 0.564667 0.446500 0.568667 0.444000 0.571667 0.440000 0.573000 0.436750 0.573000 0.431750 0.571333 0.427000 0.569333 0.424000
0 0.543667 0.442000 0.540667 0.441750 0.537667 0.442750 0.533333 0.446250 0.532333 0.448000 0.531667 0.450750 0.532000 0.460500 0.533333 0.463750 0.537000 0.466250 0.541333 0.465250 0.544667 0.462750 0.547000 0.458750 0.548667 0.451250 0.548333 0.446500 0.546667 0.443500
0 0.562000 0.479000 0.561667 0.483250 0.564000 0.487000 0.568000 0.489750 0.571333 0.491000 0.575667 0.491750 0.587667 0.491000 0.588667 0.490250 0.590333 0.487250 0.590333 0.485500 0.589000 0.483250 0.587333 0.481750 0.580667 0.478250 0.574667 0.476750 0.568333 0.476750 0.564000 0.477500
0 0.576667 0.495000 0.575333 0.497250 0.575333 0.498750 0.577667 0.502250 0.587333 0.509750 0.591333 0.511000 0.595667 0.511000 0.599333 0.509750 0.599667 0.505000 0.597333 0.501500 0.591333 0.496500 0.584667 0.494250 0.579667 0.494250
0 0.575333 0.504000 0.572333 0.505000 0.571333 0.506250 0.569667 0.511250 0.569333 0.517500 0.570333 0.522250 0.572000 0.525500 0.575333 0.527000 0.579333 0.527000 0.582000 0.525250 0.583667 0.521500 0.584333 0.516000 0.583000 0.510000 0.580333 0.508000 0.578333 0.505250 0.576667 0.504000
0 0.623667 0.524750 0.622333 0.523500 0.618333 0.522500 0.606667 0.522750 0.601667 0.523750 0.597333 0.525500 0.595333 0.527250 0.594333 0.529250 0.594667 0.534000 0.597667 0.535750 0.603000 0.536500 0.611000 0.536000 0.616000 0.534750 0.622333 0.531500 0.623667 0.530000
0 0.661667 0.491250 0.657333 0.491000 0.654667 0.492000 0.649333 0.497500 0.646333 0.505750 0.646333 0.509500 0.648000 0.513750 0.650333 0.515500 0.653667 0.515500 0.657000 0.514250 0.659000 0.512750 0.663000 0.507750 0.664667 0.502500 0.664667 0.496000 0.664000 0.493500
0 0.536667 0.502500 0.534333 0.503500 0.532000 0.505500 0.530667 0.509250 0.530333 0.513750 0.531667 0.521250 0.532667 0.523250 0.536333 0.526000 0.539667 0.526250 0.543333 0.525250 0.545667 0.523500 0.546667 0.520500 0.546667 0.514000 0.545333 0.508250 0.540000 0.503750
0 0.631667 0.549250 0.630333 0.549250 0.626333 0.551500 0.622333 0.557250 0.621000 0.560750 0.620667 0.564750 0.622000 0.568500 0.624333 0.572000 0.626667 0.574000 0.630333 0.573500 0.631667 0.572500 0.636333 0.565500 0.637667 0.560750 0.637667 0.556750 0.636667 0.552500 0.634333 0.550250
0 0.641667 0.550250 0.639667 0.552250 0.638667 0.555500 0.639000 0.560500 0.641667 0.565750 0.645667 0.569250 0.650000 0.571000 0.654667 0.571250 0.657000 0.569500 0.658000 0.567500 0.658000 0.563500 0.655667 0.556250 0.652000 0.552500 0.647333 0.550000 0.644667 0.549750
0 0.712667 0.553750 0.708000 0.553000 0.701333 0.555500 0.696000 0.559000 0.691667 0.563250 0.689667 0.567500 0.689667 0.572500 0.692333 0.574750 0.696667 0.575000 0.701333 0.574000 0.709000 0.568250 0.714333 0.560500 0.714667 0.556000
0 0.743667 0.545750 0.743333 0.549250 0.744667 0.551000 0.748333 0.553500 0.752000 0.554500 0.760000 0.554750 0.767000 0.554250 0.772000 0.552750 0.774667 0.549750 0.774333 0.547000 0.771667 0.544000 0.764000 0.542250 0.759667 0.541750 0.751000 0.542000 0.744667 0.544250
0 0.802667 0.532750 0.801000 0.533750 0.799333 0.536250 0.798667 0.540000 0.799333 0.544250 0.801333 0.548500 0.806333 0.554250 0.809667 0.555250 0.814000 0.554750 0.816667 0.553250 0.818333 0.549500 0.816667 0.541000 0.810667 0.533500 0.808000 0.532500
0 0.702000 0.577250 0.696667 0.577500 0.693667 0.579500 0.689667 0.584750 0.688333 0.587750 0.688000 0.596750 0.688667 0.600000 0.689667 0.601500 0.693333 0.604250 0.697667 0.604000 0.701333 0.602000 0.705667 0.597000 0.706667 0.594750 0.707667 0.588750 0.707000 0.581750 0.705667 0.578750
0 0.660667 0.593750 0.657000 0.594000 0.653000 0.596250 0.650667 0.598750 0.648333 0.603250 0.648000 0.612500 0.648667 0.615000 0.650333 0.616750 0.653667 0.617750 0.657667 0.617500 0.660000 0.616500 0.662667 0.613750 0.664000 0.610500 0.665000 0.605500 0.665000 0.599750 0.663333 0.595000
0 0.563667 0.584250 0.561000 0.585500 0.559000 0.587750 0.557333 0.592500 0.557000 0.596750 0.557333 0.599500 0.560000 0.604750 0.562667 0.607000 0.565333 0.607750 0.568333 0.607000 0.570000 0.605000 0.571667 0.598500 0.571667 0.593500 0.570667 0.588250 0.569000 0.585250 0.567000 0.584500
0 0.501667 0.569500 0.497667 0.569500 0.494667 0.571000 0.493333 0.572500 0.492000 0.576000 0.491667 0.585000 0.492333 0.588250 0.494333 0.592000 0.497333 0.593750 0.501000 0.593250 0.503333 0.592000 0.506000 0.588750 0.507333 0.584500 0.507667 0.579000 0.506667 0.572750 0.505667 0.571250
0 0.474000 0.623500 0.471333 0.624250 0.468000 0.627750 0.465667 0.633500 0.465667 0.639750 0.468667 0.647500 0.471333 0.649750 0.475333 0.650750 0.478667 0.649750 0.482000 0.646750 0.483000 0.643750 0.483333 0.634250 0.482667 0.630500 0.481000 0.626750 0.478667 0.625000
0 0.513000 0.647500 0.509667 0.649500 0.508333 0.652000 0.507000 0.658500 0.507333 0.663750 0.508333 0.667000 0.510333 0.669750 0.514333 0.673250 0.518000 0.674250 0.522000 0.672000 0.523667 0.669500 0.524667 0.664000 0.524333 0.656500 0.522000 0.650000 0.517667 0.647750
0 0.545667 0.650750 0.540333 0.651250 0.533333 0.656750 0.532000 0.659250 0.530667 0.665000 0.530667 0.670500 0.532333 0.673000 0.535667 0.675250 0.540333 0.676500 0.545333 0.674750 0.549667 0.669500 0.551000 0.666000 0.551000 0.657000 0.549000 0.653250
0 0.561000 0.642500 0.557000 0.644500 0.556000 0.645750 0.554667 0.650750 0.555000 0.655000 0.556667 0.658750 0.557000 0.661500 0.561000 0.665000 0.564667 0.665750 0.568000 0.664000 0.569667 0.661500 0.570333 0.659000 0.570000 0.649750 0.569000 0.647000 0.566000 0.643750 0.564333 0.642750
0 0.582667 0.642250 0.579333 0.644250 0.577000 0.650750 0.579333 0.661500 0.583667 0.665000 0.586333 0.665750 0.590667 0.665750 0.592333 0.665000 0.594000 0.662500 0.594667 0.658500 0.594333 0.650250 0.592333 0.646500 0.587000 0.643000 0.585000 0.642250
