0 0.411000 0.457750 0.407667 0.458750 0.405333 0.462750 0.405000 0.467000 0.407000 0.475000 0.408333 0.477000 0.412333 0.480750 0.415000 0.481750 0.416667 0.481750 0.419667 0.479750 0.420667 0.478000 0.421333 0.475000 0.420667 0.467500 0.419000 0.463250 0.417333 0.461250 0.413000 0.458000
0 0.431667 0.433000 0.429000 0.434500 0.427333 0.438750 0.427667 0.443750 0.429000 0.447750 0.432000 0.452500 0.436000 0.455000 0.440000 0.455250 0.443000 0.452500 0.443667 0.450500 0.443667 0.446000 0.441667 0.439750 0.435333 0.433250
0 0.478667 0.456750 0.476333 0.458250 0.473000 0.462500 0.472667 0.470000 0.473667 0.474500 0.476333 0.479000 0.478667 0.480750 0.482333 0.481250 0.485000 0.480250 0.488333 0.476750 0.490000 0.471500 0.489667 0.466500 0.488667 0.462750 0.486000 0.459250 0.482667 0.456750
0 0.461333 0.474500 0.458667 0.474500 0.454667 0.477250 0.453333 0.479750 0.452333 0.484500 0.452333 0.487500 0.454000 0.492750 0.455333 0.494500 0.458000 0.496000 0.460333 0.495750 0.463667 0.493750 0.466000 0.490750 0.467333 0.486250 0.467000 0.478000 0.463667 0.475000
0 0.443333 0.485500 0.441000 0.486250 0.439000 0.488000 0.437000 0.494000 0.437000 0.498500 0.439667 0.505250 0.443000 0.507250 0.446667 0.507250 0.448667 0.506250 0.451000 0.502750 0.452000 0.498250 0.452000 0.494000 0.451000 0.490750 0.448667 0.487500 0.447333 0.486500
0 0.423333 0.498500 0.419333 0.498250 0.414667 0.500000 0.412000 0.502500 0.408000 0.508500 0.407333 0.510750 0.407667 0.516500 0.408333 0.517750 0.411000 0.519000 0.416333 0.519000 0.418333 0.518250 0.420333 0.516750 0.423667 0.512000 0.426000 0.506250 0.426333 0.502250 0.425000 0.499750
0 0.327000 0.536250 0.327333 0.538500 0.330667 0.541250 0.337000 0.543500 0.341667 0.544000 0.348667 0.543750 0.355000 0.541750 0.357333 0.540250 0.358667 0.537250 0.358000 0.534000 0.356667 0.532750 0.350333 0.531500 0.338333 0.531500 0.330333 0.532500 0.328667 0.533500
0 0.275333 0.484000 0.272000 0.486000 0.270000 0.489250 0.268667 0.493000 0.269000 0.498250 0.270333 0.502500 0.274000 0.506500 0.275667 0.507250 0.279333 0.507500 0.283333 0.505250 0.285333 0.502750 0.286667 0.493500 0.283667 0.486750 0.279333 0.484250
0 0.506333 0.474500 0.501333 0.475250 0.497333 0.478000 0.494667 0.485000 0.494667 0.490500 0.496000 0.493750 0.498333 0.496750 0.501667 0.498750 0.504667 0.498250 0.506667 0.497250 0.511333 0.490750 0.512333 0.487250 0.512333 0.481750 0.511000 0.477750
0 0.544000 0.455500 0.540000 0.457750 0.536333 0.462500 0.535667 0.468250 0.536667 0.471250 0.540333 0.474500 0.543000 0.475250 0.545667 0.475250 0.548667 0.473750 0.551333 0.471000 0.552000 0.463500 0.549000 0.458000 0.545667 0.455500
0 0.633000 0.568250 0.631667 0.571250 0.633000 0.575500 0.635000 0.577500 0.640333 0.580250 0.650000 0.582500 0.655000 0.582250 0.658667 0.580500 0.658667 0.575750 0.656000 0.572250 0.654000 0.570750 0.646667 0.568250 0.639333 0.566750 0.635333 0.567000
0 0.599333 0.539250 0.595333 0.540250 0.593000 0.542000 0.590667 0.544750 0.589000 0.548750 0.589000 0.552250 0.590667 0.557000 0.592000 0.558000 0.594667 0.558750 0.598667 0.558500 0.600333 0.557750 0.604000 0.550000 0.604000 0.544250 0.603333 0.542000 0.602000 0.540250
0 0.592000 0.511000 0.589667 0.513000 0.587667 0.517000 0.588333 0.525750 0.590000 0.529750 0.592333 0.532250 0.594667 0.533000 0.599333 0.532750 0.601000 0.531000 0.601667 0.528500 0.601667 0.522750 0.600333 0.515250 0.599333 0.513500 0.596333 0.511250
0 0.577000 0.518000 0.576000 0.517250 0.571667 0.517000 0.567000 0.518500 0.560333 0.523250 0.559667 0.524250 0.560000 0.526750 0.561333 0.527500 0.566000 0.527750 0.568333 0.527500 0.576667 0.523000 0.577333 0.522000
0 0.548667 0.573500 0.545333 0.574750 0.543667 0.577250 0.542000 0.583250 0.542000 0.588750 0.543000 0.591500 0.546000 0.595500 0.548333 0.597000 0.552000 0.597000 0.554000 0.596000 0.556667 0.592000 0.557667 0.588250 0.557667 0.580250 0.556000 0.576500 0.552667 0.573750
0 0.528000 0.554500 0.524000 0.556500 0.521333 0.561000 0.520333 0.565250 0.521667 0.572000 0.524000 0.575750 0.525333 0.576750 0.529333 0.577250 0.532000 0.576250 0.535000 0.573000 0.536000 0.564750 0.535000 0.560250 0.533000 0.556250 0.530000 0.554500
0 0.510333 0.586000 0.506333 0.586500 0.504000 0.587750 0.501333 0.591500 0.500333 0.594750 0.499667 0.603750 0.501333 0.606500 0.505000 0.608500 0.507000 0.608250 0.509667 0.606500 0.514333 0.600000 0.515000 0.595750 0.514667 0.588750 0.513000 0.586750
0 0.482000 0.584000 0.479000 0.585250 0.476667 0.587750 0.476333 0.594750 0.478000 0.600250 0.482667 0.603500 0.487667 0.603750 0.490667 0.603000 0.493000 0.599750 0.492667 0.592000 0.490000 0.587000 0.486000 0.584750
0 0.467667 0.576250 0.466333 0.575500 0.459667 0.575750 0.455667 0.576750 0.448000 0.580000 0.440333 0.587750 0.440667 0.592000 0.443333 0.593500 0.447667 0.593750 0.455333 0.592750 0.459333 0.591500 0.467667 0.585750 0.469000 0.584000 0.469667 0.579500
0 0.428000 0.534000 0.424667 0.536250 0.423000 0.540000 0.423000 0.546500 0.424333 0.551500 0.427667 0.557750 0.431000 0.559750 0.435333 0.559750 0.438000 0.557250 0.439667 0.552500 0.439667 0.548250 0.438333 0.542000 0.435333 0.536250 0.431667 0.534250
0 0.315667 0.317750 0.313667 0.318000 0.310000 0.320500 0.307333 0.326500 0.308000 0.334500 0.310667 0.338250 0.314000 0.339750 0.315667 0.339500 0.319000 0.337500 0.323000 0.330500 0.323000 0.325000 0.322000 0.322250 0.319000 0.318750
0 0.457667 0.541500 0.453667 0.542750 0.450667 0.545750 0.450000 0.554000 0.450667 0.557250 0.453000 0.561500 0.458000 0.565250 0.459667 0.565500 0.463333 0.564250 0.465667 0.562750 0.467667 0.558250 0.467667 0.553750 0.466667 0.548000 0.464667 0.544750 0.459333 0.541500
0 0.481000 0.538000 0.478000 0.538750 0.476667 0.540500 0.476000 0.550000 0.478000 0.555250 0.481333 0.557000 0.483000 0.557250 0.486333 0.556000 0.488333 0.553750 0.488667 0.547750 0.485667 0.540250 0.483000 0.538250
0 0.474333 0.691250 0.472333 0.689500 0.467333 0.688500 0.454667 0.689500 0.447333 0.693250 0.446000 0.695750 0.446000 0.698250 0.449000 0.700500 0.454000 0.701750 0.460667 0.701750 0.466000 0.701000 0.469667 0.699500 0.474000 0.696000 0.475000 0.694000
0 0.388333 0.697750 0.386000 0.700750 0.386000 0.705000 0.388000 0.709250 0.399000 0.717750 0.404333 0.719250 0.408000 0.719500 0.412000 0.718750 0.413333 0.717250 0.413667 0.712750 0.412333 0.709000 0.409333 0.704750 0.402667 0.700250 0.396333 0.697500 0.392000 0.697000
0 0.377333 0.319750 0.375333 0.321750 0.374333 0.325500 0.374333 0.330750 0.375667 0.337750 0.377667 0.341500 0.380333 0.343500 0.385333 0.344000 0.388333 0.343000 0.389667 0.340750 0.389667 0.335000 0.388667 0.329500 0.383333 0.321750 0.380667 0.320000
0 0.404667 0.345250 0.403000 0.346000 0.400667 0.349500 0.400000 0.352250 0.400333 0.358750 0.402667 0.364750 0.406333 0.369500 0.408333 0.370750 0.412000 0.371000 0.414000 0.369750 0.417333 0.365750 0.418333 0.362250 0.417667 0.354250 0.416333 0.351500 0.412000 0.346250 0.409000 0.345250
0 0.449667 0.352750 0.447667 0.354250 0.447000 0.358250 0.450000 0.364750 0.454333 0.370750 0.459333 0.374750 0.462667 0.375500 0.467000 0.375000 0.468667 0.373000 0.469000 0.368250 0.466333 0.360500 0.458333 0.354000 0.452667 0.352500
0 0.477667 0.347750 0.474000 0.349500 0.472667 0.352250 0.472333 0.354250 0.473667 0.360000 0.478000 0.367500 0.482000 0.370500 0.487000 0.371500 0.490333 0.369750 0.491000 0.368250 0.491333 0.360250 0.490667 0.358000 0.487667 0.352500 0.482333 0.348000
0 0.522667 0.352500 0.520333 0.352500 0.517000 0.353750 0.513667 0.360750 0.513000 0.364750 0.513333 0.369250 0.514667 0.371750 0.517000 0.373500 0.521000 0.373500 0.522667 0.372500 0.526667 0.365000 0.527333 0.357000 0.525333 0.353500
0 0.496667 0.372500 0.493667 0.373500 0.491333 0.377000 0.490667 0.382750 0.493333 0.389250 0.497333 0.390500 0.499333 0.390500 0.501000 0.389750 0.505000 0.385250 0.505000 0.381250 0.504000 0.377500 0.502667 0.375500 0.498667 0.372750
0 0.506333 0.386250 0.502333 0.389500 0.501333 0.391500 0.501000 0.401000 0.502333 0.404250 0.504333 0.406000 0.506000 0.406750 0.509333 0.406750 0.511333 0.406000 0.514000 0.403250 0.514667 0.401000 0.514667 0.392500 0.512333 0.388000 0.510000 0.386500
0 0.461667 0.380250 0.459000 0.381000 0.456333 0.383250 0.455000 0.385750 0.454333 0.390250 0.455333 0.396250 0.458000 0.400250 0.460333 0.402250 0.462333 0.403250 0.463667 0.403250 0.467000 0.402250 0.468667 0.400250 0.470000 0.396250 0.470333 0.391500 0.467333 0.381750 0.464333 0.380250
0 0.427667 0.382250 0.424000 0.384250 0.423000 0.386250 0.422667 0.392500 0.423667 0.398000 0.424667 0.400500 0.428000 0.404750 0.434667 0.407750 0.436333 0.407750 0.439000 0.406250 0.440333 0.404250 0.440333 0.399000 0.438667 0.392500 0.435333 0.384250 0.432000 0.382500
0 0.411333 0.378000 0.407000 0.379500 0.404000 0.384250 0.402667 0.393500 0.403667 0.397250 0.407333 0.402500 0.409667 0.403750 0.413000 0.404000 0.417667 0.401250 0.420333 0.397000 0.420667 0.388000 0.420000 0.384750 0.417333 0.381000 0.414000 0.378750
0 0.388000 0.366250 0.384333 0.367250 0.382333 0.370000 0.381667 0.375750 0.383667 0.382500 0.388667 0.389250 0.391667 0.391000 0.396333 0.391500 0.398667 0.390250 0.400333 0.387250 0.400667 0.380000 0.400000 0.377500 0.396000 0.369750 0.393333 0.367750
0 0.347333 0.399750 0.348333 0.404000 0.350000 0.405750 0.358000 0.408750 0.361667 0.409500 0.371000 0.409750 0.373667 0.409250 0.378333 0.406750 0.379667 0.404250 0.378667 0.400750 0.376333 0.398750 0.370667 0.396000 0.365333 0.394750 0.360000 0.394250 0.353000 0.394750 0.349333 0.396750
0 0.338333 0.408000 0.337000 0.408750 0.335667 0.411500 0.335667 0.417500 0.337333 0.424000 0.342333 0.429250 0.345667 0.430750 0.349667 0.430750 0.352333 0.428500 0.354000 0.424500 0.353667 0.421000 0.351667 0.415250 0.349333 0.411500 0.345333 0.408500 0.342667 0.407500
0 0.345333 0.461250 0.341000 0.463750 0.338667 0.466750 0.337667 0.470000 0.338000 0.476250 0.340333 0.482500 0.343333 0.485750 0.346000 0.487250 0.350333 0.487250 0.354000 0.485000 0.356000 0.482250 0.357333 0.476250 0.357000 0.470750 0.355667 0.467250 0.352333 0.463250 0.349667 0.461500
