0 0.603333 0.249750 0.600000 0.250000 0.596000 0.252250 0.594333 0.255250 0.593333 0.259000 0.593333 0.265250 0.594667 0.271750 0.596000 0.273000 0.600333 0.272750 0.604333 0.269750 0.607000 0.265250 0.607667 0.260500 0.607333 0.253750 0.606000 0.251250
0 0.608000 0.272000 0.603000 0.272750 0.599000 0.275750 0.596333 0.279500 0.595333 0.283250 0.595667 0.288250 0.597333 0.291750 0.599333 0.293000 0.603000 0.293000 0.606667 0.291500 0.609667 0.288250 0.612667 0.283250 0.613667 0.279750 0.613333 0.275500 0.611333 0.273000
0 0.695000 0.295000 0.693000 0.293000 0.686333 0.291250 0.682000 0.291250 0.669333 0.294250 0.664333 0.297250 0.663333 0.299000 0.663667 0.302250 0.665667 0.304250 0.671000 0.306000 0.677667 0.306250 0.685000 0.305500 0.690333 0.303750 0.694333 0.300750 0.695333 0.298750
0 0.596667 0.336750 0.596000 0.338500 0.597000 0.342500 0.600000 0.346750 0.604000 0.349750 0.614000 0.352750 0.618000 0.352000 0.621333 0.350250 0.622333 0.345250 0.620000 0.342000 0.615000 0.337250 0.606333 0.335000 0.599333 0.335250
0 0.603333 0.351750 0.600000 0.354250 0.598333 0.357750 0.598000 0.364750 0.598667 0.368250 0.602000 0.373750 0.606000 0.375000 0.609000 0.375000 0.612667 0.374000 0.615667 0.371000 0.616667 0.366750 0.616333 0.359500 0.614000 0.355000 0.612000 0.353500 0.607333 0.351750
0 0.538000 0.345000 0.536667 0.344500 0.528333 0.344000 0.520000 0.346250 0.510000 0.353250 0.508667 0.356250 0.509000 0.358750 0.512000 0.360500 0.515000 0.361250 0.522000 0.361000 0.530333 0.358750 0.537667 0.352750 0.538667 0.350500 0.538667 0.345750
0 0.510000 0.369250 0.509000 0.369750 0.507667 0.372250 0.507667 0.375750 0.509000 0.380500 0.514000 0.385750 0.517333 0.388250 0.520333 0.389500 0.522667 0.389500 0.524333 0.388500 0.525000 0.387250 0.525000 0.383250 0.522667 0.376000 0.519000 0.372000 0.513667 0.369000
0 0.670000 0.339000 0.665667 0.341750 0.664333 0.344500 0.664000 0.354750 0.665333 0.359500 0.669000 0.364250 0.671667 0.366000 0.674667 0.366250 0.679000 0.363500 0.682333 0.357000 0.683000 0.354250 0.682667 0.347500 0.681333 0.344250 0.677333 0.340250 0.674000 0.339000
0 0.673000 0.388000 0.669333 0.390250 0.668333 0.391750 0.666667 0.396750 0.668000 0.403750 0.671667 0.410750 0.673333 0.412000 0.676667 0.412000 0.678667 0.411000 0.680333 0.407750 0.681000 0.405000 0.680667 0.396500 0.679667 0.392500 0.677667 0.389250 0.675000 0.388000
0 0.643000 0.398000 0.642000 0.401250 0.643333 0.404000 0.646000 0.406750 0.659333 0.413000 0.666333 0.413250 0.670000 0.411750 0.671667 0.408750 0.671333 0.407500 0.667000 0.402500 0.663667 0.399750 0.651000 0.396750 0.646667 0.396500
0 0.585000 0.403500 0.584000 0.406750 0.584667 0.408750 0.591000 0.412250 0.595000 0.413000 0.599333 0.412500 0.604333 0.412750 0.606667 0.412000 0.612000 0.409000 0.613667 0.405500 0.613000 0.400750 0.611000 0.399500 0.605000 0.398250 0.597667 0.398250 0.591667 0.399250 0.588333 0.400750
0 0.583667 0.382750 0.579667 0.382750 0.576000 0.384000 0.571667 0.388500 0.570333 0.392250 0.570333 0.400000 0.571333 0.402000 0.575333 0.404250 0.578333 0.404000 0.581333 0.402250 0.585667 0.395250 0.587000 0.390750 0.587000 0.386500 0.586000 0.384000
0 0.593333 0.415500 0.592000 0.416750 0.591000 0.420500 0.595000 0.428000 0.603000 0.433500 0.609000 0.434750 0.612667 0.434750 0.615667 0.434000 0.617000 0.432250 0.617000 0.427000 0.615667 0.423250 0.607333 0.417000 0.604000 0.415500 0.600333 0.414750 0.595333 0.414750
0 0.655000 0.413000 0.652000 0.412500 0.646333 0.412750 0.642000 0.414250 0.639000 0.416500 0.633667 0.423250 0.634000 0.427500 0.635333 0.428750 0.639000 0.430000 0.643667 0.429000 0.655333 0.422000 0.657333 0.419500 0.657667 0.416000
0 0.661333 0.430250 0.658000 0.428750 0.650667 0.430000 0.642000 0.435500 0.640667 0.437750 0.639000 0.439000 0.637000 0.442750 0.637333 0.447000 0.639000 0.448750 0.641667 0.449500 0.646000 0.449250 0.650000 0.447000 0.655000 0.445250 0.662000 0.435750 0.662333 0.431750
0 0.666333 0.436500 0.663667 0.438500 0.662667 0.441500 0.662667 0.444000 0.665333 0.449750 0.673333 0.456500 0.678000 0.458000 0.682333 0.458500 0.685000 0.456750 0.685667 0.455000 0.685000 0.448750 0.683667 0.445500 0.678333 0.439750 0.670333 0.436250
0 0.724000 0.438500 0.718667 0.438250 0.716000 0.438750 0.712333 0.442000 0.710000 0.447000 0.709333 0.451000 0.710333 0.455000 0.713000 0.459250 0.716333 0.460750 0.721333 0.459250 0.725000 0.455500 0.727000 0.448250 0.727000 0.443750 0.726000 0.440000
0 0.772333 0.438500 0.768000 0.438000 0.763000 0.439000 0.759000 0.441250 0.753667 0.446750 0.751667 0.450750 0.751000 0.455500 0.752333 0.458000 0.754667 0.459750 0.757667 0.460500 0.763333 0.460000 0.769333 0.455750 0.773000 0.450250 0.774000 0.444750 0.773667 0.440750
0 0.654667 0.447250 0.649333 0.448500 0.645667 0.451500 0.643000 0.452500 0.641667 0.454000 0.640667 0.457500 0.640333 0.464000 0.641667 0.467500 0.643333 0.468250 0.647333 0.468750 0.652333 0.467500 0.655333 0.465000 0.659000 0.459750 0.659667 0.456500 0.659000 0.452250
0 0.630667 0.448750 0.625667 0.449750 0.622333 0.452750 0.618333 0.461750 0.618667 0.468000 0.621667 0.471750 0.626333 0.475750 0.628667 0.475500 0.631667 0.474000 0.634667 0.470750 0.636667 0.467000 0.636667 0.455500 0.635333 0.452500
0 0.614667 0.446000 0.610333 0.445500 0.603667 0.446500 0.596667 0.450500 0.593000 0.455000 0.590333 0.460000 0.589667 0.462750 0.590667 0.464750 0.592000 0.465750 0.594333 0.466250 0.600333 0.465750 0.609333 0.460250 0.613333 0.455500 0.615333 0.452000 0.615667 0.446750
0 0.564333 0.471500 0.560000 0.472000 0.557000 0.474500 0.554667 0.478000 0.553000 0.482500 0.552667 0.488000 0.555000 0.494000 0.556667 0.495500 0.561000 0.495750 0.566000 0.491250 0.568667 0.486250 0.569000 0.477000 0.567667 0.474000
0 0.654333 0.510500 0.650667 0.510250 0.646000 0.512000 0.642333 0.515000 0.640667 0.518750 0.640000 0.528250 0.641000 0.531500 0.642667 0.534250 0.645667 0.536250 0.648333 0.537000 0.651000 0.537000 0.655000 0.534500 0.658000 0.530000 0.659333 0.526500 0.660000 0.516500 0.657333 0.512250
0 0.658333 0.493000 0.657000 0.495000 0.657000 0.499500 0.658667 0.502750 0.665333 0.508500 0.673333 0.512000 0.678333 0.512250 0.679667 0.511750 0.682000 0.509500 0.682000 0.505500 0.678667 0.500000 0.671000 0.494500 0.668333 0.493250 0.663333 0.492250
0 0.536000 0.438250 0.532667 0.439750 0.530667 0.445750 0.530667 0.452250 0.532333 0.460000 0.533667 0.461500 0.537667 0.463500 0.542000 0.462250 0.544667 0.459250 0.545667 0.455000 0.545667 0.446000 0.544667 0.442750 0.542667 0.440250 0.540333 0.438750
0 0.587667 0.533000 0.583333 0.533000 0.581000 0.533750 0.579333 0.535250 0.575667 0.541000 0.575000 0.544000 0.575333 0.550500 0.576333 0.553000 0.580333 0.555750 0.583667 0.555750 0.587667 0.553500 0.591333 0.548000 0.592000 0.544750 0.591667 0.536500 0.589667 0.534000
0 0.529667 0.554750 0.527333 0.556250 0.524333 0.560750 0.524000 0.566500 0.524667 0.570750 0.528667 0.577500 0.532000 0.579000 0.534333 0.579000 0.537667 0.577500 0.538667 0.575250 0.539667 0.568250 0.539333 0.561750 0.537667 0.557750 0.535667 0.556000 0.533000 0.554750
0 0.603667 0.556750 0.600000 0.558750 0.598333 0.561250 0.597667 0.567750 0.598667 0.572000 0.603000 0.580250 0.607000 0.582750 0.611000 0.583500 0.614667 0.582250 0.616333 0.580250 0.617000 0.577250 0.616333 0.570000 0.614667 0.565000 0.611000 0.560000 0.607000 0.557000
0 0.603000 0.601250 0.599667 0.603000 0.598333 0.606500 0.599333 0.615750 0.603000 0.622500 0.605000 0.624000 0.608000 0.625250 0.612333 0.625250 0.615667 0.623750 0.617000 0.618500 0.615667 0.611250 0.612000 0.605250 0.609667 0.602750 0.607667 0.601500
0 0.544667 0.587500 0.540667 0.587500 0.535667 0.591250 0.533667 0.594750 0.533000 0.603500 0.535000 0.607750 0.537000 0.609000 0.541000 0.609250 0.544333 0.608250 0.546333 0.606000 0.548333 0.601000 0.549000 0.597750 0.548667 0.593750 0.546667 0.589500
0 0.462667 0.586000 0.461333 0.587750 0.461000 0.593250 0.463333 0.599250 0.470333 0.607250 0.474000 0.608250 0.479000 0.607750 0.482000 0.604250 0.481000 0.597250 0.479000 0.593000 0.473667 0.587250 0.467000 0.585000
0 0.653333 0.617750 0.650667 0.618500 0.649000 0.619750 0.645000 0.624750 0.643667 0.629000 0.643667 0.634500 0.645000 0.638500 0.646667 0.640500 0.650667 0.642500 0.654333 0.642750 0.658000 0.640500 0.660000 0.638000 0.661667 0.633500 0.662000 0.628000 0.660667 0.623250 0.658667 0.620000 0.656000 0.618250
