0 0.471333 0.381750 0.468000 0.382250 0.465667 0.383500 0.463000 0.387000 0.462000 0.389750 0.461667 0.395500 0.463000 0.401000 0.466333 0.403250 0.470333 0.402750 0.472333 0.401500 0.475667 0.396000 0.476333 0.389500 0.475667 0.385250 0.474333 0.383000
0 0.423333 0.437500 0.420333 0.438750 0.418667 0.441000 0.417667 0.444250 0.417667 0.451000 0.419333 0.456500 0.423000 0.459750 0.424667 0.460000 0.428333 0.459000 0.430000 0.456750 0.431333 0.452250 0.431667 0.446000 0.429000 0.439000 0.427000 0.437750
0 0.493333 0.426250 0.492000 0.430000 0.492667 0.433000 0.497000 0.436250 0.501667 0.438250 0.509667 0.440250 0.517333 0.440500 0.522333 0.439250 0.525333 0.436000 0.525333 0.434750 0.523333 0.431000 0.513000 0.425750 0.506000 0.424250 0.498333 0.424000
0 0.498000 0.445250 0.493667 0.445000 0.490333 0.447000 0.486667 0.453500 0.486333 0.459500 0.487000 0.462250 0.490000 0.465750 0.494667 0.465500 0.497667 0.463250 0.499667 0.459750 0.500333 0.449750 0.499667 0.446750
0 0.525333 0.462000 0.524000 0.464000 0.523667 0.467500 0.524667 0.469250 0.526667 0.470750 0.528000 0.473750 0.532000 0.479000 0.539667 0.483500 0.544000 0.484500 0.545333 0.484250 0.547000 0.481750 0.547667 0.477250 0.545000 0.469750 0.534333 0.462500 0.530333 0.461250
0 0.525667 0.479250 0.523667 0.481750 0.524000 0.484000 0.525667 0.486750 0.530667 0.490750 0.540333 0.497000 0.543333 0.497750 0.547333 0.497500 0.548667 0.496250 0.549000 0.493500 0.545000 0.486250 0.541333 0.484500 0.533667 0.482500 0.529000 0.479750
0 0.604333 0.485500 0.602000 0.486000 0.600333 0.487250 0.596333 0.492000 0.595000 0.494750 0.595000 0.502250 0.596667 0.506750 0.599000 0.508750 0.604333 0.508000 0.606667 0.505500 0.608000 0.502250 0.609000 0.494750 0.608667 0.489250 0.607667 0.486750
0 0.512667 0.498000 0.509667 0.499000 0.508000 0.502000 0.507333 0.507000 0.507667 0.514750 0.510000 0.519500 0.514000 0.522250 0.517667 0.522250 0.520667 0.520250 0.522333 0.517750 0.523000 0.514250 0.522667 0.506750 0.520333 0.501500 0.515000 0.498250
0 0.535333 0.525750 0.532333 0.527000 0.530667 0.529500 0.530000 0.532750 0.530667 0.541000 0.532667 0.546250 0.536667 0.549250 0.538333 0.549250 0.540667 0.548500 0.542667 0.546250 0.544333 0.541750 0.543000 0.533250 0.541667 0.530250 0.537333 0.525750
0 0.607667 0.562500 0.604333 0.562500 0.601000 0.564000 0.595667 0.572000 0.594667 0.579000 0.595000 0.584000 0.596000 0.586000 0.598667 0.587750 0.600667 0.587750 0.602667 0.587000 0.606333 0.584500 0.611000 0.576000 0.611667 0.567750 0.610333 0.564500
0 0.489333 0.532250 0.486000 0.533750 0.482667 0.540000 0.482333 0.548500 0.483667 0.553250 0.485333 0.556250 0.487333 0.557750 0.490667 0.558750 0.494667 0.557500 0.498000 0.553500 0.499333 0.546250 0.499333 0.539750 0.498333 0.536750 0.495667 0.533750 0.493000 0.532500
0 0.470000 0.547000 0.467333 0.548000 0.465667 0.549750 0.464667 0.552000 0.464667 0.557250 0.470000 0.568750 0.471333 0.569750 0.474333 0.570500 0.478667 0.568500 0.480333 0.565250 0.480000 0.557500 0.475333 0.548500 0.473667 0.547500
0 0.446333 0.548250 0.443667 0.549250 0.442333 0.551500 0.441000 0.556000 0.440667 0.564250 0.442000 0.567000 0.446333 0.571750 0.448000 0.572750 0.451333 0.572750 0.455000 0.569000 0.456667 0.564500 0.456000 0.556750 0.451667 0.549500 0.448333 0.548250
0 0.415667 0.566750 0.415333 0.569750 0.416333 0.572250 0.422333 0.576750 0.428000 0.578750 0.438000 0.580750 0.441333 0.580750 0.444333 0.579500 0.446667 0.576500 0.446333 0.573250 0.445333 0.571750 0.435000 0.565000 0.429333 0.564000 0.420333 0.564000 0.418000 0.564750
0 0.392667 0.546500 0.390333 0.549250 0.390333 0.554500 0.392000 0.561500 0.395000 0.565000 0.399667 0.568750 0.403667 0.570250 0.409000 0.569750 0.410667 0.568000 0.411667 0.563750 0.409667 0.558000 0.404333 0.549750 0.400667 0.547250 0.396667 0.546250
0 0.518333 0.599000 0.516000 0.599000 0.513667 0.599750 0.510667 0.602750 0.509000 0.606250 0.508000 0.611000 0.508667 0.620000 0.510333 0.623000 0.514000 0.625250 0.518000 0.625000 0.521667 0.623000 0.523667 0.616750 0.524000 0.607000 0.523333 0.603250 0.522333 0.601250
0 0.429333 0.595500 0.427000 0.593750 0.420667 0.592750 0.408333 0.593250 0.400333 0.594750 0.396667 0.596000 0.394000 0.598500 0.393667 0.600250 0.395333 0.602750 0.400000 0.605250 0.407000 0.606250 0.411667 0.606000 0.424000 0.602500 0.427000 0.601000 0.428667 0.599500
0 0.386000 0.609750 0.381667 0.610250 0.379000 0.611750 0.377000 0.614500 0.375667 0.618250 0.375667 0.626500 0.376667 0.631250 0.380000 0.635500 0.382667 0.636250 0.385333 0.636250 0.389000 0.634000 0.391333 0.630000 0.393000 0.624250 0.393333 0.618500 0.392000 0.613750 0.389667 0.610500
0 0.513000 0.632750 0.510000 0.634750 0.509000 0.638000 0.509333 0.642500 0.510667 0.646250 0.513667 0.651250 0.517000 0.653500 0.519000 0.653500 0.522000 0.652500 0.523000 0.651000 0.523333 0.646250 0.522667 0.641750 0.518667 0.635250 0.514333 0.632750
0 0.473667 0.654250 0.471000 0.655000 0.468667 0.657500 0.467000 0.661500 0.466667 0.665750 0.470333 0.676500 0.474000 0.679000 0.477333 0.679000 0.480333 0.677750 0.482000 0.674750 0.482000 0.665000 0.479667 0.657500 0.475333 0.654500
0 0.397000 0.669250 0.397667 0.671250 0.399667 0.672750 0.404667 0.674750 0.411000 0.675750 0.416000 0.675500 0.424000 0.674000 0.426667 0.671000 0.426667 0.669250 0.424333 0.666500 0.419667 0.664750 0.414000 0.664000 0.403333 0.664250 0.398333 0.666500
0 0.412667 0.679500 0.411333 0.679000 0.407333 0.679000 0.403667 0.680250 0.399333 0.683500 0.395333 0.688250 0.394000 0.691250 0.394000 0.695250 0.396000 0.698000 0.400333 0.697750 0.403667 0.696500 0.406667 0.694250 0.413000 0.686000 0.413667 0.681000
0 0.415333 0.693500 0.413333 0.696250 0.414000 0.700250 0.415000 0.702250 0.419000 0.704750 0.421000 0.707250 0.423000 0.708750 0.428000 0.710000 0.435667 0.710000 0.437000 0.708250 0.437333 0.703500 0.435000 0.698000 0.432000 0.696000 0.421333 0.692500 0.418667 0.692500
0 0.400333 0.704750 0.399333 0.705250 0.398000 0.707500 0.398000 0.710250 0.400000 0.716500 0.403333 0.721500 0.406667 0.724750 0.408333 0.725750 0.412667 0.726000 0.414333 0.724750 0.416000 0.721000 0.415667 0.717250 0.413667 0.712250 0.409667 0.707750 0.404667 0.704500
0 0.423000 0.719500 0.420667 0.721250 0.419333 0.727500 0.420000 0.732250 0.423000 0.740000 0.425000 0.742000 0.428333 0.743750 0.430333 0.744250 0.435000 0.744000 0.437667 0.740250 0.438000 0.737000 0.437667 0.728250 0.436333 0.724500 0.431667 0.720750 0.427667 0.719500
0 0.364333 0.719750 0.364667 0.722250 0.367000 0.725250 0.377333 0.729750 0.384000 0.730500 0.388000 0.729750 0.390667 0.728250 0.392667 0.725500 0.392667 0.723750 0.390667 0.720500 0.380667 0.716500 0.369333 0.716000 0.367333 0.716750
0 0.400000 0.751500 0.397333 0.754250 0.396333 0.758250 0.398000 0.767250 0.400667 0.772500 0.404000 0.775000 0.407667 0.775500 0.410667 0.773750 0.412000 0.772000 0.412333 0.766500 0.404667 0.752250 0.404000 0.751750
0 0.474333 0.761000 0.471667 0.761250 0.469000 0.762250 0.463333 0.768000 0.461333 0.774750 0.461667 0.777000 0.463333 0.779250 0.467000 0.779500 0.471333 0.777000 0.475333 0.772250 0.476333 0.769000 0.476333 0.763250
0 0.318667 0.754500 0.317667 0.755250 0.316000 0.760000 0.317000 0.771250 0.318667 0.775000 0.321000 0.778000 0.323000 0.779000 0.326000 0.779250 0.329000 0.777250 0.331333 0.773250 0.331333 0.764750 0.329333 0.760250 0.327333 0.757750 0.322667 0.754750
