0 0.498667 0.509000 0.496667 0.509250 0.492667 0.511500 0.487667 0.517500 0.486333 0.525250 0.487667 0.529500 0.490333 0.531750 0.495000 0.531750 0.498667 0.530500 0.503667 0.521750 0.504000 0.516500 0.503333 0.513250 0.501667 0.510500
0 0.377333 0.377250 0.373333 0.380250 0.373333 0.386250 0.376000 0.396000 0.381667 0.401250 0.384667 0.402750 0.388333 0.403250 0.391667 0.401250 0.393333 0.397750 0.393333 0.391500 0.389333 0.382500 0.385333 0.379000 0.381000 0.377250
0 0.403333 0.417750 0.399667 0.418250 0.395667 0.423250 0.394667 0.432750 0.396000 0.437000 0.399667 0.442250 0.401333 0.443250 0.405000 0.444000 0.408667 0.442000 0.410667 0.440000 0.412000 0.435500 0.412000 0.430500 0.410667 0.424500 0.409333 0.422000 0.404667 0.418000
0 0.467000 0.424500 0.464667 0.427500 0.464667 0.432750 0.465667 0.435750 0.468667 0.439500 0.470667 0.444000 0.475667 0.447000 0.477667 0.447500 0.479667 0.447250 0.481667 0.445750 0.482667 0.444000 0.482667 0.438500 0.480333 0.431750 0.474000 0.425750 0.470333 0.424250
0 0.502000 0.410500 0.498333 0.410500 0.494000 0.413000 0.489333 0.418500 0.487333 0.423000 0.487333 0.426250 0.488000 0.428750 0.490667 0.431750 0.495000 0.432250 0.497667 0.431500 0.502333 0.427000 0.505667 0.420500 0.506667 0.415250 0.505333 0.412500
0 0.505333 0.432500 0.501000 0.432250 0.499333 0.433000 0.496667 0.435250 0.493333 0.436750 0.486667 0.443750 0.485333 0.446250 0.485667 0.450250 0.486333 0.451500 0.489333 0.453250 0.491000 0.453500 0.498000 0.451750 0.505333 0.444000 0.507333 0.439750 0.507333 0.435000
0 0.498667 0.453500 0.494667 0.454000 0.493000 0.455000 0.489667 0.463250 0.489667 0.468750 0.490667 0.471750 0.493333 0.475250 0.496333 0.475750 0.499000 0.475000 0.502333 0.471250 0.505000 0.466750 0.505000 0.462000 0.503333 0.456000 0.502333 0.454500
0 0.474667 0.452750 0.471000 0.453500 0.470000 0.454500 0.469000 0.459500 0.469333 0.467000 0.471000 0.471250 0.475333 0.474250 0.477667 0.475250 0.479333 0.475250 0.483000 0.473250 0.485333 0.466750 0.484667 0.459000 0.483667 0.456250 0.482000 0.454250 0.479000 0.453000
0 0.583333 0.433500 0.580000 0.435000 0.579000 0.437000 0.578667 0.442000 0.579333 0.446750 0.581333 0.450500 0.583000 0.452000 0.584333 0.452500 0.588333 0.452500 0.591000 0.450750 0.592000 0.448250 0.591667 0.439250 0.589333 0.435250 0.587667 0.434000
0 0.449333 0.484250 0.447000 0.484750 0.445333 0.486000 0.444000 0.488250 0.442000 0.494000 0.442333 0.499500 0.446333 0.507500 0.451000 0.509750 0.453667 0.509750 0.458000 0.508000 0.460000 0.505750 0.461000 0.501500 0.460667 0.492000 0.459667 0.488500 0.457333 0.485750 0.454000 0.484500
0 0.404000 0.511750 0.401000 0.512750 0.400000 0.513750 0.399333 0.518500 0.400333 0.522000 0.405333 0.530000 0.408333 0.533250 0.413333 0.536500 0.416667 0.537250 0.420667 0.535000 0.422333 0.529750 0.420667 0.522000 0.419333 0.519000 0.417000 0.516000 0.412000 0.513000 0.408000 0.512000
0 0.470000 0.534250 0.467000 0.535250 0.465333 0.538000 0.465000 0.544000 0.466333 0.549000 0.471000 0.556000 0.474333 0.557500 0.479333 0.557500 0.481667 0.555750 0.483333 0.552750 0.483333 0.544750 0.481000 0.540750 0.474000 0.535000
0 0.496667 0.540500 0.494333 0.540500 0.491667 0.542000 0.488333 0.548000 0.487667 0.553000 0.486333 0.556250 0.486333 0.560750 0.489667 0.565000 0.492667 0.565000 0.497667 0.563500 0.499667 0.561750 0.500333 0.560250 0.502000 0.548000 0.498667 0.541250
0 0.509333 0.548000 0.506333 0.549750 0.502667 0.556000 0.502000 0.564500 0.504333 0.569000 0.507667 0.571000 0.511000 0.571250 0.513000 0.570500 0.515000 0.568750 0.518333 0.561500 0.518333 0.556000 0.517667 0.552750 0.515667 0.549500 0.514000 0.548250
0 0.489333 0.576500 0.487667 0.578000 0.487333 0.581000 0.488667 0.584500 0.492333 0.589000 0.502333 0.597000 0.504667 0.597750 0.507667 0.597500 0.509667 0.596000 0.512000 0.592750 0.511333 0.588250 0.505667 0.582000 0.498667 0.577750 0.492333 0.576500
0 0.522333 0.590750 0.517333 0.591250 0.511667 0.596000 0.507667 0.601750 0.506667 0.605000 0.507000 0.611500 0.509000 0.614750 0.510333 0.615500 0.514333 0.616000 0.518000 0.614250 0.521333 0.611750 0.524000 0.607750 0.527333 0.599750 0.527667 0.596000 0.525667 0.592250
0 0.479333 0.610000 0.477000 0.610000 0.472333 0.611750 0.470000 0.614000 0.466333 0.619500 0.464667 0.623750 0.464333 0.627500 0.467000 0.630750 0.470667 0.630500 0.475333 0.627500 0.480000 0.622750 0.482000 0.617500 0.482000 0.612500 0.481000 0.610750
0 0.490000 0.627250 0.485333 0.626250 0.479000 0.627750 0.469333 0.633500 0.467000 0.636000 0.464667 0.640250 0.464667 0.643750 0.465667 0.646250 0.467000 0.647250 0.473333 0.648000 0.478667 0.647000 0.483000 0.645000 0.491000 0.638000 0.492667 0.634500 0.492667 0.630750
0 0.388000 0.631000 0.385333 0.632000 0.382667 0.635000 0.381667 0.639250 0.381667 0.650250 0.382667 0.654250 0.384000 0.656000 0.387333 0.657000 0.389667 0.657000 0.393667 0.655750 0.397000 0.652500 0.398333 0.647500 0.398333 0.639750 0.396333 0.633750 0.392333 0.631250
0 0.346667 0.603000 0.343667 0.603250 0.340667 0.604750 0.338000 0.608250 0.336667 0.611500 0.336333 0.618750 0.337000 0.621500 0.338000 0.623250 0.342333 0.625750 0.349333 0.625250 0.352000 0.622750 0.353333 0.618750 0.353667 0.610750 0.352667 0.607500 0.350667 0.604500 0.349333 0.603500
0 0.321667 0.543750 0.318667 0.545500 0.317333 0.548000 0.317000 0.556250 0.317667 0.559500 0.321333 0.566000 0.326000 0.569250 0.329667 0.569750 0.333333 0.568000 0.335333 0.564750 0.335667 0.557000 0.334667 0.552500 0.332667 0.548500 0.329667 0.545500 0.326333 0.543750
0 0.537000 0.669500 0.533667 0.671500 0.532333 0.674000 0.532333 0.686000 0.533667 0.690250 0.536000 0.693500 0.540000 0.696250 0.542000 0.696500 0.545667 0.695250 0.549667 0.690250 0.550333 0.687750 0.550333 0.681250 0.547333 0.674000 0.545667 0.671750 0.541667 0.669500
0 0.424000 0.682000 0.420333 0.683250 0.418333 0.685000 0.416000 0.690000 0.415667 0.694000 0.417333 0.701250 0.420333 0.707250 0.423667 0.709500 0.428333 0.709500 0.431667 0.707750 0.434000 0.704250 0.435000 0.698250 0.434000 0.689750 0.432333 0.687000 0.428333 0.683250
0 0.404333 0.689500 0.400333 0.693250 0.399000 0.697250 0.398667 0.701500 0.400333 0.709250 0.402667 0.711000 0.403333 0.713000 0.404667 0.713750 0.409000 0.713750 0.412333 0.712500 0.415333 0.708750 0.416333 0.704750 0.415333 0.697500 0.413667 0.693250 0.411667 0.690750 0.409000 0.689500
0 0.381000 0.676500 0.378667 0.678500 0.377333 0.682000 0.379333 0.689250 0.384000 0.695250 0.387333 0.698000 0.391667 0.700000 0.393333 0.700000 0.396333 0.698750 0.397667 0.696000 0.398667 0.689000 0.397333 0.684750 0.394333 0.681000 0.388667 0.676750 0.386000 0.676000
0 0.396333 0.702750 0.389000 0.702500 0.384333 0.703500 0.381667 0.705500 0.377333 0.710750 0.376000 0.715250 0.376333 0.721250 0.377333 0.722750 0.380000 0.724500 0.382667 0.725250 0.388000 0.724750 0.396667 0.717500 0.398667 0.713000 0.399000 0.708250 0.398000 0.704500
0 0.300000 0.693250 0.294667 0.695250 0.293333 0.696750 0.292000 0.700250 0.292333 0.709250 0.296667 0.717250 0.299000 0.718750 0.303667 0.719250 0.307000 0.718250 0.308667 0.717000 0.310333 0.714000 0.311333 0.709750 0.311000 0.701500 0.309333 0.697500 0.308000 0.696000 0.303000 0.693250
0 0.443667 0.697250 0.442000 0.698000 0.439333 0.701250 0.439000 0.709750 0.439667 0.712500 0.442667 0.717750 0.446667 0.719500 0.450667 0.719500 0.453333 0.717500 0.455000 0.713750 0.455000 0.705500 0.453000 0.701250 0.450333 0.698250 0.448000 0.697250
0 0.496000 0.729000 0.495667 0.733000 0.497667 0.735000 0.501667 0.737000 0.509667 0.738250 0.516000 0.738750 0.521333 0.738500 0.527667 0.736000 0.529000 0.733750 0.529000 0.731500 0.525667 0.728000 0.521667 0.726500 0.515333 0.725250 0.508667 0.725000 0.502000 0.725750 0.497333 0.727250
