0 0.354333 0.667000 0.352000 0.667500 0.347667 0.670250 0.345000 0.673250 0.343333 0.680750 0.343667 0.686000 0.345000 0.688250 0.348667 0.690250 0.353667 0.690000 0.356667 0.688500 0.358667 0.685750 0.360000 0.681750 0.360667 0.676250 0.359000 0.669750 0.357000 0.667500
0 0.368333 0.594750 0.365333 0.595500 0.360667 0.600250 0.359333 0.604000 0.359333 0.611000 0.360667 0.614000 0.363000 0.616250 0.367667 0.618000 0.370667 0.618000 0.372667 0.617500 0.374333 0.615750 0.376000 0.610000 0.376333 0.605750 0.374667 0.599000 0.373000 0.596500 0.371000 0.595250
0 0.341667 0.619750 0.341333 0.623750 0.345333 0.627000 0.353667 0.629500 0.357667 0.630000 0.364333 0.629500 0.368333 0.628000 0.370333 0.626500 0.370667 0.622250 0.370000 0.621250 0.366333 0.618750 0.360667 0.617000 0.354667 0.616250 0.346333 0.616750 0.343000 0.618250
0 0.359667 0.564500 0.358667 0.568750 0.361000 0.572500 0.367333 0.576750 0.371333 0.577750 0.377000 0.577750 0.379000 0.576750 0.380000 0.574500 0.380000 0.571750 0.377333 0.568500 0.373000 0.565250 0.367333 0.563750 0.360667 0.563750
0 0.317667 0.559750 0.314667 0.561500 0.313333 0.564000 0.314000 0.568500 0.316333 0.572500 0.320000 0.576750 0.326333 0.580500 0.329000 0.581500 0.334667 0.581000 0.336333 0.578500 0.336667 0.574750 0.335333 0.569500 0.333333 0.566250 0.331000 0.563750 0.326667 0.561500 0.322667 0.560000
0 0.310333 0.542500 0.306000 0.542500 0.302000 0.543750 0.299333 0.545250 0.297333 0.548000 0.295000 0.555750 0.294667 0.560250 0.296667 0.564250 0.299000 0.565750 0.304000 0.565000 0.310000 0.562000 0.312000 0.560000 0.314333 0.552750 0.314333 0.549250 0.313000 0.545000
0 0.173667 0.496500 0.169333 0.496500 0.165667 0.497750 0.161000 0.501750 0.158333 0.505500 0.157000 0.509750 0.157333 0.513000 0.158000 0.514500 0.161000 0.516250 0.162667 0.516500 0.167667 0.514750 0.170000 0.513000 0.175333 0.506250 0.176667 0.501000 0.175667 0.498000
0 0.301000 0.506750 0.299000 0.507250 0.296333 0.510250 0.295333 0.513250 0.295667 0.521000 0.297000 0.526500 0.298667 0.529500 0.302000 0.531250 0.305667 0.531250 0.309333 0.529750 0.311667 0.526250 0.311667 0.514000 0.308333 0.509000 0.303333 0.506750
0 0.299000 0.487500 0.296333 0.490500 0.297333 0.498500 0.301667 0.503000 0.306000 0.506000 0.310333 0.506750 0.311333 0.506000 0.312333 0.503250 0.312000 0.498750 0.310333 0.494000 0.303333 0.487500
0 0.321667 0.516250 0.319667 0.517000 0.317667 0.519250 0.317333 0.523750 0.318000 0.526250 0.321333 0.532250 0.327667 0.536500 0.330667 0.537250 0.334000 0.533750 0.334333 0.528000 0.333667 0.524500 0.326667 0.516750
0 0.326667 0.498750 0.324667 0.500000 0.323333 0.502000 0.322667 0.506750 0.323667 0.510000 0.326000 0.514250 0.328000 0.515750 0.334000 0.516500 0.336000 0.514500 0.336667 0.512250 0.336667 0.507750 0.335333 0.503000 0.334333 0.501250 0.331333 0.499500
0 0.479000 0.516750 0.476667 0.518000 0.474333 0.522750 0.473667 0.526250 0.474000 0.533000 0.477333 0.539250 0.482000 0.542500 0.486000 0.543000 0.490000 0.540500 0.492000 0.536750 0.492667 0.532750 0.492000 0.524750 0.490333 0.521250 0.486000 0.517250
0 0.393333 0.525500 0.391667 0.525750 0.388000 0.528750 0.386333 0.531750 0.385333 0.536750 0.385667 0.541750 0.387000 0.545250 0.389000 0.547250 0.391667 0.548500 0.396000 0.548250 0.399333 0.545750 0.401333 0.542500 0.402333 0.538000 0.402000 0.532500 0.400000 0.529000 0.396667 0.526000
0 0.380000 0.493500 0.377000 0.492750 0.372667 0.493000 0.370000 0.494250 0.367000 0.497000 0.364333 0.501250 0.362000 0.508250 0.362333 0.510750 0.365333 0.514250 0.369667 0.514750 0.372333 0.513750 0.380000 0.506500 0.382333 0.501750 0.382333 0.497500 0.381333 0.494500
0 0.341000 0.472500 0.338000 0.473500 0.336667 0.475500 0.336333 0.482000 0.337000 0.484500 0.340333 0.489500 0.344667 0.494000 0.346333 0.495000 0.350333 0.495500 0.354000 0.493500 0.355333 0.491500 0.356000 0.488500 0.355667 0.485000 0.354000 0.481500 0.350333 0.476500 0.346000 0.473750 0.342667 0.472500
0 0.372000 0.460000 0.368667 0.461250 0.367667 0.462500 0.365667 0.471500 0.367000 0.477500 0.368333 0.480000 0.372333 0.482250 0.374000 0.482250 0.378333 0.479250 0.380667 0.475500 0.381333 0.467500 0.379000 0.462250 0.375667 0.460500
0 0.415000 0.463500 0.411333 0.465750 0.408000 0.469250 0.407333 0.472250 0.407667 0.479250 0.409333 0.483000 0.411667 0.485000 0.418333 0.485500 0.420667 0.484750 0.423000 0.482000 0.424333 0.477000 0.424333 0.471250 0.420667 0.465500 0.417000 0.463500
0 0.466667 0.457500 0.463000 0.457750 0.458333 0.460500 0.455667 0.462750 0.453667 0.466000 0.453000 0.469250 0.453667 0.478000 0.455333 0.480000 0.457667 0.480750 0.460000 0.480750 0.462667 0.479750 0.466667 0.477000 0.471667 0.467750 0.472000 0.462250 0.471333 0.460750 0.469000 0.458500
0 0.459667 0.434500 0.456667 0.435250 0.454667 0.436750 0.453000 0.442500 0.453667 0.452000 0.455333 0.455750 0.458333 0.457500 0.459667 0.457250 0.465000 0.453000 0.466667 0.449500 0.467667 0.444000 0.467333 0.438500 0.466333 0.436500 0.463333 0.435000
0 0.334000 0.436750 0.329333 0.436000 0.327000 0.436750 0.322667 0.437000 0.318333 0.438750 0.314000 0.442500 0.313000 0.445750 0.313667 0.449000 0.317000 0.450250 0.320000 0.450250 0.323667 0.449500 0.329000 0.447250 0.334667 0.441500 0.335000 0.438250
0 0.326667 0.415000 0.324333 0.415250 0.321000 0.417000 0.317667 0.420500 0.315333 0.424250 0.314333 0.432500 0.316333 0.437000 0.318333 0.438250 0.325000 0.436500 0.326667 0.435250 0.328000 0.433000 0.330000 0.425750 0.330333 0.419750 0.328667 0.416250
0 0.402000 0.413500 0.397333 0.412000 0.391000 0.412000 0.384333 0.413500 0.377333 0.417250 0.375000 0.420000 0.374333 0.422250 0.374333 0.425250 0.375667 0.428250 0.380000 0.430250 0.387333 0.430250 0.394333 0.427750 0.398333 0.425250 0.403000 0.421000 0.403667 0.416250
0 0.396667 0.431000 0.396667 0.432250 0.399333 0.436000 0.403667 0.437000 0.408333 0.439000 0.413333 0.439500 0.420333 0.439000 0.425667 0.435750 0.426667 0.433250 0.426333 0.430750 0.421000 0.427000 0.418000 0.425750 0.412333 0.424750 0.407000 0.424750 0.400333 0.427250
0 0.487000 0.398250 0.483000 0.399250 0.481333 0.400500 0.478000 0.405250 0.477000 0.408250 0.477000 0.413000 0.478000 0.417000 0.482000 0.420750 0.485667 0.421250 0.489000 0.420000 0.491000 0.418000 0.493333 0.409000 0.493000 0.404000 0.491667 0.400250 0.490333 0.399000
0 0.455333 0.395750 0.454000 0.397000 0.452667 0.400750 0.452667 0.405000 0.454667 0.411750 0.462333 0.417000 0.466333 0.417250 0.467667 0.416500 0.469333 0.411750 0.469000 0.406000 0.467333 0.399750 0.464333 0.397500 0.459667 0.395250
0 0.327000 0.379250 0.323333 0.379250 0.321000 0.380000 0.316667 0.383500 0.314667 0.387000 0.313333 0.392750 0.313667 0.400750 0.314667 0.402250 0.318000 0.404250 0.322667 0.403000 0.326000 0.400750 0.331667 0.393000 0.332667 0.389000 0.332000 0.383250 0.330667 0.381000
0 0.321000 0.336250 0.317333 0.337250 0.314667 0.340250 0.313667 0.343250 0.314000 0.350750 0.317667 0.358750 0.322000 0.361500 0.327000 0.362000 0.331000 0.359500 0.332667 0.357000 0.333333 0.354000 0.332667 0.345500 0.328000 0.338500 0.326000 0.337000
0 0.366667 0.298000 0.364667 0.299000 0.363667 0.302500 0.364000 0.307500 0.365667 0.313250 0.369333 0.319250 0.373667 0.322250 0.377333 0.323500 0.379333 0.322750 0.381667 0.320250 0.382333 0.318000 0.382000 0.312750 0.379333 0.307250 0.376667 0.304250 0.373667 0.299000 0.369667 0.297750
0 0.396333 0.345000 0.392000 0.344750 0.388667 0.346750 0.384333 0.353750 0.383667 0.358250 0.384333 0.365000 0.385333 0.366500 0.389000 0.369000 0.394667 0.367250 0.399000 0.363000 0.400000 0.361000 0.400667 0.356500 0.400333 0.350750 0.398000 0.346000
0 0.402667 0.364750 0.399667 0.364750 0.393333 0.368000 0.391000 0.370750 0.388667 0.377250 0.388333 0.382750 0.390667 0.388500 0.392667 0.390750 0.396000 0.392000 0.400667 0.391000 0.404667 0.389000 0.408667 0.380500 0.409333 0.373000 0.408333 0.369250 0.405000 0.365500
0 0.447000 0.373500 0.443000 0.371500 0.434667 0.371250 0.430000 0.372000 0.424333 0.374000 0.418667 0.377500 0.416667 0.380250 0.416333 0.382000 0.417333 0.385500 0.421333 0.388000 0.427000 0.388750 0.433667 0.387500 0.439333 0.385500 0.444667 0.381750 0.447667 0.377750
0 0.479333 0.362000 0.475667 0.361000 0.470000 0.361000 0.462000 0.363000 0.458333 0.364750 0.453333 0.368250 0.451667 0.371750 0.452000 0.374000 0.455667 0.376250 0.461667 0.376750 0.466333 0.376250 0.474000 0.373750 0.476333 0.372250 0.479667 0.368750 0.480667 0.364750
0 0.525000 0.347750 0.522667 0.348750 0.518000 0.353000 0.516667 0.356750 0.516667 0.362750 0.519000 0.368750 0.522000 0.372500 0.525000 0.374250 0.529667 0.374500 0.534000 0.372000 0.535667 0.369500 0.536667 0.364750 0.536333 0.360750 0.533333 0.352750 0.529667 0.348750
0 0.455667 0.329250 0.453333 0.330750 0.450667 0.334750 0.450000 0.336750 0.450000 0.344750 0.450667 0.347500 0.454000 0.354000 0.455333 0.355000 0.459333 0.355500 0.462667 0.353250 0.464667 0.350250 0.466667 0.342000 0.466333 0.337000 0.465000 0.333750 0.462667 0.330750 0.460000 0.329500
0 0.444000 0.308750 0.442667 0.310000 0.442667 0.314250 0.446667 0.323000 0.452667 0.327750 0.454667 0.328500 0.462000 0.329000 0.465667 0.328000 0.467333 0.326000 0.468000 0.321500 0.467000 0.317750 0.464000 0.314750 0.456667 0.311750 0.450667 0.307750 0.446667 0.307500
0 0.431667 0.275250 0.428000 0.277750 0.426000 0.281500 0.425667 0.287750 0.426667 0.292000 0.431000 0.300250 0.435667 0.303250 0.440000 0.303500 0.443333 0.300750 0.444333 0.299000 0.444667 0.289750 0.444000 0.287000 0.441333 0.281250 0.436333 0.276000
0 0.451000 0.271250 0.447667 0.273250 0.446000 0.275500 0.445667 0.281000 0.446667 0.287750 0.451000 0.294250 0.455000 0.295500 0.458667 0.295250 0.461000 0.293750 0.462667 0.291250 0.463667 0.287250 0.463333 0.281250 0.459000 0.274500 0.454333 0.272000
0 0.446333 0.249250 0.444000 0.251250 0.444000 0.253750 0.446667 0.260250 0.453000 0.265750 0.457667 0.268250 0.463667 0.270000 0.467000 0.270000 0.468667 0.268000 0.468667 0.264000 0.466333 0.258750 0.457333 0.251500 0.451000 0.249250
