0 0.416667 0.427000 0.413000 0.427250 0.408667 0.429250 0.407000 0.431000 0.405333 0.434750 0.406000 0.443000 0.407000 0.444500 0.409000 0.445500 0.412333 0.446000 0.416000 0.445750 0.418333 0.445000 0.420333 0.442750 0.421000 0.439500 0.420667 0.430750 0.419667 0.428750
0 0.444000 0.612250 0.440000 0.612000 0.435333 0.614250 0.430667 0.617250 0.426333 0.622000 0.423667 0.626250 0.423333 0.628250 0.424000 0.631500 0.427000 0.635000 0.431667 0.635250 0.436000 0.633500 0.444000 0.626000 0.446000 0.622750 0.447000 0.618750 0.446667 0.614750
0 0.474667 0.559750 0.470000 0.560500 0.466667 0.564750 0.464333 0.571250 0.464333 0.576250 0.465667 0.581250 0.467667 0.583750 0.471000 0.585500 0.474667 0.584750 0.479333 0.580750 0.481000 0.577750 0.482000 0.573250 0.481667 0.570000 0.479667 0.564000
0 0.430667 0.509250 0.428000 0.510250 0.424667 0.514500 0.424000 0.516750 0.424667 0.524750 0.427333 0.530500 0.430667 0.533000 0.435667 0.534000 0.438667 0.532250 0.440667 0.529250 0.440333 0.519500 0.436000 0.511000 0.433333 0.509500
0 0.413333 0.527250 0.411333 0.527250 0.408000 0.528500 0.404333 0.533000 0.403667 0.542250 0.404667 0.545000 0.407333 0.548750 0.408333 0.549250 0.412667 0.549250 0.417667 0.545500 0.420333 0.541500 0.421000 0.537250 0.420333 0.532500 0.416667 0.529000
0 0.388000 0.521500 0.384000 0.523000 0.382333 0.525000 0.381000 0.530250 0.381000 0.533500 0.382000 0.537750 0.384000 0.541750 0.389333 0.543750 0.393000 0.542750 0.396333 0.539500 0.398000 0.534750 0.398000 0.529500 0.396333 0.524750 0.392667 0.522250
0 0.349667 0.517250 0.346000 0.517000 0.342667 0.519000 0.340333 0.522000 0.337667 0.528500 0.337000 0.537250 0.338000 0.539250 0.341333 0.541750 0.346000 0.540750 0.350333 0.537000 0.351667 0.530750 0.352000 0.522000 0.350667 0.518250
0 0.321000 0.507750 0.318000 0.508750 0.317000 0.510000 0.316000 0.513000 0.317000 0.519000 0.321667 0.530500 0.325333 0.532750 0.327000 0.533000 0.329667 0.532250 0.332333 0.529750 0.333667 0.525750 0.333667 0.520500 0.332333 0.516250 0.327667 0.510000 0.323333 0.507750
0 0.268333 0.428500 0.266333 0.430750 0.266333 0.436000 0.268667 0.440500 0.272000 0.444000 0.275333 0.446250 0.278000 0.446750 0.281333 0.446250 0.284000 0.444250 0.284000 0.441250 0.279667 0.432250 0.277000 0.430250 0.272333 0.428250
0 0.344333 0.490500 0.341000 0.491250 0.338000 0.494000 0.337000 0.497250 0.337667 0.502000 0.340333 0.507000 0.344000 0.511250 0.347667 0.512750 0.350333 0.512750 0.354000 0.510250 0.356000 0.506000 0.355333 0.498500 0.353000 0.494000 0.350667 0.492000 0.346333 0.490500
0 0.342333 0.464000 0.341000 0.464000 0.337000 0.466000 0.334333 0.470750 0.332333 0.476500 0.332333 0.479750 0.333333 0.483000 0.336333 0.487000 0.338333 0.488000 0.342000 0.487500 0.346333 0.483250 0.348667 0.478750 0.349667 0.475000 0.349333 0.469750 0.347000 0.466750
0 0.318333 0.452500 0.316000 0.454500 0.315333 0.458000 0.315667 0.463500 0.317667 0.469500 0.322667 0.474750 0.325667 0.475750 0.330000 0.475750 0.331000 0.475250 0.333333 0.470750 0.333667 0.465250 0.332667 0.462250 0.325667 0.454500 0.322333 0.453000
0 0.393000 0.462000 0.388000 0.463250 0.385000 0.466750 0.384000 0.469500 0.384000 0.475500 0.384667 0.477750 0.387333 0.482000 0.390000 0.483250 0.393333 0.483250 0.397000 0.481250 0.400000 0.474250 0.400000 0.469750 0.398333 0.465250 0.397000 0.463250
0 0.338667 0.428500 0.336667 0.429250 0.333667 0.432000 0.332667 0.435500 0.333333 0.442750 0.337333 0.449500 0.342000 0.452250 0.346000 0.452250 0.349333 0.450000 0.350667 0.447750 0.351333 0.443250 0.351000 0.438000 0.348000 0.432000 0.341667 0.428250
0 0.314667 0.366500 0.312667 0.368000 0.311000 0.372000 0.310667 0.376500 0.312333 0.384000 0.314000 0.387250 0.316000 0.389000 0.318333 0.390000 0.322333 0.390000 0.326000 0.388000 0.327000 0.386000 0.327000 0.376500 0.326000 0.373750 0.322667 0.369000 0.318333 0.366500
0 0.350333 0.402000 0.345667 0.403500 0.337333 0.410250 0.333333 0.416500 0.332667 0.419250 0.333333 0.423250 0.334333 0.424250 0.337000 0.424750 0.341333 0.424250 0.346333 0.422250 0.350333 0.419750 0.356000 0.408750 0.355000 0.405250
0 0.350000 0.391500 0.349000 0.392500 0.349000 0.396500 0.352667 0.402500 0.361000 0.409000 0.368333 0.411750 0.372667 0.411000 0.374333 0.408750 0.374333 0.404750 0.371667 0.399750 0.361000 0.392000 0.356667 0.390750 0.353000 0.390750
0 0.496667 0.414750 0.494333 0.415250 0.492667 0.417750 0.492000 0.420000 0.492000 0.426250 0.493000 0.429750 0.494667 0.432000 0.497333 0.433500 0.499000 0.433500 0.501333 0.432500 0.503000 0.430750 0.504333 0.427500 0.504667 0.423750 0.502667 0.417000 0.500000 0.415250
0 0.460000 0.408250 0.455333 0.409250 0.450333 0.414000 0.449000 0.416250 0.448333 0.419500 0.449000 0.427000 0.450333 0.429250 0.455000 0.431750 0.459333 0.431250 0.464000 0.428000 0.466333 0.423000 0.466667 0.414500 0.466000 0.412500 0.463333 0.409250
0 0.426667 0.391500 0.426000 0.392750 0.426333 0.397250 0.432000 0.403250 0.434667 0.404750 0.443333 0.407500 0.449333 0.407750 0.452000 0.407000 0.453000 0.405250 0.452333 0.400000 0.451000 0.398250 0.444000 0.392750 0.436000 0.390250 0.431000 0.390250
0 0.412333 0.402750 0.409000 0.403000 0.407000 0.404000 0.403000 0.408250 0.400667 0.413750 0.400333 0.420500 0.401000 0.423000 0.403000 0.426000 0.405667 0.427250 0.408667 0.427250 0.412333 0.424500 0.417000 0.417750 0.419000 0.413000 0.419000 0.408500 0.418000 0.406000 0.416000 0.403750
0 0.389667 0.382500 0.387333 0.383250 0.384333 0.386000 0.382667 0.392000 0.383000 0.397250 0.384000 0.401500 0.386000 0.403750 0.388333 0.405250 0.393333 0.405250 0.397000 0.403750 0.398667 0.400750 0.399667 0.395500 0.399333 0.389750 0.397333 0.384500 0.393000 0.382500
0 0.376667 0.364250 0.373667 0.364500 0.368667 0.366750 0.365333 0.369500 0.360667 0.375750 0.359333 0.386000 0.360667 0.388500 0.364333 0.390000 0.367000 0.389250 0.372667 0.385250 0.375667 0.381000 0.379333 0.373000 0.379667 0.368500 0.378000 0.365000
0 0.348667 0.332500 0.345333 0.331500 0.341000 0.332000 0.337000 0.333500 0.329667 0.337750 0.325667 0.342750 0.324333 0.345500 0.324667 0.349750 0.327000 0.352000 0.330333 0.353500 0.334000 0.353250 0.341667 0.350250 0.349333 0.344750 0.351333 0.341000 0.351333 0.336500 0.350333 0.333750
0 0.517667 0.337000 0.516333 0.337750 0.514667 0.341000 0.514000 0.345000 0.514667 0.348000 0.521667 0.354250 0.527333 0.358000 0.529000 0.360250 0.535000 0.353500 0.533667 0.346500 0.529000 0.340500 0.526000 0.338250 0.522667 0.337000
0 0.513000 0.349000 0.510333 0.351750 0.509667 0.354750 0.511000 0.361250 0.513333 0.365000 0.518667 0.369500 0.525000 0.372250 0.529667 0.371750 0.532000 0.369250 0.532333 0.366250 0.529667 0.357500 0.517667 0.349250 0.515333 0.348750
0 0.409667 0.348750 0.407333 0.350000 0.405667 0.353750 0.405333 0.358500 0.406667 0.365500 0.408333 0.368750 0.412333 0.372500 0.415333 0.373250 0.419333 0.372750 0.422000 0.370000 0.423000 0.366500 0.422667 0.360750 0.420667 0.354750 0.419667 0.353250 0.412667 0.348750
0 0.384000 0.313750 0.380000 0.316000 0.377000 0.319750 0.376000 0.323000 0.376333 0.330250 0.377333 0.334500 0.380000 0.339500 0.384333 0.342250 0.388333 0.342500 0.391667 0.340500 0.394333 0.336250 0.395667 0.329750 0.395333 0.322250 0.392333 0.316250 0.389000 0.314000
0 0.341000 0.284000 0.337000 0.286000 0.334000 0.290500 0.332667 0.294750 0.332333 0.301000 0.333333 0.304750 0.335333 0.307500 0.338333 0.309000 0.342333 0.309250 0.346333 0.307250 0.349333 0.303500 0.350667 0.299750 0.350667 0.292500 0.350000 0.290000 0.347000 0.286250 0.345333 0.285000 0.342667 0.284000
0 0.429333 0.301250 0.427000 0.302000 0.423667 0.305250 0.422667 0.310250 0.423000 0.315500 0.424000 0.318250 0.428000 0.322000 0.431667 0.322750 0.435000 0.321250 0.437000 0.318750 0.438000 0.315000 0.438333 0.308750 0.436333 0.303000 0.432667 0.301250
0 0.373000 0.259250 0.370333 0.258500 0.360667 0.257500 0.347333 0.259500 0.345000 0.260750 0.344000 0.263250 0.344667 0.268000 0.346333 0.269750 0.349333 0.270750 0.352667 0.271250 0.361667 0.271250 0.372667 0.267000 0.373667 0.264750 0.373667 0.260750
0 0.252333 0.680000 0.251000 0.681250 0.250667 0.686250 0.254000 0.692750 0.259667 0.699000 0.263333 0.700750 0.267000 0.700750 0.269000 0.698000 0.269000 0.691750 0.268000 0.688500 0.264333 0.684000 0.260333 0.680750 0.256667 0.679500
0 0.311667 0.722000 0.309667 0.723750 0.309667 0.727500 0.313667 0.734000 0.322333 0.740750 0.329333 0.742750 0.333667 0.742000 0.334667 0.740500 0.334333 0.735250 0.328667 0.727750 0.325667 0.725500 0.318333 0.721750 0.314667 0.721000
0 0.314667 0.667500 0.313667 0.669000 0.313667 0.674500 0.315333 0.676750 0.318000 0.678750 0.330000 0.681750 0.334333 0.681750 0.337667 0.679500 0.338333 0.677000 0.336333 0.673750 0.333667 0.671500 0.325000 0.668000 0.319000 0.666750
0 0.357667 0.679250 0.355667 0.681250 0.355000 0.684000 0.355000 0.688500 0.356667 0.694000 0.361667 0.701500 0.365333 0.703000 0.370000 0.703000 0.372000 0.701750 0.373667 0.697750 0.373667 0.689250 0.372333 0.685750 0.369667 0.682000 0.365667 0.679000 0.360667 0.678500
0 0.338333 0.646750 0.336333 0.649250 0.337000 0.654500 0.341000 0.662500 0.346333 0.667750 0.349333 0.668750 0.352333 0.669000 0.356000 0.668250 0.357333 0.667500 0.358333 0.665500 0.358333 0.660000 0.357333 0.656750 0.350333 0.649000 0.343000 0.646500
0 0.325333 0.610000 0.325333 0.612000 0.326667 0.614250 0.329667 0.616000 0.333667 0.616750 0.347667 0.616250 0.353333 0.614250 0.355667 0.611750 0.355667 0.610250 0.354000 0.607500 0.350000 0.606000 0.342000 0.604500 0.337000 0.604500 0.329667 0.605750 0.326333 0.607500
0 0.411667 0.622750 0.408667 0.624000 0.407333 0.626250 0.407667 0.635750 0.409000 0.638750 0.412667 0.642750 0.415333 0.644000 0.419667 0.643750 0.421333 0.642500 0.422333 0.639750 0.422333 0.636500 0.419667 0.627500 0.417333 0.625000 0.413333 0.623000
