0 0.568000 0.415000 0.564667 0.416500 0.563000 0.419500 0.562667 0.426500 0.563667 0.432750 0.565667 0.435750 0.568333 0.437750 0.571333 0.438500 0.576667 0.438500 0.579333 0.436750 0.580333 0.434500 0.580667 0.426000 0.580000 0.423250 0.578000 0.419250 0.574667 0.416500 0.572000 0.415250
0 0.473667 0.394000 0.470000 0.395500 0.468000 0.400250 0.468000 0.405500 0.469667 0.411500 0.473333 0.416750 0.478000 0.420500 0.483000 0.421250 0.485333 0.419750 0.488333 0.416000 0.488000 0.407750 0.487000 0.404250 0.483000 0.398000 0.479000 0.395250 0.475333 0.394000
0 0.498333 0.418500 0.492667 0.418500 0.484667 0.422250 0.481667 0.427500 0.477667 0.432000 0.477000 0.438250 0.478000 0.440500 0.482000 0.441500 0.485667 0.441000 0.489667 0.439250 0.494333 0.435750 0.497333 0.432500 0.500333 0.427000 0.500667 0.422750
0 0.460667 0.412000 0.457667 0.412750 0.454000 0.415750 0.453000 0.419500 0.453333 0.429000 0.454000 0.432000 0.455667 0.434500 0.458333 0.436500 0.463000 0.436750 0.465667 0.436000 0.468333 0.433750 0.470333 0.427000 0.470333 0.422750 0.468000 0.414750 0.464333 0.412500
0 0.547667 0.390500 0.544333 0.391250 0.541667 0.394500 0.540333 0.400250 0.540667 0.403750 0.543000 0.409250 0.545333 0.412250 0.548333 0.414000 0.552333 0.414250 0.555000 0.412750 0.557667 0.409000 0.558000 0.400750 0.553667 0.392250 0.550333 0.390750
0 0.597000 0.414000 0.594667 0.414000 0.591667 0.415250 0.588000 0.422750 0.588000 0.428250 0.589667 0.431500 0.591333 0.432750 0.593000 0.432750 0.596333 0.431500 0.599667 0.427500 0.601000 0.424250 0.601667 0.420500 0.601000 0.416000 0.600333 0.415000
0 0.580667 0.441500 0.576333 0.442000 0.573000 0.443500 0.568333 0.447250 0.566000 0.450500 0.565000 0.453750 0.565000 0.458500 0.566000 0.461500 0.568333 0.463750 0.573333 0.463750 0.576667 0.462500 0.583667 0.456000 0.585333 0.451750 0.585667 0.447500 0.584333 0.444000
0 0.520667 0.458500 0.520667 0.461000 0.521667 0.463250 0.527000 0.466500 0.532000 0.468000 0.537333 0.468750 0.543000 0.468750 0.548667 0.468000 0.552333 0.466500 0.554000 0.463500 0.553333 0.461000 0.549333 0.457500 0.546333 0.455750 0.541667 0.454500 0.528667 0.454500 0.524000 0.455750
0 0.638667 0.444000 0.634333 0.446250 0.632000 0.453250 0.632333 0.463500 0.634000 0.466000 0.637667 0.467750 0.640667 0.467250 0.644000 0.464750 0.646333 0.461000 0.647667 0.455500 0.646667 0.447500 0.643000 0.444500
0 0.637667 0.477000 0.634667 0.478000 0.633000 0.481250 0.632667 0.488500 0.634000 0.495000 0.636667 0.498250 0.639000 0.499500 0.642333 0.499750 0.645000 0.498750 0.647333 0.496000 0.648000 0.485500 0.647000 0.481750 0.645333 0.479250 0.642667 0.477500
0 0.595667 0.495500 0.592000 0.496250 0.589333 0.499000 0.588000 0.504000 0.588000 0.510500 0.589667 0.513750 0.592333 0.516750 0.594667 0.518250 0.597000 0.518500 0.599667 0.518000 0.603000 0.514000 0.604333 0.510250 0.604333 0.502750 0.601667 0.497250 0.599667 0.495750
0 0.572333 0.484000 0.569000 0.485500 0.567000 0.487750 0.565667 0.490500 0.565333 0.495250 0.567333 0.501500 0.570667 0.506000 0.572667 0.507250 0.576667 0.507500 0.580667 0.505250 0.583000 0.502250 0.584000 0.499000 0.584000 0.492750 0.581000 0.485750 0.577000 0.484000
0 0.463000 0.458750 0.457667 0.462500 0.456333 0.466250 0.456333 0.471250 0.457333 0.474250 0.459000 0.476500 0.462333 0.479500 0.464333 0.479750 0.466667 0.479500 0.470333 0.475500 0.471333 0.472500 0.471333 0.467500 0.469667 0.462500 0.466333 0.459250
0 0.418333 0.465750 0.415667 0.466250 0.412000 0.469250 0.410667 0.472250 0.409667 0.478750 0.410333 0.482500 0.412333 0.486750 0.416000 0.489000 0.420333 0.489250 0.424333 0.487000 0.427000 0.482750 0.428000 0.479000 0.427333 0.471000 0.425667 0.468750 0.421667 0.466250
0 0.423333 0.493000 0.419333 0.493000 0.415000 0.495250 0.411667 0.502250 0.411333 0.507500 0.412000 0.510250 0.414667 0.514250 0.418667 0.515750 0.421000 0.515750 0.424333 0.514250 0.427333 0.508000 0.428000 0.497750 0.426000 0.494750
0 0.443333 0.492750 0.440000 0.494750 0.438000 0.498000 0.437333 0.500500 0.437667 0.511250 0.438333 0.514000 0.440333 0.517250 0.443000 0.519000 0.448000 0.519250 0.450667 0.517750 0.452333 0.514000 0.451667 0.499000 0.448667 0.494250 0.447333 0.493250
0 0.470667 0.502250 0.466667 0.502750 0.462667 0.504500 0.458000 0.509250 0.457000 0.512500 0.457000 0.518000 0.458333 0.521500 0.460333 0.522750 0.462333 0.523250 0.467667 0.522750 0.470000 0.521000 0.474333 0.514500 0.475000 0.512250 0.474667 0.507250 0.473333 0.504500
0 0.478000 0.527250 0.475333 0.528500 0.473667 0.530500 0.473333 0.535750 0.474000 0.538250 0.478000 0.544750 0.483667 0.548000 0.488000 0.548000 0.490667 0.546500 0.491333 0.545250 0.491667 0.540000 0.490000 0.534500 0.483000 0.527750 0.481667 0.527250
0 0.499000 0.512750 0.497000 0.513750 0.493667 0.517750 0.493333 0.525750 0.497333 0.534750 0.501333 0.538000 0.503000 0.538000 0.505667 0.537000 0.508333 0.534000 0.510000 0.528750 0.510000 0.523750 0.508000 0.517750 0.506000 0.515000 0.502333 0.512750
0 0.512667 0.541500 0.509000 0.541750 0.502667 0.544500 0.498333 0.549500 0.497000 0.552750 0.494000 0.556500 0.493667 0.558250 0.494000 0.561500 0.498000 0.565000 0.505667 0.563250 0.513333 0.555500 0.514667 0.552250 0.515333 0.545000 0.514333 0.542500
0 0.552000 0.533250 0.548333 0.535500 0.547000 0.539000 0.546667 0.547250 0.548333 0.555500 0.551000 0.558250 0.552667 0.559000 0.557000 0.559000 0.560333 0.556750 0.561667 0.553500 0.561333 0.539000 0.560333 0.536250 0.557667 0.533500
0 0.369000 0.490000 0.365667 0.492000 0.364000 0.494000 0.363000 0.497000 0.363333 0.505750 0.364333 0.509500 0.367333 0.514250 0.369333 0.515750 0.374000 0.516500 0.377667 0.514250 0.380000 0.510500 0.381000 0.506750 0.381000 0.502250 0.379667 0.498000 0.377000 0.493250 0.373000 0.490000
0 0.352333 0.458250 0.349333 0.458750 0.346000 0.461250 0.345000 0.462750 0.344000 0.468000 0.344000 0.475250 0.344667 0.479000 0.347000 0.482750 0.350333 0.484750 0.354667 0.485000 0.357333 0.484500 0.359667 0.482500 0.362000 0.476750 0.362333 0.469500 0.360000 0.462000 0.357333 0.459500
0 0.325333 0.469750 0.322000 0.471250 0.320333 0.474250 0.319333 0.478250 0.319667 0.486250 0.321000 0.490250 0.322333 0.492000 0.326333 0.494500 0.330000 0.494750 0.333667 0.492500 0.335333 0.490000 0.336333 0.486500 0.336333 0.479000 0.334667 0.474000 0.332333 0.471500 0.329667 0.470000
0 0.284667 0.504000 0.281333 0.505250 0.278667 0.508750 0.278000 0.517250 0.279333 0.521750 0.282000 0.526000 0.283667 0.527000 0.287000 0.527250 0.288667 0.526250 0.292333 0.522000 0.293667 0.516250 0.291667 0.509000 0.287000 0.504000
0 0.604333 0.685000 0.600000 0.685250 0.596333 0.687750 0.595000 0.690250 0.593667 0.696000 0.593667 0.703000 0.594667 0.706750 0.596000 0.709000 0.600000 0.710750 0.602667 0.710250 0.605333 0.708750 0.608000 0.705500 0.608667 0.702750 0.608667 0.689250 0.607333 0.686500
0 0.594000 0.613250 0.591000 0.614500 0.589333 0.617250 0.588000 0.621750 0.588000 0.626250 0.589333 0.630500 0.591000 0.632750 0.594667 0.635000 0.596333 0.635000 0.600667 0.631500 0.602333 0.626750 0.601667 0.618500 0.600333 0.615750 0.596667 0.613250
0 0.572667 0.574000 0.570667 0.575750 0.569667 0.579250 0.569667 0.588250 0.571333 0.592500 0.576000 0.596250 0.579667 0.596250 0.582667 0.594000 0.584000 0.591000 0.584000 0.585750 0.583000 0.580750 0.580667 0.576250 0.576667 0.573750
0 0.536667 0.625500 0.533667 0.625500 0.529667 0.626500 0.526000 0.630250 0.524000 0.634500 0.523667 0.642250 0.524667 0.646000 0.526000 0.647500 0.529000 0.649000 0.533333 0.648500 0.537000 0.646000 0.539000 0.643500 0.541000 0.638500 0.541000 0.630000 0.539000 0.626500
0 0.518667 0.630250 0.514333 0.629000 0.509333 0.629000 0.502333 0.631250 0.492333 0.638000 0.490000 0.641500 0.490000 0.644000 0.492000 0.647250 0.496333 0.648500 0.502000 0.648000 0.506000 0.646750 0.513333 0.643250 0.518000 0.639000 0.520000 0.635750 0.520000 0.633250
0 0.467000 0.622250 0.464000 0.623750 0.461333 0.626500 0.460333 0.633000 0.460667 0.639500 0.463000 0.644750 0.466667 0.647500 0.470333 0.647500 0.474667 0.644500 0.476000 0.642250 0.477333 0.635750 0.476333 0.626750 0.474667 0.624250 0.471333 0.622500
0 0.486333 0.568750 0.482667 0.570000 0.480667 0.571750 0.479333 0.576500 0.479000 0.582750 0.480000 0.587250 0.482000 0.591750 0.486667 0.595250 0.490333 0.595500 0.494333 0.593750 0.496000 0.592000 0.497000 0.588250 0.496667 0.578500 0.495333 0.574500 0.493000 0.571000 0.490333 0.569000
0 0.522667 0.560000 0.521000 0.559000 0.516667 0.559000 0.504333 0.563750 0.499333 0.567750 0.499667 0.572750 0.502000 0.573750 0.506667 0.574000 0.511000 0.573250 0.518333 0.570500 0.522333 0.568000 0.524000 0.565000
0 0.467333 0.563250 0.464000 0.563250 0.461333 0.564000 0.458667 0.566750 0.455333 0.572250 0.455000 0.577750 0.455667 0.581000 0.457333 0.584000 0.460333 0.585500 0.463333 0.585750 0.467333 0.584000 0.472000 0.576000 0.472333 0.569500 0.471667 0.566750 0.470333 0.564750
0 0.443333 0.569500 0.440667 0.570000 0.438333 0.571250 0.434667 0.578500 0.434333 0.585250 0.435000 0.587750 0.439000 0.591250 0.442667 0.591250 0.444000 0.590750 0.449000 0.585000 0.451000 0.580250 0.450667 0.576500 0.448667 0.572000 0.447000 0.570750
0 0.416000 0.567250 0.414667 0.568500 0.413667 0.571500 0.415000 0.578500 0.416333 0.580500 0.421333 0.585000 0.424000 0.586000 0.427333 0.585750 0.428667 0.585000 0.430333 0.581500 0.430333 0.577250 0.428333 0.572500 0.421000 0.567250
0 0.404667 0.555750 0.400333 0.556000 0.398333 0.557500 0.394333 0.564000 0.394333 0.572250 0.396333 0.575500 0.399667 0.577000 0.402333 0.576750 0.405000 0.575500 0.408000 0.568000 0.408333 0.564500 0.406000 0.557250
0 0.267333 0.611000 0.264000 0.613000 0.262667 0.615250 0.262000 0.621000 0.263000 0.625250 0.266333 0.630750 0.268000 0.632000 0.271000 0.633000 0.274667 0.632750 0.277333 0.631500 0.279000 0.628000 0.278333 0.618750 0.276000 0.615000 0.272000 0.611500
0 0.396667 0.664250 0.393000 0.665500 0.391667 0.667250 0.391000 0.669250 0.391667 0.678500 0.393333 0.681250 0.396667 0.684250 0.399667 0.685250 0.402667 0.685250 0.404667 0.684750 0.407000 0.682000 0.407667 0.679500 0.407333 0.673500 0.404000 0.666500 0.400333 0.664500
0 0.397000 0.705750 0.395333 0.707000 0.393667 0.710000 0.393667 0.714500 0.395000 0.721000 0.396333 0.724250 0.399000 0.728000 0.401000 0.729250 0.404667 0.729500 0.409000 0.724500 0.409667 0.721750 0.409333 0.713750 0.404667 0.707250 0.401000 0.705250
