0 0.540000 0.567333 0.540000 0.571333 0.541250 0.575333 0.544500 0.579667 0.548000 0.582667 0.555250 0.585000 0.559500 0.584667 0.561500 0.583000 0.562250 0.578667 0.561250 0.573333 0.560250 0.571333 0.552750 0.565667 0.548750 0.564667 0.544250 0.564667 0.541500 0.565667
0 0.367250 0.624000 0.365250 0.621333 0.362000 0.620667 0.353250 0.622667 0.348500 0.626000 0.345500 0.631000 0.345250 0.635333 0.346250 0.636667 0.349750 0.638667 0.357000 0.638333 0.360750 0.636667 0.366000 0.631333 0.367500 0.627333
0 0.387000 0.586333 0.385500 0.585000 0.382000 0.585000 0.379000 0.586000 0.376000 0.588333 0.371000 0.595667 0.368000 0.602667 0.367500 0.608000 0.368000 0.611333 0.368750 0.612667 0.371500 0.615000 0.374000 0.615333 0.379000 0.612333 0.382250 0.608333 0.385750 0.600667 0.387250 0.595667 0.388000 0.589667
0 0.310000 0.639000 0.306000 0.639667 0.302750 0.642667 0.297750 0.650000 0.294500 0.664333 0.294500 0.670667 0.296000 0.674000 0.298000 0.676000 0.302250 0.676000 0.304750 0.674333 0.307500 0.670667 0.311250 0.661667 0.312500 0.654000 0.312500 0.645000 0.311250 0.640000
0 0.341750 0.602667 0.340000 0.600333 0.334500 0.597667 0.326500 0.598333 0.322500 0.600000 0.319500 0.602667 0.318500 0.605667 0.318500 0.608333 0.319750 0.612000 0.322250 0.614333 0.325750 0.615333 0.333750 0.614667 0.337500 0.612667 0.341250 0.608667 0.342000 0.604667
0 0.331500 0.550667 0.330500 0.548667 0.326250 0.547000 0.322250 0.547000 0.315000 0.549000 0.306750 0.557667 0.306000 0.559667 0.306000 0.561667 0.307750 0.565000 0.310500 0.566667 0.317000 0.567000 0.319500 0.566333 0.325750 0.563333 0.328000 0.561333 0.331750 0.554000
0 0.258250 0.489333 0.258250 0.491333 0.259250 0.494333 0.262750 0.498333 0.271250 0.502333 0.274750 0.503000 0.279750 0.502667 0.284000 0.499333 0.285000 0.497333 0.285000 0.493667 0.283500 0.490667 0.280000 0.486667 0.276250 0.485000 0.271500 0.484333 0.264000 0.485000 0.259250 0.487000
0 0.334500 0.517000 0.335500 0.521000 0.337000 0.523333 0.340750 0.526000 0.343750 0.527000 0.350500 0.526667 0.357000 0.524000 0.359500 0.521667 0.360250 0.518667 0.360000 0.515000 0.358750 0.511667 0.356250 0.509333 0.352750 0.508333 0.345750 0.508333 0.340250 0.509667 0.337500 0.511333 0.336000 0.513333
0 0.359000 0.533667 0.358750 0.538000 0.360750 0.542667 0.362500 0.544667 0.366000 0.546667 0.370500 0.547667 0.376500 0.547000 0.380500 0.544667 0.381750 0.542000 0.381750 0.539000 0.381000 0.536333 0.376500 0.532333 0.372750 0.531000 0.365250 0.530667 0.360750 0.531667
0 0.394000 0.532667 0.394000 0.537333 0.395750 0.541333 0.400500 0.545333 0.407000 0.546333 0.412500 0.545667 0.414000 0.544667 0.416750 0.541000 0.417500 0.538333 0.417000 0.533667 0.416000 0.532333 0.412000 0.529333 0.409000 0.528333 0.400000 0.528667 0.396750 0.530000
0 0.430250 0.556667 0.430500 0.560000 0.431500 0.562000 0.435750 0.565000 0.440000 0.566333 0.447000 0.566333 0.451000 0.565000 0.455000 0.561333 0.456250 0.558333 0.456250 0.556000 0.454500 0.553333 0.451750 0.550667 0.447500 0.548667 0.438750 0.548667 0.437000 0.549333 0.432250 0.552667
0 0.434500 0.602000 0.433750 0.599333 0.432250 0.597333 0.429250 0.595667 0.426500 0.595000 0.417750 0.595333 0.414750 0.596000 0.409000 0.600667 0.407500 0.603333 0.407750 0.608000 0.409500 0.611000 0.412000 0.613000 0.415500 0.614333 0.422000 0.614333 0.428250 0.612667 0.432750 0.609000 0.434000 0.607000
0 0.427750 0.471000 0.428500 0.475333 0.431000 0.478667 0.436000 0.481000 0.441500 0.481333 0.445250 0.479667 0.449500 0.475667 0.450250 0.474333 0.451000 0.470000 0.450000 0.466333 0.446750 0.463000 0.443250 0.462000 0.435500 0.462333 0.431000 0.464667
0 0.451000 0.494667 0.454500 0.499667 0.458500 0.501333 0.466500 0.501000 0.470000 0.497667 0.471000 0.493667 0.471000 0.490333 0.469000 0.486667 0.467250 0.485667 0.458750 0.485000 0.454250 0.486333 0.451500 0.490333
0 0.438750 0.505333 0.438750 0.509667 0.440000 0.513333 0.447500 0.520333 0.451250 0.521667 0.455750 0.521667 0.458500 0.520000 0.460000 0.518000 0.459750 0.514000 0.458000 0.510333 0.451000 0.503667 0.446750 0.502333 0.442000 0.502333 0.439750 0.503333
0 0.487250 0.579000 0.487500 0.581000 0.492500 0.584667 0.502500 0.585000 0.506000 0.583000 0.507250 0.581333 0.508000 0.576333 0.506750 0.573000 0.505250 0.572000 0.497250 0.571667 0.493500 0.572333 0.489750 0.574667 0.488000 0.576667
0 0.511000 0.529333 0.508000 0.529667 0.504000 0.531667 0.502000 0.534000 0.499750 0.543000 0.499750 0.550000 0.501000 0.554000 0.502000 0.554667 0.506500 0.554667 0.511750 0.547667 0.513000 0.544667 0.514250 0.538000 0.514250 0.533333 0.513750 0.531667
0 0.525750 0.521000 0.524500 0.524667 0.524750 0.529000 0.532250 0.543667 0.534250 0.545667 0.538250 0.547333 0.541500 0.547667 0.544250 0.546000 0.545000 0.541667 0.544500 0.538000 0.542750 0.532667 0.540000 0.529000 0.538000 0.524667 0.535250 0.523000 0.532750 0.520333 0.530000 0.519000 0.528750 0.519000
0 0.581750 0.532333 0.580500 0.530333 0.577000 0.529000 0.572250 0.530667 0.568750 0.534333 0.566250 0.539667 0.566250 0.541667 0.568250 0.543667 0.571500 0.543667 0.576000 0.542000 0.580750 0.536667 0.581750 0.534000
0 0.605500 0.555667 0.604250 0.553333 0.600250 0.550667 0.594500 0.549333 0.587500 0.550333 0.584250 0.552000 0.582500 0.554333 0.582000 0.558000 0.584000 0.561667 0.587500 0.564000 0.591500 0.565333 0.596500 0.565333 0.599250 0.564667 0.604000 0.561000 0.605500 0.558000
0 0.629750 0.645667 0.630000 0.649667 0.632750 0.654000 0.634750 0.655333 0.639000 0.656333 0.647250 0.656667 0.652000 0.656000 0.655250 0.654333 0.657000 0.650333 0.656750 0.646333 0.654500 0.642000 0.650250 0.639667 0.646000 0.638667 0.640000 0.638667 0.635000 0.640000 0.631250 0.642333
0 0.644250 0.572667 0.642500 0.570000 0.638750 0.568000 0.631750 0.567667 0.627250 0.568667 0.621500 0.572333 0.618750 0.576333 0.618250 0.580667 0.620750 0.584333 0.626000 0.587333 0.630750 0.587667 0.635250 0.586667 0.640500 0.584333 0.643750 0.580667 0.644750 0.577000
0 0.614750 0.555000 0.614750 0.557333 0.617500 0.561333 0.622250 0.563333 0.630500 0.563000 0.634750 0.560667 0.636750 0.557667 0.636500 0.555333 0.634750 0.553000 0.630500 0.550000 0.627500 0.549000 0.622250 0.549000 0.618500 0.550000 0.616500 0.551333 0.615250 0.553000
0 0.590750 0.533333 0.590750 0.537000 0.592000 0.539667 0.595500 0.543667 0.599750 0.545667 0.607250 0.545667 0.611000 0.544667 0.614750 0.542000 0.615750 0.540667 0.616750 0.537333 0.616750 0.533333 0.615500 0.531000 0.607000 0.527000 0.603000 0.526667 0.595500 0.528000 0.591500 0.531667
0 0.625500 0.533333 0.625500 0.536667 0.626750 0.540000 0.630750 0.543333 0.635000 0.544667 0.643250 0.544333 0.646750 0.543333 0.651500 0.538000 0.652000 0.536000 0.651750 0.532000 0.649250 0.529333 0.646250 0.527333 0.639250 0.525667 0.634500 0.526000 0.630250 0.528000 0.627500 0.530000
0 0.657000 0.533667 0.657000 0.538000 0.657750 0.540667 0.658750 0.542000 0.661250 0.543667 0.666250 0.545333 0.674250 0.545333 0.679250 0.542333 0.682500 0.537667 0.682500 0.534667 0.681750 0.532667 0.673750 0.528667 0.662000 0.529333 0.658500 0.531000
0 0.626750 0.473333 0.622750 0.473333 0.619750 0.476000 0.618000 0.479000 0.617250 0.482333 0.617000 0.494000 0.617750 0.499000 0.619500 0.502333 0.623250 0.502667 0.627250 0.497333 0.629250 0.489667 0.629500 0.482667 0.629000 0.478000 0.628000 0.474667
0 0.565750 0.512000 0.566000 0.515000 0.567750 0.519000 0.571750 0.522000 0.580500 0.523000 0.584500 0.522333 0.590000 0.518667 0.592250 0.514667 0.591750 0.510000 0.591000 0.509000 0.584500 0.505000 0.581000 0.504333 0.576500 0.504333 0.571250 0.505667 0.567250 0.508000 0.566250 0.509333
0 0.556250 0.486333 0.553750 0.483667 0.549500 0.481667 0.545250 0.481667 0.541000 0.483000 0.536500 0.485667 0.535500 0.487000 0.534250 0.490667 0.534500 0.494000 0.536750 0.497333 0.539750 0.498667 0.546250 0.498667 0.548250 0.498000 0.553500 0.493667 0.555500 0.490667
0 0.515000 0.423000 0.513750 0.421333 0.510000 0.419667 0.505750 0.419667 0.501500 0.421333 0.498000 0.424000 0.494500 0.428333 0.493250 0.431000 0.493500 0.435667 0.497500 0.440333 0.501500 0.441000 0.505500 0.440000 0.510250 0.436667 0.513750 0.433000 0.515500 0.428333
0 0.380250 0.406333 0.380500 0.409000 0.382750 0.412333 0.388750 0.415000 0.394000 0.415000 0.397500 0.414000 0.400500 0.411667 0.402250 0.408000 0.401750 0.404333 0.399750 0.401000 0.397250 0.399667 0.393750 0.399000 0.384750 0.399667 0.381000 0.403333
