0 0.490000 0.296000 0.486667 0.296250 0.483000 0.298000 0.477667 0.304750 0.476000 0.311250 0.476000 0.316500 0.476667 0.319000 0.478667 0.320250 0.482000 0.320750 0.487000 0.320500 0.490000 0.318500 0.492333 0.315000 0.494667 0.309500 0.495000 0.301500 0.493667 0.298250
0 0.435667 0.307000 0.434667 0.309500 0.435000 0.311250 0.440000 0.316250 0.446333 0.319500 0.455333 0.321000 0.460000 0.320750 0.464667 0.319500 0.466333 0.317750 0.467000 0.314250 0.465667 0.312500 0.458667 0.308250 0.453333 0.306000 0.448667 0.305000 0.442667 0.305000 0.438333 0.305750
0 0.416667 0.326000 0.413000 0.326750 0.409000 0.328250 0.407333 0.329500 0.405667 0.334250 0.403667 0.337500 0.403667 0.344000 0.404667 0.346000 0.408000 0.348500 0.413000 0.347750 0.418333 0.343500 0.420333 0.341000 0.421333 0.336250 0.421000 0.329500 0.419667 0.327250
0 0.414333 0.350250 0.410333 0.350500 0.407333 0.352000 0.405667 0.355250 0.404000 0.361250 0.404000 0.365500 0.405000 0.369750 0.407667 0.373000 0.410667 0.373750 0.413667 0.373250 0.417667 0.370250 0.420333 0.365750 0.420667 0.357750 0.420000 0.353750 0.418333 0.351500
0 0.487333 0.361250 0.485333 0.361250 0.481667 0.363250 0.477667 0.367500 0.476000 0.372750 0.476333 0.384500 0.478000 0.386750 0.481333 0.387750 0.483667 0.387750 0.487333 0.386750 0.490000 0.384750 0.491667 0.380500 0.492667 0.372500 0.492333 0.367750 0.490333 0.363250
0 0.600333 0.392500 0.596333 0.393000 0.594333 0.394500 0.589333 0.400500 0.588000 0.404500 0.588667 0.411750 0.592333 0.415250 0.594667 0.416000 0.597000 0.416000 0.600667 0.414250 0.605000 0.409000 0.606333 0.404750 0.606333 0.399750 0.605000 0.396750 0.603333 0.394500
0 0.653333 0.403750 0.649667 0.405750 0.648333 0.408250 0.646667 0.415750 0.647000 0.423750 0.649667 0.428500 0.654667 0.429500 0.659000 0.427500 0.661333 0.424250 0.662667 0.420250 0.663000 0.413250 0.662000 0.409250 0.660667 0.407250 0.655000 0.403750
0 0.305333 0.516250 0.302000 0.517500 0.300000 0.520750 0.299333 0.526500 0.301667 0.533000 0.305333 0.538250 0.307333 0.539750 0.310000 0.540750 0.312000 0.540750 0.314667 0.540000 0.318000 0.537750 0.319000 0.535250 0.319000 0.531000 0.317000 0.525500 0.311333 0.518250 0.307333 0.516250
0 0.411667 0.502000 0.408667 0.503500 0.407000 0.505500 0.405667 0.511750 0.406333 0.517750 0.407667 0.521250 0.411333 0.523500 0.413000 0.523500 0.416667 0.522000 0.419667 0.518250 0.420000 0.509750 0.416667 0.503750 0.414000 0.502250
0 0.392000 0.504250 0.388000 0.506750 0.386667 0.509000 0.386667 0.518500 0.388000 0.522500 0.391667 0.527500 0.395667 0.529250 0.397667 0.529250 0.401000 0.528500 0.404333 0.525250 0.405667 0.521750 0.405333 0.513750 0.403000 0.508750 0.396667 0.504500
0 0.439000 0.499000 0.436000 0.500250 0.434667 0.501500 0.434667 0.506250 0.438333 0.513750 0.446667 0.519250 0.452000 0.520000 0.455000 0.518250 0.455667 0.517000 0.455667 0.513000 0.452000 0.505250 0.448000 0.500750 0.443333 0.499250
0 0.458000 0.522500 0.455333 0.524250 0.454667 0.525750 0.454333 0.530000 0.455333 0.533500 0.459667 0.540500 0.462000 0.542250 0.466667 0.542250 0.468333 0.540750 0.469333 0.537000 0.468333 0.528500 0.466667 0.525750 0.465000 0.524500 0.461000 0.522750
0 0.381667 0.552500 0.380000 0.552250 0.376667 0.553000 0.372333 0.555000 0.369333 0.557250 0.367000 0.560500 0.364667 0.565250 0.364000 0.569000 0.365333 0.571750 0.368667 0.573500 0.371333 0.573250 0.373667 0.572250 0.381667 0.563250 0.383667 0.557750 0.383333 0.554500
0 0.560333 0.525750 0.556667 0.524500 0.545667 0.524500 0.540667 0.525250 0.535667 0.528000 0.533667 0.528500 0.529667 0.532500 0.529333 0.533750 0.533000 0.537250 0.537333 0.538500 0.545000 0.538500 0.552000 0.536750 0.560333 0.532500 0.561667 0.530250 0.561667 0.528500
0 0.564000 0.529500 0.562000 0.532000 0.562667 0.537750 0.564667 0.541500 0.571000 0.546500 0.576000 0.548000 0.580667 0.548000 0.583333 0.545500 0.583000 0.541750 0.576333 0.533750 0.568000 0.530000
0 0.525667 0.537250 0.521333 0.540500 0.521667 0.545000 0.524667 0.552250 0.525667 0.553500 0.532000 0.557000 0.534000 0.557250 0.536333 0.556750 0.537667 0.555750 0.539000 0.552750 0.539000 0.547500 0.535000 0.541750 0.529000 0.537250
0 0.525333 0.558750 0.523333 0.560000 0.522000 0.564500 0.522667 0.571250 0.524333 0.575500 0.533333 0.583750 0.537667 0.584250 0.541333 0.580500 0.541333 0.575750 0.538667 0.568250 0.536667 0.564750 0.529333 0.559250
0 0.571000 0.556000 0.568333 0.557500 0.566333 0.561500 0.566000 0.568000 0.567000 0.572250 0.569667 0.576750 0.572000 0.578500 0.576333 0.579750 0.580000 0.580000 0.583000 0.578250 0.584667 0.575500 0.585333 0.570750 0.584333 0.563750 0.581000 0.558750 0.579000 0.557000 0.575333 0.555750
0 0.551333 0.432000 0.551333 0.435750 0.556000 0.440000 0.561333 0.442750 0.565000 0.444000 0.570667 0.444750 0.576000 0.444750 0.579667 0.443000 0.580667 0.440500 0.580333 0.438750 0.575000 0.434000 0.570667 0.431750 0.564000 0.430000 0.556000 0.430000 0.552667 0.431000
0 0.514333 0.549500 0.512667 0.549500 0.509000 0.551500 0.506000 0.556500 0.505000 0.560000 0.505667 0.565250 0.508000 0.568750 0.510000 0.570000 0.513667 0.569750 0.516000 0.568000 0.518000 0.565250 0.519667 0.560250 0.519667 0.556000 0.517667 0.552250
0 0.485333 0.564000 0.482000 0.564750 0.480333 0.567250 0.479333 0.571750 0.479667 0.576250 0.482667 0.584000 0.485667 0.586750 0.489000 0.587000 0.491333 0.585750 0.493667 0.580750 0.493000 0.572500 0.490000 0.566250 0.487667 0.564500
0 0.459333 0.596000 0.457333 0.599000 0.458000 0.604250 0.462333 0.613250 0.465333 0.615750 0.467667 0.616250 0.470333 0.615500 0.471333 0.614250 0.472000 0.612000 0.471333 0.607500 0.466667 0.597750 0.463667 0.595750
0 0.556667 0.582500 0.555000 0.583500 0.552000 0.588250 0.552667 0.595500 0.556000 0.600750 0.561000 0.601250 0.564000 0.598500 0.566000 0.591750 0.566000 0.588250 0.563667 0.584750 0.561000 0.582750
0 0.579000 0.584750 0.575667 0.584500 0.571667 0.585750 0.569667 0.587500 0.567333 0.592000 0.566000 0.599000 0.566667 0.603250 0.569000 0.605500 0.572333 0.607000 0.576000 0.607000 0.579333 0.604750 0.582667 0.600000 0.584000 0.596750 0.584333 0.591250 0.583667 0.589000 0.582000 0.586250
0 0.548000 0.606000 0.545333 0.606750 0.543333 0.609000 0.541667 0.614500 0.542333 0.622000 0.544333 0.625500 0.546000 0.627000 0.549333 0.628000 0.553000 0.627000 0.557667 0.623500 0.559000 0.620000 0.559000 0.617000 0.558000 0.611750 0.556667 0.609750 0.552667 0.606500
0 0.529333 0.612750 0.526000 0.615000 0.524667 0.618250 0.524667 0.624500 0.528333 0.630750 0.530000 0.632000 0.534000 0.633000 0.537333 0.631250 0.539333 0.627500 0.538667 0.619500 0.537667 0.617000 0.533667 0.613250
0 0.476000 0.641250 0.473333 0.640750 0.469333 0.641750 0.467667 0.643000 0.466333 0.645250 0.461667 0.648750 0.458667 0.653500 0.458667 0.655250 0.460333 0.658000 0.462000 0.658750 0.466333 0.658500 0.474333 0.653750 0.476000 0.651500 0.477667 0.647250 0.477333 0.642500
0 0.431000 0.643000 0.435667 0.646000 0.444333 0.647500 0.456667 0.647250 0.462000 0.645000 0.464333 0.643250 0.464667 0.642250 0.463667 0.639250 0.462333 0.638000 0.458667 0.636500 0.450000 0.635000 0.442000 0.635000 0.438333 0.635750 0.433000 0.638000 0.431667 0.639000
0 0.393000 0.595000 0.391000 0.596500 0.390000 0.600000 0.390000 0.603750 0.391333 0.610000 0.392667 0.612500 0.395667 0.615250 0.399000 0.616500 0.401667 0.616500 0.404000 0.615250 0.405000 0.613250 0.405333 0.606750 0.404667 0.603000 0.401000 0.597500 0.397000 0.595000
0 0.403667 0.663500 0.399667 0.665750 0.398000 0.668750 0.397333 0.676250 0.398000 0.681500 0.399333 0.684750 0.401000 0.686500 0.404667 0.687500 0.408667 0.686500 0.412333 0.682750 0.413333 0.678750 0.413333 0.673000 0.411667 0.668500 0.409333 0.665000 0.407333 0.664000
0 0.383000 0.672250 0.380000 0.673000 0.377333 0.676250 0.376000 0.680500 0.376000 0.686000 0.378667 0.691000 0.380333 0.692250 0.384667 0.692500 0.388000 0.690000 0.389333 0.688000 0.390333 0.684000 0.390333 0.679500 0.388667 0.673750 0.385667 0.672250
0 0.357667 0.657250 0.353667 0.659500 0.352333 0.662000 0.351667 0.673250 0.353000 0.677000 0.356333 0.680250 0.357667 0.681000 0.361667 0.681000 0.364000 0.679250 0.366000 0.676250 0.367000 0.672250 0.367000 0.665250 0.366000 0.661250 0.364333 0.658750 0.362000 0.657500
0 0.369000 0.695250 0.368333 0.697000 0.369333 0.699000 0.371667 0.701500 0.378000 0.706000 0.383667 0.708750 0.387667 0.709750 0.391667 0.709500 0.393333 0.708750 0.394333 0.706000 0.394000 0.704250 0.387667 0.697500 0.384667 0.696250 0.375000 0.694250 0.371000 0.694250
0 0.474667 0.676000 0.470667 0.676000 0.467000 0.677750 0.463000 0.680750 0.461333 0.683250 0.458667 0.689500 0.458333 0.693250 0.461000 0.697750 0.463000 0.699000 0.467667 0.699500 0.469333 0.698750 0.474667 0.694000 0.478667 0.686000 0.478667 0.681000
0 0.515000 0.694250 0.513000 0.694250 0.508667 0.696500 0.505000 0.701500 0.504000 0.704750 0.503667 0.712500 0.504667 0.716000 0.506667 0.718000 0.508667 0.718500 0.511667 0.718250 0.514333 0.717000 0.518333 0.709750 0.519667 0.705500 0.519333 0.697500 0.518333 0.696000
0 0.538000 0.677250 0.533667 0.678250 0.529667 0.681750 0.525667 0.689250 0.526000 0.694000 0.527667 0.697000 0.529333 0.698250 0.533333 0.698000 0.536667 0.696250 0.542000 0.690500 0.544000 0.685750 0.543667 0.681250 0.540667 0.678000
0 0.548000 0.707250 0.545000 0.709000 0.543667 0.711500 0.543667 0.716750 0.544667 0.720250 0.547667 0.725750 0.551333 0.728750 0.554333 0.730250 0.557667 0.730500 0.560667 0.729000 0.561333 0.727250 0.561667 0.720750 0.561000 0.717500 0.558333 0.712500 0.552667 0.707750
0 0.537000 0.724250 0.532333 0.727000 0.531000 0.729000 0.529000 0.735500 0.529000 0.740000 0.531000 0.745000 0.532667 0.747250 0.535000 0.748500 0.538333 0.748750 0.541333 0.747500 0.544667 0.744250 0.546000 0.740500 0.546333 0.734750 0.546000 0.731750 0.544333 0.727750 0.540667 0.725000
0 0.441667 0.719250 0.439667 0.721000 0.439333 0.724250 0.440333 0.728250 0.443000 0.733250 0.446333 0.737500 0.450667 0.740750 0.454667 0.742750 0.459333 0.742750 0.461000 0.740500 0.461333 0.735750 0.458667 0.728000 0.451000 0.720250 0.444667 0.718750
0 0.529000 0.435500 0.525667 0.437250 0.523667 0.439500 0.522333 0.445250 0.522333 0.449000 0.523333 0.454000 0.524667 0.456750 0.526000 0.457750 0.530000 0.458750 0.533333 0.458000 0.537333 0.454500 0.538667 0.448750 0.538667 0.444500 0.536667 0.438750 0.533333 0.436500
0 0.478333 0.439000 0.476333 0.440250 0.475000 0.443000 0.475000 0.446750 0.476667 0.453250 0.478333 0.456250 0.481667 0.458750 0.486000 0.459250 0.487667 0.458500 0.489667 0.455500 0.489000 0.447500 0.483667 0.440000 0.482333 0.439250
0 0.461000 0.413000 0.458667 0.413500 0.455667 0.416500 0.454667 0.419250 0.454667 0.426250 0.455333 0.429250 0.457333 0.432750 0.459333 0.434250 0.463333 0.435000 0.466333 0.434000 0.468000 0.431750 0.469000 0.424500 0.468667 0.420000 0.467000 0.414750 0.463667 0.413000
0 0.300333 0.430750 0.300333 0.432500 0.303000 0.436250 0.314667 0.439500 0.326333 0.439500 0.330000 0.438500 0.334667 0.436250 0.336000 0.432500 0.334667 0.429500 0.330000 0.426500 0.325333 0.425000 0.321667 0.424500 0.312667 0.424500 0.306333 0.425750 0.302333 0.427750
0 0.451333 0.455000 0.449333 0.458500 0.449333 0.463000 0.450333 0.466500 0.454667 0.472750 0.457667 0.475250 0.461667 0.476500 0.467000 0.476250 0.469000 0.475000 0.470667 0.471250 0.469333 0.462500 0.467333 0.459250 0.463333 0.456000 0.459333 0.454500 0.454000 0.454250
0 0.510000 0.462000 0.506333 0.462000 0.505000 0.462500 0.501667 0.466500 0.500667 0.469500 0.500000 0.482750 0.501000 0.484500 0.504333 0.486250 0.507000 0.486250 0.510333 0.484750 0.512000 0.483250 0.514333 0.478750 0.515000 0.474750 0.514667 0.468250 0.512667 0.464500
0 0.556333 0.472500 0.552333 0.472500 0.549000 0.474750 0.547333 0.477000 0.546000 0.481500 0.545667 0.488250 0.547000 0.493250 0.548333 0.495250 0.552667 0.497000 0.557333 0.496250 0.559667 0.494250 0.561333 0.490500 0.561333 0.477750 0.560000 0.475000
0 0.286667 0.474750 0.283000 0.474750 0.278000 0.477750 0.276000 0.482250 0.276000 0.487750 0.277333 0.492750 0.278667 0.495000 0.282333 0.496500 0.286333 0.495750 0.288000 0.494750 0.292000 0.487250 0.292000 0.482500 0.291000 0.479250 0.289333 0.476750
