0 0.399667 0.719250 0.398000 0.720500 0.398000 0.725250 0.399667 0.729500 0.402667 0.733250 0.404333 0.736750 0.409000 0.740750 0.412333 0.741750 0.416667 0.741250 0.418000 0.739750 0.418333 0.735500 0.412333 0.724000 0.406667 0.720000 0.404000 0.719250
0 0.451333 0.345250 0.451333 0.347000 0.453000 0.350000 0.458667 0.353500 0.463333 0.355500 0.470333 0.357250 0.475667 0.357250 0.479000 0.356500 0.480333 0.355000 0.480667 0.353000 0.479667 0.351500 0.472000 0.346000 0.468000 0.344500 0.457667 0.343000 0.454667 0.343500
0 0.381333 0.419750 0.376667 0.420250 0.372000 0.423250 0.368667 0.427500 0.367333 0.431000 0.367000 0.437250 0.367667 0.439750 0.369333 0.441000 0.373333 0.440750 0.380000 0.435750 0.381333 0.434000 0.384333 0.424750 0.384000 0.422500
0 0.467000 0.401500 0.463333 0.403500 0.462333 0.405250 0.461667 0.408250 0.462333 0.415500 0.468333 0.424000 0.470333 0.425250 0.474333 0.425000 0.475667 0.424250 0.479000 0.418750 0.479000 0.412000 0.474667 0.404000 0.470667 0.401750
0 0.504000 0.437500 0.500333 0.437250 0.495667 0.439000 0.487000 0.448250 0.485000 0.454250 0.485333 0.459250 0.486667 0.461750 0.489333 0.463750 0.492333 0.463750 0.497333 0.461750 0.499333 0.460250 0.502000 0.456000 0.506667 0.445250 0.506667 0.439250
0 0.545000 0.455000 0.545000 0.458500 0.545667 0.459500 0.552000 0.462000 0.557333 0.463000 0.565667 0.463250 0.576667 0.461250 0.579333 0.458500 0.578667 0.454500 0.576667 0.452750 0.568333 0.450500 0.554667 0.450500 0.549333 0.451750
0 0.446333 0.489750 0.441000 0.491750 0.439000 0.494250 0.438667 0.500500 0.439333 0.505750 0.441000 0.510250 0.443667 0.513750 0.446667 0.515750 0.451333 0.516250 0.455000 0.514000 0.457000 0.510500 0.457000 0.502000 0.452000 0.491500 0.450000 0.490250
0 0.426667 0.525000 0.426333 0.528750 0.428000 0.530750 0.438667 0.535750 0.444333 0.537750 0.449000 0.538500 0.454000 0.538500 0.457667 0.537500 0.460000 0.535500 0.460667 0.534000 0.460000 0.532000 0.451000 0.525750 0.439333 0.523250 0.430667 0.523500
0 0.299333 0.513000 0.298000 0.514000 0.297333 0.516500 0.298000 0.521000 0.305667 0.529250 0.310000 0.531750 0.315667 0.534000 0.319667 0.534250 0.323333 0.533250 0.325667 0.530250 0.324667 0.525750 0.317000 0.518000 0.309333 0.513750 0.304333 0.512750
0 0.412667 0.596250 0.407667 0.597000 0.400667 0.599750 0.395000 0.603000 0.392000 0.605500 0.390667 0.607750 0.390333 0.611250 0.393000 0.614250 0.397333 0.614000 0.404667 0.610500 0.412333 0.605500 0.414667 0.601000 0.414667 0.598250
0 0.427333 0.607500 0.423667 0.605750 0.418000 0.605500 0.416000 0.605750 0.412333 0.607750 0.407000 0.609250 0.396667 0.618500 0.396333 0.622000 0.397667 0.625750 0.400000 0.627000 0.405000 0.627000 0.411667 0.625500 0.418000 0.623000 0.424667 0.617500 0.427667 0.613750 0.428333 0.609500
0 0.390333 0.619250 0.387667 0.619250 0.385000 0.620000 0.383000 0.621500 0.380000 0.625750 0.379333 0.628250 0.379333 0.635750 0.380333 0.639750 0.383000 0.644000 0.385000 0.645250 0.388667 0.645500 0.393333 0.643250 0.396667 0.635500 0.396667 0.627250 0.395333 0.623250 0.393667 0.620750
0 0.466000 0.616000 0.463000 0.617750 0.461667 0.620000 0.461000 0.622750 0.461333 0.629000 0.462000 0.631250 0.465667 0.637000 0.468667 0.638750 0.471333 0.639250 0.474333 0.638000 0.476000 0.635750 0.476667 0.632250 0.476333 0.624500 0.474333 0.619500 0.471000 0.617250 0.467667 0.616000
0 0.449667 0.630750 0.446667 0.630750 0.442667 0.633750 0.440333 0.640000 0.440000 0.643250 0.441000 0.649500 0.442667 0.652250 0.446333 0.654000 0.448000 0.654000 0.451667 0.652250 0.454667 0.645000 0.454000 0.634000 0.452000 0.631500
0 0.461000 0.640500 0.459333 0.642500 0.459667 0.646750 0.462667 0.653250 0.470667 0.661000 0.476333 0.662500 0.479000 0.662500 0.480333 0.661250 0.481333 0.657250 0.480333 0.654250 0.477000 0.649750 0.470667 0.644250 0.468000 0.641000 0.463667 0.640000
0 0.491333 0.601750 0.488667 0.602500 0.486667 0.604000 0.485333 0.606250 0.484667 0.609250 0.485000 0.619250 0.486000 0.622250 0.487667 0.624500 0.490000 0.626250 0.495000 0.627250 0.497667 0.626750 0.500000 0.623500 0.501000 0.617250 0.501000 0.610750 0.500333 0.607250 0.498333 0.603500 0.494667 0.601750
0 0.521000 0.582250 0.517333 0.582250 0.514000 0.584500 0.512000 0.587250 0.511333 0.590750 0.511667 0.598750 0.513000 0.604000 0.514667 0.607250 0.517667 0.609250 0.521333 0.609000 0.523333 0.607750 0.526333 0.603250 0.527333 0.600500 0.527667 0.592000 0.526667 0.588250 0.522667 0.583250
0 0.543000 0.598250 0.539667 0.598500 0.535333 0.601250 0.533667 0.603500 0.532667 0.607250 0.533000 0.614750 0.534667 0.620750 0.537333 0.623750 0.540333 0.624250 0.543667 0.623500 0.545667 0.622000 0.547000 0.620000 0.549333 0.612500 0.548667 0.603250 0.546000 0.599500
0 0.584000 0.566500 0.579667 0.567000 0.574667 0.570750 0.572000 0.575750 0.573000 0.584500 0.576333 0.588000 0.579333 0.589000 0.581000 0.588750 0.584667 0.585750 0.586333 0.581000 0.586667 0.571250 0.585667 0.568000
0 0.422333 0.664250 0.422333 0.667500 0.424333 0.670000 0.428333 0.671750 0.437333 0.672750 0.443667 0.672750 0.451333 0.671500 0.453667 0.670250 0.456000 0.666750 0.455667 0.664750 0.451000 0.660500 0.443333 0.659000 0.438667 0.659000 0.429000 0.660250 0.424333 0.661750
0 0.470667 0.665000 0.468667 0.666500 0.466333 0.671000 0.466000 0.679750 0.469333 0.685750 0.471333 0.687000 0.475333 0.687500 0.478333 0.685250 0.479667 0.682250 0.480333 0.678750 0.480000 0.671000 0.479333 0.669000 0.475000 0.665250
0 0.493000 0.667500 0.489667 0.668500 0.487333 0.671000 0.486000 0.673750 0.485000 0.682250 0.485667 0.687000 0.487000 0.690250 0.491000 0.694250 0.494667 0.695500 0.497667 0.694500 0.499000 0.693250 0.501667 0.685750 0.501667 0.680250 0.500667 0.674000 0.498667 0.669250 0.497667 0.668250
0 0.358667 0.662250 0.357333 0.660750 0.354000 0.659500 0.349333 0.658750 0.337667 0.659750 0.330333 0.662250 0.326333 0.665250 0.325667 0.666500 0.325667 0.669750 0.329333 0.672500 0.334333 0.673500 0.342000 0.673500 0.353667 0.671500 0.356333 0.670500 0.358667 0.668250 0.359333 0.666750
0 0.412667 0.660500 0.411000 0.660250 0.408000 0.661000 0.399667 0.668500 0.396667 0.673750 0.396333 0.677750 0.397333 0.678750 0.398667 0.679250 0.403333 0.679000 0.406000 0.677500 0.409333 0.674250 0.413333 0.667500 0.413667 0.662000
0 0.383333 0.700500 0.382000 0.705250 0.384000 0.709000 0.395667 0.715500 0.403000 0.717750 0.409667 0.717750 0.413333 0.716500 0.416333 0.714250 0.417000 0.713000 0.416333 0.709750 0.413000 0.705000 0.408000 0.703250 0.403667 0.700750 0.396333 0.699000 0.390333 0.698500 0.385667 0.699250
0 0.420000 0.724000 0.419000 0.725000 0.418667 0.729000 0.423000 0.738750 0.428000 0.743000 0.431333 0.744000 0.435667 0.743750 0.437333 0.741250 0.437667 0.739000 0.437000 0.733000 0.435000 0.728750 0.432000 0.726750 0.427333 0.725000
0 0.479333 0.741750 0.474000 0.741750 0.470333 0.743250 0.465333 0.751000 0.463000 0.755750 0.462333 0.760750 0.463333 0.763750 0.466667 0.765500 0.471667 0.764500 0.475000 0.762250 0.479333 0.755500 0.481667 0.749250 0.481667 0.743750
0 0.423000 0.811250 0.422000 0.813250 0.423000 0.819000 0.431000 0.824500 0.442333 0.826750 0.450333 0.826750 0.453667 0.825750 0.455333 0.824500 0.456333 0.823000 0.456333 0.819000 0.454667 0.816000 0.451667 0.813500 0.443000 0.810000 0.437667 0.809250 0.428000 0.809500
