0 0.569000 0.330750 0.567667 0.330500 0.564000 0.331250 0.555667 0.338000 0.553667 0.342250 0.552667 0.346500 0.553333 0.349750 0.556000 0.351750 0.561000 0.351750 0.564333 0.350500 0.569667 0.346250 0.572667 0.341000 0.573333 0.336250 0.572667 0.333500
0 0.491667 0.372750 0.490000 0.371750 0.481667 0.371750 0.477667 0.372500 0.470333 0.375000 0.462000 0.379750 0.461667 0.384000 0.462333 0.385250 0.467667 0.387000 0.472000 0.387000 0.478333 0.385500 0.486000 0.382500 0.490667 0.379250 0.492000 0.377500
0 0.521667 0.395500 0.518000 0.395500 0.516667 0.396000 0.513333 0.398750 0.511667 0.403250 0.511333 0.409000 0.512667 0.415750 0.514667 0.418000 0.517000 0.418750 0.521000 0.417750 0.526000 0.412750 0.527333 0.409000 0.526667 0.400250 0.525333 0.398250
0 0.560333 0.413000 0.556667 0.414250 0.555000 0.415500 0.552667 0.419500 0.551333 0.424250 0.551333 0.429750 0.553000 0.435250 0.555333 0.438250 0.559333 0.440000 0.562000 0.440000 0.564333 0.439250 0.569000 0.435250 0.570333 0.429500 0.570333 0.422500 0.568000 0.415750 0.564000 0.413500
0 0.606000 0.395250 0.602667 0.396500 0.600000 0.400250 0.598667 0.405500 0.599000 0.411250 0.602667 0.417750 0.606667 0.420500 0.611333 0.421000 0.613333 0.420500 0.615667 0.419000 0.617000 0.416500 0.617667 0.412750 0.617000 0.403500 0.615000 0.399000 0.612333 0.396750 0.608667 0.395250
0 0.493000 0.408250 0.489000 0.410750 0.485667 0.415500 0.485333 0.425750 0.486667 0.429500 0.489667 0.431750 0.494667 0.432250 0.497667 0.430500 0.499333 0.428000 0.500333 0.418500 0.499667 0.413250 0.498333 0.410250 0.496333 0.408750
0 0.513000 0.431500 0.511333 0.434250 0.511000 0.436250 0.512000 0.439750 0.514000 0.443000 0.516667 0.446000 0.520667 0.448500 0.523333 0.448500 0.526000 0.447750 0.527667 0.444000 0.527333 0.440500 0.526000 0.437750 0.521000 0.432750 0.518000 0.431500
0 0.427000 0.501000 0.423667 0.501750 0.422000 0.503750 0.420000 0.509250 0.420000 0.516250 0.421667 0.522750 0.423333 0.526000 0.427000 0.528500 0.432000 0.529250 0.434667 0.528250 0.437000 0.525750 0.439000 0.518500 0.438333 0.511500 0.436333 0.504750 0.435000 0.503000 0.431667 0.501250
0 0.467000 0.525750 0.464333 0.529500 0.464333 0.534250 0.467000 0.542000 0.470333 0.546750 0.474333 0.548250 0.479000 0.548250 0.481667 0.546500 0.482667 0.543250 0.482667 0.539250 0.481000 0.533250 0.479333 0.531000 0.472000 0.525750
0 0.436000 0.538750 0.432000 0.539000 0.429333 0.540250 0.427667 0.541750 0.425667 0.545250 0.425000 0.551500 0.425667 0.557750 0.427667 0.561250 0.430333 0.562250 0.435000 0.562000 0.437333 0.561000 0.440000 0.557000 0.441333 0.553000 0.441333 0.547000 0.439333 0.541000
0 0.400000 0.532250 0.399000 0.534250 0.399667 0.541750 0.403333 0.549250 0.407667 0.552250 0.413667 0.554250 0.416667 0.554250 0.418333 0.552750 0.419333 0.548250 0.417333 0.541250 0.412333 0.534000 0.409667 0.532500 0.406000 0.531750 0.401667 0.531750
0 0.403667 0.552000 0.399667 0.554500 0.398667 0.556250 0.399667 0.568000 0.403333 0.573500 0.406667 0.576750 0.410667 0.577750 0.413000 0.577750 0.416000 0.577000 0.417333 0.576000 0.419000 0.573000 0.417667 0.564000 0.412667 0.555500 0.405667 0.552250
0 0.396000 0.556000 0.392000 0.555500 0.388000 0.556750 0.383333 0.559750 0.380333 0.563750 0.377333 0.571250 0.377667 0.576500 0.380000 0.578750 0.386000 0.578750 0.389667 0.577250 0.391333 0.575750 0.397333 0.565250 0.397667 0.560000 0.397000 0.557000
0 0.474000 0.559750 0.470333 0.560750 0.467000 0.564500 0.466000 0.567500 0.466000 0.573250 0.469000 0.581000 0.471000 0.583750 0.474333 0.585250 0.479333 0.585500 0.482000 0.584500 0.483667 0.581500 0.484333 0.578250 0.484000 0.568500 0.482000 0.563000 0.479667 0.561500
0 0.436667 0.591250 0.431667 0.592000 0.427333 0.594000 0.425333 0.595500 0.423333 0.598500 0.420667 0.604750 0.420667 0.611250 0.422000 0.614000 0.424000 0.615500 0.427333 0.615250 0.431667 0.613750 0.434667 0.611500 0.437000 0.608250 0.440333 0.600000 0.441000 0.595250 0.439333 0.592250
0 0.413000 0.596750 0.408667 0.597250 0.406333 0.599000 0.402667 0.603500 0.400667 0.607250 0.399667 0.611000 0.400333 0.615750 0.401667 0.618250 0.404333 0.621250 0.407000 0.622000 0.409000 0.622000 0.412333 0.620250 0.416000 0.614750 0.417667 0.610250 0.418333 0.603500 0.416667 0.598750
0 0.365333 0.616250 0.361667 0.617000 0.359333 0.618750 0.357000 0.622500 0.356333 0.625500 0.357000 0.636000 0.359000 0.639750 0.361667 0.641000 0.365000 0.640500 0.367333 0.639000 0.371000 0.634250 0.372000 0.631750 0.372000 0.624500 0.369667 0.618500
0 0.326667 0.599750 0.322667 0.600500 0.319667 0.602750 0.317000 0.606250 0.315333 0.610750 0.315000 0.616250 0.315667 0.619750 0.317333 0.622500 0.319000 0.623750 0.321000 0.624250 0.325667 0.624000 0.327667 0.622750 0.332000 0.615250 0.332667 0.610250 0.331667 0.604250 0.330333 0.602000
0 0.388333 0.638000 0.385000 0.638500 0.381333 0.641500 0.380333 0.643000 0.379000 0.649000 0.379000 0.652750 0.380000 0.656250 0.381333 0.658000 0.385000 0.659000 0.389333 0.657750 0.392000 0.654750 0.394000 0.650750 0.394667 0.647500 0.394333 0.641750 0.391667 0.639250
0 0.416000 0.648750 0.411667 0.648500 0.407000 0.650750 0.402667 0.659250 0.402000 0.662000 0.402667 0.669500 0.405667 0.674000 0.408333 0.675750 0.411333 0.675750 0.413667 0.675000 0.418667 0.671000 0.420667 0.666750 0.421667 0.660250 0.421333 0.654000 0.419333 0.650500
0 0.431667 0.617500 0.426333 0.618250 0.423000 0.620750 0.420333 0.626750 0.420000 0.634000 0.421667 0.637750 0.423667 0.639250 0.428333 0.639500 0.431333 0.637000 0.435667 0.631500 0.436333 0.629000 0.436333 0.622250 0.434667 0.619250
0 0.456000 0.615250 0.451333 0.616000 0.447667 0.618750 0.445667 0.623250 0.445333 0.628500 0.446333 0.635500 0.447667 0.637750 0.451333 0.640000 0.455667 0.640000 0.458667 0.638250 0.460333 0.635750 0.461667 0.630250 0.461667 0.622750 0.460667 0.618500 0.458667 0.616000
0 0.476333 0.599500 0.473667 0.599750 0.470000 0.602000 0.467667 0.606500 0.466333 0.611250 0.466333 0.615750 0.468667 0.621750 0.470333 0.623500 0.474000 0.624500 0.478000 0.623750 0.480000 0.622500 0.483000 0.619000 0.484667 0.613500 0.484333 0.607000 0.483000 0.602500 0.479333 0.600000
0 0.506000 0.608750 0.501333 0.609000 0.497333 0.611000 0.493333 0.618500 0.493333 0.624500 0.494333 0.627750 0.498333 0.633750 0.501667 0.635750 0.505667 0.634500 0.508667 0.631000 0.511000 0.623250 0.511333 0.618750 0.509667 0.611750
0 0.517667 0.620000 0.516000 0.620500 0.513000 0.623500 0.511000 0.631500 0.512667 0.638250 0.515000 0.643000 0.518000 0.645500 0.522333 0.646250 0.525000 0.645250 0.528000 0.642000 0.528667 0.636750 0.528333 0.628750 0.527667 0.626000 0.526000 0.623500 0.522000 0.620500
0 0.498000 0.643000 0.494333 0.644250 0.492333 0.646500 0.491000 0.655000 0.493333 0.662750 0.498667 0.666000 0.501667 0.665500 0.505667 0.662500 0.507333 0.658250 0.506667 0.649750 0.501333 0.644000
0 0.329667 0.703250 0.325333 0.703000 0.321667 0.703750 0.319667 0.705500 0.316000 0.712750 0.315333 0.721000 0.316333 0.724250 0.318667 0.726500 0.322333 0.727500 0.326333 0.726500 0.332667 0.721250 0.334667 0.717000 0.334667 0.708500 0.332333 0.704500
0 0.435667 0.740750 0.431667 0.741250 0.427667 0.743750 0.423000 0.750750 0.423000 0.760750 0.425333 0.764250 0.428333 0.766000 0.432333 0.766250 0.436333 0.765000 0.439333 0.761500 0.441667 0.756000 0.441667 0.744750 0.439333 0.742000
0 0.534333 0.719750 0.530000 0.716750 0.526000 0.716500 0.509333 0.720000 0.502333 0.725000 0.501000 0.726750 0.500333 0.729250 0.501333 0.732500 0.502333 0.733250 0.505667 0.734000 0.510333 0.734000 0.522000 0.732250 0.528667 0.728500 0.532333 0.725250 0.534667 0.721250
