0 0.368333 0.402750 0.365333 0.403750 0.362000 0.407250 0.361333 0.411500 0.361667 0.416000 0.363000 0.419750 0.366000 0.424250 0.368667 0.426250 0.372667 0.426750 0.377667 0.423000 0.379333 0.418500 0.379333 0.414250 0.378000 0.408750 0.373333 0.403750
0 0.525667 0.366250 0.521667 0.370000 0.520333 0.374500 0.520667 0.378750 0.524667 0.386750 0.528667 0.389500 0.532333 0.389500 0.535000 0.388250 0.537333 0.385000 0.537667 0.376000 0.533000 0.368500 0.529000 0.366000
0 0.565000 0.235750 0.562000 0.234750 0.555333 0.234750 0.548333 0.235750 0.542000 0.240750 0.536667 0.243750 0.535333 0.247250 0.536333 0.251500 0.537667 0.252500 0.540333 0.253250 0.545667 0.253500 0.552333 0.252750 0.560667 0.250250 0.563667 0.247750 0.567000 0.241250 0.567000 0.239500
0 0.499333 0.297500 0.497000 0.298500 0.496000 0.301500 0.496000 0.309500 0.496667 0.312500 0.500667 0.319250 0.502333 0.320250 0.506333 0.320750 0.509333 0.318750 0.511000 0.315500 0.510667 0.307000 0.506667 0.299250 0.503000 0.297500
0 0.465333 0.352750 0.466000 0.356750 0.468000 0.358500 0.471000 0.360250 0.478333 0.362000 0.484333 0.362500 0.492000 0.362250 0.498000 0.360750 0.500333 0.358000 0.500000 0.353500 0.497667 0.351000 0.489667 0.348750 0.482000 0.347750 0.475000 0.348000 0.470667 0.349000
0 0.506333 0.734250 0.503333 0.736000 0.502333 0.739000 0.502333 0.745250 0.503333 0.749000 0.505000 0.752250 0.508333 0.756250 0.510333 0.757500 0.514333 0.758000 0.518000 0.755750 0.520667 0.752000 0.520667 0.744750 0.515667 0.736250 0.513667 0.734750 0.510667 0.734000
0 0.444000 0.690500 0.440333 0.691500 0.438667 0.692750 0.435667 0.701000 0.436000 0.708500 0.438667 0.713750 0.442333 0.715750 0.444333 0.715750 0.447667 0.714500 0.449667 0.713000 0.452000 0.710000 0.452667 0.707500 0.452667 0.700500 0.451667 0.696500 0.448667 0.692750
0 0.482000 0.689000 0.479000 0.691250 0.477667 0.693250 0.476667 0.697250 0.477000 0.705500 0.478667 0.709000 0.482333 0.713250 0.486333 0.715250 0.489667 0.715250 0.492000 0.714000 0.495000 0.709250 0.495667 0.702750 0.494667 0.697250 0.489333 0.691000 0.486333 0.689500
0 0.466333 0.680250 0.463000 0.682500 0.461667 0.684250 0.460667 0.688750 0.461000 0.692000 0.463000 0.698250 0.466667 0.700750 0.470333 0.701750 0.473333 0.700250 0.475333 0.697750 0.477000 0.688250 0.474333 0.681750 0.471000 0.680250
0 0.471000 0.653500 0.467000 0.653500 0.463000 0.655250 0.461000 0.657500 0.459667 0.661500 0.459333 0.666250 0.460667 0.670500 0.462667 0.672750 0.466000 0.674250 0.468333 0.674250 0.471333 0.673250 0.474333 0.671250 0.475667 0.668250 0.475667 0.658250 0.474333 0.655750
0 0.555333 0.661000 0.554000 0.658500 0.552667 0.657500 0.545667 0.656250 0.531667 0.656750 0.524667 0.658750 0.522000 0.660500 0.520667 0.662250 0.520333 0.666000 0.523333 0.668750 0.528667 0.670750 0.538333 0.671000 0.543333 0.670500 0.549000 0.669000 0.554333 0.666000 0.555667 0.662750
0 0.508667 0.645500 0.505333 0.646750 0.503333 0.650000 0.502667 0.653250 0.503000 0.658500 0.504667 0.663000 0.509333 0.669750 0.513000 0.671500 0.515000 0.671500 0.518333 0.670250 0.520333 0.666000 0.519333 0.662500 0.519333 0.658000 0.517000 0.654500 0.514333 0.648000 0.511667 0.646000
0 0.540667 0.622000 0.537000 0.620000 0.529667 0.620250 0.524333 0.621750 0.517000 0.625250 0.512667 0.628250 0.510667 0.630750 0.511000 0.635250 0.513000 0.636750 0.515000 0.637250 0.520667 0.637250 0.527667 0.635250 0.534000 0.632250 0.538000 0.629250 0.541000 0.623500
0 0.467000 0.625250 0.463333 0.625500 0.461000 0.626500 0.456000 0.634750 0.456000 0.643000 0.458000 0.646500 0.460000 0.647500 0.463333 0.647500 0.466667 0.645500 0.471333 0.638500 0.471333 0.629500 0.470333 0.627000
0 0.385000 0.660750 0.381000 0.660500 0.377333 0.662250 0.374333 0.666000 0.372333 0.673500 0.373000 0.679250 0.376667 0.683250 0.379667 0.684000 0.382000 0.684000 0.386000 0.682500 0.388333 0.680250 0.390000 0.677000 0.390667 0.673750 0.390000 0.665250 0.388333 0.662750
0 0.431333 0.637750 0.429667 0.635000 0.427333 0.633750 0.420333 0.632250 0.414000 0.632250 0.407667 0.633000 0.399667 0.636500 0.398333 0.639500 0.399000 0.642000 0.401000 0.643750 0.408333 0.645500 0.417000 0.645500 0.423667 0.644500 0.427667 0.643250 0.430667 0.639750
0 0.435333 0.618500 0.431333 0.617000 0.426333 0.617000 0.420333 0.618000 0.416333 0.620750 0.415333 0.622250 0.415333 0.624000 0.417667 0.626250 0.421000 0.628000 0.424333 0.628500 0.429667 0.628000 0.434667 0.625750 0.436000 0.624000 0.436333 0.621750
0 0.510000 0.581000 0.505667 0.581250 0.502333 0.583750 0.500667 0.587250 0.499333 0.595250 0.499333 0.603750 0.501333 0.608000 0.503333 0.608750 0.506333 0.608750 0.509333 0.607000 0.513333 0.602500 0.514333 0.600250 0.514333 0.585750 0.513333 0.583250
0 0.357000 0.619500 0.352667 0.620000 0.349333 0.623250 0.347667 0.626000 0.346667 0.635500 0.348333 0.639250 0.350000 0.640000 0.354333 0.640250 0.357333 0.639250 0.360000 0.635250 0.361333 0.630750 0.361667 0.626250 0.359667 0.621750
0 0.377333 0.595250 0.373667 0.596250 0.372333 0.597250 0.370667 0.600250 0.370000 0.604750 0.371000 0.610750 0.373000 0.614500 0.376000 0.617000 0.379333 0.617250 0.382667 0.615750 0.385667 0.611750 0.386667 0.604000 0.385000 0.599500 0.382667 0.596750 0.380667 0.595500
0 0.366667 0.575250 0.366667 0.577000 0.368333 0.580000 0.373333 0.583750 0.376667 0.585250 0.383333 0.586500 0.392667 0.586750 0.396000 0.585500 0.397000 0.584500 0.397000 0.579500 0.387333 0.574000 0.381667 0.572500 0.372000 0.572250 0.368667 0.573250
0 0.420667 0.570500 0.416667 0.571000 0.415000 0.572000 0.412000 0.576250 0.411000 0.579000 0.411667 0.589500 0.412667 0.591750 0.415000 0.593000 0.418333 0.593000 0.421667 0.592000 0.425000 0.587500 0.425667 0.584000 0.425000 0.575750 0.423333 0.572250
0 0.442333 0.563500 0.439667 0.564000 0.438333 0.565000 0.434667 0.570000 0.434000 0.573250 0.435333 0.579000 0.438000 0.583500 0.440000 0.584750 0.444000 0.585000 0.447667 0.583000 0.450000 0.580000 0.451000 0.571500 0.448000 0.565750 0.445333 0.564000
0 0.449667 0.544250 0.445000 0.543750 0.439667 0.545000 0.434000 0.549000 0.431333 0.552000 0.429000 0.556750 0.428333 0.560000 0.429000 0.563500 0.431000 0.565500 0.435000 0.565500 0.441667 0.562750 0.444000 0.561000 0.451000 0.551000 0.451667 0.548500 0.451000 0.545250
0 0.468333 0.507250 0.465667 0.507250 0.461667 0.509000 0.456667 0.516750 0.456000 0.520500 0.456333 0.525000 0.458333 0.528750 0.460333 0.529750 0.463667 0.529750 0.467333 0.527500 0.472333 0.517750 0.473000 0.515000 0.472667 0.510250 0.471000 0.508000
0 0.510000 0.525500 0.506333 0.525750 0.505000 0.526750 0.502000 0.530500 0.500333 0.535250 0.500000 0.541500 0.502333 0.546750 0.505333 0.549000 0.508000 0.548500 0.511000 0.546750 0.514333 0.541500 0.515333 0.534000 0.515000 0.530250 0.514000 0.528000
0 0.565667 0.540000 0.563000 0.541500 0.562000 0.544500 0.564000 0.553250 0.566667 0.557000 0.571333 0.561500 0.575000 0.562500 0.579333 0.562000 0.582000 0.560500 0.583333 0.557250 0.583000 0.553750 0.581333 0.548750 0.576333 0.542500 0.574333 0.541000 0.570000 0.539750
0 0.551333 0.514000 0.548667 0.514750 0.545333 0.518500 0.544667 0.523000 0.545667 0.529500 0.548667 0.538750 0.552667 0.542250 0.557333 0.543500 0.561333 0.541500 0.563667 0.537500 0.564333 0.535000 0.564000 0.528750 0.560333 0.518000 0.556667 0.515000 0.553667 0.514000
0 0.475000 0.485000 0.473333 0.486500 0.472667 0.491750 0.473667 0.495000 0.477000 0.500750 0.480000 0.503250 0.486667 0.506250 0.490667 0.506000 0.493333 0.502250 0.493333 0.498000 0.491000 0.491750 0.487000 0.487250 0.484000 0.485000 0.480000 0.484250
0 0.508667 0.470500 0.502000 0.470250 0.500000 0.471000 0.497333 0.473250 0.494333 0.478000 0.494000 0.482250 0.496333 0.488250 0.498333 0.490750 0.501000 0.491750 0.505333 0.491250 0.507333 0.490000 0.510667 0.486500 0.513667 0.479750 0.513333 0.473750 0.511000 0.471250
0 0.459333 0.440750 0.455000 0.442750 0.453667 0.445750 0.453333 0.453000 0.454000 0.458500 0.456000 0.462500 0.459000 0.465750 0.462333 0.467500 0.465000 0.467500 0.468000 0.466250 0.469667 0.463750 0.471333 0.459500 0.471333 0.455000 0.469000 0.446750 0.467000 0.443000 0.463333 0.441000
0 0.578667 0.426250 0.576333 0.426750 0.571333 0.431000 0.570333 0.434750 0.570333 0.440750 0.571667 0.446000 0.574333 0.450500 0.576667 0.452500 0.581333 0.453250 0.584000 0.452750 0.586333 0.450500 0.588667 0.444000 0.588667 0.439500 0.586333 0.431750 0.584667 0.429000 0.581000 0.426500
0 0.497000 0.414000 0.496333 0.416750 0.498000 0.420250 0.502000 0.424500 0.506667 0.427500 0.510667 0.429250 0.516000 0.430250 0.519333 0.430000 0.522333 0.428500 0.523000 0.423000 0.518667 0.418250 0.514333 0.414750 0.508667 0.412750 0.503000 0.412000 0.498667 0.412750
0 0.482667 0.401500 0.479667 0.403000 0.478000 0.405000 0.477000 0.409000 0.477000 0.417000 0.477667 0.419750 0.478667 0.420750 0.481667 0.421750 0.484000 0.421750 0.487000 0.421000 0.488333 0.420000 0.490000 0.416500 0.490333 0.407000 0.489667 0.404750 0.487000 0.402000
0 0.418667 0.383500 0.416333 0.388000 0.416667 0.389250 0.421667 0.394000 0.431000 0.400250 0.437333 0.402750 0.441000 0.403500 0.447333 0.403250 0.450333 0.401500 0.450667 0.398500 0.448333 0.393000 0.436333 0.384500 0.432000 0.382750 0.427000 0.381750 0.422667 0.381750
0 0.412667 0.364500 0.411333 0.364750 0.408333 0.366750 0.406333 0.371250 0.406333 0.385750 0.407667 0.388750 0.411000 0.390000 0.413667 0.389750 0.416000 0.388000 0.419667 0.381750 0.421000 0.376750 0.420667 0.372500 0.419333 0.368500 0.415667 0.365250
0 0.404667 0.395500 0.400667 0.400000 0.400667 0.406250 0.403000 0.412000 0.406667 0.416750 0.408667 0.418000 0.412000 0.418000 0.415667 0.416250 0.417333 0.414250 0.418333 0.411000 0.418333 0.407250 0.415667 0.400750 0.412333 0.397500 0.408667 0.395500
