0 0.364500 0.492667 0.361750 0.495667 0.360250 0.499667 0.359750 0.507333 0.360250 0.514000 0.361750 0.519333 0.364000 0.523333 0.366000 0.525667 0.369750 0.526667 0.371750 0.525000 0.373750 0.521333 0.374250 0.517333 0.373750 0.504667 0.372750 0.501000 0.368000 0.494333 0.366000 0.492667
0 0.480750 0.478667 0.479500 0.477000 0.475250 0.474667 0.469750 0.474333 0.460500 0.478333 0.455750 0.483333 0.455000 0.485333 0.455000 0.487333 0.456500 0.491000 0.460000 0.493000 0.467000 0.493000 0.473750 0.491333 0.475500 0.490333 0.479750 0.485667 0.481000 0.483000
0 0.399500 0.505000 0.399750 0.508667 0.400750 0.511000 0.404000 0.514333 0.406750 0.515333 0.411750 0.515333 0.416000 0.513333 0.419250 0.510667 0.420750 0.507000 0.420500 0.502333 0.419500 0.500333 0.416750 0.498333 0.412750 0.497333 0.407750 0.497667 0.401500 0.501000 0.400250 0.502333
0 0.358750 0.481667 0.357250 0.478333 0.353750 0.476667 0.346500 0.476333 0.342000 0.477000 0.337750 0.479000 0.335250 0.482000 0.334000 0.485333 0.334000 0.488000 0.335500 0.493000 0.337750 0.495667 0.342250 0.497000 0.349000 0.496333 0.355500 0.492000 0.358250 0.489000 0.359000 0.486333
0 0.307000 0.483333 0.307000 0.488333 0.310750 0.494333 0.317000 0.496333 0.322750 0.496000 0.326500 0.494333 0.329000 0.490667 0.330000 0.487000 0.329000 0.482667 0.325750 0.479000 0.323000 0.478000 0.313500 0.478333 0.310000 0.480000
0 0.291250 0.479000 0.288750 0.481667 0.287000 0.486333 0.286750 0.495000 0.288250 0.501000 0.290250 0.505333 0.291750 0.506667 0.295500 0.507333 0.299750 0.502667 0.301000 0.497667 0.301000 0.494333 0.299750 0.486667 0.296500 0.480667 0.295000 0.479000
0 0.311000 0.552667 0.309500 0.550333 0.306750 0.548333 0.298000 0.548000 0.293250 0.549000 0.289250 0.551000 0.284250 0.555667 0.283250 0.558000 0.283000 0.561333 0.284750 0.565000 0.291250 0.568333 0.294500 0.568333 0.302250 0.566333 0.307750 0.563000 0.310250 0.560000 0.311250 0.556667
0 0.333500 0.539333 0.330750 0.538333 0.326250 0.539000 0.322500 0.541667 0.318000 0.549000 0.315250 0.556667 0.315250 0.562000 0.316500 0.565667 0.317750 0.566667 0.320500 0.566667 0.324750 0.565333 0.326250 0.564333 0.330000 0.559667 0.334750 0.546000 0.334500 0.541000
0 0.435750 0.538000 0.433250 0.536667 0.429500 0.536667 0.424250 0.538333 0.419000 0.542000 0.414500 0.548333 0.414250 0.554667 0.414750 0.557000 0.416750 0.559000 0.421000 0.559667 0.424750 0.558667 0.428250 0.556333 0.432250 0.552333 0.435500 0.547333 0.436750 0.541667
0 0.400750 0.591333 0.398500 0.588000 0.397000 0.587000 0.390000 0.585667 0.384750 0.586000 0.379750 0.588333 0.376500 0.592000 0.375250 0.595333 0.375250 0.599333 0.377500 0.603000 0.381500 0.606000 0.384000 0.606667 0.391500 0.606000 0.395750 0.603667 0.399750 0.599333 0.401250 0.595667
0 0.330750 0.636667 0.328750 0.634333 0.324500 0.633000 0.320250 0.633000 0.314500 0.634667 0.312000 0.637333 0.309750 0.642000 0.310000 0.647000 0.311000 0.649000 0.314000 0.651667 0.319750 0.652333 0.324250 0.651000 0.328750 0.647333 0.331250 0.643000 0.331250 0.638000
0 0.460000 0.559667 0.458500 0.558000 0.456250 0.557000 0.454000 0.557000 0.447750 0.560000 0.442750 0.564000 0.439750 0.567667 0.438750 0.570333 0.438500 0.573667 0.439250 0.577000 0.442500 0.579333 0.448250 0.579000 0.452000 0.577667 0.455500 0.574000 0.459500 0.568333 0.460750 0.564333
0 0.438500 0.588333 0.438250 0.593667 0.439000 0.597333 0.441000 0.600000 0.444250 0.601667 0.447500 0.602333 0.458750 0.602000 0.462250 0.599667 0.465500 0.595667 0.465500 0.591667 0.463000 0.587333 0.458250 0.584667 0.450250 0.584000 0.443250 0.585000 0.439750 0.586333
0 0.499750 0.525667 0.501250 0.529000 0.504500 0.531333 0.508500 0.532333 0.514750 0.532333 0.521750 0.529667 0.523500 0.526667 0.523750 0.521667 0.522000 0.518000 0.520000 0.517000 0.515500 0.516000 0.508500 0.516000 0.502500 0.518000 0.500500 0.520667
0 0.540500 0.528333 0.536500 0.527667 0.534000 0.529667 0.531750 0.533667 0.531000 0.540667 0.531000 0.549667 0.532000 0.556667 0.533500 0.558667 0.537000 0.558667 0.538250 0.557333 0.542750 0.544333 0.543000 0.532333
0 0.569750 0.517333 0.568000 0.515333 0.564750 0.514667 0.560000 0.514667 0.554250 0.516667 0.551750 0.518667 0.547750 0.523667 0.547000 0.525333 0.547250 0.530000 0.551500 0.532333 0.560250 0.531667 0.565000 0.528667 0.568250 0.524333 0.569500 0.521333
0 0.569750 0.498333 0.569750 0.502333 0.572000 0.506667 0.576750 0.510000 0.580500 0.511333 0.586500 0.511000 0.591250 0.508333 0.592750 0.506333 0.593750 0.498667 0.591750 0.493667 0.586250 0.491667 0.576250 0.492000 0.572000 0.494333
0 0.543500 0.550667 0.543500 0.553667 0.544750 0.556333 0.548000 0.557667 0.554250 0.558000 0.557000 0.557333 0.561250 0.555000 0.562500 0.553333 0.563500 0.549000 0.562250 0.545667 0.559750 0.543000 0.556250 0.542000 0.551750 0.542000 0.548500 0.542667 0.546500 0.544000 0.544500 0.547000
0 0.497750 0.591333 0.494750 0.592667 0.492500 0.595333 0.489000 0.607333 0.488750 0.614333 0.489500 0.619333 0.490750 0.622333 0.493000 0.623667 0.494750 0.623667 0.498500 0.620333 0.502250 0.607000 0.502250 0.600000 0.501500 0.596000 0.499500 0.592333
0 0.527250 0.594333 0.525250 0.591000 0.521250 0.589333 0.516500 0.589000 0.509500 0.590667 0.506750 0.593000 0.505250 0.595000 0.505000 0.596667 0.505500 0.599333 0.508500 0.602000 0.513000 0.603333 0.516750 0.603333 0.521500 0.602333 0.524500 0.600333 0.527250 0.596667
0 0.525500 0.618000 0.525750 0.621000 0.527750 0.624333 0.532500 0.626667 0.536750 0.627000 0.544500 0.625333 0.546750 0.623667 0.548250 0.620000 0.548250 0.617000 0.547500 0.614333 0.545000 0.611000 0.542000 0.610000 0.534500 0.610000 0.530500 0.611000 0.526750 0.614667
0 0.534750 0.676667 0.535000 0.678667 0.538000 0.682333 0.540750 0.683667 0.546750 0.683667 0.549750 0.682667 0.552500 0.680667 0.554500 0.677333 0.554750 0.673000 0.553250 0.670667 0.550250 0.669333 0.541750 0.669333 0.536500 0.672333 0.535250 0.674000
0 0.644750 0.584000 0.642750 0.580333 0.639250 0.579000 0.627750 0.579667 0.625750 0.580667 0.620500 0.587333 0.620000 0.592000 0.622500 0.596000 0.624750 0.597333 0.628250 0.598333 0.634500 0.597667 0.638500 0.596000 0.643250 0.592333 0.645250 0.588333
0 0.388750 0.454000 0.388500 0.459333 0.390500 0.463333 0.393000 0.467000 0.400500 0.474000 0.403500 0.475333 0.409000 0.475333 0.411500 0.473667 0.412500 0.472000 0.412750 0.469000 0.411500 0.463333 0.409000 0.459000 0.405250 0.454667 0.397500 0.450667 0.394000 0.449667 0.391250 0.450333
0 0.419750 0.433333 0.418250 0.436000 0.418000 0.443333 0.419250 0.448000 0.421500 0.453000 0.423250 0.455667 0.428500 0.459667 0.430750 0.460667 0.435000 0.460000 0.437000 0.456000 0.437250 0.450333 0.436000 0.444333 0.434000 0.440000 0.428000 0.434000 0.424750 0.433000
