0 0.354000 0.499750 0.348333 0.499500 0.345000 0.500750 0.337667 0.509750 0.337000 0.512250 0.337333 0.516000 0.339667 0.518500 0.343000 0.520500 0.346333 0.520750 0.350333 0.519500 0.355667 0.515500 0.357000 0.513750 0.358000 0.510750 0.358000 0.504250 0.357000 0.501500
0 0.298000 0.514000 0.294333 0.514500 0.291333 0.516250 0.290000 0.519250 0.289333 0.526000 0.290333 0.531250 0.292000 0.533750 0.295000 0.536500 0.299000 0.537500 0.303667 0.534750 0.305000 0.532750 0.306333 0.529250 0.306667 0.524000 0.304000 0.516500 0.302000 0.515000
0 0.236667 0.527250 0.231667 0.527250 0.228333 0.528000 0.227000 0.529000 0.223667 0.534000 0.222333 0.539250 0.223000 0.545250 0.226000 0.549250 0.228333 0.551000 0.233000 0.551250 0.236000 0.550000 0.240000 0.545750 0.241333 0.542750 0.242333 0.534500 0.242000 0.531750 0.240333 0.528500
0 0.322667 0.528250 0.322667 0.530000 0.326333 0.532750 0.330333 0.534500 0.337333 0.535000 0.344667 0.537500 0.350333 0.537250 0.355000 0.533750 0.355000 0.532500 0.352333 0.529500 0.349667 0.528250 0.346000 0.527750 0.340667 0.526000 0.330000 0.524750 0.325667 0.525750
0 0.336333 0.537750 0.334333 0.539500 0.334000 0.542250 0.335000 0.545500 0.337333 0.548750 0.346000 0.555750 0.352000 0.557250 0.356667 0.556250 0.358000 0.554250 0.358333 0.551250 0.358000 0.548500 0.356000 0.545500 0.351000 0.542500 0.349333 0.540250 0.346333 0.539750 0.341667 0.537750
0 0.385333 0.562750 0.383333 0.564000 0.382667 0.566000 0.382667 0.571000 0.384333 0.577000 0.388333 0.581000 0.390333 0.581500 0.394667 0.581250 0.397000 0.580000 0.398667 0.575750 0.398333 0.571000 0.395333 0.564750 0.393333 0.563250 0.389333 0.562250
0 0.520667 0.549750 0.517667 0.550500 0.514000 0.554500 0.513000 0.557500 0.513000 0.561750 0.513667 0.564750 0.516667 0.570250 0.520667 0.572750 0.522333 0.573000 0.526000 0.571750 0.529000 0.569000 0.530000 0.566000 0.530000 0.559500 0.529000 0.555500 0.526333 0.552250 0.523000 0.550250
0 0.295667 0.578000 0.294000 0.577000 0.289000 0.576500 0.283667 0.577500 0.277667 0.579750 0.269000 0.587250 0.268333 0.590250 0.269000 0.592750 0.270667 0.594000 0.274333 0.594250 0.280333 0.593750 0.287333 0.592250 0.292667 0.588500 0.296333 0.584250 0.297000 0.580250
0 0.281333 0.608250 0.280667 0.612000 0.282667 0.614500 0.286667 0.616500 0.295000 0.619250 0.300667 0.620250 0.307667 0.619750 0.310667 0.619000 0.313000 0.616250 0.313333 0.614500 0.311333 0.609750 0.305000 0.607000 0.298000 0.605750 0.290333 0.605250 0.283667 0.606250
0 0.338000 0.612250 0.336000 0.614000 0.334667 0.618250 0.334667 0.623250 0.335667 0.626750 0.338333 0.631000 0.341333 0.632250 0.345667 0.632000 0.349333 0.629750 0.350667 0.627500 0.350333 0.622750 0.349333 0.620000 0.342000 0.612500
0 0.313333 0.627250 0.311000 0.626000 0.305333 0.625500 0.298000 0.626000 0.290333 0.628250 0.284000 0.631750 0.282000 0.633500 0.281000 0.636750 0.281667 0.639500 0.283000 0.640500 0.286333 0.641250 0.292000 0.641250 0.303000 0.640000 0.305000 0.639250 0.311000 0.635250 0.313667 0.630500
0 0.301333 0.644250 0.297333 0.644000 0.293667 0.645250 0.290667 0.647500 0.286333 0.655250 0.285333 0.658500 0.285333 0.666750 0.287000 0.669750 0.290333 0.671500 0.294667 0.671250 0.298667 0.669500 0.302000 0.666750 0.304333 0.662250 0.305667 0.656500 0.305667 0.649250 0.304000 0.645500
0 0.318667 0.671250 0.317333 0.673000 0.317333 0.674500 0.320667 0.679500 0.325000 0.682500 0.329000 0.684250 0.334667 0.684250 0.336333 0.682750 0.336667 0.681000 0.335333 0.677750 0.332333 0.674250 0.325667 0.671500 0.322667 0.671000
0 0.404667 0.681250 0.403667 0.682000 0.402667 0.686000 0.403667 0.689750 0.408000 0.697000 0.413667 0.701750 0.417333 0.702250 0.419667 0.701500 0.421000 0.698500 0.421000 0.693750 0.419667 0.689000 0.412000 0.681500 0.409667 0.680750
0 0.162667 0.663250 0.161000 0.665500 0.161000 0.668750 0.161667 0.671000 0.165667 0.677250 0.169667 0.681250 0.172667 0.683250 0.178667 0.683250 0.181333 0.681500 0.183000 0.678500 0.182667 0.673000 0.178667 0.667250 0.176000 0.665250 0.170000 0.662750 0.165000 0.662500
0 0.340000 0.400250 0.337000 0.398250 0.331000 0.397000 0.322333 0.397500 0.313333 0.400000 0.309333 0.403750 0.309667 0.408250 0.314333 0.412000 0.317667 0.413000 0.324667 0.413750 0.333000 0.413000 0.338333 0.410250 0.340667 0.408000 0.341333 0.403750
0 0.497000 0.517250 0.495000 0.515750 0.489333 0.514000 0.484000 0.513250 0.479000 0.513500 0.470000 0.515250 0.466333 0.518250 0.465000 0.522000 0.467000 0.523750 0.471000 0.525500 0.477000 0.526500 0.486000 0.526500 0.489667 0.525250 0.496333 0.521750
0 0.482667 0.485750 0.477667 0.485750 0.470667 0.493500 0.470000 0.502500 0.472333 0.507250 0.474333 0.508750 0.479000 0.509000 0.482000 0.508250 0.484333 0.505750 0.487667 0.498500 0.487000 0.491750 0.485000 0.487750
0 0.430333 0.470750 0.427667 0.472250 0.426333 0.474750 0.426000 0.481750 0.427000 0.486500 0.430667 0.491500 0.435000 0.494500 0.439333 0.494750 0.443000 0.491500 0.444000 0.488750 0.444000 0.483750 0.443000 0.480000 0.439000 0.474000 0.435667 0.471000
0 0.403333 0.467500 0.400000 0.468500 0.398333 0.470750 0.397667 0.476750 0.398333 0.486250 0.400333 0.489250 0.404667 0.492750 0.407333 0.494000 0.409333 0.494000 0.412667 0.492750 0.414667 0.490250 0.416000 0.487000 0.415333 0.478750 0.412667 0.471000 0.408667 0.468750
0 0.345333 0.477250 0.345333 0.479500 0.349000 0.483250 0.358667 0.485250 0.364000 0.485750 0.373333 0.484750 0.376000 0.483750 0.378000 0.482250 0.379667 0.479000 0.379333 0.474750 0.378333 0.473250 0.375333 0.471750 0.370000 0.470500 0.361333 0.470250 0.353667 0.471750 0.348333 0.474000 0.346333 0.475500
0 0.389000 0.467250 0.385333 0.468750 0.383333 0.471000 0.382333 0.476500 0.382333 0.482500 0.383333 0.486000 0.384667 0.487500 0.387667 0.488500 0.391333 0.488500 0.393333 0.488000 0.395333 0.486500 0.397000 0.483000 0.397333 0.470750 0.396333 0.469000 0.393000 0.467500
0 0.386333 0.454500 0.383667 0.453250 0.380000 0.453000 0.373000 0.454250 0.370000 0.455500 0.366667 0.458750 0.361333 0.462500 0.360667 0.467500 0.364333 0.469000 0.373667 0.468500 0.377333 0.465500 0.380333 0.464250 0.385667 0.459500 0.386667 0.456750
0 0.341667 0.411750 0.338333 0.412750 0.335000 0.415750 0.333000 0.419500 0.333000 0.425000 0.335000 0.431500 0.336667 0.434500 0.338333 0.436000 0.341000 0.437000 0.343333 0.437000 0.347333 0.435750 0.350333 0.433000 0.351667 0.428500 0.352000 0.422500 0.349667 0.415000 0.346333 0.412500
0 0.388333 0.422750 0.385000 0.423000 0.383000 0.424250 0.379333 0.429250 0.378333 0.431750 0.378000 0.438250 0.379333 0.443250 0.380333 0.444750 0.384333 0.447000 0.388000 0.447000 0.390333 0.445500 0.392667 0.442750 0.394000 0.439500 0.394333 0.432000 0.393333 0.427750 0.390667 0.424000
0 0.419000 0.433000 0.415000 0.433000 0.411667 0.435000 0.408000 0.436250 0.406000 0.438250 0.400667 0.446750 0.400667 0.453000 0.403000 0.456500 0.404667 0.457500 0.408667 0.457500 0.411333 0.456250 0.419667 0.447500 0.421667 0.442500 0.422000 0.438000 0.421333 0.435000
0 0.466667 0.429500 0.464667 0.431750 0.464000 0.434750 0.466000 0.443250 0.469667 0.448750 0.472000 0.450750 0.474333 0.451750 0.480333 0.451250 0.482667 0.450000 0.484000 0.447750 0.484000 0.441250 0.483000 0.437500 0.479000 0.432500 0.475667 0.430250 0.470333 0.429000
0 0.482000 0.394750 0.477667 0.396000 0.473667 0.400750 0.472333 0.404750 0.472333 0.409250 0.473333 0.412750 0.474333 0.414250 0.477667 0.416500 0.480000 0.416500 0.483000 0.415250 0.486000 0.411750 0.487333 0.408500 0.487667 0.402750 0.487000 0.399500 0.484000 0.395750
0 0.416667 0.411000 0.412333 0.410750 0.408667 0.412000 0.404000 0.416500 0.401000 0.423000 0.401000 0.426250 0.402667 0.432500 0.404667 0.434250 0.408333 0.434500 0.412333 0.433000 0.416333 0.428750 0.419667 0.423750 0.421000 0.415250 0.420000 0.412750
0 0.381000 0.397500 0.377667 0.399000 0.376333 0.401250 0.376000 0.411250 0.376667 0.415750 0.379333 0.420500 0.381000 0.421750 0.388667 0.422000 0.390333 0.421000 0.391333 0.418500 0.391667 0.411250 0.391000 0.404750 0.389333 0.400750 0.387667 0.399250 0.385333 0.398000
0 0.385333 0.370000 0.383333 0.371250 0.382000 0.373500 0.381333 0.377250 0.382333 0.380500 0.384333 0.383750 0.387667 0.386250 0.392333 0.386500 0.394667 0.385250 0.396000 0.383500 0.397000 0.381000 0.397000 0.376750 0.394000 0.372500 0.392333 0.371250 0.389000 0.369750
0 0.389667 0.339250 0.387333 0.339750 0.384000 0.341750 0.381333 0.346250 0.379000 0.353250 0.379000 0.358250 0.380000 0.361750 0.381333 0.363000 0.383333 0.363500 0.385667 0.363500 0.389333 0.362000 0.393333 0.357250 0.395000 0.352750 0.395667 0.345250 0.394667 0.342000 0.392667 0.340000
0 0.475667 0.295500 0.472333 0.296750 0.470333 0.298750 0.468333 0.306000 0.468333 0.311750 0.469333 0.315750 0.471000 0.318500 0.475000 0.321000 0.479000 0.321250 0.481667 0.320250 0.484000 0.318000 0.486667 0.311000 0.487000 0.306750 0.485000 0.298750 0.483667 0.297000 0.481333 0.295750
0 0.427000 0.309750 0.423667 0.311250 0.421667 0.314750 0.421333 0.324250 0.422333 0.329000 0.424000 0.332250 0.427000 0.334750 0.431000 0.336000 0.435333 0.335750 0.438333 0.334500 0.440667 0.332000 0.441333 0.330500 0.441333 0.322500 0.439333 0.317000 0.436000 0.312000 0.432333 0.310000
0 0.396667 0.300750 0.392000 0.301500 0.388000 0.305000 0.384000 0.310500 0.382667 0.314000 0.383000 0.323000 0.384333 0.325500 0.388333 0.327750 0.392333 0.327750 0.396333 0.326000 0.398333 0.323250 0.402333 0.314500 0.403000 0.311750 0.402667 0.305500 0.401333 0.303500
