0 0.505667 0.360500 0.503000 0.362000 0.501333 0.365000 0.501333 0.373000 0.502667 0.376250 0.506667 0.381500 0.509333 0.383250 0.513333 0.384000 0.517333 0.382250 0.518333 0.381000 0.519000 0.375750 0.517667 0.369500 0.514000 0.363500 0.512000 0.361750 0.510000 0.360750
0 0.584667 0.383750 0.579333 0.384750 0.576000 0.387750 0.574000 0.391250 0.572000 0.398750 0.572000 0.402750 0.573667 0.406250 0.575667 0.408250 0.577333 0.408750 0.581000 0.408750 0.584333 0.407250 0.588333 0.403750 0.590667 0.399750 0.591333 0.391500 0.590333 0.388250 0.588667 0.385500 0.587333 0.384500
0 0.559667 0.379000 0.556000 0.380500 0.552667 0.385750 0.551667 0.389000 0.551667 0.397250 0.552333 0.400000 0.554667 0.404000 0.556667 0.405250 0.561000 0.405750 0.564000 0.405000 0.566000 0.403000 0.567667 0.399500 0.569000 0.391750 0.568000 0.384250 0.564000 0.380000 0.561333 0.379000
0 0.537333 0.413000 0.533333 0.413750 0.529000 0.416250 0.526333 0.422250 0.526000 0.426500 0.527000 0.431000 0.528000 0.432750 0.531333 0.434250 0.534000 0.434250 0.538000 0.432250 0.539667 0.429500 0.541667 0.427750 0.543000 0.424250 0.543333 0.419250 0.542333 0.415750 0.540667 0.414250
0 0.516333 0.409000 0.513667 0.408750 0.509333 0.411000 0.505333 0.416750 0.504667 0.419500 0.505000 0.427250 0.506000 0.429000 0.508667 0.430250 0.511000 0.430250 0.514333 0.429250 0.518333 0.425500 0.520667 0.420000 0.520333 0.412750 0.518333 0.409750
0 0.493000 0.406000 0.490000 0.406750 0.488000 0.408500 0.486333 0.412000 0.486000 0.418000 0.486667 0.420750 0.489667 0.426250 0.492000 0.428500 0.495333 0.429250 0.498667 0.428500 0.500667 0.425750 0.501333 0.423750 0.501333 0.415250 0.498333 0.407750 0.494667 0.406000
0 0.443667 0.390000 0.440667 0.391250 0.439000 0.393000 0.437333 0.400750 0.437667 0.406000 0.438667 0.409500 0.440667 0.412250 0.442667 0.413750 0.447000 0.414000 0.450333 0.412250 0.452333 0.409000 0.453333 0.404250 0.453000 0.397750 0.451333 0.392250 0.448000 0.390250
0 0.431000 0.429000 0.426667 0.429000 0.424000 0.429750 0.420333 0.432250 0.418667 0.435000 0.418667 0.437250 0.419667 0.439500 0.422000 0.441000 0.428000 0.441750 0.431333 0.441000 0.433333 0.439500 0.434333 0.437000 0.434333 0.432500 0.433000 0.430000
0 0.395667 0.413500 0.392667 0.414250 0.390667 0.416500 0.390333 0.423500 0.392000 0.431500 0.395333 0.437000 0.396667 0.438000 0.404667 0.439500 0.408000 0.437250 0.409333 0.434250 0.409667 0.431000 0.408000 0.424500 0.405333 0.419000 0.402667 0.415500 0.399667 0.414000
0 0.397333 0.438250 0.394333 0.439750 0.392667 0.442750 0.392667 0.446750 0.395333 0.452750 0.400000 0.457000 0.403000 0.458000 0.405333 0.458000 0.408000 0.457000 0.409667 0.454750 0.409667 0.446500 0.407667 0.442500 0.404667 0.439000 0.401000 0.438000
0 0.386000 0.444000 0.384333 0.442000 0.380333 0.440000 0.377333 0.439500 0.368000 0.439750 0.361000 0.442250 0.356667 0.445750 0.356000 0.448000 0.357000 0.450750 0.362000 0.453250 0.366667 0.454250 0.373000 0.454250 0.380667 0.452500 0.385333 0.449750 0.386667 0.447750
0 0.510667 0.446000 0.506333 0.443250 0.501667 0.442750 0.498333 0.444250 0.494000 0.445000 0.489333 0.446750 0.485667 0.449250 0.482333 0.454500 0.481667 0.457750 0.482333 0.460000 0.485667 0.461250 0.491667 0.461500 0.497667 0.460750 0.500333 0.459750 0.507000 0.455250 0.510000 0.451750 0.511000 0.449250
0 0.446000 0.461750 0.440667 0.462750 0.438333 0.465000 0.436333 0.470750 0.436333 0.477000 0.437667 0.484000 0.439667 0.488500 0.446000 0.490500 0.448000 0.490500 0.451333 0.488500 0.453333 0.486000 0.455333 0.480000 0.455333 0.476000 0.454333 0.471000 0.452667 0.467250 0.450000 0.463500 0.448000 0.462000
0 0.440000 0.489750 0.438667 0.490750 0.437667 0.493750 0.437667 0.497500 0.439333 0.503750 0.442000 0.507250 0.446333 0.510250 0.448333 0.510500 0.451333 0.509500 0.452667 0.506500 0.452000 0.500250 0.450667 0.496750 0.448333 0.493500 0.443000 0.490000
0 0.418667 0.475000 0.416667 0.477500 0.416667 0.481250 0.419667 0.487250 0.423333 0.491000 0.427333 0.492500 0.432000 0.492000 0.433667 0.490750 0.434667 0.487500 0.434667 0.485500 0.433000 0.481250 0.429667 0.477250 0.427333 0.475500 0.422000 0.474500
0 0.420000 0.501500 0.416333 0.505250 0.415667 0.507750 0.416000 0.512750 0.418667 0.518000 0.421667 0.522000 0.423667 0.523500 0.428333 0.524500 0.432333 0.523500 0.434667 0.521250 0.436000 0.515000 0.435333 0.509500 0.432667 0.505250 0.428333 0.501500 0.424333 0.500750
0 0.403667 0.532250 0.400667 0.533250 0.399000 0.534750 0.395667 0.540000 0.395333 0.544750 0.396000 0.549000 0.398333 0.552750 0.400000 0.554000 0.405000 0.554500 0.408667 0.553250 0.411667 0.549750 0.413333 0.541250 0.412000 0.537500 0.409333 0.534000 0.407333 0.532750
0 0.495667 0.492500 0.492000 0.492500 0.489333 0.493250 0.487667 0.495000 0.485667 0.499250 0.484667 0.508250 0.485000 0.514000 0.486333 0.517000 0.490333 0.519250 0.494000 0.518750 0.497667 0.516750 0.499000 0.514750 0.500333 0.510000 0.500667 0.502500 0.500000 0.497500 0.498667 0.493750
0 0.474333 0.519250 0.470333 0.519000 0.462667 0.525500 0.459000 0.533750 0.459000 0.538250 0.460000 0.541750 0.463000 0.544750 0.467000 0.545000 0.468333 0.544250 0.471333 0.541000 0.475000 0.535000 0.476667 0.528250 0.476667 0.523500 0.476000 0.521000
0 0.452000 0.543750 0.447667 0.544250 0.443333 0.547750 0.441333 0.554250 0.441333 0.560750 0.443333 0.565500 0.447333 0.569000 0.450667 0.569000 0.454667 0.567250 0.458000 0.564250 0.459667 0.561000 0.460000 0.554000 0.458667 0.549000 0.456000 0.546000
0 0.446333 0.571500 0.443000 0.572750 0.440333 0.576000 0.439667 0.578250 0.440000 0.584250 0.441333 0.588500 0.443667 0.592500 0.447667 0.595000 0.452000 0.595500 0.456000 0.593250 0.457000 0.591500 0.457667 0.588750 0.457333 0.581250 0.455667 0.577750 0.452000 0.573500 0.448667 0.571750
0 0.465667 0.578500 0.463667 0.579250 0.461667 0.581500 0.460333 0.588000 0.460667 0.593250 0.463333 0.600000 0.466333 0.601500 0.471333 0.601000 0.475333 0.596500 0.476000 0.591500 0.475667 0.586750 0.472000 0.580500 0.470333 0.579250
0 0.475333 0.610750 0.470333 0.611250 0.466000 0.614750 0.462667 0.619250 0.462000 0.624250 0.463000 0.628500 0.464333 0.630500 0.467000 0.632000 0.470667 0.632000 0.473667 0.630750 0.476333 0.628250 0.479333 0.623250 0.480000 0.620500 0.479667 0.615250 0.478000 0.612500
0 0.508000 0.581750 0.504667 0.584250 0.504333 0.590500 0.505000 0.592750 0.509333 0.600000 0.514667 0.604000 0.517000 0.605000 0.519000 0.605000 0.522000 0.603750 0.524000 0.599250 0.524000 0.594750 0.522667 0.590250 0.521000 0.587750 0.513667 0.582500 0.510667 0.581500
0 0.480667 0.540500 0.478000 0.542250 0.477000 0.544500 0.477000 0.548250 0.478667 0.553250 0.486333 0.561250 0.490000 0.562500 0.498000 0.563000 0.500000 0.560750 0.500000 0.552750 0.497667 0.547750 0.490000 0.541750 0.483000 0.540000
0 0.540667 0.531750 0.535667 0.531750 0.533000 0.532500 0.528000 0.540250 0.527333 0.544250 0.527667 0.549750 0.529000 0.552750 0.532667 0.554750 0.537000 0.554500 0.543000 0.548500 0.544000 0.546750 0.545000 0.537250 0.543333 0.533250
0 0.541333 0.554250 0.541000 0.556750 0.541667 0.557750 0.546000 0.561250 0.549333 0.563000 0.556000 0.564500 0.560333 0.564500 0.565333 0.561500 0.565667 0.559250 0.565000 0.556750 0.560333 0.553250 0.552667 0.550750 0.548000 0.550500 0.544667 0.551500
0 0.601000 0.491000 0.598000 0.492000 0.595667 0.493750 0.594333 0.497750 0.594333 0.503000 0.595000 0.506750 0.597667 0.510750 0.599667 0.512250 0.603667 0.512500 0.607667 0.510250 0.609667 0.505250 0.609333 0.498000 0.608333 0.493500 0.607333 0.492250 0.604333 0.491000
0 0.622000 0.511500 0.619000 0.512500 0.617333 0.514250 0.615667 0.518000 0.614667 0.526000 0.616000 0.530250 0.618000 0.533250 0.622000 0.535250 0.624000 0.535250 0.627000 0.534000 0.631333 0.530000 0.632667 0.525500 0.632667 0.520500 0.632000 0.517000 0.630000 0.514250 0.626333 0.512000
0 0.398667 0.653500 0.396667 0.657000 0.397667 0.661750 0.400000 0.663750 0.404333 0.666000 0.415667 0.669250 0.424000 0.668750 0.428000 0.667000 0.429667 0.665500 0.430333 0.661250 0.428667 0.657750 0.420667 0.653500 0.409667 0.651000 0.404333 0.651000
0 0.322333 0.669000 0.318333 0.669500 0.314000 0.672750 0.310000 0.680500 0.310000 0.686500 0.313333 0.691000 0.317000 0.692750 0.319333 0.692500 0.323000 0.689500 0.325667 0.686250 0.326667 0.683500 0.327333 0.673250 0.326000 0.670750
0 0.528667 0.369250 0.525000 0.371250 0.524000 0.373000 0.523333 0.375750 0.523333 0.384750 0.525000 0.389750 0.529000 0.394000 0.532000 0.396250 0.534000 0.396500 0.536667 0.395250 0.538667 0.393000 0.540667 0.388250 0.540667 0.381500 0.539000 0.376250 0.536667 0.373000 0.532667 0.370000
0 0.561000 0.279250 0.558333 0.279750 0.554000 0.282750 0.550333 0.290250 0.550667 0.298500 0.552000 0.300750 0.556000 0.303000 0.559333 0.302750 0.561333 0.301750 0.564667 0.294750 0.565333 0.290500 0.565000 0.283250
0 0.490000 0.318750 0.485667 0.321250 0.484667 0.323500 0.483667 0.329000 0.483667 0.339000 0.485333 0.343500 0.488000 0.345250 0.491333 0.346000 0.494667 0.345500 0.498000 0.342500 0.500333 0.334250 0.500333 0.329000 0.497667 0.322250 0.493667 0.319500
