0 0.427333 0.311750 0.423667 0.313000 0.422000 0.314750 0.419333 0.321500 0.419000 0.327500 0.421333 0.334750 0.424333 0.336750 0.428333 0.337250 0.432667 0.334500 0.434667 0.330750 0.435333 0.321500 0.434000 0.315000 0.433000 0.313500 0.430667 0.312250
0 0.515333 0.376250 0.511000 0.377250 0.508667 0.379500 0.506333 0.388500 0.506667 0.393000 0.508000 0.397000 0.510000 0.399500 0.513667 0.402250 0.518667 0.403000 0.521333 0.402250 0.522667 0.401250 0.526000 0.396500 0.527000 0.393250 0.527000 0.386250 0.526000 0.382750 0.522333 0.378000 0.519667 0.376750
0 0.376333 0.377250 0.373333 0.380000 0.372000 0.383750 0.372000 0.389250 0.373333 0.393250 0.376000 0.398000 0.380667 0.402000 0.385000 0.403750 0.388667 0.403500 0.391333 0.401250 0.392667 0.397000 0.392333 0.392000 0.389667 0.383500 0.386000 0.379750 0.382000 0.377500
0 0.492000 0.406500 0.489000 0.407250 0.486667 0.409000 0.484667 0.415250 0.484667 0.418750 0.485667 0.425000 0.487000 0.428250 0.490667 0.431750 0.494667 0.432750 0.497667 0.432000 0.500333 0.428500 0.501333 0.421000 0.501000 0.414750 0.499000 0.408000 0.495333 0.406500
0 0.471000 0.423750 0.468333 0.427000 0.467333 0.430250 0.467333 0.434750 0.469667 0.441250 0.472333 0.444250 0.474667 0.445250 0.478333 0.445250 0.481000 0.444000 0.482000 0.442000 0.482667 0.436500 0.482000 0.431000 0.479667 0.427000 0.476000 0.424000 0.474667 0.423500
0 0.462333 0.449500 0.460333 0.451750 0.460000 0.456750 0.462667 0.464250 0.466000 0.468000 0.470333 0.471250 0.474333 0.472250 0.479333 0.472000 0.481333 0.470500 0.482000 0.468000 0.481667 0.463000 0.480333 0.460500 0.475667 0.454500 0.467333 0.449250
0 0.384333 0.452250 0.380333 0.454000 0.379333 0.455500 0.378000 0.460250 0.378333 0.467250 0.380000 0.471500 0.382667 0.474250 0.385000 0.475500 0.389000 0.475500 0.393000 0.472500 0.394333 0.470500 0.395333 0.466500 0.394667 0.459250 0.393333 0.455250 0.391333 0.453500 0.388667 0.452250
0 0.353000 0.436750 0.352333 0.438500 0.353000 0.442250 0.354333 0.443500 0.357667 0.445000 0.370333 0.448750 0.377667 0.448500 0.380333 0.447750 0.381333 0.446750 0.381000 0.442750 0.372000 0.437000 0.362667 0.434750 0.356667 0.434750 0.354000 0.435750
0 0.431333 0.487750 0.427667 0.487750 0.424000 0.489750 0.421667 0.493250 0.420667 0.496750 0.420667 0.506500 0.421333 0.509500 0.423333 0.513000 0.426333 0.514250 0.429333 0.514250 0.432000 0.513250 0.434667 0.511250 0.437667 0.505500 0.438000 0.497750 0.437000 0.492500 0.434667 0.489500
0 0.444333 0.485000 0.441667 0.486250 0.440000 0.489500 0.439667 0.494750 0.441667 0.501750 0.443000 0.504000 0.446333 0.506500 0.448667 0.506500 0.451333 0.505250 0.453000 0.502250 0.453667 0.493000 0.451000 0.487000 0.447667 0.485000
0 0.454667 0.516750 0.450333 0.516750 0.447667 0.518250 0.443667 0.524500 0.442333 0.528500 0.442333 0.533500 0.443667 0.537000 0.446333 0.541000 0.447667 0.542000 0.450333 0.542750 0.454333 0.541750 0.458667 0.538250 0.460667 0.532750 0.461000 0.524750 0.460333 0.521250 0.458667 0.518500
0 0.499333 0.575500 0.499333 0.580250 0.501333 0.582750 0.504000 0.584500 0.516333 0.588750 0.522333 0.589500 0.529667 0.589250 0.531333 0.588000 0.533333 0.584750 0.532333 0.580500 0.530333 0.579000 0.521667 0.575500 0.510667 0.573250 0.502667 0.573500
0 0.536667 0.581500 0.532000 0.588500 0.531333 0.593500 0.532667 0.597500 0.535333 0.599000 0.537667 0.599250 0.541000 0.597250 0.542333 0.595500 0.543333 0.592750 0.543333 0.588250 0.540667 0.583250 0.537667 0.581500
0 0.533667 0.604500 0.531667 0.606750 0.531667 0.612250 0.534000 0.617750 0.544333 0.625250 0.549000 0.624750 0.551000 0.622750 0.551667 0.620500 0.551667 0.618000 0.549000 0.611750 0.544000 0.606250 0.537000 0.603500
0 0.533667 0.620750 0.531333 0.623000 0.530667 0.627500 0.532000 0.631500 0.536333 0.639000 0.540333 0.643250 0.544333 0.645000 0.549000 0.645500 0.552333 0.642750 0.552333 0.637750 0.550000 0.632000 0.546000 0.626000 0.544000 0.624500 0.539333 0.622750 0.537000 0.620750
0 0.467000 0.569500 0.463000 0.572000 0.461667 0.574500 0.461000 0.577750 0.461333 0.584500 0.463333 0.589000 0.465667 0.591750 0.468000 0.592750 0.472000 0.592750 0.475333 0.591250 0.476333 0.589250 0.477667 0.582750 0.477667 0.577250 0.474667 0.571500 0.470333 0.569750
0 0.433667 0.591250 0.434333 0.594000 0.436000 0.595750 0.438667 0.597000 0.447000 0.598500 0.453667 0.598500 0.459000 0.597250 0.461333 0.595750 0.463000 0.592500 0.461667 0.588000 0.460333 0.586750 0.454667 0.585500 0.449333 0.585250 0.442333 0.585500 0.438333 0.586500 0.435333 0.588500
0 0.400000 0.576500 0.398667 0.578750 0.399000 0.584500 0.400333 0.587500 0.403333 0.591250 0.407667 0.594500 0.411000 0.595750 0.416667 0.595750 0.418333 0.593000 0.418000 0.588250 0.416667 0.586000 0.414000 0.583750 0.411667 0.580500 0.404333 0.576500
0 0.380000 0.558500 0.377333 0.559750 0.376667 0.561750 0.377000 0.568250 0.378667 0.572500 0.381000 0.576250 0.384333 0.579000 0.388333 0.580500 0.390667 0.580250 0.393000 0.579250 0.395000 0.576000 0.395333 0.572000 0.393333 0.566750 0.388000 0.560500 0.385333 0.559250
0 0.269667 0.579000 0.266333 0.580500 0.264000 0.583750 0.262667 0.588250 0.263000 0.593750 0.264000 0.597000 0.266333 0.600250 0.268000 0.601000 0.272333 0.601500 0.276333 0.600250 0.279000 0.596750 0.280333 0.588000 0.279000 0.583250 0.276333 0.580250 0.273000 0.579000
0 0.312667 0.626750 0.312667 0.630500 0.313333 0.631750 0.322667 0.637000 0.329667 0.638750 0.332667 0.638750 0.337667 0.637000 0.340000 0.635000 0.340000 0.630750 0.334333 0.626250 0.327333 0.624750 0.318333 0.624750 0.314667 0.625500
0 0.344667 0.678000 0.341667 0.678500 0.338000 0.682000 0.337000 0.686000 0.338000 0.692750 0.341333 0.697000 0.345000 0.699000 0.347333 0.699000 0.350000 0.698250 0.353333 0.692750 0.354333 0.688250 0.353667 0.684750 0.350667 0.680500 0.349000 0.679250
0 0.345667 0.651750 0.341667 0.653500 0.338667 0.658500 0.338000 0.663250 0.340667 0.670500 0.344000 0.674750 0.345333 0.675500 0.349667 0.675500 0.351000 0.674500 0.354333 0.669000 0.355667 0.662750 0.355667 0.657750 0.354333 0.654750 0.349333 0.651750
0 0.459000 0.645250 0.455667 0.645500 0.453333 0.647000 0.450333 0.650000 0.449000 0.654000 0.449333 0.662000 0.451333 0.664000 0.455667 0.664500 0.457333 0.663750 0.459333 0.662000 0.460667 0.659250 0.461667 0.655250 0.461667 0.649500 0.461000 0.647500
0 0.475333 0.652500 0.470667 0.653250 0.466333 0.658500 0.465333 0.663000 0.465333 0.667250 0.467000 0.670500 0.470333 0.673000 0.474333 0.672500 0.476333 0.671250 0.479000 0.667500 0.480667 0.663000 0.480333 0.656750 0.479000 0.654500
0 0.493000 0.640750 0.489333 0.642000 0.487000 0.646000 0.486000 0.649250 0.486333 0.655250 0.489667 0.663250 0.494000 0.665750 0.497667 0.665750 0.501667 0.662500 0.503000 0.658750 0.502667 0.651250 0.498667 0.642500 0.496333 0.641250
0 0.499000 0.696500 0.496333 0.696750 0.493667 0.698000 0.487667 0.705250 0.485333 0.712500 0.485667 0.717750 0.487000 0.720500 0.490000 0.723000 0.493333 0.724250 0.495000 0.724250 0.497667 0.723250 0.501000 0.720750 0.504000 0.717000 0.505333 0.712750 0.505667 0.704500 0.502667 0.698000
0 0.568000 0.707500 0.563667 0.708750 0.560333 0.712000 0.557667 0.717000 0.557667 0.722750 0.559333 0.728750 0.561333 0.731750 0.564000 0.733500 0.568333 0.733250 0.571000 0.731500 0.574000 0.727500 0.575333 0.723250 0.575333 0.716000 0.574667 0.713250 0.573000 0.711000
0 0.447667 0.701750 0.444333 0.703250 0.442667 0.705250 0.442000 0.707750 0.442667 0.715750 0.447333 0.724000 0.451000 0.726250 0.454333 0.727500 0.456000 0.727500 0.458667 0.726750 0.460667 0.724250 0.461333 0.719500 0.460333 0.711750 0.456000 0.704750 0.450667 0.702000
0 0.420333 0.744250 0.420333 0.748000 0.423000 0.751500 0.426000 0.753250 0.432333 0.754750 0.442000 0.754750 0.450667 0.753750 0.454333 0.752500 0.456000 0.751250 0.457000 0.749250 0.457000 0.746500 0.456000 0.744250 0.450667 0.740750 0.444000 0.739000 0.432333 0.738750 0.429000 0.739250 0.424000 0.741000
0 0.427333 0.768000 0.424333 0.770750 0.425333 0.776000 0.427333 0.779000 0.432000 0.784250 0.437667 0.788250 0.439667 0.789000 0.444000 0.789000 0.446667 0.787000 0.447667 0.783250 0.443333 0.775500 0.438333 0.772250 0.435000 0.769000 0.432000 0.768000
