0 0.528333 0.492500 0.525333 0.494000 0.523667 0.498000 0.523333 0.502750 0.524333 0.509500 0.529667 0.518250 0.532667 0.519750 0.534667 0.519750 0.538000 0.518500 0.539333 0.515250 0.540000 0.510750 0.539333 0.500500 0.538000 0.497000 0.535333 0.494500 0.530667 0.492500
0 0.515333 0.365250 0.513333 0.365250 0.509667 0.367500 0.507000 0.373250 0.507000 0.385500 0.508667 0.388750 0.510000 0.389750 0.511667 0.390000 0.514333 0.389750 0.516333 0.387500 0.519333 0.381750 0.521000 0.373000 0.520000 0.368750 0.518000 0.366250
0 0.514000 0.392000 0.509333 0.392500 0.501333 0.399250 0.500333 0.403500 0.500333 0.410750 0.501000 0.413250 0.502667 0.414750 0.506333 0.415250 0.511333 0.412750 0.514333 0.409000 0.517333 0.401250 0.517333 0.395750 0.516000 0.393500
0 0.509000 0.418000 0.506000 0.419750 0.503667 0.423250 0.503333 0.428000 0.504000 0.433000 0.505667 0.436500 0.510000 0.440750 0.513000 0.442000 0.517000 0.441500 0.518333 0.440500 0.519000 0.438750 0.519333 0.432000 0.517333 0.424000 0.514333 0.419250 0.512667 0.418250
0 0.514000 0.446000 0.511000 0.446000 0.508667 0.447000 0.505333 0.450500 0.502333 0.455750 0.500667 0.462500 0.501000 0.467500 0.502333 0.470250 0.505000 0.471750 0.509667 0.471000 0.514333 0.468250 0.515667 0.466500 0.518333 0.459500 0.518333 0.450500 0.517333 0.448000
0 0.491000 0.470000 0.487000 0.471000 0.482333 0.477750 0.481000 0.482500 0.481000 0.492000 0.482667 0.494750 0.486667 0.496750 0.490000 0.496000 0.491000 0.495250 0.495000 0.489000 0.497000 0.482750 0.497333 0.478750 0.496000 0.473500 0.493667 0.470750
0 0.443000 0.470500 0.439667 0.470500 0.437667 0.471750 0.435333 0.474750 0.433667 0.478750 0.434333 0.486250 0.436000 0.491000 0.438667 0.493750 0.442667 0.493250 0.444667 0.492000 0.447000 0.489500 0.449000 0.485750 0.449000 0.477500 0.446667 0.473250
0 0.421333 0.479750 0.419333 0.479750 0.416333 0.482000 0.414333 0.486500 0.413667 0.493250 0.414000 0.498750 0.416333 0.500750 0.419667 0.500750 0.424333 0.498750 0.426333 0.494500 0.426667 0.485250 0.426000 0.483000 0.423667 0.480500
0 0.393000 0.426500 0.391333 0.427250 0.388667 0.431250 0.388667 0.440000 0.392000 0.447750 0.396333 0.450750 0.401000 0.451250 0.404333 0.449500 0.405333 0.447750 0.405667 0.439500 0.405000 0.435750 0.402000 0.430250 0.397667 0.427000
0 0.409667 0.504500 0.406333 0.504000 0.402000 0.505000 0.392667 0.510250 0.387667 0.516000 0.385667 0.520000 0.385667 0.522250 0.388000 0.525500 0.392000 0.526750 0.396667 0.526000 0.404333 0.521250 0.409667 0.514750 0.411667 0.510750 0.411667 0.507750
0 0.484333 0.502500 0.483000 0.501250 0.480000 0.500750 0.472000 0.501000 0.461667 0.502250 0.455000 0.506500 0.453333 0.509000 0.453333 0.510750 0.454667 0.512500 0.458667 0.513750 0.466667 0.514000 0.475333 0.512500 0.483000 0.510000 0.485333 0.505750
0 0.518000 0.490750 0.509333 0.492750 0.501000 0.500750 0.498667 0.505750 0.498333 0.508000 0.498667 0.510000 0.501000 0.511500 0.506000 0.510750 0.508667 0.508500 0.513000 0.506500 0.514667 0.505000 0.519333 0.498750 0.520333 0.495750 0.520333 0.493250
0 0.594667 0.523250 0.591667 0.524000 0.590000 0.525750 0.589000 0.528750 0.589333 0.535000 0.591000 0.540750 0.593667 0.545750 0.596000 0.547750 0.599333 0.548250 0.604000 0.545000 0.606000 0.541750 0.606000 0.533500 0.604667 0.530250 0.601000 0.524750 0.598333 0.523500
0 0.509333 0.524000 0.506333 0.524250 0.504667 0.525250 0.501333 0.532500 0.501333 0.541250 0.502667 0.544250 0.506000 0.548250 0.510333 0.548000 0.513000 0.545500 0.514333 0.542250 0.514667 0.529000 0.513333 0.526000
0 0.485000 0.514500 0.483000 0.515000 0.480333 0.517750 0.478333 0.524750 0.478333 0.529000 0.479667 0.533250 0.483333 0.538500 0.485667 0.540250 0.489667 0.539750 0.491000 0.538750 0.494000 0.533500 0.494667 0.525000 0.493333 0.521250 0.490000 0.515500 0.487667 0.514500
0 0.466667 0.522250 0.462667 0.524750 0.461333 0.529000 0.461667 0.537500 0.463333 0.542000 0.467000 0.544000 0.470333 0.544500 0.474333 0.542000 0.475667 0.538000 0.476000 0.532250 0.474333 0.525500 0.469000 0.522750
0 0.318333 0.569250 0.314000 0.569000 0.311000 0.570500 0.306000 0.576000 0.304333 0.580500 0.304000 0.588750 0.305000 0.592750 0.306667 0.594250 0.310333 0.594500 0.313000 0.593250 0.315667 0.591250 0.319000 0.587250 0.321000 0.581500 0.321000 0.572500 0.320000 0.570500
0 0.494667 0.555750 0.490333 0.555750 0.488333 0.557000 0.486667 0.559250 0.485000 0.564000 0.484333 0.569500 0.485000 0.575500 0.487000 0.577750 0.489333 0.578250 0.491000 0.578000 0.494333 0.575750 0.497667 0.569750 0.498000 0.560250 0.496333 0.557000
0 0.419333 0.633250 0.416333 0.634500 0.414667 0.637750 0.415333 0.646000 0.422000 0.655500 0.423667 0.656750 0.428333 0.658000 0.432000 0.656750 0.434000 0.655000 0.434667 0.653250 0.435000 0.649000 0.433333 0.642750 0.430667 0.638500 0.427000 0.635000 0.424000 0.633750
0 0.393333 0.658000 0.392000 0.658750 0.391000 0.660750 0.390667 0.665500 0.392000 0.670750 0.394000 0.674000 0.400000 0.680000 0.404333 0.682000 0.408333 0.681750 0.411333 0.678750 0.412333 0.675000 0.412000 0.673000 0.404667 0.661750 0.401333 0.658500 0.398667 0.657750
0 0.381333 0.680750 0.379333 0.679500 0.373667 0.678250 0.362333 0.679500 0.352333 0.684250 0.348667 0.687250 0.347667 0.688750 0.347667 0.690250 0.350333 0.693000 0.353333 0.694000 0.358667 0.694250 0.366667 0.693000 0.373333 0.690500 0.379667 0.685750 0.381333 0.683000
0 0.397000 0.687000 0.394000 0.688500 0.392667 0.691750 0.392667 0.698250 0.394333 0.704750 0.396333 0.708500 0.398333 0.710250 0.400667 0.711250 0.405000 0.711500 0.408667 0.710250 0.410000 0.708750 0.411000 0.705750 0.410667 0.697250 0.408333 0.692500 0.405000 0.689000 0.401000 0.687250
0 0.490000 0.654000 0.486667 0.656500 0.485667 0.658500 0.485000 0.664000 0.485333 0.672750 0.486667 0.676250 0.489333 0.679000 0.494667 0.679250 0.496667 0.678000 0.498667 0.674750 0.499333 0.661750 0.498000 0.657500 0.495667 0.655000 0.493667 0.654000
0 0.554000 0.626250 0.552333 0.624000 0.548667 0.623250 0.533667 0.623250 0.526667 0.626000 0.525667 0.627750 0.527333 0.630000 0.530000 0.631250 0.537000 0.631750 0.543667 0.631000 0.551333 0.629250 0.553667 0.628000
0 0.389333 0.734000 0.384667 0.734000 0.381000 0.735250 0.376333 0.739750 0.374667 0.744000 0.374333 0.751250 0.375667 0.755500 0.377333 0.756750 0.381333 0.757250 0.385333 0.756000 0.389667 0.752500 0.390667 0.750750 0.393333 0.740500 0.392333 0.736500
0 0.411667 0.740000 0.408667 0.740250 0.401667 0.743250 0.399333 0.744750 0.395333 0.751750 0.393667 0.758500 0.393667 0.760750 0.394667 0.763000 0.396667 0.764750 0.400667 0.764500 0.404333 0.762000 0.406667 0.757250 0.413000 0.749250 0.413667 0.742750 0.412667 0.740500
0 0.381333 0.768000 0.380667 0.770000 0.381333 0.773000 0.385000 0.776250 0.392333 0.779750 0.396667 0.780750 0.406000 0.781250 0.411667 0.780250 0.413333 0.779000 0.414000 0.775500 0.412667 0.773250 0.409000 0.770500 0.401667 0.766750 0.394667 0.766000 0.387667 0.766000 0.384333 0.766500
0 0.537667 0.775000 0.530000 0.773250 0.525667 0.773250 0.517667 0.774750 0.509333 0.780250 0.508000 0.782500 0.509000 0.787000 0.510000 0.787750 0.514000 0.788750 0.518333 0.788750 0.523333 0.787750 0.529000 0.785250 0.537333 0.779750 0.538000 0.777750
0 0.443667 0.793000 0.440667 0.795000 0.439333 0.798250 0.439667 0.806750 0.441000 0.810250 0.444667 0.814750 0.447333 0.816250 0.451000 0.816250 0.454333 0.814250 0.456667 0.810500 0.455667 0.802000 0.454667 0.799250 0.451000 0.794250 0.448000 0.793000
0 0.495333 0.801500 0.493000 0.801500 0.490000 0.802750 0.486000 0.806250 0.485000 0.808750 0.485000 0.818250 0.485667 0.819500 0.489000 0.821250 0.491000 0.821250 0.494333 0.819750 0.498667 0.814500 0.499667 0.805750 0.498000 0.802250
