0 0.408333 0.367750 0.405667 0.369750 0.404667 0.374500 0.404667 0.377000 0.407000 0.386500 0.408667 0.389000 0.411667 0.391000 0.416333 0.393000 0.420000 0.393000 0.421333 0.392000 0.423667 0.387750 0.423667 0.383750 0.420333 0.373750 0.417667 0.369750 0.416000 0.368500 0.412667 0.367750
0 0.489667 0.425250 0.486000 0.427000 0.483333 0.431000 0.483000 0.440000 0.485667 0.449250 0.488000 0.451000 0.490333 0.451500 0.494000 0.448250 0.496333 0.445000 0.497333 0.442250 0.498000 0.435500 0.497333 0.432000 0.495333 0.428750
0 0.491333 0.402750 0.489667 0.402750 0.486333 0.404250 0.482667 0.408500 0.481000 0.415250 0.481667 0.420000 0.483000 0.421500 0.486667 0.422500 0.491000 0.421500 0.495667 0.412000 0.496000 0.408500 0.494667 0.404250
0 0.499667 0.431750 0.500333 0.436250 0.506667 0.438250 0.514667 0.438500 0.518333 0.437500 0.521333 0.435500 0.520667 0.431500 0.517667 0.430000 0.513333 0.429000 0.509000 0.428750 0.503333 0.429500 0.501000 0.430250
0 0.533333 0.419500 0.529667 0.423250 0.527667 0.432250 0.528667 0.435750 0.531000 0.440000 0.532667 0.441250 0.535000 0.441250 0.537333 0.440500 0.538333 0.439250 0.539667 0.434500 0.539667 0.427500 0.539000 0.423500 0.537333 0.420500
0 0.530333 0.367750 0.528000 0.368750 0.525000 0.372250 0.524000 0.375500 0.524000 0.386000 0.524667 0.387750 0.526000 0.388750 0.528333 0.389250 0.530667 0.388750 0.533667 0.385750 0.536333 0.377750 0.536333 0.373500 0.535000 0.370000 0.533000 0.368000
0 0.493667 0.497500 0.491000 0.497000 0.487000 0.497500 0.482333 0.502500 0.480333 0.508500 0.480333 0.514250 0.481000 0.517250 0.482667 0.518750 0.486000 0.518500 0.491667 0.513250 0.493333 0.508500 0.495333 0.506000 0.496333 0.503250 0.496333 0.500750 0.495333 0.498500
0 0.474333 0.499750 0.471000 0.500000 0.468000 0.501500 0.462333 0.506500 0.461000 0.509750 0.460333 0.515250 0.461000 0.521500 0.462667 0.522750 0.466667 0.522750 0.468667 0.522000 0.472333 0.518250 0.474000 0.515500 0.477333 0.506000 0.476667 0.501250
0 0.497667 0.513750 0.493333 0.514250 0.488667 0.517750 0.485000 0.523000 0.483667 0.526500 0.483667 0.529500 0.486667 0.532000 0.490333 0.531750 0.493333 0.530250 0.498333 0.525500 0.499667 0.521500 0.499667 0.517500
0 0.330000 0.539250 0.326667 0.540250 0.324667 0.543000 0.324000 0.549500 0.325000 0.554000 0.328000 0.559750 0.330333 0.562250 0.334000 0.563250 0.338333 0.563000 0.341667 0.561000 0.342333 0.558750 0.342333 0.552750 0.341333 0.548000 0.339000 0.543750 0.336667 0.541250 0.333667 0.539500
0 0.467333 0.553750 0.465000 0.555000 0.463667 0.556750 0.463333 0.562000 0.466000 0.569250 0.470333 0.573250 0.475000 0.573750 0.478000 0.571500 0.480000 0.569000 0.480333 0.563250 0.479667 0.561250 0.475333 0.555000 0.470667 0.553500
0 0.453000 0.586250 0.450333 0.586500 0.446333 0.588750 0.443000 0.593750 0.441667 0.598250 0.441667 0.602750 0.443667 0.607500 0.446667 0.609500 0.450000 0.610000 0.452667 0.609750 0.456667 0.607750 0.458667 0.605250 0.460333 0.600000 0.460333 0.594250 0.459333 0.590750 0.456333 0.587000
0 0.494333 0.609250 0.492000 0.611000 0.490667 0.615750 0.490667 0.620250 0.491667 0.624000 0.493667 0.627500 0.498333 0.630250 0.501667 0.630250 0.506000 0.627250 0.506667 0.618500 0.501667 0.610750 0.498667 0.609000
0 0.514667 0.614250 0.512000 0.615750 0.510667 0.617750 0.510000 0.624000 0.511333 0.627750 0.514333 0.631500 0.517000 0.633500 0.521000 0.633750 0.524333 0.631500 0.526333 0.627750 0.526000 0.622500 0.524333 0.618500 0.521667 0.615750 0.517333 0.614000
0 0.583333 0.586500 0.580333 0.588250 0.579333 0.590000 0.579333 0.598500 0.580333 0.601000 0.583333 0.604250 0.587667 0.605500 0.591333 0.604250 0.592333 0.602750 0.593000 0.600000 0.592667 0.592250 0.590667 0.588500 0.588667 0.587000
0 0.569000 0.697000 0.565000 0.697250 0.563000 0.698250 0.560333 0.701250 0.558333 0.706750 0.558000 0.713250 0.560000 0.718250 0.564000 0.720750 0.569000 0.720000 0.573000 0.716750 0.575667 0.710750 0.576000 0.705250 0.574667 0.700500 0.572000 0.698000
0 0.481667 0.720500 0.481667 0.721750 0.484667 0.726000 0.490667 0.730000 0.494000 0.731500 0.497667 0.732250 0.506333 0.732000 0.509667 0.730750 0.511667 0.729250 0.512000 0.727500 0.511000 0.724500 0.506333 0.720000 0.502333 0.719250 0.498000 0.717500 0.488000 0.717250 0.485333 0.718000
0 0.474000 0.720250 0.472667 0.721000 0.471667 0.723750 0.473333 0.733250 0.475667 0.736500 0.479000 0.739250 0.482667 0.741000 0.487000 0.741250 0.489000 0.740000 0.490333 0.737000 0.490000 0.735000 0.480000 0.721500 0.478333 0.720500
0 0.505667 0.736250 0.501000 0.738250 0.496000 0.743250 0.494333 0.746750 0.494333 0.749500 0.496667 0.757250 0.498333 0.759250 0.501000 0.760000 0.502667 0.760000 0.505333 0.758750 0.507333 0.757000 0.511333 0.748000 0.511667 0.743250 0.510667 0.739750 0.509000 0.738000
0 0.483000 0.661500 0.481667 0.661500 0.477667 0.664000 0.476000 0.666500 0.474333 0.671250 0.474000 0.678750 0.475333 0.681000 0.477667 0.682500 0.480667 0.682500 0.483000 0.681750 0.486000 0.677250 0.487667 0.673250 0.488000 0.669000 0.487333 0.665750 0.486000 0.663500
0 0.478333 0.638500 0.473667 0.639500 0.470667 0.641500 0.467667 0.650000 0.467667 0.654250 0.469667 0.661500 0.471000 0.663000 0.474000 0.664250 0.475333 0.664250 0.478333 0.662750 0.482667 0.659500 0.484333 0.655000 0.484667 0.646250 0.484000 0.642250 0.482333 0.639750
0 0.435667 0.637250 0.431333 0.637500 0.430000 0.638250 0.425333 0.643500 0.422667 0.649750 0.423333 0.658750 0.425333 0.662000 0.428000 0.663750 0.432333 0.663500 0.435333 0.661750 0.439333 0.653250 0.440667 0.647250 0.440667 0.642000 0.439333 0.639750
0 0.450667 0.655000 0.448667 0.655750 0.447000 0.657250 0.447000 0.663000 0.450000 0.669000 0.454333 0.675250 0.458000 0.677250 0.461333 0.677000 0.463333 0.676250 0.465667 0.673750 0.466000 0.665500 0.464667 0.662500 0.461667 0.658250 0.458667 0.655750 0.455333 0.654750
0 0.418000 0.733250 0.415667 0.733750 0.413333 0.736500 0.412667 0.747500 0.415333 0.755750 0.419000 0.758250 0.420667 0.758500 0.424333 0.757250 0.426333 0.754500 0.427667 0.750000 0.427667 0.744250 0.425000 0.736000 0.420667 0.733500
0 0.394333 0.709500 0.391667 0.710500 0.389000 0.713750 0.388333 0.715750 0.388333 0.721750 0.391000 0.729250 0.392667 0.732000 0.397333 0.733750 0.401333 0.733000 0.404000 0.730500 0.405000 0.727500 0.404667 0.718250 0.402000 0.712250 0.397000 0.709500
0 0.389000 0.658500 0.384667 0.661750 0.383000 0.664500 0.381667 0.674000 0.382667 0.678500 0.384333 0.681500 0.389000 0.684500 0.393000 0.684500 0.396667 0.682750 0.398333 0.679500 0.399667 0.671750 0.399333 0.667000 0.396667 0.660750 0.393000 0.658500
0 0.432333 0.672500 0.428333 0.673500 0.424000 0.677750 0.422333 0.681500 0.422333 0.690000 0.423667 0.692500 0.427667 0.694500 0.432333 0.693500 0.435000 0.690750 0.437333 0.683000 0.437333 0.676500 0.436333 0.674000 0.435000 0.673000
0 0.322000 0.672500 0.318333 0.674250 0.316000 0.678000 0.315333 0.680250 0.315667 0.688500 0.317667 0.693000 0.319667 0.695000 0.322667 0.696750 0.326000 0.696750 0.330333 0.693750 0.332333 0.690250 0.332333 0.681000 0.329667 0.674250 0.326667 0.672500
0 0.330667 0.412500 0.327333 0.413250 0.323000 0.415250 0.318667 0.420000 0.316667 0.426250 0.316333 0.432250 0.317667 0.434750 0.319000 0.435750 0.323667 0.436250 0.326333 0.435500 0.328333 0.433500 0.333667 0.425000 0.335000 0.421000 0.335000 0.415500 0.333333 0.413250
0 0.350667 0.437250 0.348000 0.438500 0.346667 0.441250 0.346000 0.445000 0.346667 0.452000 0.348000 0.455750 0.351333 0.459500 0.353667 0.460500 0.357000 0.460750 0.361000 0.459000 0.362667 0.456500 0.362667 0.446000 0.361333 0.442500 0.358000 0.438250 0.355000 0.437250
0 0.312667 0.478500 0.310667 0.478750 0.306000 0.483750 0.305000 0.488250 0.305000 0.493500 0.306667 0.498500 0.311667 0.502250 0.315333 0.503250 0.318000 0.502750 0.319333 0.501750 0.322667 0.494250 0.323000 0.490000 0.322000 0.486250 0.319000 0.481000 0.316000 0.479000
0 0.388667 0.511250 0.383667 0.512000 0.377000 0.516000 0.372667 0.524750 0.372667 0.527750 0.373333 0.530500 0.375333 0.533750 0.377667 0.535000 0.381333 0.535250 0.388000 0.533250 0.392000 0.528750 0.394000 0.522000 0.393667 0.517250 0.392000 0.514250
0 0.354000 0.502000 0.354000 0.505750 0.357333 0.508500 0.362000 0.510750 0.369333 0.512500 0.377667 0.512750 0.380333 0.512250 0.386000 0.509250 0.387667 0.506750 0.387000 0.502750 0.385667 0.501250 0.377000 0.500000 0.371000 0.498500 0.362333 0.498750 0.355667 0.500750
0 0.442667 0.460250 0.439333 0.462250 0.438333 0.464500 0.438333 0.474750 0.439667 0.477250 0.443000 0.480500 0.447333 0.480750 0.450333 0.478750 0.452000 0.475750 0.452333 0.468000 0.450667 0.462500 0.446333 0.460500
0 0.416000 0.440250 0.412667 0.441250 0.410000 0.443750 0.409333 0.450000 0.410667 0.455000 0.413667 0.459750 0.416333 0.462250 0.420333 0.464500 0.424333 0.465000 0.427333 0.463250 0.429000 0.460000 0.429333 0.453250 0.428333 0.449500 0.423667 0.443250 0.421000 0.441250
0 0.435000 0.431000 0.432000 0.432250 0.430667 0.434750 0.430667 0.438500 0.431667 0.442500 0.435000 0.447500 0.437667 0.449750 0.439667 0.450750 0.443000 0.450750 0.447667 0.447500 0.448000 0.442250 0.447333 0.440500 0.443333 0.434750 0.439667 0.432250
