0 0.478333 0.512000 0.474333 0.512250 0.470000 0.515250 0.467667 0.518000 0.465000 0.523500 0.464667 0.526500 0.466000 0.529250 0.468333 0.530750 0.471667 0.531000 0.475333 0.530000 0.480000 0.523750 0.481333 0.519500 0.481333 0.515500 0.480333 0.513000
0 0.419667 0.324250 0.418000 0.325500 0.417333 0.327500 0.417333 0.331750 0.418667 0.334500 0.423000 0.340000 0.426333 0.342750 0.434000 0.346500 0.436000 0.346500 0.439000 0.344250 0.441000 0.341500 0.440667 0.337250 0.436333 0.329500 0.431667 0.326250 0.427333 0.324250 0.424333 0.323750
0 0.409000 0.335500 0.407000 0.337250 0.407000 0.342750 0.408667 0.346000 0.413667 0.351500 0.415333 0.354500 0.420667 0.358250 0.422667 0.359000 0.428000 0.360000 0.433000 0.359250 0.435000 0.357250 0.435000 0.351500 0.433000 0.347500 0.430000 0.344250 0.419000 0.336250 0.413667 0.334750 0.411333 0.334750
0 0.466000 0.351250 0.462333 0.353000 0.461000 0.356750 0.461667 0.370000 0.462667 0.373000 0.466667 0.377500 0.470000 0.379000 0.472000 0.379000 0.475333 0.377750 0.478667 0.372500 0.479667 0.368500 0.477667 0.361750 0.474333 0.355000 0.470667 0.352000
0 0.497000 0.364000 0.493667 0.364000 0.490333 0.365000 0.486333 0.368000 0.485000 0.370250 0.483000 0.377500 0.482667 0.385250 0.485333 0.390500 0.489000 0.392000 0.490667 0.392000 0.495333 0.390000 0.498667 0.387000 0.499667 0.384750 0.501333 0.375500 0.501000 0.368500 0.499000 0.364750
0 0.485667 0.399000 0.483000 0.400750 0.482333 0.403750 0.482667 0.408000 0.485667 0.418000 0.486667 0.419500 0.489333 0.421250 0.494667 0.421500 0.497667 0.419500 0.498667 0.416250 0.497667 0.407750 0.495333 0.404000 0.490667 0.400000
0 0.446000 0.405000 0.442667 0.406000 0.440667 0.408250 0.438667 0.415000 0.438333 0.421000 0.439000 0.424250 0.441667 0.428500 0.446000 0.431250 0.448667 0.431500 0.452333 0.429750 0.454667 0.427500 0.456667 0.421500 0.456667 0.415250 0.455667 0.411000 0.454000 0.408000 0.451667 0.406000 0.448333 0.405000
0 0.424333 0.394750 0.422667 0.395000 0.419333 0.397250 0.416333 0.401000 0.415333 0.403500 0.414667 0.408000 0.415000 0.412250 0.416000 0.414000 0.419333 0.416500 0.420667 0.416000 0.421667 0.414250 0.424667 0.412000 0.427667 0.408000 0.428667 0.405500 0.429000 0.399500 0.428333 0.397000 0.427333 0.395750
0 0.428333 0.422250 0.425000 0.422500 0.422333 0.423750 0.418000 0.430250 0.417000 0.436000 0.419000 0.442750 0.421333 0.445000 0.423333 0.445750 0.427333 0.445250 0.429333 0.444000 0.432667 0.439500 0.434000 0.435500 0.434333 0.431000 0.433667 0.426500 0.432000 0.423500
0 0.406333 0.408750 0.403667 0.409000 0.400667 0.411500 0.399333 0.415250 0.400000 0.422000 0.401667 0.424750 0.404333 0.426750 0.408333 0.426000 0.410667 0.424250 0.413000 0.420000 0.413000 0.415500 0.412000 0.413250 0.409333 0.409750
0 0.370667 0.393000 0.368333 0.394250 0.367667 0.396000 0.367667 0.402000 0.368667 0.407750 0.371333 0.412000 0.375667 0.416250 0.378333 0.417750 0.381333 0.418250 0.385333 0.416000 0.386333 0.412750 0.386333 0.408000 0.381333 0.397750 0.377333 0.394500 0.373333 0.392750
0 0.400333 0.479500 0.392667 0.479500 0.379667 0.485000 0.376333 0.487750 0.373333 0.493500 0.373333 0.494750 0.375000 0.497500 0.377000 0.498500 0.381333 0.498500 0.389000 0.496500 0.396333 0.492750 0.402667 0.487000 0.403333 0.484750 0.403333 0.481750
0 0.419333 0.482000 0.416000 0.483750 0.414667 0.486750 0.414333 0.494000 0.415000 0.499250 0.417000 0.502750 0.421333 0.506500 0.423000 0.507250 0.427000 0.507250 0.429667 0.505500 0.431333 0.501500 0.430333 0.490500 0.427667 0.484750 0.422333 0.482500
0 0.459000 0.464000 0.455333 0.463750 0.452000 0.464750 0.440000 0.470750 0.435333 0.478500 0.436000 0.481000 0.437333 0.482250 0.439667 0.483000 0.444667 0.482750 0.450333 0.480250 0.456333 0.476250 0.459667 0.472250 0.461333 0.468000 0.461333 0.466250
0 0.467000 0.450750 0.466000 0.451500 0.465000 0.454250 0.466000 0.462500 0.468000 0.467750 0.473000 0.471500 0.477333 0.473250 0.479000 0.473250 0.481667 0.470500 0.482000 0.466750 0.481000 0.462250 0.475667 0.454500 0.471000 0.451250
0 0.463333 0.471000 0.461667 0.474000 0.462000 0.478750 0.463333 0.481000 0.471333 0.489500 0.477333 0.491500 0.480667 0.491000 0.482000 0.489750 0.482333 0.484750 0.479667 0.479750 0.473000 0.473750 0.467333 0.470750
0 0.474333 0.493750 0.470000 0.493500 0.468333 0.494250 0.463000 0.498250 0.462000 0.499750 0.458667 0.508500 0.458667 0.511250 0.459667 0.514500 0.462333 0.517000 0.466000 0.516500 0.468000 0.515250 0.470667 0.510750 0.474667 0.506750 0.477000 0.503000 0.477667 0.498500 0.475333 0.494250
0 0.455333 0.514500 0.451000 0.514500 0.442667 0.518250 0.436333 0.525500 0.436000 0.529000 0.437000 0.530000 0.438667 0.530750 0.443667 0.530500 0.448667 0.528750 0.452667 0.526000 0.456333 0.521750 0.457333 0.518500 0.457000 0.516250
0 0.439000 0.592750 0.434333 0.592250 0.431667 0.593000 0.428000 0.594750 0.423667 0.598500 0.419667 0.604250 0.418667 0.607000 0.418667 0.613500 0.419333 0.615500 0.420333 0.616250 0.423000 0.617000 0.428333 0.616500 0.435333 0.611750 0.438333 0.607000 0.441667 0.599250 0.441333 0.595000
0 0.517333 0.607250 0.512333 0.611000 0.510667 0.615000 0.510333 0.621250 0.511667 0.626000 0.514000 0.630250 0.517333 0.632250 0.520667 0.632250 0.523333 0.631000 0.526333 0.627500 0.528000 0.623000 0.528333 0.617750 0.526000 0.611000 0.521333 0.607250
0 0.522333 0.644000 0.520000 0.643750 0.516333 0.644750 0.509000 0.649750 0.506333 0.655750 0.506333 0.659500 0.508333 0.661750 0.510667 0.662000 0.514000 0.660750 0.521667 0.654000 0.523667 0.648750 0.523667 0.645500
0 0.421667 0.665500 0.421000 0.669750 0.423333 0.673750 0.430667 0.678750 0.436000 0.680500 0.440667 0.681000 0.443333 0.680750 0.448000 0.678250 0.447333 0.673250 0.435000 0.665500 0.428000 0.664250 0.423667 0.664500
0 0.451333 0.643250 0.447667 0.641500 0.440333 0.641000 0.430000 0.643000 0.424333 0.646000 0.419667 0.649500 0.418667 0.653250 0.419333 0.655750 0.423000 0.657500 0.429333 0.658250 0.436333 0.657250 0.445667 0.655000 0.452000 0.650750 0.452667 0.645750
0 0.408000 0.692250 0.404333 0.694750 0.403000 0.696500 0.402000 0.700000 0.402000 0.704750 0.403667 0.709500 0.406667 0.714500 0.408667 0.716000 0.412667 0.716500 0.416000 0.714250 0.417333 0.712500 0.418333 0.708000 0.418000 0.702750 0.415667 0.696500 0.411667 0.693000
0 0.443667 0.695500 0.440667 0.696000 0.438667 0.697250 0.435000 0.709500 0.435667 0.716250 0.437667 0.720250 0.439667 0.722250 0.444000 0.721750 0.445333 0.720750 0.447000 0.717750 0.449667 0.702000 0.448000 0.697750 0.447000 0.696750
0 0.456000 0.700500 0.453000 0.700500 0.451000 0.701500 0.448667 0.710250 0.448000 0.718000 0.449333 0.721500 0.451667 0.723000 0.455000 0.722750 0.457000 0.721250 0.459667 0.716500 0.460333 0.704000 0.459333 0.702000
0 0.470667 0.700000 0.467667 0.701500 0.466667 0.704000 0.466667 0.707250 0.469667 0.717000 0.472667 0.720500 0.475333 0.722000 0.479333 0.722500 0.482000 0.721000 0.482667 0.719250 0.483000 0.713500 0.482000 0.709750 0.479000 0.704250 0.475333 0.700750
0 0.467000 0.652000 0.465000 0.653750 0.463333 0.657500 0.463333 0.663000 0.466000 0.670750 0.469333 0.672750 0.471667 0.672750 0.475000 0.671000 0.476000 0.668750 0.476000 0.657500 0.474000 0.654250 0.471000 0.652000
0 0.514000 0.707000 0.510667 0.708250 0.508667 0.710250 0.506667 0.715750 0.506000 0.722000 0.507667 0.728250 0.509333 0.731000 0.513000 0.734500 0.515667 0.734750 0.518333 0.734250 0.522333 0.730000 0.523333 0.726000 0.523667 0.718250 0.523000 0.713500 0.521667 0.710500 0.518000 0.708000
0 0.541000 0.702250 0.536000 0.703000 0.532667 0.704750 0.529333 0.711250 0.529000 0.713500 0.532000 0.724250 0.533000 0.725250 0.535667 0.726000 0.537667 0.726000 0.541000 0.724000 0.543667 0.721000 0.545000 0.717500 0.545667 0.713750 0.545000 0.706250 0.544000 0.704250
0 0.541667 0.672000 0.540333 0.672000 0.537333 0.673250 0.533667 0.677250 0.532000 0.681250 0.533333 0.691250 0.535000 0.694250 0.537000 0.695500 0.541333 0.694750 0.543333 0.693500 0.545667 0.690500 0.546333 0.688250 0.546333 0.677000 0.544667 0.673500
0 0.581333 0.681500 0.580000 0.680750 0.576000 0.680750 0.564000 0.683000 0.553000 0.688750 0.552000 0.690000 0.551333 0.694000 0.552667 0.695250 0.557000 0.695250 0.559667 0.696000 0.565000 0.695250 0.568000 0.695500 0.573000 0.694000 0.577333 0.690750 0.581667 0.685750
0 0.548333 0.695000 0.547333 0.696500 0.547333 0.700500 0.548000 0.701750 0.556000 0.705500 0.563667 0.707000 0.568000 0.707000 0.572667 0.706250 0.575667 0.704500 0.576333 0.702250 0.576000 0.700250 0.571667 0.695750 0.565667 0.693500 0.565000 0.691250 0.561000 0.692250 0.553000 0.691750
0 0.611333 0.708750 0.607000 0.709000 0.602667 0.710750 0.599333 0.713250 0.596000 0.717500 0.594667 0.721750 0.594667 0.728250 0.596000 0.730750 0.599000 0.733000 0.603667 0.733000 0.608000 0.730500 0.610000 0.727000 0.612000 0.725000 0.614667 0.717750 0.614667 0.713250 0.613333 0.710500
0 0.603667 0.742750 0.600000 0.742750 0.598000 0.743500 0.595000 0.746000 0.594000 0.748250 0.593333 0.760500 0.594667 0.763750 0.595667 0.764500 0.598333 0.765000 0.600667 0.764750 0.603000 0.763000 0.606000 0.756500 0.607000 0.747250 0.605667 0.744250
0 0.579667 0.799250 0.575000 0.802000 0.572667 0.805000 0.572000 0.807000 0.572000 0.812500 0.573333 0.818000 0.575333 0.821000 0.579333 0.824250 0.583667 0.824750 0.586333 0.823250 0.589667 0.819750 0.591000 0.815250 0.591000 0.810750 0.590000 0.806500 0.587333 0.802250 0.583667 0.799250
0 0.525000 0.736750 0.522667 0.736250 0.517667 0.736750 0.508000 0.743500 0.505000 0.748250 0.505333 0.752250 0.506333 0.753250 0.508667 0.754250 0.513333 0.754000 0.517333 0.752500 0.522333 0.749000 0.526667 0.741250 0.526667 0.739000
0 0.436667 0.738750 0.435333 0.738000 0.431667 0.738000 0.416333 0.743750 0.412667 0.748500 0.413667 0.753000 0.416000 0.754500 0.419667 0.754750 0.427667 0.753250 0.432333 0.751250 0.435000 0.749250 0.437000 0.745500 0.437333 0.739750
