0 0.626333 0.315000 0.623333 0.317750 0.623333 0.322750 0.626000 0.330500 0.628333 0.333750 0.631000 0.335750 0.634000 0.336750 0.638000 0.336750 0.639667 0.335750 0.641000 0.333500 0.639333 0.322750 0.638333 0.321250 0.630667 0.316250 0.627667 0.315000
0 0.662667 0.348750 0.661000 0.350250 0.660000 0.353000 0.660333 0.356500 0.662333 0.362000 0.665333 0.366000 0.669667 0.370000 0.674000 0.371750 0.678333 0.371500 0.681667 0.369250 0.682333 0.364750 0.681000 0.360250 0.677333 0.353750 0.669333 0.348750 0.666667 0.348250
0 0.714667 0.380750 0.712000 0.381750 0.709667 0.385750 0.709000 0.392250 0.710000 0.396750 0.711667 0.401000 0.714333 0.403750 0.716333 0.405000 0.721333 0.405250 0.724333 0.404000 0.726000 0.401000 0.726333 0.394000 0.725667 0.390500 0.722000 0.384000 0.717667 0.381000
0 0.744000 0.413250 0.739667 0.412750 0.734667 0.414500 0.732667 0.416000 0.728000 0.424000 0.728000 0.428500 0.732667 0.432000 0.736000 0.432000 0.740667 0.430000 0.745667 0.424000 0.746667 0.420500 0.746333 0.415500
0 0.657667 0.373250 0.654333 0.376500 0.654333 0.380500 0.658667 0.386750 0.661333 0.389250 0.665667 0.391000 0.672667 0.392750 0.677333 0.392250 0.679333 0.389250 0.679000 0.384500 0.677667 0.382000 0.673000 0.377000 0.669333 0.375000 0.662333 0.373250
0 0.631333 0.387250 0.628000 0.388250 0.626000 0.389750 0.618000 0.400500 0.617333 0.403000 0.617667 0.408750 0.619333 0.410500 0.622333 0.411500 0.626333 0.411000 0.631333 0.408250 0.634667 0.403750 0.637667 0.397750 0.637667 0.393250 0.636667 0.390750 0.634333 0.388250
0 0.554000 0.373750 0.552333 0.372750 0.545333 0.373000 0.534000 0.376500 0.529667 0.381000 0.529000 0.383500 0.529667 0.386000 0.532667 0.388250 0.536333 0.389000 0.540667 0.388250 0.544667 0.386750 0.548667 0.384500 0.553333 0.380500 0.555000 0.377750 0.555000 0.375750
0 0.564000 0.397500 0.560667 0.397500 0.556333 0.400000 0.554667 0.402500 0.553333 0.406750 0.554667 0.416500 0.557333 0.419250 0.561000 0.420500 0.565000 0.420000 0.568333 0.418000 0.570333 0.413000 0.570667 0.407750 0.569000 0.400500
0 0.582667 0.417750 0.579333 0.418500 0.575333 0.422750 0.574000 0.432250 0.575000 0.436500 0.579333 0.442500 0.583000 0.444500 0.585000 0.444500 0.588000 0.443500 0.592000 0.439750 0.593000 0.436750 0.593333 0.431000 0.591333 0.422000 0.587333 0.418750 0.584667 0.417750
0 0.582000 0.390250 0.580000 0.390750 0.577667 0.393250 0.575667 0.401000 0.576333 0.404750 0.579333 0.411000 0.581333 0.412250 0.585000 0.412750 0.588333 0.411500 0.591000 0.408250 0.591667 0.406000 0.591667 0.398750 0.588667 0.392000 0.584667 0.390250
0 0.521333 0.425000 0.517667 0.424750 0.514333 0.425750 0.510000 0.429500 0.508667 0.432000 0.508000 0.437500 0.508333 0.444000 0.510000 0.447750 0.513333 0.449500 0.518333 0.448750 0.521667 0.446250 0.523333 0.444000 0.525000 0.439500 0.525333 0.431250 0.524000 0.427250
0 0.559667 0.439250 0.556000 0.440750 0.551667 0.446500 0.550667 0.455500 0.551333 0.459500 0.554000 0.463250 0.557000 0.465000 0.561000 0.465250 0.562667 0.464250 0.565667 0.460500 0.568333 0.455250 0.569000 0.446750 0.565667 0.441250 0.563667 0.439750
0 0.580667 0.451250 0.576333 0.451500 0.575000 0.452500 0.572000 0.457500 0.570333 0.463000 0.570333 0.467750 0.571667 0.471750 0.576000 0.475000 0.579667 0.474750 0.584000 0.472000 0.586000 0.468250 0.587333 0.463500 0.587333 0.458250 0.586000 0.454250 0.583667 0.452000
0 0.509333 0.411500 0.510000 0.414250 0.512000 0.417000 0.516333 0.420500 0.521667 0.422000 0.529333 0.422000 0.533667 0.421000 0.535000 0.419750 0.535333 0.416250 0.530000 0.411000 0.528333 0.410250 0.522000 0.409000 0.513667 0.408500 0.511000 0.409750
0 0.690333 0.467000 0.686333 0.465500 0.680667 0.465500 0.664667 0.470250 0.662000 0.473500 0.662000 0.475750 0.663333 0.478250 0.666333 0.480000 0.672333 0.480000 0.676667 0.479250 0.685000 0.476000 0.690333 0.470500
0 0.697333 0.469750 0.693000 0.470500 0.689000 0.473500 0.685000 0.478750 0.683333 0.482250 0.683000 0.486500 0.684000 0.490750 0.686000 0.492750 0.689667 0.494750 0.694000 0.494750 0.698333 0.491250 0.701667 0.486250 0.702333 0.483500 0.702333 0.474750 0.700667 0.471250
0 0.584667 0.476750 0.581333 0.477250 0.578667 0.478750 0.576667 0.481000 0.574667 0.486000 0.574667 0.491000 0.575667 0.494750 0.578667 0.497750 0.581000 0.498500 0.583667 0.498500 0.585667 0.497250 0.589000 0.491750 0.590000 0.488250 0.590000 0.484500 0.588667 0.479500 0.587000 0.477750
0 0.536667 0.476750 0.533333 0.479000 0.531333 0.482500 0.529667 0.488500 0.529333 0.494500 0.529667 0.497500 0.531000 0.500000 0.534667 0.502250 0.538000 0.502750 0.540667 0.501750 0.544333 0.498000 0.546000 0.493000 0.546667 0.486500 0.545667 0.481750 0.543000 0.478750 0.540333 0.477250
0 0.526000 0.502000 0.521333 0.502000 0.518333 0.503000 0.516333 0.504750 0.513333 0.510000 0.512667 0.512500 0.513333 0.521000 0.515000 0.522750 0.517000 0.523500 0.521333 0.522750 0.526000 0.518250 0.527667 0.515250 0.528667 0.511250 0.528667 0.505250
0 0.653000 0.508250 0.649333 0.508500 0.645667 0.510500 0.643000 0.514000 0.642000 0.517500 0.642000 0.522250 0.643000 0.526000 0.645000 0.529000 0.649000 0.531000 0.652333 0.531000 0.656000 0.529500 0.658667 0.522250 0.658667 0.517000 0.657667 0.512750 0.656000 0.509500 0.654667 0.508500
0 0.676333 0.518000 0.673333 0.518000 0.669333 0.520750 0.665333 0.524500 0.664000 0.528000 0.663667 0.533750 0.665000 0.538750 0.669333 0.541750 0.673667 0.541750 0.678000 0.538750 0.682333 0.529750 0.682333 0.524250 0.681667 0.522750 0.678333 0.518750
0 0.701000 0.535500 0.695000 0.535000 0.691000 0.536500 0.686333 0.540250 0.682000 0.546000 0.680667 0.548500 0.680667 0.555000 0.681333 0.557250 0.685667 0.559750 0.689000 0.559500 0.692667 0.558250 0.701000 0.551250 0.702333 0.548500 0.703667 0.542250 0.703000 0.537750
0 0.763667 0.543000 0.760333 0.545250 0.759000 0.547750 0.759000 0.553750 0.759667 0.555750 0.766667 0.566250 0.769333 0.567750 0.773000 0.568000 0.775667 0.567250 0.779000 0.564500 0.779667 0.561750 0.779000 0.553250 0.776667 0.548000 0.772000 0.544000 0.768333 0.542750
0 0.806000 0.582750 0.801000 0.587500 0.799333 0.592000 0.799333 0.595750 0.800667 0.600250 0.804667 0.608000 0.806667 0.609750 0.809667 0.610750 0.811667 0.610750 0.814667 0.609750 0.817667 0.606750 0.818333 0.604500 0.817667 0.595750 0.815333 0.588750 0.810333 0.583250
0 0.606000 0.536000 0.603000 0.536750 0.599333 0.540500 0.598000 0.545000 0.598000 0.550750 0.599333 0.555250 0.602667 0.559500 0.606667 0.561250 0.609667 0.561250 0.612000 0.560750 0.616000 0.557000 0.617333 0.550750 0.617000 0.545500 0.615000 0.540000 0.611333 0.537250 0.608000 0.536000
0 0.554333 0.561000 0.552667 0.562500 0.552000 0.565250 0.555333 0.574250 0.564667 0.582000 0.569000 0.582750 0.572000 0.581750 0.574333 0.579500 0.574333 0.574250 0.573667 0.572000 0.568333 0.565000 0.560000 0.560750 0.556000 0.560500
0 0.541000 0.560750 0.537333 0.562500 0.535333 0.564500 0.533333 0.570750 0.533333 0.576750 0.534333 0.579750 0.537667 0.584000 0.541000 0.586250 0.545333 0.586250 0.549000 0.583750 0.551000 0.580500 0.551667 0.571750 0.549667 0.564000 0.545667 0.561000
0 0.470000 0.623000 0.466667 0.624250 0.465000 0.626500 0.465333 0.631500 0.468667 0.639500 0.470667 0.642000 0.473667 0.644250 0.478000 0.646000 0.479333 0.646000 0.482000 0.644750 0.483333 0.642250 0.483333 0.633750 0.482333 0.630250 0.480000 0.626250 0.474333 0.623250
0 0.627000 0.628250 0.623667 0.630250 0.621667 0.634500 0.622000 0.643250 0.626333 0.650250 0.630333 0.653250 0.634333 0.653750 0.638667 0.651000 0.639333 0.649500 0.639667 0.640750 0.638333 0.635000 0.635667 0.631500 0.631667 0.628750
0 0.678333 0.635500 0.674000 0.635750 0.671333 0.638000 0.668333 0.643000 0.666667 0.649000 0.667000 0.654500 0.669667 0.659250 0.673667 0.662750 0.677667 0.662250 0.683000 0.657250 0.684667 0.653000 0.684000 0.641750 0.682333 0.638000
0 0.556333 0.680500 0.554667 0.682000 0.553667 0.685500 0.554000 0.690000 0.555667 0.694250 0.563333 0.702250 0.566667 0.703250 0.569333 0.703250 0.572667 0.701750 0.574667 0.698000 0.574333 0.693500 0.573000 0.690000 0.568000 0.684000 0.561000 0.680500
