0 0.645000 0.304750 0.643000 0.306500 0.643000 0.310500 0.645667 0.316000 0.650000 0.319750 0.657000 0.323000 0.661000 0.324000 0.663000 0.323750 0.666333 0.321250 0.667667 0.319000 0.666667 0.313750 0.663000 0.310000 0.657333 0.306000 0.654000 0.304750 0.650333 0.304250
0 0.609333 0.312500 0.605000 0.313750 0.603000 0.315750 0.602000 0.320000 0.602333 0.326750 0.606667 0.332250 0.610333 0.334750 0.612667 0.334750 0.616000 0.333250 0.618000 0.330500 0.619333 0.321750 0.616333 0.314000 0.612667 0.312500
0 0.598667 0.340500 0.596333 0.342250 0.596000 0.347250 0.598333 0.353750 0.601000 0.358000 0.607667 0.362500 0.610333 0.363500 0.614667 0.363250 0.616667 0.361000 0.616667 0.353750 0.611667 0.345750 0.607000 0.341500 0.603333 0.340500
0 0.651333 0.354750 0.647333 0.355250 0.643000 0.357750 0.641667 0.360000 0.641000 0.363250 0.640667 0.370500 0.642000 0.375500 0.644333 0.377750 0.648667 0.378750 0.652667 0.378000 0.655000 0.376250 0.656667 0.372500 0.657333 0.368000 0.657333 0.361750 0.656000 0.358000 0.653667 0.355500
0 0.583333 0.366000 0.579667 0.368250 0.578000 0.372500 0.578000 0.376750 0.579000 0.381250 0.584333 0.389000 0.588000 0.391250 0.592000 0.391250 0.595333 0.389250 0.597667 0.385750 0.596333 0.378250 0.590667 0.369000 0.588000 0.367250
0 0.726000 0.372000 0.725000 0.371500 0.721000 0.371500 0.717000 0.372500 0.709000 0.377500 0.706667 0.380250 0.706000 0.383250 0.706333 0.385250 0.708333 0.387000 0.712333 0.388250 0.716667 0.387750 0.721000 0.385750 0.725333 0.382250 0.728000 0.377750 0.727667 0.374250
0 0.704667 0.396500 0.703000 0.399250 0.703000 0.401500 0.704000 0.405000 0.707667 0.409000 0.712000 0.412000 0.716667 0.413500 0.722333 0.413750 0.725333 0.413000 0.728333 0.409000 0.728333 0.407250 0.725000 0.402750 0.716667 0.398000 0.709667 0.396250
0 0.694000 0.408250 0.690333 0.407250 0.687000 0.407750 0.681000 0.410750 0.674000 0.415500 0.671000 0.422000 0.671000 0.426500 0.672333 0.428500 0.674000 0.429000 0.678000 0.428750 0.682333 0.427500 0.686000 0.425750 0.688333 0.423000 0.693000 0.419500 0.694667 0.417250 0.696000 0.413000 0.696000 0.411500
0 0.643667 0.457500 0.641667 0.457000 0.637333 0.457750 0.635000 0.458750 0.630000 0.463000 0.627333 0.466250 0.625333 0.471250 0.625333 0.475250 0.627000 0.477500 0.631000 0.478000 0.636667 0.476500 0.639667 0.475250 0.643333 0.471500 0.647000 0.464000 0.646333 0.459250
0 0.665667 0.438750 0.665333 0.441750 0.666000 0.443750 0.670333 0.447750 0.675333 0.450750 0.679000 0.452000 0.688333 0.453250 0.697000 0.453000 0.699333 0.451750 0.700000 0.447000 0.699000 0.445750 0.687000 0.439000 0.681333 0.437500 0.670667 0.437500
0 0.614667 0.468000 0.611000 0.468000 0.607333 0.469500 0.603000 0.473250 0.601333 0.477500 0.601000 0.485750 0.602000 0.490250 0.606667 0.493750 0.608667 0.493750 0.614667 0.491750 0.616333 0.490500 0.619000 0.486000 0.620333 0.479500 0.620000 0.474000 0.618000 0.470250
0 0.593333 0.485250 0.590333 0.485250 0.587000 0.486250 0.581667 0.493500 0.581333 0.501750 0.583000 0.506000 0.585000 0.507000 0.590667 0.507250 0.592333 0.506750 0.595667 0.502750 0.598333 0.497750 0.598667 0.493000 0.597667 0.488750 0.596333 0.486500
0 0.523333 0.505250 0.520333 0.505250 0.517000 0.506750 0.514333 0.510250 0.512000 0.516750 0.511667 0.522000 0.512667 0.526500 0.514333 0.529000 0.517333 0.530750 0.521333 0.530750 0.522667 0.530250 0.528667 0.525250 0.530333 0.522000 0.530333 0.509250 0.528667 0.507000
0 0.520667 0.538250 0.517333 0.539250 0.515333 0.541250 0.513333 0.547500 0.513000 0.553250 0.516333 0.562000 0.518000 0.563250 0.522000 0.563500 0.525667 0.561250 0.528333 0.556750 0.529333 0.552750 0.529333 0.546750 0.527333 0.540500 0.524333 0.538750
0 0.639333 0.507750 0.635333 0.508000 0.632667 0.509500 0.630000 0.513000 0.628667 0.516750 0.628000 0.521000 0.628333 0.525250 0.630667 0.528500 0.634667 0.530250 0.639667 0.530000 0.643333 0.527500 0.646333 0.521000 0.646333 0.516750 0.645000 0.513250 0.642000 0.509250
0 0.685333 0.573500 0.682000 0.573500 0.679333 0.574750 0.674000 0.578500 0.672667 0.580750 0.671333 0.587250 0.671667 0.592000 0.674333 0.594750 0.677333 0.596000 0.681333 0.595250 0.684333 0.593000 0.687333 0.588000 0.688667 0.584000 0.688667 0.579250 0.687333 0.575750
0 0.720000 0.540250 0.718667 0.541250 0.717333 0.544000 0.717667 0.549250 0.720000 0.555250 0.723667 0.560500 0.726333 0.562500 0.729000 0.563750 0.733000 0.564500 0.737000 0.562250 0.738000 0.560500 0.738000 0.555750 0.736000 0.549250 0.732333 0.544500 0.725000 0.540500
0 0.545333 0.619250 0.541333 0.622250 0.540333 0.624000 0.540333 0.632500 0.545000 0.640250 0.549000 0.643000 0.553333 0.643250 0.556667 0.640000 0.557667 0.638000 0.558000 0.632000 0.557333 0.628250 0.553333 0.621500 0.549667 0.619500
0 0.520667 0.632250 0.518000 0.633000 0.516333 0.635000 0.515667 0.638750 0.516333 0.646000 0.517000 0.647500 0.521000 0.650250 0.525667 0.650500 0.528333 0.649000 0.529667 0.647000 0.530000 0.640000 0.529000 0.635750 0.527667 0.633750 0.526000 0.632750
0 0.498000 0.611750 0.493667 0.614250 0.491667 0.619000 0.492000 0.626750 0.493333 0.631000 0.497000 0.635500 0.501333 0.638000 0.503000 0.638000 0.506000 0.637250 0.507333 0.636000 0.510333 0.630750 0.511000 0.626500 0.508667 0.619500 0.506333 0.615750 0.502000 0.612750
0 0.475000 0.583250 0.471000 0.585750 0.469667 0.588500 0.469667 0.593750 0.471000 0.599750 0.474000 0.604500 0.477333 0.607750 0.478667 0.608250 0.483000 0.608250 0.485333 0.606750 0.487333 0.604000 0.488000 0.600750 0.487333 0.592500 0.485333 0.588250 0.483000 0.585500 0.478667 0.583250
0 0.661667 0.607000 0.657333 0.607750 0.653333 0.610500 0.649667 0.615250 0.648667 0.618500 0.648667 0.624000 0.650000 0.627250 0.653333 0.629750 0.657667 0.631000 0.661667 0.630500 0.663667 0.629250 0.668000 0.623500 0.669333 0.619500 0.669333 0.614500 0.668000 0.611000 0.665667 0.609000
0 0.633333 0.632500 0.631000 0.633000 0.629000 0.635000 0.627333 0.641250 0.627667 0.645000 0.628667 0.647750 0.631667 0.651000 0.634000 0.655750 0.638000 0.658250 0.639333 0.658250 0.644000 0.656750 0.646667 0.654750 0.647333 0.652250 0.646667 0.643250 0.644667 0.639000 0.641667 0.635250 0.638000 0.633000
0 0.634667 0.653500 0.633000 0.650750 0.631000 0.649000 0.626333 0.647750 0.613333 0.650250 0.609000 0.651750 0.606667 0.654500 0.607000 0.658000 0.611000 0.660000 0.623667 0.660750 0.631333 0.658500 0.634000 0.655750
0 0.600000 0.630750 0.598667 0.633250 0.598667 0.636250 0.600667 0.639750 0.605000 0.643000 0.609000 0.648000 0.610333 0.648750 0.613667 0.649250 0.621333 0.648500 0.623667 0.645750 0.624000 0.641750 0.620000 0.635750 0.616667 0.633250 0.607667 0.629000 0.603000 0.629000
0 0.588333 0.635000 0.587000 0.635750 0.585333 0.639500 0.585667 0.651500 0.588000 0.655750 0.594000 0.660000 0.596667 0.660500 0.600000 0.659000 0.601667 0.655000 0.601667 0.649250 0.600667 0.645250 0.598667 0.641250 0.593667 0.636000 0.591667 0.635000
0 0.536667 0.669500 0.537000 0.673500 0.540667 0.679250 0.549667 0.685250 0.555333 0.687000 0.559667 0.687000 0.561333 0.686250 0.562000 0.684750 0.561667 0.679500 0.560000 0.676750 0.556000 0.673250 0.544333 0.668250 0.540000 0.668000
0 0.504000 0.685000 0.501000 0.685250 0.496333 0.688750 0.493333 0.693250 0.493333 0.701750 0.497333 0.705750 0.500000 0.706500 0.503000 0.706250 0.505000 0.704500 0.508000 0.698000 0.509000 0.693500 0.508333 0.689000 0.506333 0.686000
0 0.431667 0.707250 0.429667 0.708500 0.426667 0.712500 0.426000 0.720750 0.427000 0.723750 0.430667 0.730000 0.435000 0.732750 0.437000 0.732750 0.439667 0.732000 0.443333 0.728500 0.444000 0.726250 0.444000 0.719500 0.440000 0.712000 0.435333 0.707750
0 0.619000 0.679750 0.618333 0.682750 0.619333 0.685000 0.628000 0.692500 0.632000 0.694250 0.638667 0.695750 0.643667 0.695250 0.647000 0.694000 0.648000 0.691750 0.648000 0.688500 0.647000 0.686500 0.639333 0.680000 0.634667 0.678500 0.628333 0.677750 0.622667 0.678000
0 0.611667 0.697000 0.608333 0.698000 0.606667 0.699250 0.605333 0.701500 0.604667 0.704500 0.605000 0.712500 0.607333 0.717250 0.611667 0.720250 0.616333 0.721000 0.619333 0.720000 0.622000 0.717250 0.622667 0.714500 0.622000 0.706250 0.619333 0.701000 0.615333 0.697750
0 0.646000 0.703250 0.641000 0.703000 0.637667 0.704000 0.634000 0.707000 0.630333 0.712750 0.629000 0.719500 0.629333 0.724250 0.631333 0.727750 0.634000 0.729750 0.637000 0.729750 0.639333 0.729000 0.643333 0.724250 0.647000 0.717000 0.648333 0.711750 0.648333 0.707500 0.647667 0.704500
0 0.665667 0.720500 0.661667 0.721000 0.658333 0.723250 0.654333 0.728500 0.652667 0.733500 0.652333 0.742000 0.653000 0.744750 0.654333 0.746750 0.658333 0.748750 0.661333 0.748500 0.663333 0.747500 0.669333 0.739750 0.670667 0.735750 0.671000 0.729000 0.670333 0.725000 0.668667 0.722250
