0 0.658000 0.340500 0.654667 0.340000 0.651667 0.341250 0.646667 0.345500 0.643000 0.352000 0.642667 0.355250 0.643333 0.358000 0.646333 0.360000 0.651000 0.359750 0.655000 0.358250 0.659000 0.352750 0.660667 0.349500 0.661333 0.345000 0.659667 0.341500
0 0.673000 0.332000 0.669333 0.334000 0.667333 0.337750 0.667333 0.342750 0.668667 0.346000 0.673000 0.351000 0.678000 0.354250 0.681000 0.355500 0.685333 0.355000 0.687333 0.353500 0.689000 0.349250 0.688667 0.345250 0.685667 0.338500 0.682333 0.335250 0.678000 0.332500
0 0.697333 0.343500 0.694667 0.344250 0.693000 0.345500 0.690333 0.352250 0.690333 0.361500 0.692667 0.366000 0.697333 0.368750 0.701000 0.369000 0.705000 0.366500 0.707000 0.363000 0.708000 0.359000 0.708000 0.353000 0.706667 0.348750 0.705000 0.346250 0.701667 0.344250
0 0.716333 0.371500 0.713000 0.373500 0.712000 0.375500 0.711667 0.382500 0.712333 0.385750 0.719333 0.397000 0.721667 0.398000 0.725333 0.398250 0.729333 0.395750 0.731333 0.393250 0.732333 0.388750 0.732000 0.384500 0.729000 0.377750 0.726000 0.374500 0.723333 0.372500 0.720667 0.371500
0 0.667333 0.393250 0.666667 0.395500 0.667333 0.397750 0.670000 0.400500 0.674667 0.402250 0.683000 0.403500 0.692667 0.404000 0.698333 0.402500 0.701333 0.400500 0.701667 0.396000 0.698667 0.393000 0.695333 0.391750 0.685667 0.390750 0.674667 0.390750 0.669667 0.391500
0 0.602667 0.353250 0.599667 0.355000 0.598333 0.357250 0.598667 0.365250 0.603000 0.372750 0.607667 0.375500 0.612667 0.375750 0.615000 0.375250 0.617000 0.373500 0.617667 0.370500 0.617333 0.366500 0.615667 0.362250 0.607333 0.354000
0 0.547667 0.348750 0.548000 0.351750 0.549667 0.354250 0.556333 0.358250 0.560667 0.359500 0.568667 0.359750 0.572333 0.358750 0.574000 0.357250 0.574333 0.353250 0.573333 0.352000 0.563667 0.347000 0.559667 0.346000 0.555000 0.346000 0.550667 0.346750
0 0.583000 0.383000 0.580000 0.384000 0.578333 0.387750 0.577667 0.393750 0.579000 0.400750 0.581667 0.404500 0.583667 0.406000 0.588333 0.407000 0.592000 0.407000 0.594333 0.404750 0.595667 0.401000 0.596000 0.396500 0.595333 0.392000 0.592333 0.386750 0.587667 0.383750
0 0.572333 0.396250 0.567000 0.396750 0.561000 0.398500 0.556000 0.401500 0.551333 0.408250 0.550667 0.410500 0.550667 0.413250 0.552333 0.416000 0.556000 0.417250 0.560000 0.417000 0.565000 0.411250 0.569000 0.408750 0.573000 0.404500 0.574333 0.401250 0.574000 0.398250
0 0.589333 0.408750 0.587333 0.407500 0.582667 0.407000 0.572000 0.407750 0.563333 0.414750 0.562667 0.417000 0.564000 0.419500 0.568333 0.421500 0.576000 0.421500 0.583667 0.420000 0.587333 0.416750 0.589667 0.413250 0.590000 0.411000
0 0.635333 0.412500 0.631000 0.413250 0.626667 0.415750 0.623333 0.423750 0.623333 0.430500 0.624000 0.432500 0.626667 0.435000 0.628667 0.435500 0.631667 0.435500 0.633667 0.434500 0.638000 0.431000 0.640333 0.427000 0.641000 0.423500 0.640333 0.416000 0.638333 0.413250
0 0.564667 0.426250 0.560667 0.428250 0.558667 0.431500 0.558667 0.440000 0.559667 0.443250 0.563000 0.448750 0.566333 0.450750 0.569333 0.451000 0.574000 0.448250 0.576667 0.443750 0.576333 0.436000 0.573667 0.430000 0.568667 0.426500
0 0.591667 0.438500 0.587667 0.438500 0.585000 0.439750 0.581000 0.447000 0.581000 0.455500 0.583000 0.459750 0.587000 0.462000 0.588667 0.462000 0.592333 0.460000 0.594000 0.455000 0.594667 0.449250 0.594333 0.442750 0.593667 0.440000
0 0.553000 0.445500 0.549333 0.445500 0.547000 0.447000 0.540333 0.456750 0.539667 0.459750 0.540000 0.466250 0.540667 0.467750 0.544000 0.469250 0.545667 0.469250 0.549333 0.468000 0.553667 0.463250 0.555333 0.458250 0.556000 0.453250 0.555000 0.448000
0 0.552667 0.469750 0.547667 0.470000 0.545000 0.472250 0.541667 0.477750 0.540667 0.481750 0.540667 0.487250 0.542000 0.490250 0.545000 0.492250 0.549333 0.491750 0.552000 0.490250 0.555667 0.485250 0.556667 0.481750 0.556333 0.475500 0.554667 0.471500
0 0.578333 0.477750 0.578667 0.481750 0.580000 0.483250 0.584333 0.484500 0.596667 0.484750 0.605000 0.483250 0.607333 0.482250 0.609000 0.479500 0.609000 0.477750 0.607333 0.475750 0.597667 0.473250 0.589000 0.473250 0.584000 0.474000 0.580333 0.475250
0 0.670667 0.474000 0.668667 0.475250 0.667333 0.477500 0.667333 0.481750 0.669333 0.486750 0.673000 0.491750 0.677000 0.494750 0.682333 0.495750 0.685000 0.494750 0.687000 0.490500 0.686667 0.485500 0.683333 0.479000 0.677667 0.474000
0 0.692667 0.468750 0.689667 0.469750 0.688333 0.471500 0.687333 0.476750 0.688000 0.483250 0.692333 0.488750 0.694333 0.490250 0.697000 0.491250 0.700667 0.491250 0.703333 0.489750 0.705667 0.486750 0.706333 0.484000 0.705667 0.476750 0.703333 0.471500 0.702000 0.470000 0.696667 0.468750
0 0.787000 0.447750 0.784667 0.448750 0.782667 0.450750 0.782333 0.459250 0.783333 0.463000 0.785667 0.467000 0.791000 0.470750 0.795333 0.472000 0.799333 0.469750 0.801667 0.466000 0.802000 0.461250 0.800667 0.455750 0.799333 0.453500 0.794667 0.448750 0.791667 0.447750
0 0.743000 0.519500 0.739667 0.521000 0.736667 0.525250 0.735667 0.529000 0.735667 0.532750 0.737667 0.537500 0.741667 0.542750 0.744000 0.544500 0.747000 0.545500 0.749000 0.545500 0.751333 0.544500 0.755333 0.541000 0.754667 0.533000 0.751667 0.525500 0.748667 0.521500 0.744667 0.519500
0 0.740000 0.547750 0.738667 0.548750 0.737333 0.551750 0.737333 0.557250 0.738333 0.561500 0.739667 0.564250 0.743333 0.568750 0.745333 0.569500 0.748667 0.569750 0.752000 0.568000 0.752667 0.566000 0.752667 0.563250 0.750000 0.553000 0.748667 0.550500 0.746000 0.548250 0.744000 0.547500
0 0.656667 0.547250 0.653333 0.548250 0.649667 0.552250 0.648333 0.556500 0.648000 0.564250 0.650000 0.569500 0.654333 0.571750 0.658000 0.572000 0.661667 0.570500 0.663333 0.569000 0.665000 0.564500 0.665333 0.555500 0.662667 0.548750 0.660000 0.547500
0 0.658000 0.519000 0.654333 0.519250 0.650000 0.521750 0.646667 0.525750 0.645000 0.529250 0.644333 0.532250 0.644667 0.537000 0.646667 0.540250 0.649667 0.542250 0.654000 0.542000 0.655000 0.541250 0.662667 0.530500 0.663000 0.524500 0.660667 0.521000
0 0.598333 0.541750 0.597000 0.544000 0.597000 0.545750 0.599000 0.549750 0.603667 0.554500 0.608000 0.556750 0.612000 0.558000 0.618333 0.558000 0.620667 0.557250 0.621667 0.555500 0.621667 0.552000 0.620000 0.548500 0.618000 0.547000 0.607667 0.541250 0.600000 0.540750
0 0.592667 0.531000 0.588000 0.531250 0.583667 0.532750 0.579667 0.536500 0.575667 0.541750 0.574333 0.545250 0.574333 0.548500 0.576000 0.551000 0.579667 0.552250 0.583667 0.551500 0.592333 0.545750 0.595667 0.537500 0.595667 0.533250
0 0.564667 0.513500 0.561000 0.516750 0.560333 0.519000 0.560333 0.522000 0.563000 0.529000 0.568333 0.533750 0.572333 0.535500 0.576333 0.535500 0.578333 0.534000 0.579000 0.532000 0.579000 0.527000 0.577000 0.520750 0.574667 0.517250 0.572000 0.515250 0.568333 0.513500
0 0.591667 0.561750 0.587000 0.561750 0.583000 0.563250 0.580667 0.565750 0.579333 0.570250 0.579333 0.577250 0.580333 0.580750 0.584333 0.584750 0.586667 0.585250 0.589667 0.584750 0.591667 0.583250 0.595333 0.576750 0.595333 0.570500 0.594333 0.565500 0.593000 0.562750
0 0.715667 0.509750 0.715000 0.514250 0.717000 0.517500 0.721333 0.522250 0.727667 0.523750 0.732667 0.523750 0.734667 0.522750 0.735667 0.521500 0.736000 0.518000 0.732000 0.512750 0.724000 0.510000 0.716333 0.509250
0 0.637667 0.633500 0.637667 0.636250 0.639333 0.639250 0.644000 0.642250 0.650667 0.644750 0.657333 0.645750 0.661667 0.645500 0.666000 0.644250 0.668000 0.642750 0.668333 0.638500 0.666667 0.636000 0.663333 0.633500 0.657667 0.631500 0.652667 0.630250 0.645000 0.630000 0.641000 0.630750 0.639000 0.631750
0 0.616000 0.648000 0.611667 0.649500 0.609667 0.651500 0.607667 0.656750 0.607667 0.661000 0.608667 0.666500 0.610667 0.670250 0.614333 0.671750 0.619000 0.671750 0.623000 0.669500 0.624000 0.667250 0.624667 0.661750 0.624333 0.654250 0.622000 0.649500 0.620000 0.648250
0 0.587000 0.651250 0.583333 0.653500 0.582667 0.654750 0.582333 0.659000 0.583333 0.663250 0.588000 0.671000 0.594000 0.674500 0.596667 0.674750 0.599000 0.674250 0.600333 0.673500 0.602000 0.669750 0.602000 0.665250 0.599667 0.659250 0.596667 0.655500 0.592000 0.651750
