0 0.599333 0.345750 0.594333 0.345500 0.591333 0.346500 0.588000 0.349250 0.586333 0.352500 0.585667 0.356000 0.586333 0.364000 0.588000 0.367000 0.591333 0.369250 0.595333 0.369250 0.599333 0.367250 0.601333 0.365500 0.603667 0.361250 0.604333 0.352250 0.602333 0.348000
0 0.642667 0.383750 0.639000 0.385250 0.637000 0.388750 0.636333 0.392250 0.636667 0.397500 0.638000 0.402500 0.639667 0.405500 0.642333 0.407750 0.645000 0.408750 0.647667 0.408750 0.650333 0.407750 0.653333 0.404500 0.654000 0.402000 0.653667 0.392000 0.651000 0.387250 0.647000 0.384250
0 0.530000 0.369250 0.525333 0.372500 0.524000 0.376000 0.523667 0.386000 0.524333 0.390250 0.526333 0.394000 0.528667 0.396250 0.531000 0.397000 0.533667 0.397000 0.539000 0.393000 0.541333 0.388000 0.541667 0.383000 0.540000 0.376250 0.537667 0.371250 0.534000 0.369250
0 0.481000 0.344750 0.478000 0.345250 0.475000 0.349000 0.473333 0.353500 0.473333 0.357750 0.474000 0.361250 0.477000 0.366750 0.481333 0.369500 0.484333 0.369750 0.487000 0.369000 0.490000 0.366750 0.491000 0.365000 0.491000 0.353750 0.486000 0.346000 0.483667 0.345000
0 0.489667 0.386500 0.485333 0.386250 0.483000 0.387250 0.477667 0.392250 0.474333 0.401000 0.474333 0.405000 0.476000 0.407500 0.478000 0.408750 0.483000 0.408000 0.488333 0.404250 0.490667 0.400750 0.492000 0.396250 0.492000 0.390750 0.491000 0.387750
0 0.485000 0.414000 0.482667 0.414500 0.481333 0.415500 0.479333 0.419500 0.479333 0.427000 0.481000 0.432500 0.483000 0.435750 0.486333 0.437500 0.490000 0.437500 0.493667 0.435500 0.494667 0.433500 0.495333 0.428750 0.495000 0.422750 0.494000 0.419750 0.491000 0.415000 0.488000 0.414000
0 0.460333 0.411750 0.458333 0.412250 0.455000 0.414750 0.453667 0.419000 0.454000 0.427750 0.455333 0.431750 0.458000 0.435250 0.461667 0.437000 0.465667 0.437000 0.467667 0.436500 0.469333 0.435250 0.471000 0.432000 0.472000 0.428250 0.471667 0.421500 0.469667 0.416000 0.468333 0.414250 0.463667 0.411750
0 0.523000 0.450500 0.523000 0.454000 0.524333 0.456250 0.526000 0.457500 0.530667 0.459000 0.541333 0.459500 0.544333 0.458750 0.547667 0.455250 0.547667 0.452750 0.546667 0.450250 0.544333 0.448250 0.540000 0.446750 0.535000 0.446500 0.530333 0.447000 0.525667 0.448500
0 0.516000 0.471000 0.516000 0.473500 0.517333 0.475500 0.520333 0.476750 0.529333 0.478500 0.533333 0.478500 0.544667 0.476500 0.546333 0.474500 0.545667 0.470000 0.541000 0.468500 0.527000 0.468000 0.518667 0.469250
0 0.646000 0.449500 0.639000 0.450000 0.635000 0.453000 0.633333 0.455250 0.632333 0.460500 0.633000 0.468000 0.634333 0.470750 0.638667 0.473500 0.643333 0.473750 0.647333 0.472500 0.649667 0.470250 0.653000 0.463250 0.651667 0.454500 0.649000 0.451000
0 0.463000 0.469250 0.459667 0.471250 0.457333 0.477750 0.457667 0.482500 0.459000 0.487000 0.461667 0.490750 0.463333 0.491500 0.467333 0.491750 0.470333 0.490000 0.472333 0.486500 0.473000 0.478000 0.470333 0.471250 0.467333 0.469250
0 0.420000 0.454500 0.415000 0.459000 0.413667 0.462250 0.413333 0.467250 0.414000 0.471500 0.415667 0.475250 0.419667 0.477000 0.423667 0.477000 0.428000 0.475000 0.429667 0.471750 0.430667 0.466750 0.429667 0.458750 0.428000 0.456000 0.424667 0.454250
0 0.391667 0.447000 0.389000 0.448000 0.387000 0.451000 0.386667 0.457250 0.388667 0.464250 0.391333 0.468250 0.396000 0.471000 0.399667 0.472250 0.403667 0.472000 0.405333 0.470500 0.406333 0.466750 0.405333 0.457750 0.404000 0.453500 0.402000 0.450250 0.399000 0.447750 0.396000 0.446750
0 0.510000 0.503000 0.508667 0.504000 0.505333 0.508750 0.504333 0.516750 0.505667 0.520750 0.508333 0.524000 0.510000 0.525250 0.514333 0.526250 0.517333 0.524750 0.519667 0.522500 0.522000 0.516250 0.522333 0.509000 0.520000 0.505750 0.517667 0.504000 0.514000 0.502500
0 0.528333 0.509250 0.525000 0.511000 0.523667 0.513750 0.523000 0.517000 0.523667 0.525750 0.525667 0.529750 0.529333 0.532500 0.534000 0.533250 0.536667 0.532750 0.539000 0.529500 0.539333 0.520750 0.538667 0.517000 0.537000 0.513750 0.531333 0.510000
0 0.595000 0.502500 0.591667 0.503250 0.588000 0.506750 0.587333 0.508500 0.587333 0.514250 0.591333 0.521750 0.595000 0.524500 0.596333 0.524750 0.599333 0.523750 0.601000 0.521750 0.602000 0.518250 0.602000 0.509250 0.600333 0.504500
0 0.528667 0.544250 0.526000 0.545000 0.524000 0.547750 0.523667 0.552250 0.524667 0.559000 0.525667 0.561000 0.531333 0.565500 0.533333 0.566500 0.537000 0.566750 0.539000 0.565500 0.540667 0.561250 0.540333 0.556250 0.537333 0.548250 0.532667 0.544750
0 0.486667 0.544250 0.482667 0.542500 0.478000 0.542750 0.471000 0.545000 0.467000 0.547250 0.461667 0.552250 0.459000 0.557250 0.460000 0.560250 0.462667 0.561750 0.467667 0.562000 0.472000 0.561250 0.475000 0.560000 0.482333 0.555250 0.484333 0.553250 0.487000 0.548500
0 0.392667 0.548000 0.390667 0.549250 0.389000 0.551750 0.388333 0.554750 0.388667 0.560000 0.392000 0.567750 0.398667 0.572750 0.400000 0.573250 0.404000 0.573000 0.407667 0.569250 0.408667 0.566500 0.408667 0.562000 0.407000 0.556250 0.404000 0.551250 0.401333 0.549000 0.397333 0.547750
0 0.355333 0.535500 0.352333 0.535500 0.350000 0.536500 0.346333 0.539250 0.344667 0.542250 0.344667 0.553750 0.346333 0.556500 0.350333 0.558500 0.353667 0.558500 0.357333 0.556750 0.359667 0.553000 0.360667 0.549250 0.361000 0.545000 0.360333 0.540500 0.358000 0.536500
0 0.600000 0.736750 0.596333 0.737750 0.594667 0.739000 0.592000 0.743750 0.591000 0.747750 0.592000 0.755750 0.593667 0.759500 0.595000 0.761250 0.599000 0.762500 0.600333 0.762250 0.605667 0.757500 0.607000 0.755500 0.608333 0.749750 0.607667 0.742750 0.605000 0.739250
0 0.629667 0.698250 0.626333 0.698000 0.623333 0.699250 0.618000 0.702750 0.616000 0.705250 0.614000 0.711250 0.614000 0.715250 0.615000 0.717750 0.617333 0.719000 0.619333 0.719500 0.623667 0.719250 0.626667 0.717250 0.630667 0.711500 0.632667 0.704500 0.631667 0.700000
0 0.528667 0.695250 0.525333 0.697500 0.523667 0.701250 0.524000 0.709500 0.525000 0.712000 0.528000 0.715750 0.530333 0.717250 0.534333 0.717500 0.537000 0.716750 0.540000 0.713500 0.541000 0.709750 0.540667 0.705750 0.539000 0.701250 0.536667 0.697750 0.533000 0.695750
0 0.560333 0.653750 0.559333 0.657750 0.560667 0.660250 0.563000 0.663000 0.570333 0.667500 0.579333 0.669750 0.584000 0.669750 0.588333 0.667000 0.588333 0.662750 0.585333 0.657000 0.584000 0.655750 0.577667 0.654000 0.576667 0.653250 0.572000 0.653250 0.569000 0.651500 0.564333 0.652250
0 0.567667 0.639750 0.565667 0.642250 0.566333 0.648000 0.568333 0.651000 0.572333 0.654250 0.576667 0.656000 0.581000 0.656250 0.583667 0.655750 0.584667 0.654500 0.585000 0.650000 0.581333 0.642750 0.577333 0.640250 0.572667 0.638750
0 0.606000 0.638250 0.602667 0.637000 0.599000 0.638500 0.595000 0.638500 0.586667 0.640000 0.583333 0.642500 0.583333 0.646250 0.584333 0.648250 0.587000 0.650500 0.588667 0.650750 0.592333 0.650250 0.599333 0.647750 0.606000 0.643000
0 0.607333 0.619000 0.603333 0.618000 0.599333 0.618500 0.587667 0.626000 0.585000 0.633750 0.585333 0.636000 0.587000 0.637500 0.591667 0.638000 0.599667 0.635500 0.607000 0.629500 0.609667 0.624000 0.609667 0.622250
0 0.559333 0.596250 0.558000 0.600250 0.559333 0.604000 0.563000 0.608500 0.572667 0.612500 0.579333 0.613750 0.583000 0.613250 0.585000 0.612250 0.586000 0.609250 0.586000 0.606500 0.585000 0.603750 0.576000 0.597000 0.574000 0.596000 0.568667 0.595000 0.561000 0.595250
0 0.545333 0.613250 0.543333 0.615750 0.543667 0.618750 0.547333 0.624000 0.556667 0.630500 0.559667 0.631500 0.564000 0.630750 0.566000 0.628500 0.566333 0.626000 0.565333 0.623250 0.561667 0.618250 0.552667 0.613250
0 0.529667 0.623000 0.526000 0.625250 0.525000 0.627000 0.525667 0.634500 0.529333 0.642250 0.532333 0.646000 0.533667 0.647000 0.537667 0.647500 0.542333 0.643000 0.543667 0.638250 0.543667 0.635000 0.541667 0.630500 0.537667 0.624500 0.533333 0.623000
0 0.489000 0.614000 0.486000 0.615500 0.484667 0.619000 0.484667 0.624000 0.486000 0.630250 0.489667 0.634500 0.494000 0.637250 0.498000 0.637250 0.500000 0.635500 0.501333 0.631000 0.501000 0.626500 0.498667 0.618500 0.493667 0.614750 0.491333 0.614000
0 0.465333 0.571750 0.462667 0.572750 0.459667 0.575500 0.459000 0.581250 0.461000 0.593500 0.463667 0.596500 0.467667 0.598000 0.471000 0.597500 0.474333 0.594000 0.476333 0.588750 0.476333 0.584000 0.475333 0.580000 0.472000 0.576750 0.470000 0.573500 0.467667 0.571750
0 0.448000 0.589750 0.443667 0.589750 0.440000 0.591000 0.434667 0.596250 0.431667 0.603000 0.431667 0.605750 0.432667 0.609000 0.435333 0.611000 0.442000 0.609500 0.444333 0.608250 0.450000 0.599500 0.451333 0.595750 0.451333 0.592500 0.450667 0.591250
0 0.452000 0.610750 0.449667 0.612000 0.446333 0.615250 0.445000 0.618750 0.445000 0.623000 0.447333 0.631250 0.451667 0.633500 0.455667 0.634000 0.458667 0.632250 0.460000 0.630250 0.461000 0.626000 0.461000 0.619500 0.460000 0.616250 0.456667 0.611750 0.455000 0.610750
0 0.463667 0.639750 0.461000 0.641750 0.460000 0.644500 0.459667 0.651500 0.460333 0.654500 0.462667 0.659000 0.466333 0.662500 0.468667 0.663500 0.471333 0.663750 0.474333 0.662500 0.476333 0.659000 0.477000 0.655750 0.476667 0.650000 0.475333 0.646500 0.472333 0.642500 0.466667 0.639500
0 0.450667 0.635500 0.447667 0.635250 0.446000 0.635750 0.443333 0.637750 0.440667 0.641500 0.440667 0.650250 0.441667 0.651750 0.443667 0.653000 0.446667 0.652750 0.449000 0.651750 0.452667 0.647500 0.453333 0.639750 0.452667 0.637500
0 0.431333 0.617250 0.428000 0.616750 0.425000 0.617750 0.415667 0.625750 0.414667 0.631750 0.415333 0.634750 0.416667 0.636000 0.420333 0.636750 0.423667 0.635500 0.429000 0.631500 0.433333 0.623750 0.433000 0.618750
0 0.424333 0.598500 0.419667 0.599250 0.416000 0.601750 0.415000 0.603500 0.414000 0.608250 0.414000 0.613500 0.415333 0.618500 0.417000 0.619500 0.420333 0.619500 0.425667 0.615250 0.428000 0.612000 0.428333 0.602500
0 0.400000 0.620750 0.397000 0.622500 0.395000 0.626250 0.396000 0.634250 0.400000 0.641250 0.403667 0.643750 0.408000 0.643750 0.409667 0.643000 0.412000 0.639500 0.412667 0.633750 0.410333 0.627250 0.406000 0.622000 0.403333 0.620750
0 0.361000 0.588250 0.358667 0.587750 0.352667 0.588250 0.348667 0.591250 0.345667 0.595000 0.344000 0.602000 0.344000 0.607500 0.345667 0.611250 0.348000 0.612500 0.350667 0.612750 0.356667 0.610750 0.360333 0.606750 0.363000 0.601000 0.364000 0.596750 0.363667 0.591750
0 0.454333 0.672500 0.449667 0.671750 0.445333 0.672750 0.443667 0.673750 0.440000 0.678500 0.438000 0.683000 0.438000 0.688750 0.440000 0.692250 0.442667 0.692750 0.447333 0.692500 0.451667 0.690250 0.453667 0.686000 0.455333 0.679250 0.455333 0.673500
0 0.442667 0.693500 0.440000 0.694250 0.438667 0.696500 0.438000 0.702000 0.439000 0.709500 0.441333 0.713500 0.444667 0.717000 0.450000 0.719500 0.451667 0.719500 0.455667 0.717250 0.456667 0.714750 0.457000 0.709500 0.456333 0.704750 0.451000 0.696000 0.447667 0.694000
0 0.444000 0.719000 0.441000 0.720000 0.439333 0.722250 0.438333 0.728000 0.439667 0.735250 0.441000 0.737000 0.443333 0.738000 0.446333 0.738000 0.449000 0.737250 0.451000 0.735750 0.452333 0.730000 0.452000 0.724250 0.451000 0.721500 0.448000 0.719000
0 0.360333 0.733000 0.357333 0.732750 0.353667 0.734000 0.350667 0.736500 0.348333 0.740750 0.348000 0.749250 0.348667 0.752000 0.350667 0.756000 0.353000 0.757250 0.357667 0.757000 0.363000 0.753000 0.365667 0.748500 0.366667 0.741000 0.366000 0.736750 0.364667 0.734750
0 0.311000 0.666250 0.309000 0.669250 0.309000 0.671000 0.310000 0.674250 0.313000 0.678750 0.318667 0.682250 0.323333 0.682000 0.325000 0.680750 0.326000 0.677750 0.325667 0.674500 0.324000 0.671250 0.319000 0.666500 0.316000 0.665750
