0 0.447667 0.247750 0.446333 0.251250 0.447000 0.255000 0.454000 0.262500 0.458667 0.265250 0.465000 0.267250 0.467667 0.267500 0.470333 0.266750 0.472333 0.264500 0.472000 0.260500 0.465333 0.252250 0.453667 0.247250 0.450000 0.247000
0 0.325000 0.251250 0.321667 0.251250 0.317667 0.254250 0.314667 0.259000 0.314333 0.263250 0.315000 0.268250 0.317667 0.272500 0.322000 0.274500 0.325667 0.273750 0.327667 0.272000 0.331000 0.265750 0.331667 0.259500 0.330333 0.255250 0.328000 0.252500
0 0.460000 0.305500 0.456000 0.306000 0.454333 0.307250 0.450000 0.313750 0.449000 0.317250 0.449000 0.322000 0.450000 0.325250 0.453333 0.330000 0.455000 0.331000 0.458333 0.330750 0.460333 0.329500 0.464333 0.324500 0.466333 0.318750 0.466333 0.314250 0.465333 0.310000 0.463333 0.307000
0 0.407667 0.322250 0.406333 0.323750 0.405333 0.327000 0.406000 0.334000 0.407333 0.337250 0.412000 0.342500 0.416000 0.344000 0.420667 0.344250 0.423667 0.343000 0.425000 0.340500 0.425000 0.336750 0.422333 0.330500 0.420667 0.328250 0.412000 0.322750
0 0.408333 0.358000 0.403667 0.361500 0.402667 0.367500 0.403000 0.373250 0.408333 0.381000 0.411667 0.383000 0.413333 0.383000 0.416333 0.382250 0.417667 0.381250 0.419667 0.377750 0.419667 0.366750 0.417333 0.360750 0.412333 0.358250
0 0.438333 0.376250 0.436333 0.377000 0.434000 0.379500 0.433000 0.385750 0.434000 0.389250 0.438000 0.396000 0.440333 0.397500 0.443667 0.398000 0.446333 0.396250 0.448000 0.393250 0.448667 0.389750 0.448333 0.384250 0.444667 0.377500 0.443333 0.376500
0 0.479667 0.395500 0.477667 0.396250 0.474667 0.399750 0.473667 0.402500 0.473667 0.407500 0.477667 0.416750 0.481667 0.420000 0.484333 0.420250 0.487000 0.419750 0.490000 0.416500 0.490333 0.407000 0.488000 0.400750 0.484333 0.396500 0.482667 0.395500
0 0.514333 0.377750 0.510000 0.377500 0.505333 0.379000 0.502333 0.380500 0.493667 0.387750 0.491667 0.391750 0.492000 0.396250 0.494000 0.398250 0.497000 0.399250 0.500333 0.399250 0.505333 0.398000 0.514000 0.391750 0.516667 0.388250 0.517667 0.384500 0.517000 0.380000
0 0.437667 0.407500 0.434333 0.407500 0.431000 0.409000 0.426667 0.416500 0.425667 0.420750 0.426000 0.427750 0.427333 0.430000 0.431000 0.432000 0.435333 0.431500 0.440000 0.427750 0.442667 0.423250 0.443333 0.420750 0.442667 0.412250 0.440333 0.408500
0 0.415667 0.430000 0.411000 0.430250 0.408000 0.432000 0.402000 0.439750 0.401000 0.442750 0.400667 0.447500 0.402000 0.451250 0.404667 0.454750 0.407667 0.456000 0.409000 0.456000 0.412667 0.454500 0.416000 0.450250 0.418667 0.444500 0.419333 0.435500 0.418000 0.431750
0 0.329667 0.457250 0.326000 0.457500 0.321667 0.459750 0.317333 0.466750 0.316333 0.470250 0.316667 0.475500 0.318000 0.478250 0.321333 0.480250 0.323333 0.480250 0.326000 0.478500 0.330000 0.472500 0.334000 0.469250 0.335000 0.467500 0.334333 0.461250 0.332667 0.459250
0 0.337667 0.470500 0.333333 0.471250 0.330000 0.474000 0.327333 0.478750 0.328333 0.487500 0.330000 0.490750 0.333667 0.493250 0.337667 0.493250 0.340667 0.492000 0.342000 0.490750 0.343333 0.486250 0.343667 0.479750 0.342667 0.474250 0.341667 0.472750
0 0.323667 0.357000 0.321333 0.357000 0.317667 0.359000 0.316333 0.360500 0.313333 0.368500 0.313333 0.373750 0.314000 0.375500 0.317000 0.379250 0.319667 0.380250 0.322667 0.380250 0.326333 0.378000 0.329000 0.373500 0.329667 0.371000 0.329667 0.361750 0.327333 0.358750 0.325667 0.357500
0 0.297667 0.363750 0.294667 0.365000 0.293333 0.367750 0.293333 0.378000 0.294667 0.381500 0.298333 0.385250 0.303333 0.386500 0.307000 0.385000 0.308667 0.382000 0.309000 0.375750 0.306667 0.368750 0.304000 0.365500 0.302333 0.364250
0 0.213667 0.345250 0.208333 0.345750 0.204667 0.349000 0.202333 0.353250 0.200333 0.360250 0.199333 0.369750 0.200667 0.372500 0.203667 0.374000 0.206333 0.374000 0.209667 0.372750 0.217333 0.363250 0.218333 0.358500 0.217667 0.349500 0.216000 0.346750
0 0.421000 0.485750 0.416000 0.485750 0.414667 0.486250 0.411000 0.489250 0.407667 0.493500 0.407667 0.502000 0.408667 0.506000 0.410667 0.508750 0.414000 0.510250 0.417333 0.510250 0.420667 0.508750 0.424667 0.503750 0.427667 0.497750 0.428000 0.493500 0.427000 0.490500 0.425000 0.487750
0 0.388333 0.510500 0.385333 0.513750 0.385333 0.518750 0.386667 0.522500 0.391667 0.529250 0.398000 0.534000 0.399667 0.534750 0.403000 0.534250 0.404667 0.532750 0.405000 0.527750 0.404333 0.524750 0.401000 0.518000 0.395333 0.512250 0.392667 0.511000
0 0.381000 0.526500 0.378667 0.529000 0.378333 0.533000 0.379667 0.537750 0.384333 0.545000 0.392000 0.549500 0.396333 0.548750 0.398000 0.545750 0.397333 0.538500 0.395000 0.533000 0.388333 0.527000 0.385333 0.526250
0 0.342000 0.500000 0.338667 0.501000 0.337000 0.503000 0.335667 0.508750 0.336000 0.513750 0.337000 0.516750 0.340333 0.520750 0.342333 0.522250 0.346333 0.523000 0.350000 0.521250 0.352000 0.518000 0.353333 0.509000 0.352333 0.505500 0.350000 0.501250 0.345333 0.500000
0 0.329667 0.536500 0.330000 0.539750 0.332000 0.542000 0.337333 0.544250 0.341333 0.545000 0.350000 0.545250 0.355333 0.544500 0.357667 0.543750 0.360667 0.541000 0.360333 0.537500 0.358333 0.534750 0.356667 0.533500 0.352333 0.532500 0.337000 0.532500 0.333667 0.533500
0 0.310667 0.552250 0.305667 0.552000 0.299000 0.554750 0.296667 0.556500 0.293667 0.560250 0.292333 0.563750 0.292667 0.567750 0.294333 0.569750 0.299667 0.570000 0.303000 0.569000 0.310000 0.563750 0.311333 0.562000 0.312333 0.558500 0.312333 0.555250
0 0.255000 0.556000 0.253333 0.557250 0.252000 0.559500 0.252333 0.564750 0.254333 0.569750 0.260333 0.577000 0.263333 0.578250 0.268333 0.577750 0.271000 0.576500 0.272333 0.573250 0.271000 0.565250 0.262667 0.557250 0.259667 0.556000
0 0.256000 0.579750 0.252333 0.581250 0.250333 0.583500 0.249000 0.588250 0.249000 0.592500 0.252000 0.602250 0.256000 0.605750 0.259000 0.607250 0.260667 0.607250 0.264333 0.605500 0.267667 0.600250 0.268667 0.596750 0.268333 0.591500 0.267000 0.587500 0.263667 0.582500 0.260000 0.579750
0 0.368333 0.579000 0.365333 0.580500 0.361667 0.586000 0.360667 0.590750 0.360667 0.596500 0.361667 0.599750 0.364333 0.603250 0.366000 0.604500 0.368667 0.605250 0.372333 0.604500 0.374000 0.603250 0.377667 0.596000 0.378667 0.590750 0.378667 0.587250 0.377333 0.583500 0.373667 0.579500
0 0.376333 0.616250 0.372667 0.616000 0.369333 0.617500 0.364000 0.622750 0.362000 0.626250 0.362333 0.630250 0.364000 0.632000 0.366000 0.632250 0.368667 0.631250 0.373667 0.627500 0.377667 0.619750 0.377667 0.618250
0 0.340333 0.595250 0.338000 0.596250 0.336667 0.598750 0.336667 0.604750 0.338000 0.608750 0.345000 0.618250 0.349667 0.621000 0.354000 0.621500 0.357000 0.619750 0.358333 0.616000 0.358333 0.610750 0.355667 0.603250 0.349000 0.597250 0.342333 0.595000
0 0.403667 0.598500 0.402000 0.600750 0.401667 0.604500 0.403333 0.607750 0.407667 0.612250 0.415667 0.615000 0.423333 0.616250 0.428000 0.615750 0.430000 0.614500 0.431333 0.612250 0.431333 0.610250 0.426000 0.603750 0.421000 0.600750 0.412333 0.598000 0.405333 0.598000
0 0.387667 0.586750 0.384667 0.587250 0.382667 0.589250 0.380667 0.595250 0.380667 0.601750 0.382333 0.606500 0.384000 0.609000 0.388000 0.610750 0.391667 0.610750 0.395000 0.609000 0.397333 0.605750 0.398000 0.603250 0.397667 0.597000 0.397000 0.594750 0.393333 0.590500 0.389333 0.587000
0 0.416333 0.573000 0.415000 0.573000 0.412000 0.574250 0.408667 0.576750 0.407333 0.579000 0.406000 0.589500 0.407000 0.592500 0.409333 0.593500 0.412000 0.593750 0.414667 0.592000 0.420000 0.585000 0.419667 0.575500
0 0.486333 0.601250 0.483333 0.600250 0.478667 0.600500 0.473333 0.602750 0.470333 0.605250 0.465667 0.611250 0.464333 0.615500 0.465333 0.619750 0.467000 0.621000 0.471667 0.621250 0.474333 0.620500 0.481667 0.615250 0.487000 0.607750 0.487667 0.603500
0 0.435000 0.587750 0.431667 0.589000 0.429333 0.591500 0.427667 0.596250 0.427667 0.600000 0.432000 0.610500 0.434333 0.612500 0.436333 0.612750 0.440000 0.611750 0.444000 0.607750 0.445333 0.603250 0.445333 0.596250 0.444333 0.593250 0.442333 0.590500 0.439333 0.588250
0 0.423333 0.639000 0.421667 0.642750 0.422667 0.646000 0.424333 0.647750 0.430333 0.651000 0.435667 0.652750 0.441333 0.653500 0.447000 0.653000 0.450667 0.651000 0.451333 0.649000 0.451000 0.644750 0.449667 0.642750 0.447000 0.641000 0.433000 0.637750 0.426667 0.638000
0 0.417000 0.657000 0.413333 0.657250 0.411000 0.658500 0.408333 0.662250 0.406667 0.666250 0.406333 0.673750 0.407333 0.677750 0.408667 0.679000 0.411333 0.680000 0.412667 0.680000 0.417000 0.677750 0.420667 0.673750 0.422000 0.669750 0.422000 0.661000 0.421000 0.658750 0.419667 0.657750
0 0.443333 0.655000 0.438667 0.655000 0.434667 0.656250 0.430333 0.660750 0.428333 0.666000 0.428333 0.670500 0.429667 0.673250 0.431333 0.674250 0.436333 0.673500 0.440333 0.670250 0.443000 0.666500 0.445333 0.660250 0.445333 0.657000
0 0.529333 0.647500 0.525667 0.648250 0.523667 0.649500 0.520000 0.654750 0.519000 0.658000 0.519000 0.662750 0.521667 0.665750 0.526000 0.666000 0.529000 0.664750 0.531333 0.661500 0.533333 0.655500 0.533333 0.652250 0.532333 0.649500
0 0.370333 0.696750 0.370333 0.701250 0.374000 0.703750 0.377667 0.705000 0.383333 0.705500 0.390333 0.705000 0.397000 0.703500 0.399667 0.701000 0.399667 0.697000 0.398333 0.695500 0.393000 0.693000 0.388333 0.691750 0.383667 0.691250 0.376333 0.691500 0.374000 0.692750
0 0.370000 0.685500 0.368333 0.685750 0.362333 0.688750 0.361000 0.690250 0.358667 0.697750 0.359000 0.701000 0.360667 0.702250 0.363000 0.702250 0.366000 0.700750 0.372000 0.692250 0.373000 0.688500 0.371667 0.686250
0 0.314667 0.656250 0.313333 0.657750 0.313000 0.662750 0.313667 0.665750 0.316000 0.669750 0.321333 0.674500 0.325000 0.675500 0.330000 0.675000 0.331667 0.672750 0.331667 0.666250 0.326667 0.658500 0.321667 0.656250 0.319000 0.655750
0 0.299333 0.651250 0.296000 0.649250 0.291667 0.648250 0.283333 0.649750 0.274000 0.658250 0.273333 0.660500 0.273333 0.666000 0.274000 0.667000 0.277000 0.668250 0.283667 0.668500 0.288333 0.667250 0.294667 0.664000 0.296667 0.662250 0.300333 0.657000 0.300667 0.653500
