0 0.565000 0.347500 0.562667 0.347750 0.559667 0.349250 0.557000 0.351750 0.555667 0.354750 0.555333 0.362500 0.556000 0.365500 0.560333 0.369000 0.564333 0.368500 0.565667 0.367500 0.569333 0.361000 0.569000 0.352000 0.567333 0.349000
0 0.595333 0.292250 0.593000 0.294500 0.593333 0.301000 0.595333 0.305250 0.600667 0.309500 0.603667 0.311000 0.610667 0.312250 0.615000 0.311500 0.616667 0.310000 0.617333 0.305250 0.616333 0.302250 0.614000 0.299000 0.607333 0.294250 0.604000 0.293000 0.599667 0.292000
0 0.651333 0.304250 0.646333 0.304500 0.642333 0.307000 0.638333 0.314500 0.638000 0.320000 0.638667 0.322000 0.641000 0.325750 0.643000 0.327000 0.646333 0.327250 0.649000 0.326000 0.654333 0.319000 0.655000 0.307750 0.654333 0.306000
0 0.821000 0.337250 0.817667 0.338500 0.813667 0.343500 0.813000 0.348000 0.813333 0.357750 0.815000 0.361000 0.816667 0.362500 0.821333 0.364250 0.825667 0.364250 0.831000 0.361500 0.832667 0.358000 0.832667 0.346000 0.827333 0.339500 0.823000 0.337250
0 0.670000 0.367000 0.666667 0.369000 0.664667 0.373000 0.665000 0.380000 0.669000 0.386750 0.672000 0.388750 0.675000 0.389250 0.678000 0.388500 0.680000 0.386000 0.681333 0.380750 0.681000 0.376750 0.680000 0.373000 0.677667 0.369000 0.674000 0.367250
0 0.603667 0.321500 0.600667 0.323000 0.598000 0.326750 0.597333 0.330500 0.597667 0.336250 0.599333 0.341500 0.601000 0.343500 0.605667 0.346500 0.608333 0.346750 0.612000 0.345000 0.614667 0.341000 0.615333 0.338750 0.615000 0.330250 0.612667 0.325250 0.611000 0.323250 0.608000 0.321500
0 0.568667 0.346000 0.569333 0.350250 0.573333 0.354000 0.578667 0.357750 0.583667 0.359000 0.590667 0.359250 0.593000 0.358750 0.595667 0.357250 0.596667 0.353000 0.592667 0.348250 0.589333 0.346000 0.581667 0.344250 0.572333 0.344250
0 0.515333 0.345750 0.512667 0.346000 0.509333 0.348250 0.506000 0.353750 0.504667 0.358500 0.504667 0.362750 0.505667 0.366000 0.509000 0.370250 0.513000 0.371000 0.516333 0.369750 0.520667 0.365750 0.523000 0.359500 0.523000 0.352500 0.522000 0.349750 0.518000 0.346250
0 0.544667 0.398000 0.540333 0.397750 0.537333 0.399000 0.534667 0.401000 0.532333 0.404000 0.531333 0.411500 0.531667 0.418000 0.532667 0.420500 0.536333 0.421750 0.541000 0.421500 0.543000 0.420750 0.546000 0.417500 0.548333 0.409750 0.548333 0.403750 0.547333 0.400750
0 0.560667 0.413500 0.556000 0.414000 0.553667 0.415500 0.551000 0.418500 0.548333 0.423250 0.548333 0.432250 0.549333 0.434250 0.552000 0.436750 0.554000 0.436750 0.561000 0.433250 0.564333 0.427250 0.565000 0.422500 0.564667 0.416750 0.564000 0.415500
0 0.565000 0.432750 0.563333 0.433000 0.556667 0.437500 0.553000 0.443000 0.551667 0.446250 0.552000 0.450750 0.555333 0.453250 0.558333 0.453250 0.561000 0.452500 0.562333 0.451500 0.568333 0.443000 0.569333 0.439750 0.569000 0.435000 0.568000 0.433750
0 0.607333 0.430250 0.603000 0.430750 0.600000 0.432750 0.596000 0.439000 0.595000 0.448500 0.596000 0.451000 0.598667 0.452500 0.602333 0.452500 0.606333 0.451500 0.608000 0.450250 0.612333 0.443250 0.613000 0.440500 0.612667 0.434000 0.611000 0.431500
0 0.582000 0.430250 0.577667 0.431250 0.575333 0.433500 0.574000 0.437500 0.574000 0.445000 0.574667 0.448250 0.578000 0.452250 0.580000 0.453500 0.584333 0.454750 0.587667 0.453000 0.589000 0.451000 0.590000 0.447000 0.590000 0.441250 0.589000 0.435000 0.587333 0.432000 0.585000 0.430500
0 0.576333 0.457250 0.572333 0.462250 0.572000 0.469000 0.572667 0.472500 0.576333 0.478750 0.579333 0.480750 0.583333 0.480750 0.584667 0.480000 0.586000 0.477000 0.586667 0.471250 0.586333 0.466250 0.584000 0.460750 0.580333 0.457750
0 0.631667 0.458500 0.628000 0.458500 0.619667 0.461250 0.618000 0.462250 0.614000 0.470000 0.613333 0.474500 0.615333 0.478500 0.618333 0.480000 0.620333 0.480250 0.624333 0.479500 0.628333 0.476250 0.632333 0.471500 0.634000 0.466250 0.634000 0.461750
0 0.646667 0.469500 0.642667 0.471250 0.641000 0.474250 0.639667 0.478250 0.640000 0.485500 0.642000 0.492000 0.646667 0.494750 0.651333 0.495000 0.654333 0.493750 0.656667 0.490500 0.658000 0.483000 0.657667 0.477750 0.656333 0.473750 0.654667 0.471250 0.650333 0.469500
0 0.662333 0.446750 0.661667 0.447500 0.661667 0.450750 0.662333 0.452000 0.672667 0.459750 0.678667 0.461750 0.685333 0.462500 0.687333 0.461250 0.688667 0.459500 0.688333 0.456000 0.687667 0.454500 0.685333 0.452500 0.678000 0.448750 0.671333 0.446250 0.665333 0.446000
0 0.631000 0.430000 0.631333 0.432500 0.634667 0.435250 0.638333 0.436250 0.645667 0.437000 0.656000 0.436250 0.658667 0.435250 0.662000 0.432500 0.662000 0.430500 0.659667 0.427000 0.655000 0.424250 0.651000 0.423500 0.642000 0.423500 0.637000 0.424250 0.632333 0.426750
0 0.537000 0.462750 0.534667 0.463500 0.532333 0.466000 0.531667 0.470500 0.532000 0.478250 0.533333 0.481000 0.537667 0.485000 0.540000 0.486000 0.542667 0.486000 0.545000 0.484750 0.546000 0.482500 0.546333 0.473250 0.545667 0.468250 0.544667 0.466250 0.541667 0.463750
0 0.564667 0.497000 0.560000 0.497000 0.556333 0.498750 0.554667 0.501500 0.553667 0.506000 0.553333 0.510750 0.554667 0.515750 0.556000 0.517750 0.560333 0.520000 0.564000 0.519250 0.565667 0.518250 0.568667 0.514250 0.569667 0.510750 0.570000 0.505000 0.569333 0.501000 0.568000 0.499000
0 0.583333 0.505750 0.580333 0.507500 0.579000 0.509500 0.578667 0.514750 0.579333 0.518000 0.582667 0.523000 0.587000 0.526500 0.591333 0.526500 0.592667 0.525000 0.593667 0.520250 0.593333 0.513500 0.592333 0.509750 0.588333 0.506500
0 0.669000 0.502000 0.665333 0.504000 0.664000 0.506250 0.662667 0.512000 0.662667 0.518250 0.664000 0.522500 0.666333 0.525750 0.669667 0.528250 0.673667 0.528750 0.676667 0.527250 0.678667 0.525000 0.679667 0.521750 0.679667 0.514000 0.678333 0.508750 0.675667 0.505250 0.672333 0.502500
0 0.725000 0.528750 0.720000 0.528750 0.712000 0.532500 0.709333 0.536750 0.706667 0.539000 0.705333 0.541250 0.706000 0.544750 0.708333 0.546750 0.716667 0.546750 0.724333 0.541250 0.727000 0.537500 0.728000 0.534500 0.728000 0.532250
0 0.752667 0.582250 0.749667 0.581500 0.744667 0.582000 0.735333 0.587500 0.731667 0.593500 0.730667 0.596750 0.731000 0.601250 0.732333 0.603500 0.735000 0.605500 0.736333 0.606000 0.741333 0.605750 0.747667 0.603000 0.750000 0.601000 0.753000 0.596750 0.756667 0.589500 0.756000 0.584500
0 0.670000 0.598500 0.666667 0.601750 0.665667 0.604750 0.666000 0.610250 0.668000 0.615500 0.673333 0.621250 0.677000 0.622250 0.681333 0.621750 0.685000 0.619750 0.686333 0.616000 0.686333 0.610750 0.684667 0.605250 0.683000 0.602750 0.677333 0.598750 0.674667 0.598000
0 0.631333 0.579500 0.629667 0.579500 0.627000 0.580750 0.622667 0.587250 0.621333 0.593000 0.621333 0.597750 0.622667 0.603000 0.627000 0.606250 0.630667 0.606000 0.632333 0.605000 0.635000 0.600500 0.636000 0.596250 0.635333 0.587000 0.632667 0.581000
0 0.631667 0.552500 0.628333 0.551500 0.623333 0.552000 0.618333 0.554000 0.613333 0.557250 0.610333 0.560500 0.609000 0.564250 0.609000 0.568750 0.610667 0.570500 0.618000 0.571000 0.622000 0.570250 0.624667 0.569000 0.631667 0.562500 0.633667 0.559250 0.634000 0.555500
0 0.595000 0.528000 0.590333 0.532500 0.589667 0.535750 0.590000 0.542000 0.591667 0.546750 0.595000 0.552750 0.598000 0.554000 0.600333 0.554250 0.603667 0.552750 0.605333 0.549000 0.606000 0.544250 0.605667 0.536750 0.604667 0.533000 0.600333 0.528750 0.598000 0.528000
0 0.591000 0.583250 0.588000 0.581750 0.582667 0.580500 0.579333 0.580500 0.572333 0.582500 0.565333 0.585500 0.562667 0.587500 0.561333 0.590750 0.561667 0.592750 0.564333 0.595250 0.568667 0.596250 0.573333 0.596250 0.584000 0.593750 0.588667 0.591250 0.591000 0.587250
0 0.579333 0.557000 0.576667 0.558000 0.575333 0.559750 0.576333 0.565500 0.580333 0.576500 0.583333 0.579250 0.591667 0.582750 0.595333 0.579250 0.596667 0.576000 0.596333 0.571250 0.593000 0.564250 0.588000 0.560000 0.583667 0.557750
0 0.560000 0.532250 0.557333 0.533500 0.554667 0.536250 0.552333 0.541500 0.552333 0.548000 0.554000 0.552500 0.555667 0.554500 0.561333 0.555500 0.564667 0.554500 0.568000 0.550750 0.569000 0.548500 0.569333 0.540500 0.568000 0.536500 0.566000 0.533750 0.563667 0.532500
0 0.560000 0.607000 0.557000 0.608250 0.554333 0.611000 0.552333 0.620250 0.553667 0.627000 0.556000 0.631500 0.559333 0.632500 0.561667 0.632500 0.564333 0.631500 0.568667 0.627250 0.570000 0.622000 0.570000 0.617000 0.568000 0.610500 0.564333 0.607750
0 0.608333 0.648000 0.603667 0.648500 0.600667 0.650500 0.598000 0.654500 0.596667 0.658000 0.595667 0.665250 0.596333 0.670750 0.598000 0.674250 0.603333 0.677250 0.607000 0.677000 0.609667 0.674750 0.613000 0.669250 0.614667 0.663250 0.614667 0.657250 0.613000 0.651750 0.612000 0.650000
0 0.600333 0.688250 0.595000 0.687750 0.590000 0.688750 0.587333 0.689750 0.578667 0.696000 0.575333 0.701500 0.575333 0.706000 0.577333 0.708750 0.579667 0.709500 0.585000 0.709250 0.591667 0.707000 0.593667 0.705500 0.601000 0.697000 0.602000 0.694000 0.602000 0.690750
0 0.512000 0.622250 0.509000 0.623000 0.506667 0.626250 0.505000 0.631500 0.504667 0.635750 0.505667 0.639250 0.510000 0.647000 0.513667 0.648750 0.516667 0.647000 0.519667 0.642750 0.521333 0.635250 0.521333 0.631000 0.520667 0.627250 0.519667 0.625750 0.514667 0.622500
