0 0.432000 0.301250 0.428333 0.299750 0.423333 0.299500 0.415333 0.301250 0.408667 0.303750 0.400333 0.310000 0.400000 0.311500 0.401333 0.314000 0.403667 0.315250 0.406333 0.315750 0.411667 0.315750 0.419000 0.314250 0.427667 0.311000 0.432333 0.306250 0.432667 0.302250
0 0.518000 0.372500 0.513333 0.372500 0.509333 0.374500 0.507333 0.377500 0.505667 0.384250 0.505667 0.393000 0.506667 0.396000 0.508667 0.399000 0.513000 0.400750 0.517333 0.399500 0.520000 0.397250 0.522000 0.394500 0.523667 0.389500 0.524000 0.381000 0.523000 0.376750 0.521667 0.374500
0 0.534333 0.368000 0.531000 0.369500 0.528667 0.372750 0.528667 0.379250 0.531667 0.389250 0.536667 0.393250 0.538667 0.393250 0.542333 0.392000 0.544667 0.388000 0.545333 0.385000 0.545000 0.376500 0.543667 0.373250 0.540333 0.369500 0.537667 0.368000
0 0.559667 0.388000 0.556000 0.390000 0.553667 0.393000 0.552000 0.398000 0.551667 0.402250 0.553000 0.408250 0.555333 0.411750 0.557333 0.413000 0.561000 0.413250 0.567000 0.408750 0.568667 0.403750 0.568667 0.397000 0.567667 0.393000 0.565667 0.390250 0.561667 0.388000
0 0.493667 0.475000 0.489333 0.477000 0.487333 0.479250 0.486000 0.482500 0.485667 0.489000 0.487000 0.493500 0.489333 0.497000 0.492000 0.498750 0.496667 0.499000 0.499667 0.497750 0.501333 0.495000 0.503333 0.490000 0.503333 0.485250 0.501333 0.478750 0.498000 0.475250
0 0.501667 0.433250 0.496333 0.432750 0.493667 0.433500 0.486667 0.439750 0.484667 0.446250 0.484667 0.451000 0.486333 0.454750 0.489333 0.456500 0.494667 0.456500 0.497667 0.455500 0.502333 0.451250 0.504333 0.447750 0.505667 0.442750 0.505667 0.438750 0.504000 0.435250
0 0.454000 0.438250 0.449667 0.439000 0.446667 0.442000 0.445000 0.447250 0.444667 0.455000 0.446667 0.460000 0.451333 0.463500 0.455333 0.464000 0.459667 0.461500 0.462000 0.458250 0.463333 0.455250 0.463667 0.447750 0.459667 0.439750 0.457333 0.438750
0 0.382333 0.439000 0.382333 0.441750 0.383333 0.444000 0.389667 0.446250 0.404000 0.446750 0.409667 0.445500 0.412667 0.443250 0.412667 0.438500 0.404000 0.435000 0.392667 0.434500 0.385333 0.436750
0 0.441333 0.502500 0.441667 0.506000 0.443000 0.507500 0.455333 0.510500 0.466667 0.510500 0.474667 0.508000 0.476667 0.505750 0.476000 0.502500 0.475000 0.501250 0.466667 0.497750 0.463333 0.497250 0.454000 0.497000 0.451000 0.497500 0.443667 0.499750 0.442000 0.501000
0 0.374333 0.529500 0.374333 0.532750 0.375667 0.534500 0.378667 0.536250 0.384667 0.537750 0.391000 0.537750 0.401000 0.536750 0.404333 0.535750 0.406667 0.533250 0.406333 0.529750 0.404667 0.527750 0.395667 0.525500 0.382667 0.525500 0.377333 0.526750
0 0.565000 0.520000 0.561000 0.520500 0.556333 0.522750 0.551000 0.528250 0.548333 0.532750 0.549000 0.537000 0.550667 0.538250 0.552667 0.539000 0.556333 0.539000 0.559667 0.537750 0.566333 0.530000 0.567333 0.527000 0.567333 0.523750 0.566667 0.521750
0 0.522000 0.554500 0.518000 0.554750 0.514000 0.557000 0.511667 0.561000 0.510333 0.565750 0.510333 0.569500 0.512667 0.576250 0.514000 0.578000 0.517667 0.580500 0.520667 0.580250 0.522333 0.579500 0.525667 0.575750 0.527333 0.571500 0.527333 0.560500 0.525667 0.556750
0 0.416667 0.554500 0.411667 0.554500 0.408333 0.556000 0.400667 0.564750 0.398667 0.568750 0.398333 0.573250 0.401000 0.575750 0.405000 0.576500 0.409000 0.575500 0.413000 0.573000 0.417000 0.568750 0.419333 0.564000 0.419667 0.559250 0.419000 0.556500
0 0.430667 0.598500 0.431000 0.601750 0.435333 0.605250 0.447667 0.608500 0.451000 0.608500 0.459667 0.607000 0.465667 0.604500 0.467333 0.603250 0.468000 0.601500 0.468000 0.599000 0.464000 0.595000 0.459667 0.593750 0.454000 0.593000 0.446000 0.593000 0.439667 0.593750 0.433000 0.596000
0 0.488667 0.591500 0.486333 0.590250 0.482000 0.590500 0.477667 0.591750 0.471667 0.594750 0.470000 0.596000 0.468667 0.598250 0.468333 0.603250 0.469000 0.604250 0.471000 0.605000 0.475000 0.605250 0.482000 0.602250 0.487000 0.598500 0.488667 0.596250
0 0.540000 0.586250 0.536333 0.587500 0.533333 0.591000 0.532667 0.594250 0.533000 0.599250 0.534333 0.604750 0.536667 0.608750 0.540000 0.611250 0.544667 0.611750 0.548333 0.609000 0.550667 0.605750 0.551667 0.603250 0.551667 0.597500 0.550000 0.592750 0.546667 0.587750 0.544667 0.586500
0 0.518000 0.614000 0.514333 0.615250 0.512000 0.617250 0.510000 0.622500 0.510000 0.625750 0.511000 0.630500 0.513667 0.635500 0.517667 0.637750 0.521333 0.637750 0.524333 0.635500 0.527333 0.631500 0.528000 0.625250 0.525667 0.617750 0.521667 0.614250
0 0.506000 0.627750 0.502333 0.626750 0.494000 0.626750 0.486000 0.629500 0.477000 0.634000 0.475667 0.635250 0.474333 0.637750 0.475000 0.640750 0.478333 0.643000 0.484333 0.643250 0.490667 0.642500 0.498667 0.640000 0.501667 0.638000 0.506000 0.633250 0.507000 0.630750
0 0.445667 0.609500 0.443667 0.608250 0.434667 0.607500 0.425000 0.610750 0.423333 0.611750 0.421000 0.615250 0.420667 0.619000 0.421333 0.620000 0.424667 0.621750 0.429667 0.622000 0.435000 0.621000 0.438333 0.619750 0.444333 0.615750 0.446333 0.612250
0 0.325667 0.642500 0.324667 0.644750 0.324667 0.647250 0.329333 0.652500 0.332000 0.654500 0.345333 0.660250 0.350333 0.660250 0.354333 0.658750 0.354333 0.653500 0.351667 0.649250 0.343000 0.643000 0.338667 0.641500 0.334667 0.641000 0.330333 0.641000
0 0.399000 0.697500 0.396333 0.699500 0.395000 0.701500 0.395333 0.705750 0.398667 0.710250 0.408667 0.717500 0.414667 0.718250 0.419000 0.717500 0.420667 0.714750 0.420667 0.711500 0.419667 0.708750 0.416667 0.704750 0.405000 0.698000 0.402333 0.697250
0 0.494000 0.652500 0.489667 0.655250 0.487333 0.658500 0.486667 0.669250 0.489333 0.673750 0.493667 0.675750 0.497333 0.675750 0.500000 0.674250 0.502667 0.670000 0.503667 0.663000 0.503333 0.660000 0.502333 0.657500 0.500000 0.655750 0.498667 0.653500 0.497667 0.652750
0 0.521333 0.707250 0.517667 0.707000 0.514000 0.708500 0.509000 0.713500 0.508000 0.716250 0.507667 0.722250 0.508000 0.724750 0.509000 0.726250 0.510667 0.727000 0.514333 0.727500 0.517333 0.726000 0.522333 0.721000 0.524000 0.715500 0.524000 0.711500 0.523333 0.709250
0 0.591333 0.698250 0.587333 0.698250 0.584667 0.700000 0.581667 0.704250 0.580333 0.708000 0.580000 0.714000 0.581000 0.716750 0.583333 0.719750 0.586667 0.721000 0.591667 0.720500 0.594667 0.717750 0.596667 0.713500 0.596667 0.704250 0.594000 0.700250
0 0.581000 0.732500 0.579333 0.734000 0.578667 0.736250 0.579000 0.742250 0.580333 0.746500 0.583333 0.749500 0.586000 0.750250 0.589000 0.750250 0.592000 0.748750 0.592667 0.746750 0.592667 0.740000 0.591667 0.737000 0.589667 0.735000 0.584667 0.732250
0 0.514000 0.737500 0.511667 0.739750 0.511000 0.742250 0.511000 0.747750 0.513000 0.752250 0.518333 0.757750 0.521667 0.759250 0.526000 0.759250 0.529000 0.757750 0.530333 0.754500 0.530333 0.750500 0.528667 0.744750 0.527000 0.742500 0.521667 0.738500 0.518333 0.737500
