0 0.368000 0.423750 0.369667 0.427750 0.372000 0.429250 0.379000 0.431750 0.384000 0.432750 0.393000 0.432250 0.395667 0.430500 0.397000 0.428500 0.396333 0.424000 0.393333 0.422500 0.388667 0.421500 0.376667 0.421000 0.371000 0.422000
0 0.480667 0.516000 0.477333 0.517500 0.476000 0.520000 0.475000 0.524500 0.475667 0.529500 0.477000 0.533500 0.478667 0.535750 0.482000 0.538000 0.486333 0.538750 0.490000 0.537750 0.491333 0.536250 0.492667 0.530500 0.492333 0.525250 0.491000 0.521750 0.487667 0.517750 0.485333 0.516500
0 0.482333 0.548250 0.479000 0.551250 0.478000 0.553000 0.477667 0.560250 0.479000 0.562750 0.481667 0.565500 0.487000 0.565750 0.490000 0.564000 0.491000 0.561750 0.491000 0.553250 0.489333 0.550250 0.487000 0.548250
0 0.505000 0.544000 0.501667 0.544750 0.498000 0.548250 0.497000 0.552000 0.497000 0.558500 0.499333 0.564750 0.501333 0.567250 0.505000 0.569000 0.509333 0.569250 0.511667 0.568500 0.514333 0.565500 0.515000 0.561500 0.514667 0.554000 0.512667 0.548250 0.509000 0.545500
0 0.540000 0.549250 0.537000 0.552000 0.537000 0.554500 0.540333 0.561250 0.545667 0.565000 0.548667 0.566250 0.553333 0.566500 0.555667 0.565500 0.557000 0.563750 0.557000 0.560000 0.554667 0.556000 0.545333 0.549500 0.543000 0.549000
0 0.518000 0.602250 0.517667 0.605000 0.520667 0.611750 0.523333 0.614000 0.524667 0.616500 0.529000 0.619500 0.533667 0.622000 0.537333 0.622250 0.540333 0.619750 0.537667 0.611000 0.534333 0.608500 0.528667 0.602250 0.524667 0.600750 0.521000 0.600500
0 0.534333 0.622250 0.531000 0.621250 0.525667 0.621250 0.518000 0.624500 0.516333 0.626750 0.516667 0.631000 0.518000 0.633000 0.522333 0.633750 0.527000 0.632750 0.529667 0.631750 0.536333 0.627500 0.536667 0.626250
0 0.542667 0.632000 0.540667 0.630750 0.537667 0.630250 0.533667 0.630750 0.529667 0.633250 0.523000 0.636000 0.517667 0.640500 0.517000 0.642000 0.517000 0.646250 0.517667 0.647500 0.521667 0.649250 0.528333 0.649000 0.533667 0.647500 0.539000 0.643500 0.543333 0.638250 0.544000 0.634000
0 0.494333 0.649750 0.490333 0.649500 0.486667 0.651000 0.481667 0.655250 0.479000 0.658750 0.477667 0.662750 0.477667 0.667500 0.478667 0.669750 0.482333 0.671750 0.487333 0.671250 0.489667 0.669750 0.491000 0.668000 0.496000 0.658000 0.496667 0.655000 0.496000 0.652000
0 0.442333 0.616500 0.440333 0.617250 0.438667 0.618750 0.436333 0.625750 0.436333 0.629250 0.438000 0.636250 0.440000 0.640000 0.443000 0.643000 0.447333 0.643500 0.450000 0.642000 0.452000 0.639500 0.453333 0.631500 0.453000 0.627250 0.451667 0.623250 0.449000 0.619500 0.445333 0.617000
0 0.398667 0.587500 0.399667 0.591000 0.401000 0.592250 0.408333 0.594750 0.413000 0.595500 0.421333 0.595500 0.427000 0.594250 0.431667 0.592250 0.434333 0.588750 0.434333 0.587500 0.432333 0.585250 0.424667 0.581750 0.419333 0.580750 0.413000 0.580750 0.405000 0.582000 0.400333 0.584750
0 0.372333 0.585750 0.368667 0.587250 0.367000 0.589750 0.365333 0.595750 0.365333 0.601250 0.368000 0.609000 0.371000 0.611500 0.372667 0.612250 0.374333 0.612250 0.377667 0.611250 0.381667 0.607000 0.382667 0.598250 0.382000 0.593000 0.379667 0.588500 0.377000 0.586500
0 0.389667 0.610000 0.388333 0.611500 0.388000 0.616000 0.392333 0.622000 0.395667 0.624250 0.403000 0.626500 0.405333 0.626500 0.407667 0.625500 0.409000 0.623500 0.408333 0.619500 0.404000 0.612500 0.401667 0.610750 0.396000 0.609250 0.392333 0.609000
0 0.293667 0.595750 0.294000 0.599750 0.295333 0.601000 0.306333 0.603750 0.315333 0.603500 0.323333 0.600250 0.325000 0.599000 0.326333 0.596750 0.326333 0.595000 0.323667 0.592750 0.318667 0.590750 0.313000 0.590000 0.306000 0.590250 0.298667 0.591750 0.294333 0.594500
0 0.372333 0.652250 0.369667 0.653250 0.368333 0.654500 0.367667 0.660500 0.368667 0.664500 0.376000 0.675000 0.380333 0.677500 0.385000 0.677250 0.388000 0.675250 0.389000 0.673750 0.389333 0.668000 0.388333 0.663000 0.385667 0.658250 0.378333 0.653750 0.374000 0.652250
0 0.361333 0.682000 0.357000 0.682250 0.353333 0.685000 0.351000 0.689000 0.348333 0.696750 0.348333 0.699250 0.349333 0.702500 0.353000 0.704500 0.357333 0.704000 0.359000 0.702750 0.362000 0.698750 0.364667 0.693250 0.365333 0.690750 0.365000 0.686750 0.363333 0.683750
0 0.403000 0.681500 0.399333 0.681250 0.397000 0.682000 0.392667 0.685000 0.389667 0.689250 0.387667 0.695000 0.387333 0.698250 0.388333 0.702500 0.391667 0.705250 0.393333 0.705500 0.397000 0.704500 0.401000 0.702000 0.404333 0.698250 0.406000 0.693000 0.406333 0.686000 0.404667 0.682250
0 0.401000 0.703000 0.396000 0.704250 0.392667 0.706000 0.389333 0.713250 0.389000 0.722500 0.389667 0.724750 0.391667 0.728000 0.395667 0.730000 0.400667 0.729250 0.405000 0.725250 0.407333 0.717000 0.407333 0.711750 0.406333 0.708000 0.404000 0.704500
0 0.499000 0.361000 0.496667 0.361500 0.493333 0.364000 0.489667 0.369750 0.488000 0.374000 0.487667 0.379000 0.488333 0.381500 0.490333 0.384500 0.493333 0.386000 0.497667 0.384500 0.502000 0.380500 0.504000 0.377750 0.505667 0.372500 0.505000 0.365000 0.502333 0.361750
0 0.521667 0.342750 0.517667 0.343750 0.516000 0.345750 0.514667 0.353000 0.515333 0.360000 0.518000 0.365500 0.521667 0.368000 0.524667 0.369000 0.527000 0.369000 0.529333 0.368250 0.531667 0.364750 0.533000 0.357250 0.532667 0.353500 0.530000 0.345250 0.526000 0.343250
0 0.451333 0.346250 0.447333 0.348750 0.446333 0.350500 0.445667 0.354750 0.446667 0.360250 0.450000 0.365750 0.454000 0.370250 0.458333 0.372500 0.462333 0.372500 0.466333 0.370750 0.467667 0.368500 0.468000 0.364000 0.466667 0.357000 0.464333 0.352500 0.459333 0.348250 0.455333 0.346750
0 0.423000 0.328750 0.420333 0.330250 0.419000 0.333500 0.418667 0.338750 0.419333 0.342250 0.423333 0.349500 0.430000 0.354250 0.431333 0.354750 0.435667 0.354750 0.437333 0.353750 0.440000 0.349500 0.440000 0.345500 0.437000 0.337000 0.435000 0.334000 0.431000 0.330250 0.427667 0.329000
0 0.530333 0.381250 0.525667 0.381750 0.521667 0.383750 0.517333 0.388000 0.515667 0.395250 0.515667 0.401250 0.517000 0.404250 0.520667 0.405750 0.525000 0.405750 0.529000 0.404000 0.530333 0.402500 0.534667 0.392250 0.535000 0.384750 0.533667 0.382750
0 0.540000 0.392750 0.538000 0.394000 0.534000 0.399250 0.534000 0.406500 0.536333 0.413000 0.539333 0.415500 0.542000 0.416000 0.544333 0.415250 0.547000 0.412250 0.549000 0.403250 0.548333 0.399250 0.545667 0.394750 0.542000 0.392750
0 0.572667 0.401000 0.568333 0.401000 0.566667 0.401750 0.564000 0.404500 0.563000 0.407750 0.563000 0.416250 0.565000 0.420250 0.567667 0.422250 0.573667 0.421000 0.576667 0.416750 0.577333 0.412750 0.577000 0.404250 0.576333 0.403000
0 0.573333 0.422500 0.570333 0.423000 0.567000 0.425250 0.564667 0.427500 0.562333 0.431750 0.560667 0.439000 0.561000 0.443500 0.563667 0.447250 0.567333 0.448500 0.569333 0.448500 0.572000 0.447500 0.576333 0.444250 0.580000 0.435000 0.580000 0.431000 0.579000 0.427250 0.576667 0.424000
0 0.610667 0.454000 0.607667 0.456000 0.605667 0.460250 0.605000 0.463500 0.606000 0.470500 0.607667 0.474000 0.610333 0.477250 0.614667 0.479750 0.617667 0.479750 0.619667 0.479250 0.621333 0.478000 0.623000 0.475500 0.623667 0.471250 0.623000 0.463250 0.619667 0.457250 0.617667 0.455500 0.615000 0.454250
0 0.522000 0.444750 0.520333 0.445500 0.519000 0.447250 0.519000 0.452000 0.520000 0.455250 0.525667 0.462750 0.529667 0.465000 0.533000 0.465000 0.535000 0.463750 0.536667 0.459750 0.536667 0.455500 0.531667 0.446750 0.529333 0.444750 0.526333 0.444250
0 0.558667 0.476000 0.556667 0.475250 0.552667 0.475250 0.549000 0.476000 0.544667 0.478000 0.540000 0.481750 0.536333 0.486000 0.535667 0.491000 0.537000 0.493500 0.540333 0.495250 0.545000 0.494750 0.547667 0.493000 0.552333 0.491250 0.557667 0.487000 0.560000 0.483750 0.560667 0.480250 0.560333 0.477750
0 0.466333 0.477500 0.463333 0.476750 0.459667 0.476750 0.455000 0.477750 0.447333 0.485500 0.445333 0.492500 0.446000 0.499000 0.447000 0.500500 0.451667 0.501000 0.458333 0.500000 0.461667 0.495500 0.466333 0.491000 0.468333 0.484750 0.467667 0.478750
0 0.467000 0.502750 0.464667 0.501500 0.461667 0.501000 0.455333 0.501000 0.447333 0.502000 0.439667 0.506750 0.438333 0.509000 0.438333 0.510500 0.440000 0.512000 0.443000 0.513000 0.455000 0.513500 0.459000 0.512750 0.466667 0.508500 0.467667 0.507000
0 0.438333 0.516250 0.435333 0.517000 0.431000 0.521000 0.430000 0.524500 0.430000 0.530250 0.431000 0.534000 0.433000 0.536750 0.436000 0.538750 0.440667 0.539250 0.444000 0.538250 0.445333 0.536750 0.447333 0.532500 0.448000 0.525000 0.444333 0.518000 0.442333 0.516750
0 0.370333 0.508000 0.368333 0.508000 0.363667 0.510500 0.360667 0.513750 0.359333 0.517250 0.358667 0.522000 0.359000 0.529250 0.361333 0.533000 0.364667 0.534500 0.369000 0.534250 0.372667 0.532500 0.374667 0.529000 0.375667 0.525250 0.376333 0.517500 0.373667 0.509500
0 0.350000 0.442250 0.345000 0.442500 0.339333 0.447250 0.337333 0.451250 0.337000 0.458750 0.337667 0.463000 0.339667 0.466500 0.342333 0.468000 0.346667 0.468000 0.350333 0.466500 0.355333 0.458000 0.356000 0.455750 0.355333 0.447750 0.354000 0.445500
