0 0.326667 0.478750 0.324000 0.486000 0.325000 0.487500 0.330333 0.490750 0.341333 0.493000 0.350333 0.492500 0.355000 0.490750 0.356333 0.487250 0.356333 0.486000 0.355000 0.484000 0.353000 0.482500 0.345667 0.479750 0.343333 0.478250 0.337333 0.476750 0.331667 0.476750 0.327667 0.477750
0 0.349333 0.444250 0.345333 0.444500 0.341333 0.446000 0.336667 0.450750 0.335000 0.454750 0.333667 0.463500 0.335667 0.467000 0.337000 0.468000 0.341667 0.468250 0.343000 0.467750 0.348333 0.464000 0.351333 0.459750 0.352333 0.455750 0.352333 0.449250 0.351667 0.446250
0 0.340333 0.398500 0.337333 0.399500 0.335000 0.404250 0.335000 0.409250 0.337000 0.417000 0.338333 0.419250 0.342000 0.422000 0.349667 0.422500 0.352667 0.420250 0.354333 0.416500 0.354333 0.412000 0.353333 0.408500 0.350333 0.403750 0.342333 0.398500
0 0.361667 0.422000 0.359667 0.423750 0.358667 0.428000 0.358667 0.431750 0.360667 0.439250 0.366000 0.444500 0.369000 0.445750 0.373000 0.445750 0.376000 0.443750 0.377667 0.440250 0.376667 0.432750 0.374667 0.427750 0.372667 0.425000 0.370333 0.423250 0.365000 0.421750
0 0.385667 0.412000 0.384333 0.412750 0.383000 0.416000 0.383333 0.423500 0.384667 0.427000 0.387000 0.429500 0.392333 0.432750 0.396333 0.432750 0.397667 0.432000 0.399333 0.428250 0.399333 0.423500 0.397667 0.418500 0.396000 0.416000 0.392000 0.413000 0.388333 0.411500
0 0.373667 0.395250 0.368667 0.395500 0.360667 0.400000 0.357333 0.404500 0.356333 0.407750 0.356667 0.412250 0.358667 0.414500 0.360667 0.415000 0.365000 0.414500 0.369667 0.412250 0.373000 0.409750 0.376667 0.401000 0.376000 0.397500
0 0.363667 0.360500 0.360667 0.361500 0.356333 0.368750 0.355667 0.373750 0.356667 0.377250 0.359667 0.381250 0.362333 0.382750 0.365333 0.383250 0.369333 0.380500 0.372000 0.376750 0.373667 0.369250 0.372667 0.365000 0.370333 0.362250 0.367333 0.360750
0 0.439667 0.485250 0.435000 0.485750 0.431000 0.488000 0.426667 0.493500 0.424667 0.500750 0.425000 0.506500 0.427000 0.509250 0.431000 0.511750 0.435333 0.511500 0.437333 0.510250 0.441333 0.506250 0.444667 0.501250 0.445333 0.498750 0.445000 0.490500 0.443000 0.486750
0 0.439667 0.424250 0.435000 0.425000 0.431000 0.427750 0.427333 0.434000 0.426667 0.437750 0.427333 0.442500 0.428000 0.444000 0.431667 0.446000 0.435333 0.445500 0.437000 0.444500 0.440000 0.441000 0.443000 0.435500 0.443333 0.431250 0.441333 0.425750
0 0.473667 0.438750 0.472333 0.439750 0.471000 0.443500 0.471333 0.448750 0.473000 0.455250 0.478000 0.462750 0.480667 0.464250 0.483000 0.464750 0.486333 0.462750 0.487667 0.459750 0.487667 0.454000 0.486000 0.448000 0.482333 0.441750 0.477667 0.439000
0 0.455000 0.404000 0.451667 0.405000 0.449333 0.407500 0.448333 0.411250 0.448333 0.416250 0.449667 0.420250 0.453000 0.424750 0.455333 0.426750 0.458667 0.428000 0.462333 0.426250 0.465333 0.423250 0.466667 0.418500 0.466667 0.414000 0.464000 0.407000 0.459000 0.404500
0 0.506667 0.355250 0.504333 0.355250 0.501000 0.356250 0.494333 0.362500 0.493000 0.364500 0.492333 0.368500 0.490333 0.372250 0.489667 0.377000 0.490333 0.378250 0.493667 0.380250 0.497667 0.379750 0.506333 0.374750 0.510000 0.369250 0.512333 0.360500 0.511000 0.357250
0 0.442667 0.381000 0.440333 0.384250 0.441000 0.388500 0.443000 0.392000 0.447000 0.396250 0.456000 0.400500 0.464000 0.401250 0.466667 0.400250 0.468667 0.397250 0.468333 0.394750 0.465333 0.389500 0.461000 0.386000 0.460000 0.384250 0.459000 0.383500 0.455000 0.382500 0.451000 0.380000 0.447667 0.380000
0 0.454667 0.354000 0.450333 0.356750 0.448333 0.360750 0.448667 0.369750 0.451333 0.377500 0.455000 0.380500 0.459667 0.381750 0.463000 0.380500 0.466000 0.375500 0.467000 0.371500 0.467000 0.364500 0.466000 0.361000 0.464000 0.358500 0.458667 0.354500
0 0.435333 0.357500 0.431000 0.357500 0.426000 0.360500 0.423333 0.369000 0.423667 0.373250 0.425000 0.376500 0.426333 0.378250 0.431000 0.381000 0.434667 0.380500 0.436667 0.379250 0.439667 0.373250 0.439667 0.363500 0.437667 0.359250
0 0.383667 0.362750 0.381000 0.363500 0.378000 0.366500 0.377000 0.369000 0.377333 0.376500 0.379000 0.381750 0.382333 0.386000 0.385667 0.388000 0.389333 0.388500 0.392333 0.387500 0.396667 0.383250 0.398000 0.378500 0.397667 0.374250 0.395667 0.369500 0.392000 0.365250 0.388667 0.363000
0 0.361667 0.333250 0.358000 0.330250 0.356000 0.329750 0.350333 0.330000 0.341333 0.332500 0.332667 0.337500 0.330000 0.342250 0.330333 0.346250 0.333333 0.348250 0.338333 0.349500 0.342667 0.349500 0.350333 0.347500 0.358000 0.344000 0.360333 0.342000 0.362333 0.338250
0 0.366333 0.345750 0.366333 0.349000 0.367000 0.350250 0.375000 0.355000 0.380333 0.356250 0.385000 0.356250 0.393333 0.354000 0.400333 0.349750 0.401000 0.346000 0.400000 0.345000 0.388667 0.342000 0.377333 0.341500 0.368667 0.343750
0 0.485000 0.248500 0.483000 0.252250 0.483333 0.256500 0.486333 0.260250 0.491333 0.264000 0.498000 0.266000 0.510333 0.265750 0.512667 0.264500 0.513000 0.261000 0.512333 0.259000 0.505333 0.252750 0.499667 0.250000 0.491667 0.247500 0.486667 0.247500
0 0.509667 0.306000 0.505000 0.306500 0.501667 0.309000 0.500333 0.311250 0.497333 0.314000 0.496333 0.318000 0.496667 0.325250 0.497667 0.327500 0.501667 0.329750 0.505667 0.329000 0.506667 0.328000 0.511333 0.319000 0.512333 0.310250 0.511333 0.307500
0 0.502667 0.283750 0.499000 0.284250 0.497333 0.285250 0.493000 0.290500 0.491333 0.295000 0.491333 0.303750 0.492333 0.306500 0.494667 0.308000 0.498000 0.308000 0.499000 0.307500 0.500667 0.304500 0.505000 0.299750 0.506667 0.296500 0.507333 0.292000 0.506667 0.287250 0.505667 0.285500
0 0.404667 0.290500 0.402333 0.292500 0.400000 0.297500 0.400333 0.303250 0.401667 0.306750 0.404333 0.311250 0.408333 0.315000 0.410667 0.315750 0.415000 0.315500 0.418333 0.314000 0.420000 0.311000 0.420000 0.304750 0.418333 0.299000 0.416333 0.295750 0.412000 0.291000 0.409000 0.290250
0 0.388000 0.273500 0.384000 0.275500 0.382333 0.278250 0.381333 0.282000 0.382000 0.290500 0.384333 0.295750 0.387333 0.297750 0.389667 0.298500 0.393333 0.298000 0.396667 0.295250 0.398333 0.289500 0.398333 0.282250 0.396000 0.276000 0.393000 0.274000
0 0.493667 0.386250 0.485667 0.386500 0.475333 0.391250 0.473333 0.392750 0.471333 0.395750 0.471333 0.401000 0.474667 0.403000 0.481000 0.402750 0.486667 0.401000 0.491000 0.397750 0.495000 0.393000 0.495333 0.388000
0 0.286333 0.658000 0.282667 0.657750 0.280667 0.658500 0.275667 0.663250 0.273667 0.666250 0.272333 0.672000 0.273000 0.677500 0.274333 0.680000 0.275667 0.681000 0.278667 0.681750 0.283333 0.680000 0.285000 0.678750 0.288667 0.674000 0.291000 0.665750 0.291000 0.662250 0.288333 0.658750
0 0.366000 0.671750 0.361000 0.670250 0.353333 0.670250 0.349333 0.671250 0.345000 0.671500 0.340333 0.673250 0.335000 0.677000 0.332667 0.680750 0.333000 0.682500 0.337000 0.684250 0.342000 0.685000 0.349333 0.685000 0.357333 0.683250 0.362000 0.681000 0.365333 0.678250 0.366333 0.675250
0 0.315000 0.601500 0.312667 0.603500 0.311667 0.607000 0.312667 0.615500 0.314667 0.619750 0.317667 0.623250 0.322000 0.626250 0.325667 0.627750 0.331000 0.627750 0.334000 0.626250 0.335667 0.622750 0.335667 0.618250 0.333333 0.611750 0.330333 0.607250 0.325333 0.602750 0.320000 0.601000
0 0.384667 0.593000 0.381000 0.595000 0.379333 0.599000 0.380000 0.608000 0.384000 0.615750 0.389000 0.618500 0.392333 0.618500 0.396333 0.617250 0.398333 0.614750 0.399000 0.608750 0.398000 0.603000 0.393667 0.596000 0.389000 0.593000
0 0.445000 0.571000 0.443333 0.569750 0.440000 0.569250 0.433667 0.569250 0.426000 0.570750 0.422000 0.572500 0.418333 0.575250 0.417000 0.577250 0.416333 0.580250 0.419333 0.582750 0.423333 0.583500 0.429000 0.583000 0.438000 0.580750 0.444333 0.577250 0.445333 0.574500
0 0.357333 0.533500 0.353000 0.533500 0.346333 0.537250 0.340667 0.541750 0.338000 0.545000 0.336667 0.548500 0.336667 0.552750 0.338333 0.555000 0.342667 0.555750 0.350000 0.553750 0.357333 0.547000 0.359333 0.542750 0.360000 0.538500 0.359333 0.535500
0 0.299333 0.493500 0.297333 0.494750 0.295333 0.498000 0.294667 0.501250 0.295000 0.505500 0.298000 0.513750 0.300667 0.517250 0.302667 0.518750 0.307333 0.520000 0.311333 0.518500 0.312667 0.515000 0.312667 0.508250 0.311333 0.502500 0.310000 0.499750 0.303667 0.494250
0 0.290667 0.453500 0.289000 0.455500 0.288667 0.458250 0.289333 0.463250 0.290667 0.466500 0.295000 0.471250 0.298333 0.473250 0.302000 0.474000 0.307000 0.473250 0.310000 0.470500 0.310667 0.467500 0.308333 0.461750 0.303333 0.456750 0.300000 0.454500 0.295667 0.453250
0 0.327000 0.466000 0.322333 0.466250 0.318667 0.468250 0.313000 0.469750 0.311667 0.471000 0.310333 0.474000 0.306667 0.476750 0.305667 0.480750 0.306000 0.483000 0.311000 0.486000 0.313000 0.486500 0.316333 0.486000 0.319667 0.483250 0.322667 0.478750 0.327000 0.475250 0.329000 0.471250 0.328667 0.468750
