0 0.498333 0.484000 0.493333 0.484250 0.490000 0.486250 0.486667 0.493750 0.487000 0.498000 0.488667 0.501250 0.490333 0.503250 0.494000 0.505000 0.498333 0.504250 0.501667 0.501000 0.503000 0.498500 0.503333 0.490000 0.502667 0.486500
0 0.352667 0.299750 0.352000 0.303000 0.354000 0.306250 0.361000 0.311000 0.365333 0.312500 0.373000 0.314250 0.382667 0.314500 0.388000 0.313250 0.390000 0.311250 0.390000 0.306000 0.388667 0.304000 0.378333 0.299000 0.369667 0.297250 0.360000 0.297250 0.354667 0.298250
0 0.450667 0.332250 0.446333 0.334250 0.443333 0.338000 0.442333 0.341500 0.442333 0.347500 0.443000 0.350250 0.446667 0.356250 0.451000 0.358750 0.454667 0.359000 0.458000 0.358000 0.461000 0.354750 0.462667 0.350000 0.462667 0.342500 0.461333 0.338000 0.459667 0.335500 0.455000 0.332750
0 0.460333 0.759250 0.458333 0.758250 0.454333 0.758250 0.446333 0.761500 0.439000 0.767250 0.438667 0.771250 0.439667 0.773000 0.442333 0.774000 0.444000 0.774000 0.451333 0.772000 0.456667 0.768000 0.459333 0.765000 0.460333 0.762500
0 0.584333 0.698000 0.580000 0.701500 0.579333 0.704000 0.579333 0.712500 0.581333 0.716750 0.584333 0.719500 0.587333 0.721000 0.591333 0.721000 0.592667 0.720250 0.595667 0.715750 0.596000 0.709000 0.595333 0.705500 0.592667 0.699500 0.591333 0.698000
0 0.528667 0.717250 0.525667 0.719750 0.525333 0.721750 0.527000 0.725500 0.532333 0.731500 0.536333 0.734000 0.540667 0.735250 0.546000 0.735750 0.549000 0.735000 0.551000 0.733000 0.550667 0.728250 0.544667 0.720750 0.541000 0.718750 0.534667 0.717250
0 0.496333 0.514500 0.493000 0.515250 0.491000 0.517250 0.490000 0.521000 0.490333 0.529500 0.492667 0.534500 0.494333 0.536250 0.498000 0.537250 0.502667 0.534750 0.504333 0.533000 0.505667 0.529000 0.505667 0.524500 0.502333 0.517250 0.498333 0.514750
0 0.366000 0.479250 0.364333 0.479250 0.360333 0.481250 0.356000 0.487250 0.354000 0.494750 0.355000 0.499500 0.357667 0.502500 0.361667 0.502500 0.365000 0.500750 0.367000 0.498500 0.371000 0.490750 0.371000 0.482750 0.368667 0.480250
0 0.317667 0.589000 0.314333 0.589750 0.310000 0.594000 0.309000 0.598000 0.309000 0.602250 0.310000 0.607250 0.313000 0.612250 0.315000 0.614000 0.319333 0.615500 0.323333 0.614750 0.326667 0.612500 0.329000 0.607250 0.329000 0.602500 0.328333 0.598750 0.326000 0.593500 0.323000 0.590500
0 0.397000 0.636250 0.396000 0.635500 0.392333 0.634750 0.386333 0.635000 0.376333 0.638500 0.371000 0.642500 0.368000 0.646000 0.367333 0.651000 0.368667 0.653250 0.372667 0.655250 0.381000 0.655000 0.388333 0.652250 0.397000 0.645500 0.398333 0.642250 0.398333 0.639000
0 0.474667 0.595000 0.471333 0.595750 0.469000 0.598750 0.468000 0.602500 0.468000 0.609500 0.470333 0.619000 0.472000 0.620750 0.475333 0.622000 0.479667 0.620500 0.482667 0.617250 0.483667 0.614250 0.484000 0.606250 0.483667 0.602500 0.482000 0.598250 0.479000 0.595750
0 0.490667 0.571500 0.489333 0.572250 0.486667 0.577250 0.486333 0.582750 0.487000 0.588000 0.489333 0.593500 0.493000 0.595500 0.496667 0.595500 0.498667 0.594750 0.500667 0.591500 0.500667 0.579500 0.497667 0.573500 0.494667 0.571500
0 0.529333 0.696000 0.528000 0.697250 0.528000 0.702000 0.534667 0.710250 0.539667 0.713250 0.548000 0.715000 0.552667 0.714250 0.554000 0.712750 0.553333 0.707000 0.552000 0.705000 0.547000 0.701500 0.545333 0.699250 0.537333 0.695500 0.532333 0.695000
0 0.539333 0.601500 0.535333 0.602750 0.533000 0.606000 0.533000 0.614500 0.535000 0.620000 0.537333 0.623500 0.541000 0.626250 0.545667 0.627250 0.550000 0.625000 0.552000 0.622000 0.552667 0.617750 0.551333 0.611500 0.546000 0.603250 0.543000 0.601750
0 0.590000 0.606000 0.587667 0.606000 0.585000 0.607500 0.582000 0.610500 0.580667 0.614000 0.580000 0.617750 0.580667 0.622250 0.582333 0.624750 0.584333 0.626000 0.588000 0.626000 0.591333 0.624750 0.592667 0.623250 0.594000 0.619750 0.594667 0.615750 0.594333 0.611250 0.592667 0.607250
0 0.423667 0.707750 0.420667 0.705500 0.418667 0.705000 0.414667 0.705000 0.407667 0.707500 0.400667 0.712750 0.398667 0.716000 0.399333 0.721000 0.400333 0.721750 0.403667 0.722250 0.408333 0.722000 0.412667 0.720750 0.418667 0.717750 0.423333 0.712500 0.424000 0.710250
0 0.350000 0.700750 0.346333 0.701500 0.342000 0.705250 0.337333 0.713500 0.337333 0.720250 0.338667 0.722750 0.341333 0.725000 0.345333 0.724500 0.349000 0.722750 0.350667 0.721000 0.355000 0.709500 0.355000 0.704500 0.354000 0.702750
0 0.341333 0.729250 0.338333 0.732000 0.336667 0.735750 0.337333 0.743250 0.340667 0.748500 0.344333 0.752250 0.346000 0.753250 0.350667 0.753500 0.354333 0.751750 0.356000 0.748750 0.356000 0.743250 0.354000 0.737000 0.349000 0.730500 0.346000 0.729500
0 0.580667 0.674750 0.578333 0.676500 0.577333 0.679250 0.577333 0.682750 0.579667 0.689250 0.585000 0.694750 0.587667 0.696000 0.591667 0.696000 0.593000 0.694500 0.593667 0.692000 0.593667 0.685500 0.592667 0.681000 0.584667 0.674500 0.582667 0.674250
0 0.540000 0.667500 0.535667 0.669250 0.533667 0.672750 0.533667 0.682250 0.536000 0.687500 0.542000 0.690500 0.545000 0.691000 0.548667 0.689250 0.551667 0.685500 0.552333 0.683000 0.552000 0.677250 0.551000 0.673500 0.547333 0.669250 0.544667 0.667750
0 0.517000 0.644500 0.512667 0.646750 0.510667 0.649500 0.509667 0.653250 0.510333 0.662250 0.513000 0.667500 0.516333 0.670250 0.518667 0.670750 0.522000 0.670250 0.526000 0.665750 0.527333 0.660750 0.527333 0.653750 0.526333 0.650000 0.521333 0.645000
0 0.431667 0.677750 0.427000 0.680750 0.426667 0.686250 0.427333 0.688750 0.430667 0.694750 0.433667 0.697750 0.437667 0.700500 0.440333 0.701000 0.443000 0.700250 0.445000 0.697750 0.445333 0.690500 0.444667 0.687750 0.441000 0.681250 0.436000 0.678000
0 0.479000 0.637250 0.473667 0.637750 0.470333 0.639750 0.468667 0.642500 0.467000 0.648750 0.467000 0.654250 0.470000 0.661000 0.474000 0.663250 0.477667 0.662750 0.480667 0.661000 0.483000 0.658500 0.484333 0.655000 0.484333 0.642750 0.482667 0.639000
0 0.427000 0.634000 0.423333 0.635750 0.422000 0.638250 0.422667 0.649500 0.424000 0.652500 0.427000 0.655250 0.428333 0.655750 0.432667 0.655750 0.435333 0.654250 0.436333 0.652000 0.436333 0.640750 0.435333 0.638000 0.432667 0.635000 0.430667 0.634250
0 0.386000 0.663000 0.383000 0.664500 0.381667 0.667000 0.381333 0.672250 0.382667 0.678250 0.384000 0.681500 0.387333 0.685750 0.389333 0.687000 0.393333 0.687500 0.395667 0.685750 0.397667 0.682250 0.398333 0.678250 0.398000 0.672250 0.397000 0.669750 0.394000 0.666000 0.389333 0.663000
0 0.404333 0.678000 0.401667 0.679000 0.399333 0.680750 0.396000 0.689000 0.396667 0.697750 0.398333 0.701750 0.400667 0.704000 0.403667 0.704750 0.407667 0.703500 0.410333 0.701750 0.413000 0.697750 0.414000 0.693000 0.414000 0.687500 0.412000 0.682000 0.408667 0.679750
0 0.373000 0.315750 0.370667 0.318000 0.370000 0.322250 0.372333 0.330000 0.376000 0.335500 0.380333 0.338500 0.383667 0.339500 0.388000 0.339000 0.389333 0.337750 0.390333 0.334500 0.390000 0.327500 0.388333 0.322750 0.381000 0.316250 0.377667 0.315500
0 0.452000 0.498250 0.448000 0.498750 0.446333 0.499750 0.445000 0.501250 0.442667 0.506500 0.442333 0.510500 0.443000 0.512750 0.444667 0.515500 0.447000 0.517000 0.451667 0.516000 0.454333 0.513500 0.456000 0.510500 0.457000 0.506500 0.457000 0.501750 0.455000 0.499250
0 0.446333 0.448250 0.443333 0.449000 0.440333 0.451750 0.439333 0.454250 0.439667 0.462750 0.441667 0.467250 0.445000 0.471500 0.447667 0.473500 0.450333 0.474250 0.453667 0.474250 0.458000 0.472500 0.459667 0.470250 0.459667 0.460250 0.457667 0.455750 0.453333 0.450750 0.450000 0.448750
