0 0.351000 0.605500 0.350333 0.608250 0.352000 0.610750 0.359000 0.616750 0.361667 0.617750 0.368000 0.618750 0.373000 0.618000 0.374667 0.615250 0.374667 0.612000 0.372667 0.609500 0.365333 0.608000 0.357667 0.603750 0.353333 0.604000
0 0.362000 0.621250 0.360667 0.621750 0.356667 0.626000 0.356000 0.629250 0.356667 0.634500 0.362000 0.642500 0.365333 0.643750 0.369667 0.643500 0.372667 0.641750 0.374333 0.638250 0.374667 0.634250 0.373333 0.627000 0.369000 0.622750 0.365000 0.621250
0 0.396333 0.621500 0.391667 0.621750 0.387667 0.625000 0.384000 0.633500 0.384000 0.640250 0.387000 0.646000 0.389333 0.648000 0.391667 0.649000 0.396000 0.648500 0.398333 0.647000 0.401667 0.643000 0.403000 0.638500 0.402667 0.627000 0.401000 0.624250
0 0.412000 0.624500 0.410000 0.625750 0.409333 0.627000 0.408667 0.632000 0.409333 0.639500 0.410333 0.642750 0.412333 0.645250 0.414667 0.647000 0.417667 0.647250 0.420333 0.646250 0.422000 0.643000 0.423333 0.636000 0.423000 0.632000 0.421333 0.627750 0.419667 0.626000 0.415667 0.624750
0 0.412333 0.592000 0.409000 0.593250 0.407000 0.595250 0.406000 0.601000 0.406333 0.609250 0.408667 0.615000 0.412000 0.617250 0.416333 0.617250 0.419667 0.616000 0.421333 0.613250 0.422667 0.608750 0.422333 0.599500 0.421000 0.595250 0.419667 0.593750 0.416667 0.592250
0 0.436000 0.596750 0.433000 0.599000 0.431000 0.602500 0.430667 0.610750 0.432000 0.615000 0.435667 0.619250 0.439667 0.619750 0.442000 0.618250 0.445000 0.611500 0.445000 0.602750 0.443000 0.599250 0.440000 0.597000
0 0.446667 0.619000 0.443667 0.621000 0.442000 0.623500 0.442333 0.629000 0.446333 0.638000 0.451000 0.640500 0.455333 0.640750 0.458667 0.640000 0.459667 0.639250 0.460333 0.637000 0.460333 0.631500 0.458667 0.626500 0.451333 0.619250
0 0.380333 0.650750 0.377333 0.652500 0.376333 0.654000 0.376333 0.658750 0.377667 0.663000 0.380000 0.666750 0.384333 0.671000 0.388667 0.672500 0.392667 0.672000 0.395333 0.670250 0.396667 0.667000 0.396333 0.663000 0.394667 0.658500 0.387667 0.652250
0 0.478000 0.649000 0.474333 0.650750 0.472333 0.653750 0.471333 0.657000 0.471333 0.663000 0.472000 0.666500 0.474000 0.670500 0.477667 0.673000 0.481333 0.673250 0.483000 0.672750 0.484667 0.671250 0.486667 0.668000 0.487333 0.658500 0.483000 0.649750
0 0.354000 0.670000 0.350667 0.669250 0.345333 0.669500 0.335667 0.673250 0.330667 0.677750 0.329667 0.679500 0.329333 0.682750 0.331000 0.685750 0.334333 0.687750 0.339000 0.687750 0.342667 0.686750 0.348000 0.683500 0.354333 0.678500 0.355333 0.677000 0.356333 0.673000
0 0.380333 0.723000 0.379333 0.725000 0.379667 0.729000 0.384333 0.734250 0.390000 0.736250 0.399333 0.737750 0.405000 0.737750 0.409000 0.735250 0.410000 0.733250 0.409333 0.728750 0.405000 0.724250 0.401667 0.722250 0.396000 0.720750 0.387000 0.720250 0.383333 0.721000
0 0.403000 0.748500 0.400667 0.751000 0.400667 0.754000 0.401667 0.757000 0.406000 0.764250 0.408000 0.765750 0.412667 0.767000 0.419667 0.767000 0.421333 0.764000 0.421333 0.760250 0.419667 0.756000 0.416000 0.752250 0.409333 0.748250 0.404333 0.748000
0 0.390333 0.747500 0.388000 0.745500 0.385667 0.744500 0.382000 0.743750 0.376667 0.744000 0.363667 0.748000 0.361000 0.751000 0.361333 0.754250 0.363333 0.756500 0.365667 0.757250 0.373667 0.757750 0.380667 0.757000 0.385333 0.755250 0.389667 0.752500
0 0.361333 0.250750 0.359000 0.251250 0.357000 0.252500 0.355000 0.255750 0.354667 0.260500 0.357000 0.268250 0.361667 0.275000 0.365000 0.276750 0.369000 0.276750 0.372000 0.275000 0.373333 0.272500 0.373667 0.263750 0.372000 0.259000 0.369333 0.255500 0.365000 0.251500
0 0.407667 0.251500 0.404000 0.247250 0.401667 0.246750 0.392333 0.247250 0.388667 0.249000 0.383000 0.250000 0.377333 0.252000 0.374667 0.255250 0.375000 0.260250 0.380333 0.263000 0.385000 0.263750 0.389333 0.263750 0.395667 0.262500 0.402000 0.260250 0.405000 0.258500 0.407333 0.255250
0 0.434333 0.339750 0.431000 0.340500 0.425667 0.345500 0.425000 0.354750 0.426667 0.361000 0.430000 0.366250 0.432333 0.367500 0.436000 0.367750 0.440333 0.365750 0.442000 0.362500 0.443667 0.356750 0.443667 0.349250 0.443000 0.346000 0.440000 0.342000 0.436333 0.340000
0 0.452333 0.355250 0.449667 0.356750 0.446667 0.360750 0.446667 0.370000 0.449667 0.374000 0.454333 0.377500 0.460333 0.377500 0.464667 0.376000 0.466667 0.373250 0.466667 0.367500 0.464000 0.360250 0.459000 0.356250 0.455000 0.355000
0 0.230667 0.314750 0.225667 0.314500 0.223667 0.315000 0.219667 0.317500 0.216667 0.321750 0.215333 0.330250 0.216667 0.332250 0.219667 0.333750 0.222333 0.333750 0.226000 0.332500 0.229000 0.330500 0.232667 0.326250 0.233667 0.323000 0.233667 0.317500 0.232333 0.315500
0 0.229000 0.408500 0.224333 0.408750 0.219333 0.411250 0.217000 0.414750 0.215667 0.418750 0.215667 0.422500 0.217000 0.426750 0.220000 0.430500 0.224000 0.432500 0.228333 0.432000 0.231333 0.430500 0.234000 0.428250 0.236000 0.424000 0.236333 0.419250 0.235333 0.415000 0.232667 0.410250
0 0.392000 0.414750 0.392000 0.417000 0.395667 0.420500 0.404000 0.422750 0.411667 0.423500 0.420667 0.422750 0.423000 0.422000 0.424333 0.420000 0.424667 0.415250 0.423333 0.413250 0.419667 0.411250 0.412667 0.409750 0.406667 0.409250 0.401333 0.410250 0.393667 0.413000
0 0.440000 0.403500 0.435667 0.404250 0.430667 0.407250 0.428333 0.412500 0.427667 0.415500 0.428000 0.423500 0.429667 0.428750 0.432000 0.431000 0.435333 0.431250 0.440000 0.428250 0.444000 0.419500 0.444333 0.408000 0.443333 0.406000
0 0.420667 0.426000 0.416000 0.427000 0.409000 0.432750 0.407000 0.438000 0.407000 0.440500 0.408667 0.442750 0.413000 0.443000 0.415667 0.442000 0.419667 0.439500 0.422333 0.436000 0.423333 0.433000 0.423333 0.429000 0.422333 0.427000
0 0.416667 0.445000 0.408333 0.445500 0.404333 0.448000 0.403333 0.449500 0.400667 0.458000 0.400667 0.463750 0.402000 0.466750 0.403667 0.468000 0.408667 0.468500 0.412667 0.467750 0.417333 0.463750 0.420333 0.459750 0.421000 0.457250 0.420667 0.449250 0.419667 0.446500
0 0.393333 0.445000 0.388667 0.445250 0.384333 0.448250 0.382667 0.450750 0.381333 0.455000 0.380667 0.460250 0.381333 0.467750 0.383667 0.471750 0.387667 0.473000 0.393333 0.471750 0.396000 0.469750 0.397667 0.467500 0.398667 0.464500 0.399667 0.451250 0.397667 0.447000
0 0.354333 0.471000 0.354333 0.475000 0.359000 0.483000 0.365000 0.487000 0.368667 0.488000 0.373667 0.487750 0.375333 0.485500 0.375667 0.479500 0.373000 0.474500 0.368667 0.471000 0.366000 0.469750 0.361333 0.468750 0.357000 0.468750
0 0.479333 0.462750 0.474667 0.463000 0.470333 0.465500 0.466333 0.472750 0.464667 0.479500 0.465333 0.482750 0.467667 0.484750 0.471333 0.485000 0.474667 0.484000 0.477000 0.482000 0.482000 0.474750 0.483333 0.467250 0.482000 0.464000
0 0.459000 0.484000 0.454000 0.484250 0.452000 0.485000 0.450000 0.487250 0.448000 0.493500 0.447667 0.498500 0.449000 0.501750 0.451000 0.503500 0.453667 0.503500 0.456667 0.502500 0.459667 0.500250 0.461333 0.497750 0.462333 0.494750 0.462333 0.487750 0.461667 0.485750
0 0.404667 0.523000 0.402000 0.524500 0.400667 0.526750 0.400000 0.529500 0.400667 0.535250 0.403333 0.541500 0.406333 0.545500 0.408333 0.546500 0.412667 0.547250 0.416667 0.545250 0.419000 0.541750 0.419667 0.536500 0.418333 0.533000 0.414667 0.528750 0.413000 0.525500 0.408000 0.523250
0 0.395667 0.567500 0.391667 0.567500 0.388667 0.568500 0.384333 0.571750 0.382333 0.579250 0.382667 0.584500 0.384000 0.588250 0.387667 0.590500 0.391000 0.590250 0.395333 0.587750 0.398000 0.584750 0.399667 0.580750 0.400333 0.577000 0.400000 0.572250 0.398333 0.569250
0 0.361333 0.582750 0.359667 0.583750 0.357667 0.587500 0.357667 0.591500 0.360333 0.599750 0.367333 0.605250 0.369667 0.606250 0.373333 0.606750 0.376000 0.604000 0.377333 0.600250 0.377333 0.595750 0.374667 0.587750 0.373333 0.586250 0.365333 0.582750
0 0.349667 0.577500 0.345333 0.577500 0.341000 0.580000 0.338333 0.586250 0.339000 0.592750 0.343333 0.600500 0.346000 0.602000 0.349000 0.601500 0.355000 0.595750 0.356000 0.588250 0.355000 0.583250 0.353333 0.580000
0 0.337000 0.604000 0.333667 0.607000 0.333667 0.611250 0.335667 0.615750 0.338333 0.619000 0.345667 0.623750 0.350000 0.624250 0.352667 0.622500 0.354333 0.619750 0.354000 0.615750 0.349333 0.608250 0.342667 0.604500 0.339000 0.603750
