0 0.580333 0.278750 0.577000 0.281250 0.575667 0.283750 0.575667 0.286750 0.578000 0.294500 0.579667 0.297250 0.582333 0.299500 0.584333 0.300250 0.587667 0.300250 0.590667 0.298500 0.591333 0.297000 0.591333 0.288750 0.588333 0.282500 0.584333 0.279250
0 0.701333 0.356750 0.697333 0.356750 0.690000 0.359750 0.688000 0.361250 0.683000 0.370000 0.683000 0.374500 0.685333 0.377750 0.689667 0.377750 0.693000 0.376250 0.701000 0.369500 0.703667 0.363750 0.703667 0.360250
0 0.630333 0.378750 0.627000 0.381000 0.624333 0.385000 0.623667 0.391250 0.625000 0.397500 0.626667 0.401000 0.630000 0.403250 0.632000 0.403250 0.634667 0.402250 0.637333 0.399500 0.638667 0.394750 0.638667 0.389250 0.636667 0.383250 0.631667 0.379000
0 0.580333 0.383250 0.577000 0.385250 0.575333 0.388000 0.574667 0.391250 0.575000 0.397250 0.578667 0.404000 0.580667 0.405250 0.584333 0.406000 0.587667 0.405000 0.590667 0.401250 0.591333 0.398000 0.591000 0.393250 0.588667 0.387750 0.585667 0.384250 0.584000 0.383500
0 0.602333 0.427000 0.598667 0.428750 0.597000 0.431750 0.597000 0.436500 0.598000 0.440500 0.602667 0.447750 0.606333 0.450250 0.611000 0.451000 0.615667 0.447500 0.616333 0.444500 0.616000 0.437250 0.612667 0.431500 0.607000 0.427500
0 0.512333 0.415750 0.510667 0.414500 0.508000 0.414000 0.501667 0.414500 0.486667 0.422750 0.485667 0.423750 0.484333 0.427500 0.485667 0.432000 0.489000 0.433000 0.496333 0.432750 0.501667 0.431500 0.506000 0.429000 0.510333 0.424500 0.513000 0.420500
0 0.433000 0.485750 0.431000 0.485750 0.427000 0.487750 0.422333 0.492250 0.420333 0.496500 0.419667 0.499750 0.420333 0.506500 0.423000 0.508500 0.427333 0.510000 0.432667 0.508500 0.436000 0.506250 0.439667 0.497750 0.439667 0.493250 0.438000 0.488750 0.436000 0.486500
0 0.502333 0.534000 0.498667 0.534250 0.493000 0.535750 0.484333 0.540250 0.477667 0.545500 0.475000 0.549000 0.475667 0.552500 0.477333 0.554000 0.480333 0.554750 0.484000 0.554750 0.487667 0.554000 0.491333 0.552500 0.499000 0.547500 0.502667 0.543500 0.504667 0.538250 0.504667 0.536500
0 0.553000 0.461250 0.551000 0.463000 0.550000 0.466250 0.550000 0.470750 0.551000 0.474250 0.554000 0.478750 0.556667 0.481000 0.561333 0.481500 0.564667 0.480250 0.567000 0.478000 0.568000 0.471000 0.561000 0.461750 0.557667 0.460750
0 0.583667 0.446000 0.580333 0.446500 0.578667 0.447750 0.575667 0.452000 0.574333 0.455250 0.574000 0.460750 0.575333 0.465500 0.577000 0.467250 0.580333 0.468250 0.584667 0.467750 0.586333 0.466500 0.588667 0.462750 0.589667 0.458500 0.589667 0.453750 0.588667 0.449500 0.586333 0.446750
0 0.637667 0.428250 0.634000 0.427750 0.627333 0.430250 0.622333 0.436750 0.621000 0.441250 0.621667 0.446250 0.622667 0.448000 0.626333 0.449500 0.631000 0.449000 0.638667 0.442250 0.640333 0.437250 0.640333 0.431750 0.639000 0.429000
0 0.650667 0.431000 0.647000 0.432750 0.643333 0.439000 0.643333 0.448250 0.644333 0.451000 0.647000 0.453750 0.654333 0.455250 0.658667 0.452500 0.660000 0.450250 0.661000 0.447000 0.661000 0.440000 0.659000 0.435750 0.655667 0.432250 0.654000 0.431250
0 0.639000 0.466000 0.638000 0.467750 0.638000 0.471250 0.642667 0.476000 0.649667 0.479750 0.654333 0.480750 0.657667 0.481000 0.661667 0.479500 0.662333 0.478500 0.662333 0.474000 0.660667 0.471250 0.653667 0.467000 0.646333 0.465250 0.642000 0.465000
0 0.608333 0.456750 0.603333 0.457250 0.598333 0.461250 0.597000 0.464000 0.596667 0.470500 0.597667 0.474750 0.599667 0.478250 0.603333 0.480250 0.607667 0.480000 0.611000 0.477750 0.613667 0.474750 0.615000 0.471250 0.615000 0.462750 0.612333 0.458750
0 0.606000 0.483250 0.603000 0.483250 0.599000 0.485250 0.597667 0.487250 0.596000 0.492750 0.596000 0.497500 0.597333 0.502000 0.599333 0.504000 0.602667 0.505000 0.604333 0.505000 0.608333 0.503000 0.612000 0.499250 0.613000 0.496750 0.613000 0.492000 0.612000 0.487750 0.611000 0.486000 0.608000 0.483750
0 0.610000 0.507500 0.607000 0.508250 0.603667 0.511750 0.603000 0.513250 0.603333 0.520500 0.607667 0.528500 0.611000 0.530500 0.615667 0.530750 0.618667 0.529750 0.621667 0.526500 0.622333 0.524250 0.622000 0.517000 0.620667 0.513750 0.617000 0.509250 0.614667 0.508000
0 0.573000 0.496750 0.567333 0.496250 0.564667 0.497000 0.559667 0.502250 0.556000 0.508000 0.555333 0.510000 0.556000 0.517500 0.557000 0.519250 0.560667 0.521750 0.564000 0.521500 0.570000 0.518250 0.575333 0.510000 0.577000 0.504750 0.577000 0.500750 0.576000 0.498750
0 0.655000 0.514750 0.650333 0.515250 0.647000 0.517250 0.642333 0.525250 0.642000 0.529750 0.643000 0.534000 0.646333 0.537500 0.649000 0.538250 0.651667 0.538250 0.654667 0.536750 0.659667 0.528750 0.660333 0.523750 0.660000 0.518500 0.659333 0.516750
0 0.705000 0.520750 0.705333 0.523250 0.706667 0.525250 0.709333 0.527000 0.714000 0.528250 0.718333 0.528750 0.726333 0.528500 0.731667 0.527000 0.733333 0.525250 0.733000 0.520500 0.730667 0.518750 0.726000 0.517000 0.721333 0.516500 0.711667 0.516750 0.707667 0.517750
0 0.626667 0.548500 0.623000 0.550500 0.621333 0.552750 0.620000 0.556250 0.619667 0.561000 0.620333 0.565750 0.622333 0.570000 0.626333 0.573500 0.628667 0.573500 0.631667 0.572500 0.635667 0.567750 0.637000 0.564000 0.637000 0.558500 0.635667 0.553750 0.632333 0.549750 0.630667 0.548750
0 0.619667 0.576250 0.616333 0.574250 0.612000 0.573250 0.604000 0.574000 0.596000 0.576250 0.590333 0.580000 0.588667 0.583250 0.589000 0.585000 0.591667 0.587500 0.594333 0.588000 0.600333 0.588000 0.611667 0.586000 0.616000 0.584000 0.620000 0.580500
0 0.650000 0.575250 0.644333 0.579500 0.643000 0.583250 0.642667 0.589000 0.645000 0.596250 0.650000 0.598750 0.654333 0.598500 0.656667 0.596750 0.659333 0.593250 0.660333 0.590250 0.660333 0.583750 0.659333 0.580250 0.655333 0.576250 0.653667 0.575250
0 0.731333 0.621750 0.728333 0.621250 0.720667 0.623000 0.712333 0.626500 0.706000 0.634000 0.705667 0.635500 0.706667 0.639000 0.709000 0.640500 0.714333 0.640500 0.717667 0.639750 0.724667 0.634500 0.732000 0.627750 0.732333 0.622500
0 0.646000 0.616250 0.645000 0.618000 0.645000 0.620000 0.647333 0.623750 0.657667 0.629250 0.668333 0.632000 0.673667 0.632000 0.676333 0.631500 0.678000 0.630500 0.678000 0.626500 0.670000 0.618750 0.665333 0.617250 0.654333 0.615500 0.648667 0.615500
0 0.537333 0.589500 0.533667 0.591500 0.533000 0.593250 0.532667 0.598500 0.533667 0.603500 0.536333 0.608250 0.539000 0.610250 0.541667 0.611500 0.545000 0.611750 0.548000 0.609250 0.549667 0.606750 0.550333 0.601500 0.549333 0.596000 0.546000 0.591250 0.544333 0.590000 0.541667 0.589250
0 0.514000 0.639500 0.511667 0.641250 0.510333 0.644750 0.510333 0.649250 0.511333 0.654000 0.514000 0.659250 0.518000 0.661750 0.521000 0.661750 0.525000 0.659000 0.526667 0.655500 0.527000 0.649250 0.526333 0.647000 0.523667 0.643250 0.521333 0.641250 0.517667 0.639750
0 0.572667 0.665250 0.572333 0.666750 0.574333 0.671000 0.580333 0.676000 0.586000 0.678750 0.595000 0.681500 0.599333 0.681250 0.603333 0.678750 0.603667 0.676250 0.602333 0.673250 0.592333 0.665250 0.585000 0.664000 0.576000 0.664000
0 0.588000 0.681750 0.584333 0.682000 0.580667 0.683500 0.579333 0.684500 0.576333 0.689750 0.575333 0.697750 0.577000 0.701000 0.580000 0.703000 0.583667 0.702750 0.585333 0.701750 0.592000 0.693500 0.592667 0.690750 0.592333 0.685500 0.590333 0.683000
0 0.516667 0.690000 0.516000 0.694000 0.517000 0.695500 0.522000 0.699500 0.527000 0.702250 0.536667 0.704250 0.545333 0.704500 0.549667 0.703250 0.551000 0.701500 0.550667 0.696500 0.545333 0.691500 0.541333 0.689750 0.531667 0.688250 0.523667 0.688250 0.519000 0.688750
0 0.540333 0.718750 0.536667 0.720000 0.535333 0.721750 0.533333 0.726750 0.533333 0.732750 0.534667 0.736750 0.537000 0.740000 0.540667 0.742250 0.544667 0.742500 0.549333 0.739500 0.551000 0.737250 0.552333 0.732250 0.552333 0.726750 0.551667 0.723750 0.549333 0.720000 0.545000 0.718750
0 0.588000 0.718750 0.583333 0.718750 0.580000 0.720250 0.577333 0.727750 0.577333 0.732750 0.578667 0.737250 0.580333 0.739000 0.583000 0.740250 0.586000 0.740000 0.588667 0.738750 0.591000 0.736750 0.593000 0.732250 0.593333 0.724250 0.592667 0.721250 0.591333 0.719750
0 0.607000 0.697000 0.603333 0.699750 0.602333 0.701500 0.601000 0.707250 0.601000 0.713500 0.602000 0.717500 0.604000 0.719500 0.607667 0.721250 0.612000 0.721500 0.615667 0.719500 0.617333 0.716750 0.618333 0.712500 0.618000 0.705000 0.616667 0.701500 0.613667 0.698500 0.611000 0.697250
