0 0.615667 0.304750 0.611667 0.304750 0.609000 0.305500 0.602667 0.310000 0.599667 0.314750 0.598333 0.319000 0.598000 0.322500 0.600000 0.325750 0.602000 0.326250 0.607333 0.325750 0.613333 0.319250 0.616000 0.315250 0.617333 0.311500 0.617333 0.307000
0 0.606000 0.330000 0.603333 0.330500 0.600333 0.334000 0.598667 0.337500 0.598333 0.343000 0.599000 0.346000 0.601667 0.350750 0.604000 0.352750 0.607667 0.353500 0.610667 0.350500 0.612333 0.345750 0.612333 0.336750 0.611000 0.333000 0.608000 0.330250
0 0.631333 0.342000 0.627000 0.342750 0.623000 0.345500 0.620000 0.352750 0.621000 0.358000 0.623667 0.361750 0.626667 0.364250 0.631333 0.364000 0.638333 0.357000 0.638667 0.351500 0.637333 0.346000 0.634333 0.343250
0 0.588333 0.359750 0.583667 0.360000 0.580333 0.361750 0.575667 0.369500 0.576333 0.376750 0.580000 0.380500 0.584667 0.380500 0.590333 0.376500 0.592000 0.374000 0.592667 0.364750 0.591667 0.361750
0 0.584333 0.332750 0.580667 0.333000 0.579333 0.333750 0.575667 0.337500 0.573667 0.341750 0.573000 0.344750 0.573333 0.353250 0.574333 0.355500 0.576000 0.357000 0.580333 0.356500 0.583667 0.354750 0.587000 0.350250 0.588667 0.346250 0.589333 0.343000 0.589000 0.337500 0.587667 0.335250
0 0.561667 0.345250 0.558667 0.345250 0.556000 0.346250 0.554667 0.348750 0.552000 0.358750 0.552000 0.366250 0.553333 0.368750 0.556667 0.370500 0.560000 0.369750 0.565333 0.365250 0.568000 0.361250 0.568000 0.353000 0.565667 0.348000
0 0.536333 0.362250 0.532667 0.364500 0.530667 0.368750 0.530333 0.375000 0.531333 0.381000 0.533000 0.384500 0.536333 0.387000 0.541000 0.387250 0.544667 0.385000 0.546667 0.381500 0.547333 0.376500 0.547000 0.371500 0.545667 0.367500 0.543667 0.365250 0.541000 0.363250
0 0.519333 0.350000 0.517000 0.350000 0.512667 0.352500 0.508667 0.360750 0.509000 0.369000 0.510333 0.371000 0.513667 0.373250 0.518000 0.373250 0.520667 0.372000 0.522667 0.369750 0.524000 0.365500 0.524333 0.356500 0.523667 0.353500 0.522333 0.351250
0 0.565667 0.407500 0.563333 0.407500 0.561000 0.408250 0.556667 0.411250 0.553333 0.415750 0.552000 0.419250 0.552000 0.428750 0.553333 0.431000 0.556667 0.432750 0.560000 0.432500 0.562000 0.431250 0.565000 0.428250 0.569000 0.421250 0.570000 0.417000 0.570000 0.412000 0.568667 0.408750
0 0.542000 0.425750 0.537333 0.426750 0.532000 0.431250 0.530667 0.435750 0.530333 0.441500 0.531000 0.443750 0.533000 0.445000 0.537667 0.445250 0.542000 0.442750 0.544667 0.439750 0.546333 0.435750 0.546667 0.430500 0.545667 0.427500
0 0.599333 0.418750 0.597667 0.420000 0.596667 0.422500 0.596667 0.427750 0.599667 0.435250 0.604000 0.439000 0.607000 0.440500 0.611667 0.441500 0.614667 0.441000 0.616000 0.440000 0.617000 0.437500 0.617333 0.431750 0.616333 0.428000 0.614000 0.423500 0.607000 0.418250 0.602667 0.418000
0 0.643667 0.432500 0.641333 0.433500 0.637333 0.438250 0.636000 0.442750 0.636667 0.447750 0.638000 0.451500 0.641667 0.457250 0.646000 0.459500 0.651000 0.459750 0.654000 0.458750 0.656667 0.455500 0.657333 0.450000 0.655667 0.440750 0.654333 0.437750 0.650000 0.434000 0.646667 0.432500
0 0.665000 0.418500 0.661333 0.420750 0.659667 0.423750 0.659333 0.429750 0.661333 0.436750 0.665333 0.442750 0.666667 0.443750 0.671000 0.445500 0.677333 0.445500 0.679667 0.444000 0.681667 0.440250 0.681333 0.433750 0.679333 0.427000 0.677667 0.424250 0.670333 0.419250 0.666667 0.418250
0 0.685000 0.448250 0.680333 0.448000 0.673667 0.450250 0.668667 0.454000 0.665000 0.458250 0.664000 0.461500 0.664000 0.465500 0.664667 0.467500 0.665667 0.468250 0.671333 0.468500 0.677000 0.467250 0.685000 0.460750 0.687000 0.455750 0.686667 0.450750
0 0.681333 0.501250 0.677333 0.501750 0.673333 0.504250 0.672333 0.506500 0.669333 0.509250 0.666333 0.513750 0.665333 0.516750 0.666000 0.521250 0.669000 0.522750 0.674333 0.522000 0.677667 0.520250 0.680333 0.517500 0.682667 0.513250 0.684333 0.507500 0.683667 0.503250
0 0.682333 0.481500 0.678333 0.481250 0.674333 0.482000 0.668667 0.486000 0.665667 0.489250 0.662667 0.494250 0.662000 0.499250 0.663000 0.501500 0.665667 0.503750 0.670333 0.503500 0.674000 0.501250 0.678000 0.500250 0.679333 0.499000 0.684333 0.490500 0.685000 0.488250 0.685000 0.485000 0.684000 0.482750
0 0.654333 0.498750 0.650000 0.499750 0.647333 0.501750 0.644667 0.508250 0.644667 0.512000 0.646000 0.518250 0.648333 0.521250 0.651667 0.522750 0.654667 0.522750 0.656333 0.521500 0.660333 0.513750 0.660667 0.511250 0.659333 0.502250 0.657000 0.500000
0 0.631000 0.504000 0.628000 0.504000 0.625667 0.505250 0.622000 0.509500 0.620000 0.514750 0.620000 0.518250 0.621333 0.522000 0.626000 0.525500 0.627667 0.525500 0.631333 0.523500 0.635000 0.517500 0.635667 0.509500 0.634333 0.506750
0 0.624667 0.477500 0.622333 0.477750 0.620667 0.480500 0.618667 0.482250 0.617333 0.492500 0.618000 0.499500 0.619333 0.500750 0.623000 0.502000 0.627333 0.500750 0.628667 0.499500 0.631000 0.494500 0.632000 0.490250 0.632000 0.484750 0.631333 0.483000 0.628000 0.479000
0 0.614000 0.484500 0.611000 0.484250 0.607000 0.485250 0.604667 0.486500 0.599000 0.493250 0.597667 0.498000 0.597333 0.502750 0.599000 0.505750 0.600333 0.506500 0.605000 0.506750 0.608000 0.505500 0.613333 0.498500 0.615333 0.494500 0.616333 0.490500 0.616000 0.486250
0 0.550000 0.516250 0.550000 0.518250 0.553000 0.521250 0.555000 0.522250 0.560000 0.523250 0.565000 0.523500 0.575667 0.522750 0.577333 0.522000 0.579333 0.518750 0.579333 0.516500 0.578333 0.514250 0.576000 0.512250 0.567333 0.511000 0.560333 0.511000 0.556667 0.511750 0.551667 0.513750
0 0.602667 0.548750 0.599667 0.549250 0.596000 0.552500 0.595000 0.555000 0.595000 0.563750 0.596000 0.568250 0.598333 0.571500 0.602667 0.574000 0.606000 0.574000 0.608667 0.572750 0.611000 0.568750 0.612000 0.565250 0.612333 0.559000 0.611667 0.556000 0.608000 0.551250 0.605000 0.549250
0 0.588333 0.592750 0.585333 0.593500 0.580333 0.596000 0.578333 0.600000 0.575667 0.603250 0.574667 0.607750 0.575000 0.612250 0.576667 0.615250 0.580000 0.617000 0.585000 0.616500 0.590667 0.611750 0.592333 0.609000 0.593333 0.603250 0.593000 0.597000 0.591667 0.594250
0 0.584000 0.588250 0.582667 0.587250 0.576667 0.585750 0.571000 0.585750 0.563333 0.586750 0.556667 0.589250 0.553667 0.591250 0.552000 0.593750 0.551667 0.596250 0.555333 0.598500 0.559667 0.599500 0.565000 0.599750 0.575667 0.598000 0.578667 0.597000 0.584333 0.592750
0 0.569000 0.631500 0.564667 0.631250 0.560333 0.633250 0.554333 0.638250 0.552000 0.641500 0.550667 0.645000 0.550667 0.649500 0.552333 0.651750 0.558000 0.652250 0.560667 0.651500 0.568667 0.643500 0.571000 0.637250 0.571000 0.634000
0 0.564333 0.650750 0.564000 0.654500 0.567333 0.658000 0.572000 0.660000 0.579333 0.661000 0.591667 0.660250 0.597000 0.657750 0.599333 0.655250 0.599667 0.654000 0.598000 0.650750 0.596333 0.649500 0.590667 0.646750 0.585333 0.645750 0.578333 0.645750 0.566667 0.648500
0 0.630333 0.632750 0.627333 0.634250 0.626000 0.636250 0.624667 0.642500 0.624667 0.648750 0.626667 0.653750 0.629667 0.655250 0.632000 0.655250 0.635667 0.653250 0.638333 0.649250 0.639000 0.646000 0.638667 0.640000 0.636667 0.634500 0.634667 0.633250
0 0.651000 0.609750 0.648667 0.611000 0.645000 0.618250 0.644667 0.626750 0.646333 0.630750 0.650667 0.635000 0.654667 0.635250 0.659333 0.631500 0.661667 0.628250 0.662667 0.625250 0.662667 0.619000 0.659333 0.611500 0.655000 0.609500
0 0.739667 0.613250 0.736667 0.614250 0.735000 0.616000 0.734333 0.618000 0.735000 0.627000 0.736667 0.631250 0.739333 0.633750 0.743333 0.636250 0.745667 0.636250 0.748667 0.634750 0.750667 0.631000 0.751333 0.626250 0.750333 0.619750 0.748667 0.616500 0.747000 0.615000 0.743333 0.613500
