0 0.498667 0.371750 0.496667 0.370500 0.492000 0.369750 0.486333 0.370500 0.477667 0.373250 0.470333 0.376750 0.469333 0.379500 0.470000 0.383000 0.473667 0.385500 0.477667 0.386250 0.483333 0.385500 0.491667 0.383000 0.495333 0.381250 0.499333 0.377750 0.499667 0.374000
0 0.408333 0.385500 0.404333 0.385750 0.400667 0.387000 0.392000 0.392500 0.388667 0.399500 0.389000 0.403500 0.391000 0.405500 0.396333 0.406250 0.404000 0.404000 0.408333 0.400250 0.412667 0.393500 0.412333 0.388500 0.411667 0.387250
0 0.452333 0.400250 0.450667 0.399250 0.447000 0.398500 0.441667 0.398750 0.437000 0.399750 0.431667 0.402250 0.424333 0.408000 0.423667 0.412750 0.425667 0.415750 0.428000 0.417250 0.433667 0.417750 0.439000 0.416750 0.449000 0.412250 0.451667 0.410000 0.452667 0.408250 0.453333 0.403500
0 0.465333 0.414250 0.461667 0.415250 0.458667 0.419250 0.457667 0.423250 0.457667 0.429250 0.458333 0.433000 0.460667 0.437500 0.463000 0.439000 0.466667 0.439500 0.470667 0.438250 0.473000 0.435750 0.474333 0.431750 0.475000 0.423500 0.473667 0.420000 0.470667 0.416250 0.468000 0.414500
0 0.490000 0.408250 0.485667 0.409250 0.481667 0.413750 0.480000 0.418750 0.480667 0.425750 0.482667 0.432000 0.487000 0.434250 0.490667 0.434250 0.493667 0.432000 0.496000 0.428000 0.497333 0.420750 0.497333 0.416500 0.496000 0.412500 0.494000 0.410250
0 0.506333 0.384250 0.504000 0.385250 0.501667 0.389000 0.501333 0.394250 0.502333 0.400750 0.504000 0.404500 0.506333 0.406750 0.510333 0.408750 0.514000 0.409250 0.518333 0.407000 0.519667 0.404500 0.520000 0.399500 0.519000 0.392750 0.518333 0.391250 0.513333 0.386000 0.510333 0.384750
0 0.576667 0.385500 0.575333 0.384250 0.572333 0.383250 0.556333 0.383750 0.549667 0.385000 0.544333 0.388000 0.543667 0.393000 0.546333 0.396000 0.551667 0.397250 0.559667 0.397250 0.568667 0.395500 0.576000 0.392500 0.577333 0.389750
0 0.532667 0.407250 0.529667 0.408000 0.525667 0.412500 0.524333 0.417000 0.524333 0.421000 0.525000 0.423250 0.528000 0.428000 0.531667 0.431250 0.534333 0.431500 0.537667 0.430250 0.542000 0.424500 0.542333 0.415500 0.538333 0.408500 0.536333 0.407500
0 0.524667 0.430000 0.522000 0.429000 0.517333 0.429500 0.509333 0.432750 0.501333 0.438250 0.499667 0.442500 0.499667 0.447000 0.501667 0.449000 0.506000 0.449500 0.510667 0.448500 0.513667 0.447250 0.519667 0.443250 0.523000 0.440250 0.526333 0.435500 0.526333 0.431750
0 0.471333 0.443750 0.467000 0.444250 0.464000 0.445750 0.461667 0.448000 0.460000 0.452250 0.459667 0.459500 0.460333 0.463250 0.462000 0.466250 0.463333 0.467250 0.466000 0.468000 0.471000 0.467250 0.474333 0.464750 0.477000 0.457750 0.477333 0.450750 0.476667 0.447500 0.474333 0.444500
0 0.419667 0.424250 0.416000 0.426750 0.414333 0.429750 0.413333 0.433750 0.413333 0.439500 0.414667 0.444500 0.416333 0.447500 0.420333 0.451250 0.424000 0.452000 0.427667 0.451250 0.430333 0.448000 0.431333 0.442500 0.431000 0.435500 0.430000 0.431000 0.427667 0.427000 0.424000 0.424750
0 0.488667 0.470500 0.485333 0.470750 0.481667 0.473250 0.478333 0.477500 0.477667 0.480000 0.477667 0.487000 0.478667 0.490250 0.482000 0.493250 0.485000 0.494250 0.487000 0.494250 0.491000 0.491500 0.493667 0.486750 0.495000 0.482500 0.495000 0.477000 0.494000 0.474250 0.491000 0.471000
0 0.528667 0.468500 0.525333 0.469500 0.524000 0.471000 0.522333 0.478000 0.522667 0.484250 0.524667 0.490000 0.527000 0.491250 0.531333 0.492000 0.535333 0.491250 0.538000 0.489500 0.539667 0.485500 0.540333 0.477000 0.537333 0.470000 0.533333 0.468750
0 0.394667 0.501250 0.391667 0.502500 0.388000 0.508000 0.387333 0.515500 0.388667 0.521000 0.391667 0.526000 0.395000 0.528000 0.397333 0.528500 0.401000 0.527750 0.404000 0.524750 0.405333 0.521000 0.405667 0.512000 0.404333 0.506750 0.401000 0.502500 0.398000 0.501250
0 0.433000 0.501250 0.430667 0.500750 0.423333 0.501750 0.415333 0.508750 0.413000 0.513500 0.413000 0.517750 0.414000 0.521000 0.415333 0.522250 0.420667 0.522250 0.423667 0.521000 0.429000 0.517250 0.432667 0.512250 0.435000 0.507000 0.434333 0.502500
0 0.395333 0.469750 0.392333 0.470500 0.390667 0.472500 0.388000 0.478750 0.388000 0.483500 0.391000 0.491000 0.393000 0.492750 0.395667 0.494000 0.397333 0.494000 0.401333 0.492750 0.404333 0.490000 0.405667 0.484250 0.405667 0.478500 0.404333 0.474250 0.402333 0.471500 0.399667 0.470000
0 0.358333 0.606500 0.355667 0.606500 0.353000 0.607250 0.348333 0.610750 0.344333 0.618500 0.344333 0.626750 0.347000 0.630500 0.349667 0.632250 0.353333 0.632500 0.357000 0.631250 0.363000 0.622750 0.364000 0.616000 0.363667 0.611500 0.362333 0.608750
0 0.322667 0.614500 0.321667 0.615500 0.320667 0.618750 0.320667 0.624250 0.321667 0.627750 0.324667 0.631750 0.330333 0.637250 0.333333 0.638500 0.337333 0.638250 0.341000 0.635500 0.342000 0.632000 0.341333 0.627750 0.335000 0.618000 0.330667 0.615000 0.327000 0.613750
0 0.442667 0.324250 0.438667 0.326000 0.436000 0.329750 0.435333 0.339000 0.436000 0.341750 0.438667 0.346500 0.441667 0.349000 0.444667 0.349750 0.447667 0.349250 0.451333 0.345500 0.452333 0.341500 0.452333 0.333500 0.450667 0.328500 0.447000 0.325750 0.444000 0.324250
0 0.412000 0.642250 0.410000 0.645250 0.410000 0.648000 0.413000 0.655000 0.416000 0.658000 0.423333 0.663250 0.426667 0.664000 0.432000 0.663250 0.433333 0.661750 0.434000 0.657250 0.429000 0.649500 0.420000 0.642500 0.417333 0.642000
0 0.444333 0.623500 0.442000 0.623500 0.439667 0.624250 0.436667 0.626500 0.431667 0.635000 0.431333 0.640250 0.432000 0.646250 0.434000 0.650750 0.436333 0.652250 0.440000 0.652250 0.443667 0.650250 0.448333 0.643250 0.449667 0.639500 0.450667 0.633750 0.450000 0.627250 0.447333 0.624500
0 0.497333 0.603750 0.495000 0.603000 0.490333 0.603000 0.484667 0.605250 0.482000 0.607500 0.479333 0.608250 0.478000 0.609250 0.475333 0.617500 0.476000 0.622750 0.477667 0.624250 0.482333 0.624500 0.486333 0.623250 0.496333 0.615250 0.499000 0.611250 0.499000 0.606500
0 0.487000 0.587000 0.484667 0.587500 0.482333 0.589000 0.477667 0.594750 0.477000 0.604250 0.479000 0.606500 0.483000 0.606250 0.489000 0.601750 0.491000 0.598000 0.491000 0.590500 0.490000 0.588250
0 0.529667 0.640750 0.526000 0.640750 0.522667 0.642500 0.518667 0.649750 0.518667 0.659000 0.520667 0.662500 0.524667 0.665000 0.528667 0.664500 0.530333 0.663250 0.534667 0.654750 0.535000 0.648250 0.534000 0.643750 0.532667 0.642000
0 0.485000 0.657250 0.483000 0.657750 0.481333 0.659000 0.478000 0.663250 0.477000 0.666500 0.476667 0.674000 0.478333 0.679000 0.482333 0.682500 0.485333 0.683500 0.487333 0.683500 0.490667 0.682250 0.494000 0.677250 0.495333 0.674000 0.495333 0.666250 0.494000 0.663000 0.491000 0.658750 0.488333 0.657500
0 0.564667 0.736000 0.562333 0.737500 0.560333 0.741250 0.560333 0.749250 0.563667 0.756500 0.568333 0.759500 0.573000 0.759750 0.576000 0.758250 0.577667 0.756000 0.579000 0.749750 0.578667 0.743500 0.576667 0.739750 0.572667 0.736750 0.569333 0.735750
