0 0.370667 0.336500 0.370333 0.339250 0.372000 0.343000 0.380333 0.346250 0.386333 0.347500 0.394667 0.348000 0.399667 0.347000 0.402667 0.345250 0.403333 0.340750 0.401667 0.337500 0.400000 0.336250 0.392000 0.333000 0.389000 0.332250 0.376333 0.332750 0.373333 0.333750
0 0.467000 0.367000 0.464667 0.368750 0.463000 0.372000 0.463000 0.377000 0.464333 0.380750 0.469333 0.388750 0.470667 0.389750 0.474000 0.390750 0.478667 0.390000 0.481333 0.388500 0.483000 0.385500 0.483000 0.381250 0.481667 0.376750 0.475000 0.368500 0.471333 0.367250
0 0.518667 0.376750 0.515333 0.377000 0.512000 0.379000 0.509333 0.381750 0.508000 0.385000 0.507333 0.390000 0.508000 0.397750 0.509667 0.401250 0.513333 0.403250 0.518000 0.403250 0.522333 0.401250 0.526333 0.393000 0.526667 0.385250 0.526000 0.383000 0.522667 0.378500 0.521333 0.377500
0 0.386333 0.398500 0.380667 0.399000 0.376333 0.401500 0.374667 0.404000 0.373000 0.409000 0.373000 0.416500 0.374667 0.422000 0.377000 0.424750 0.380667 0.425500 0.385333 0.425000 0.389333 0.423500 0.392000 0.419750 0.393667 0.414500 0.394000 0.408000 0.392333 0.403250 0.390000 0.399750
0 0.446667 0.427500 0.442667 0.428500 0.439333 0.431250 0.438333 0.435500 0.438333 0.444500 0.439000 0.447750 0.441333 0.450500 0.443333 0.452000 0.448333 0.452250 0.450333 0.451750 0.452000 0.450500 0.455667 0.445000 0.456333 0.443000 0.456333 0.437000 0.454667 0.431750 0.453000 0.429750 0.450333 0.428000
0 0.494333 0.420500 0.490333 0.423500 0.489333 0.426250 0.489333 0.435750 0.493000 0.443500 0.498333 0.445500 0.501667 0.445500 0.505333 0.443750 0.506667 0.441500 0.507333 0.436500 0.507000 0.431000 0.502667 0.423750 0.498333 0.420500
0 0.455667 0.457500 0.453333 0.458250 0.447667 0.463000 0.445333 0.468500 0.445000 0.472500 0.446000 0.478000 0.447000 0.479750 0.450667 0.482250 0.455667 0.481500 0.459333 0.478750 0.463667 0.467250 0.462667 0.461750 0.459000 0.458250
0 0.499000 0.454000 0.496333 0.454000 0.493667 0.454750 0.486000 0.463250 0.484667 0.470000 0.485000 0.473750 0.486000 0.476250 0.489333 0.478250 0.491000 0.478250 0.493667 0.477250 0.497333 0.475000 0.502333 0.466500 0.503000 0.458000 0.501667 0.455500
0 0.517333 0.458500 0.513333 0.459750 0.510667 0.462500 0.509667 0.465750 0.510333 0.473750 0.514000 0.479500 0.517333 0.482000 0.522333 0.482750 0.526000 0.480000 0.528333 0.476000 0.528667 0.470250 0.528000 0.466750 0.525667 0.461750 0.522000 0.459000
0 0.473667 0.476500 0.471000 0.477250 0.468667 0.479500 0.466000 0.485000 0.465333 0.491000 0.465667 0.494750 0.467667 0.498500 0.471333 0.500500 0.475333 0.500750 0.479333 0.498250 0.481000 0.495000 0.482000 0.491500 0.482000 0.485000 0.479000 0.478750 0.475333 0.476500
0 0.447667 0.485250 0.444000 0.483750 0.440333 0.483750 0.431667 0.485250 0.427000 0.486750 0.423000 0.489250 0.421000 0.492500 0.420667 0.495500 0.421667 0.497000 0.423333 0.498000 0.428667 0.498500 0.436000 0.497500 0.439333 0.496250 0.446667 0.490000 0.448000 0.487250
0 0.383667 0.480000 0.378333 0.481750 0.376333 0.483750 0.375333 0.486500 0.375000 0.495500 0.376000 0.499750 0.378333 0.503000 0.383333 0.506250 0.386667 0.506500 0.388667 0.506000 0.393333 0.501500 0.394667 0.496750 0.394667 0.492250 0.393667 0.486250 0.390333 0.482000 0.388333 0.480500
0 0.458333 0.521250 0.455333 0.522500 0.453333 0.524750 0.451333 0.531250 0.451333 0.535750 0.454667 0.542000 0.458333 0.544750 0.461667 0.544750 0.464000 0.544000 0.467000 0.541500 0.468333 0.536750 0.468333 0.531500 0.466667 0.524500 0.463667 0.522500
0 0.385000 0.536500 0.380667 0.538500 0.378333 0.541250 0.377667 0.549250 0.379667 0.555500 0.383000 0.560000 0.385000 0.561250 0.389333 0.561750 0.394000 0.560250 0.396667 0.557500 0.397667 0.552500 0.397333 0.547500 0.394333 0.540500 0.389000 0.537000
0 0.494333 0.531000 0.490333 0.534000 0.489000 0.539250 0.489333 0.547250 0.492667 0.553250 0.494000 0.554000 0.498333 0.554000 0.500333 0.552500 0.502667 0.548750 0.503333 0.537500 0.502667 0.534250 0.501333 0.532500 0.498333 0.531000
0 0.435667 0.584000 0.431333 0.584500 0.427333 0.587500 0.424667 0.591250 0.423333 0.596000 0.423667 0.599250 0.424667 0.601000 0.427000 0.602500 0.432667 0.601750 0.435667 0.599750 0.436667 0.598250 0.438333 0.593000 0.438333 0.587250
0 0.447000 0.582750 0.445333 0.583750 0.443667 0.587250 0.443667 0.591500 0.446333 0.599250 0.451333 0.603750 0.453667 0.605000 0.458667 0.605000 0.460667 0.603250 0.461667 0.600250 0.461667 0.595500 0.459000 0.590750 0.458667 0.588250 0.452333 0.583250
0 0.488333 0.580250 0.486333 0.579000 0.482000 0.578250 0.472333 0.578750 0.466667 0.579750 0.461000 0.583250 0.460333 0.584250 0.460333 0.588250 0.463333 0.591250 0.466333 0.592500 0.475000 0.592500 0.479333 0.591500 0.483333 0.589750 0.488000 0.586500 0.489333 0.583750
0 0.526000 0.574750 0.522000 0.574500 0.518000 0.576000 0.514667 0.579500 0.512667 0.583250 0.511667 0.587000 0.512000 0.592250 0.513667 0.595250 0.517000 0.597250 0.522000 0.597000 0.527333 0.592250 0.529000 0.589000 0.529667 0.585250 0.529333 0.578750 0.528333 0.576500
0 0.513000 0.602000 0.509333 0.603500 0.507667 0.607500 0.507333 0.611000 0.509000 0.619750 0.511333 0.622750 0.513667 0.624500 0.516667 0.625500 0.521000 0.625500 0.524000 0.623750 0.526000 0.620000 0.526000 0.613500 0.525333 0.611000 0.522667 0.606500 0.519667 0.603500 0.516667 0.602250
0 0.540000 0.598500 0.536333 0.599750 0.532667 0.603500 0.532000 0.606250 0.532333 0.618250 0.534000 0.622750 0.536000 0.625250 0.540667 0.627750 0.544667 0.627750 0.549333 0.624250 0.550667 0.622250 0.551667 0.619000 0.551333 0.611500 0.549333 0.605250 0.547000 0.601250 0.544333 0.599000
0 0.450333 0.619250 0.447667 0.620250 0.445333 0.623000 0.443667 0.636250 0.444333 0.639750 0.445667 0.641750 0.447667 0.643000 0.452000 0.643500 0.455667 0.641500 0.458000 0.638250 0.459333 0.635000 0.459667 0.630000 0.459000 0.626250 0.456333 0.622250 0.452000 0.619250
0 0.399667 0.606750 0.397000 0.609250 0.396000 0.611500 0.396333 0.616000 0.399667 0.623750 0.407000 0.629250 0.408333 0.629750 0.412333 0.629750 0.415000 0.627250 0.415667 0.624250 0.415000 0.619000 0.413333 0.615500 0.409667 0.610500 0.404667 0.606750
0 0.400000 0.636250 0.396667 0.638750 0.395000 0.642000 0.395667 0.646500 0.401000 0.653750 0.407333 0.658250 0.410000 0.659000 0.416667 0.658500 0.419000 0.656250 0.420000 0.652500 0.419333 0.647250 0.416667 0.642000 0.411333 0.638250 0.404667 0.635750
0 0.318000 0.656750 0.314667 0.658250 0.313667 0.660250 0.313333 0.668000 0.314333 0.673000 0.316333 0.678250 0.320000 0.682750 0.323000 0.684500 0.326333 0.685000 0.329667 0.683500 0.331667 0.681000 0.332667 0.678250 0.332667 0.672750 0.330667 0.666250 0.326000 0.659000 0.323000 0.657250
0 0.400667 0.700750 0.399000 0.703750 0.399333 0.708750 0.403667 0.715000 0.407667 0.719250 0.411000 0.721250 0.415000 0.722500 0.417000 0.722500 0.419000 0.721750 0.420667 0.720000 0.421333 0.715500 0.420333 0.712250 0.415667 0.705250 0.412000 0.702750 0.407000 0.700500 0.403000 0.700000
0 0.447000 0.645250 0.444333 0.646750 0.443000 0.650500 0.443667 0.654750 0.445667 0.659250 0.447667 0.662000 0.451667 0.665000 0.454333 0.666250 0.458000 0.666000 0.459667 0.665250 0.461333 0.662750 0.461333 0.657500 0.459667 0.653000 0.456667 0.649750 0.450667 0.645750
0 0.450667 0.688250 0.447000 0.689000 0.444333 0.692500 0.442333 0.697250 0.442000 0.705750 0.446667 0.712750 0.450000 0.714000 0.452000 0.714000 0.455333 0.712250 0.458667 0.708500 0.459333 0.703250 0.458667 0.698000 0.456000 0.691500 0.453667 0.689000
0 0.435333 0.708250 0.431667 0.708750 0.427000 0.712250 0.422667 0.718750 0.422000 0.721250 0.422333 0.728250 0.423667 0.731000 0.427000 0.733250 0.428667 0.733250 0.435667 0.729000 0.440000 0.721000 0.441000 0.717250 0.440667 0.712000 0.438000 0.709250
0 0.509333 0.680000 0.508667 0.678500 0.506333 0.676750 0.502667 0.675250 0.493667 0.675250 0.487333 0.677000 0.479333 0.680250 0.477667 0.681750 0.477333 0.686250 0.478667 0.687500 0.485667 0.689750 0.498667 0.688500 0.505667 0.686000 0.509333 0.682250
0 0.435333 0.739250 0.430667 0.739250 0.425667 0.742250 0.422667 0.745250 0.420333 0.751750 0.420000 0.761000 0.421333 0.764000 0.423333 0.765500 0.428000 0.764750 0.432000 0.761250 0.436000 0.756500 0.437333 0.751250 0.439000 0.748250 0.439333 0.743750 0.437667 0.741000
0 0.643333 0.601750 0.641000 0.603750 0.640000 0.607250 0.640333 0.616000 0.641667 0.620000 0.644000 0.622500 0.647667 0.624500 0.651667 0.625500 0.655333 0.625500 0.658000 0.624000 0.659667 0.619250 0.659000 0.612750 0.656333 0.606750 0.654333 0.603750 0.651667 0.602000 0.648667 0.601250
