0 0.714000 0.292000 0.712000 0.292000 0.708333 0.293750 0.705000 0.296750 0.703667 0.299750 0.703000 0.305750 0.703667 0.311750 0.705333 0.315250 0.709000 0.317250 0.713667 0.317000 0.717333 0.315000 0.719667 0.311250 0.720667 0.308000 0.720000 0.298750 0.717333 0.293750
0 0.623333 0.321500 0.621667 0.323250 0.621333 0.328500 0.625333 0.338250 0.626667 0.340000 0.630333 0.342500 0.634667 0.343000 0.636000 0.342250 0.637667 0.338750 0.635667 0.330000 0.632333 0.325500 0.630000 0.323500 0.627000 0.322000
0 0.646000 0.357250 0.642667 0.354000 0.639333 0.353250 0.630667 0.353000 0.626333 0.353750 0.618667 0.356750 0.614000 0.360250 0.613333 0.361250 0.613333 0.365250 0.615000 0.367000 0.622333 0.369500 0.630333 0.369000 0.634667 0.367000 0.638000 0.366750 0.641000 0.365750 0.645667 0.361500
0 0.631000 0.370000 0.629667 0.372500 0.630000 0.373750 0.633333 0.377750 0.638000 0.380500 0.642000 0.381250 0.646667 0.381000 0.649667 0.381750 0.652667 0.381750 0.654667 0.381000 0.655333 0.379250 0.655333 0.376500 0.654667 0.375500 0.650333 0.372250 0.646667 0.370500 0.640333 0.368750 0.634000 0.368750
0 0.642667 0.381500 0.639333 0.384750 0.638333 0.388250 0.640667 0.397500 0.643000 0.400500 0.646667 0.403500 0.650333 0.405000 0.654000 0.405000 0.657667 0.403000 0.659333 0.400750 0.659333 0.395250 0.658333 0.391750 0.654000 0.383750 0.647667 0.381750
0 0.650333 0.407000 0.648000 0.408750 0.645667 0.414250 0.645333 0.416500 0.646667 0.423000 0.650667 0.429000 0.654000 0.430500 0.658000 0.430250 0.661000 0.428500 0.662333 0.425750 0.662667 0.418500 0.662000 0.415750 0.658000 0.410500 0.654333 0.407750
0 0.638333 0.405750 0.632000 0.406000 0.629000 0.407000 0.627000 0.408500 0.623000 0.415750 0.622000 0.419000 0.622000 0.423500 0.623667 0.425500 0.627000 0.426250 0.631333 0.425000 0.638667 0.419750 0.640000 0.416500 0.641000 0.408500 0.640000 0.406750
0 0.603000 0.385500 0.599000 0.386750 0.595667 0.390000 0.594667 0.392500 0.594333 0.401000 0.595333 0.405000 0.598000 0.408500 0.599333 0.409500 0.604333 0.411000 0.608333 0.410250 0.612000 0.407000 0.613333 0.404250 0.613333 0.398250 0.611667 0.391750 0.606667 0.386500
0 0.568333 0.385750 0.564333 0.385750 0.560000 0.388250 0.556667 0.393000 0.555333 0.399750 0.555667 0.402750 0.557333 0.406500 0.560000 0.409000 0.564333 0.408500 0.567333 0.407000 0.569667 0.405250 0.572667 0.400500 0.573333 0.392000 0.572000 0.389000
0 0.811000 0.328250 0.805667 0.328000 0.798000 0.329750 0.790667 0.336750 0.789333 0.340250 0.789667 0.345500 0.790667 0.347250 0.794000 0.349250 0.797000 0.349500 0.802667 0.348500 0.811333 0.344250 0.813000 0.341500 0.813667 0.338750 0.813667 0.332500 0.813000 0.330000
0 0.825000 0.385500 0.822333 0.386250 0.820000 0.388500 0.818000 0.393500 0.817667 0.400000 0.819000 0.403500 0.821333 0.406500 0.826000 0.409250 0.830333 0.409500 0.832667 0.408750 0.835333 0.405750 0.836000 0.402500 0.835667 0.396750 0.834000 0.391500 0.831667 0.388000 0.827333 0.385750
0 0.728000 0.442750 0.724667 0.441250 0.720667 0.441500 0.712333 0.447000 0.708000 0.453000 0.706667 0.456000 0.706333 0.459750 0.708333 0.462750 0.710000 0.463250 0.716333 0.463000 0.720667 0.461000 0.723333 0.459000 0.730000 0.448250 0.729667 0.444750
0 0.665667 0.442500 0.662333 0.444750 0.661333 0.446500 0.661667 0.451750 0.664667 0.459000 0.670333 0.463500 0.673000 0.464750 0.677000 0.465500 0.678667 0.465250 0.681667 0.463000 0.682333 0.457750 0.681667 0.454500 0.678333 0.447500 0.672000 0.443000 0.670000 0.442250
0 0.553667 0.417000 0.552667 0.419250 0.553667 0.422250 0.556000 0.425250 0.560667 0.428000 0.564333 0.429250 0.572333 0.430250 0.576000 0.430000 0.579000 0.428250 0.579000 0.424250 0.577000 0.421750 0.573000 0.418750 0.567667 0.416500 0.561333 0.415000 0.556000 0.415250
0 0.528333 0.397000 0.527000 0.399500 0.528333 0.404000 0.534667 0.408500 0.540667 0.410750 0.547333 0.412000 0.550333 0.411750 0.554333 0.409000 0.554667 0.407500 0.553667 0.404000 0.550333 0.400750 0.544667 0.398250 0.537000 0.396250 0.531000 0.396000
0 0.536000 0.435250 0.533667 0.435750 0.532333 0.437250 0.531333 0.441750 0.531333 0.447750 0.532333 0.451500 0.535667 0.456250 0.539000 0.459000 0.541667 0.459750 0.545667 0.458250 0.547000 0.455500 0.547000 0.446750 0.545667 0.442250 0.543667 0.438750 0.538000 0.435500
0 0.599667 0.484250 0.596667 0.486000 0.595000 0.489000 0.594333 0.492250 0.595000 0.499750 0.596333 0.502500 0.599000 0.505250 0.602667 0.506750 0.606000 0.506750 0.609000 0.505500 0.611333 0.502250 0.612000 0.500250 0.612000 0.494250 0.608333 0.486250 0.603333 0.484000
0 0.637333 0.497750 0.633667 0.497000 0.627667 0.499000 0.625000 0.501250 0.621667 0.505750 0.618333 0.508500 0.617333 0.511750 0.617333 0.517250 0.619333 0.520000 0.623667 0.520500 0.630333 0.518000 0.635000 0.513750 0.638333 0.509250 0.639333 0.506750 0.639667 0.501500 0.638667 0.498750
0 0.697000 0.486250 0.693000 0.486500 0.689000 0.489500 0.685667 0.494000 0.684667 0.497250 0.684667 0.503000 0.687000 0.509500 0.689667 0.512250 0.692667 0.513000 0.696667 0.512000 0.699333 0.510250 0.702000 0.507250 0.703333 0.502500 0.703333 0.496000 0.702000 0.490750 0.701000 0.489250
0 0.718000 0.508500 0.712333 0.508750 0.709333 0.510000 0.704667 0.517000 0.704000 0.521000 0.704667 0.529250 0.707000 0.532500 0.709333 0.534000 0.713667 0.534250 0.716000 0.533250 0.720000 0.529500 0.722000 0.525750 0.723333 0.520000 0.723000 0.513750 0.721667 0.510000
0 0.786667 0.464000 0.782667 0.464750 0.779000 0.467750 0.776000 0.471750 0.774667 0.475500 0.774333 0.479250 0.775000 0.482750 0.778000 0.486500 0.779667 0.487750 0.781667 0.488250 0.784333 0.488250 0.787667 0.487000 0.791667 0.480500 0.793333 0.475750 0.793333 0.470750 0.792000 0.467750
0 0.759333 0.561500 0.756667 0.563500 0.755333 0.566750 0.755667 0.572000 0.758667 0.579500 0.765000 0.585750 0.767000 0.586750 0.772000 0.587000 0.775667 0.585750 0.777000 0.584750 0.778000 0.582750 0.778333 0.579000 0.776333 0.572750 0.770333 0.564750 0.764333 0.561750
0 0.646000 0.531500 0.642667 0.533500 0.641333 0.536000 0.640667 0.539250 0.641333 0.548500 0.643000 0.551750 0.645667 0.554000 0.650000 0.555250 0.654333 0.555250 0.656333 0.553000 0.658000 0.548750 0.658000 0.539500 0.656333 0.535750 0.654000 0.532750 0.651000 0.531500
0 0.639667 0.560250 0.640333 0.565250 0.642333 0.568000 0.647000 0.570500 0.657000 0.573750 0.661000 0.574250 0.666333 0.573500 0.669667 0.571750 0.670667 0.567750 0.669333 0.564750 0.661667 0.560750 0.654000 0.557750 0.646000 0.557250 0.642000 0.558000
0 0.627000 0.569500 0.623333 0.570500 0.621333 0.572500 0.620000 0.576750 0.620667 0.583000 0.622667 0.587250 0.626000 0.591250 0.628667 0.592750 0.631667 0.593250 0.635000 0.592500 0.638333 0.588250 0.639000 0.584500 0.638667 0.580500 0.635000 0.572750 0.633333 0.571000 0.630667 0.569500
0 0.607667 0.562750 0.604000 0.562750 0.601000 0.563750 0.599000 0.565250 0.595000 0.571250 0.595000 0.580250 0.596667 0.584250 0.599333 0.586250 0.606667 0.584250 0.609667 0.581750 0.612000 0.577750 0.613333 0.573250 0.613000 0.566750 0.612333 0.565000 0.610667 0.563750
0 0.612000 0.584250 0.603667 0.585750 0.600667 0.588000 0.599000 0.590500 0.597333 0.595500 0.597000 0.601500 0.598000 0.604250 0.600000 0.605500 0.604667 0.605750 0.607333 0.605000 0.611667 0.601250 0.615000 0.596500 0.616000 0.593250 0.615667 0.587500
0 0.583333 0.600250 0.581000 0.601250 0.579000 0.603500 0.578333 0.606500 0.578667 0.613250 0.579667 0.616750 0.581333 0.618750 0.583667 0.620250 0.588333 0.621000 0.591333 0.619500 0.593000 0.616000 0.593333 0.607250 0.592667 0.603500 0.591333 0.602000 0.588333 0.600500
0 0.562667 0.622250 0.562667 0.624500 0.564000 0.628000 0.571667 0.633500 0.579000 0.635250 0.585000 0.635250 0.591333 0.634500 0.593333 0.632500 0.594000 0.630250 0.592333 0.625750 0.584667 0.623500 0.580667 0.621000 0.577000 0.620000 0.570667 0.619500 0.565000 0.620500
0 0.707000 0.603000 0.705333 0.601250 0.701000 0.600250 0.696667 0.600000 0.688667 0.600750 0.680000 0.603750 0.677667 0.606500 0.677667 0.608250 0.680333 0.611000 0.686000 0.612250 0.693667 0.612000 0.700667 0.611000 0.706333 0.608250 0.707000 0.607000
0 0.662000 0.638250 0.657333 0.638000 0.650333 0.641000 0.647667 0.643000 0.642000 0.649750 0.641667 0.654500 0.643333 0.658250 0.647333 0.659250 0.652667 0.658000 0.661000 0.651750 0.664000 0.646250 0.664000 0.641500
0 0.627333 0.700500 0.624000 0.705250 0.623000 0.708000 0.623000 0.713500 0.626333 0.721250 0.629667 0.723000 0.631667 0.723000 0.635667 0.721500 0.638333 0.718750 0.639000 0.711750 0.636667 0.704500 0.631333 0.700000
0 0.608333 0.673250 0.606333 0.673500 0.603000 0.675000 0.601333 0.677250 0.600000 0.681000 0.600000 0.689000 0.601333 0.693500 0.603667 0.697250 0.607667 0.699500 0.611667 0.698500 0.614667 0.696000 0.616333 0.693750 0.617333 0.690250 0.617333 0.684500 0.616000 0.679500 0.612333 0.674500
