0 0.525333 0.633250 0.520667 0.634250 0.517000 0.636750 0.514333 0.642500 0.514667 0.650500 0.515333 0.652000 0.517667 0.654500 0.520333 0.655250 0.522333 0.655250 0.525000 0.654250 0.529000 0.651000 0.530333 0.647750 0.530333 0.639250 0.529000 0.635000
0 0.522000 0.706750 0.517667 0.708000 0.513000 0.712000 0.510667 0.718750 0.511000 0.724250 0.513667 0.727000 0.517333 0.727500 0.521333 0.726500 0.523333 0.724750 0.527000 0.718250 0.527667 0.712500 0.526667 0.709250 0.525333 0.707750
0 0.566000 0.694500 0.563667 0.694500 0.560667 0.695500 0.558000 0.697750 0.555667 0.701750 0.555333 0.709750 0.556000 0.713500 0.557000 0.715250 0.559000 0.716750 0.562000 0.717500 0.565333 0.717250 0.569000 0.714500 0.572667 0.705250 0.572333 0.700500 0.571000 0.697250 0.569000 0.695250
0 0.538333 0.694750 0.535667 0.696250 0.534333 0.700250 0.534333 0.707000 0.536000 0.712750 0.540333 0.720500 0.545000 0.722750 0.549333 0.722750 0.552333 0.720500 0.554000 0.716500 0.554000 0.710750 0.552333 0.703500 0.549667 0.699250 0.545667 0.695250 0.543000 0.694500
0 0.614667 0.653000 0.610667 0.652500 0.607333 0.653250 0.603667 0.655000 0.599667 0.658500 0.596000 0.665750 0.596333 0.671250 0.599000 0.674500 0.603000 0.675250 0.607333 0.674750 0.614667 0.669000 0.617333 0.662750 0.617333 0.657250 0.616333 0.654750
0 0.540000 0.644250 0.536000 0.646250 0.533333 0.650250 0.532667 0.660250 0.533333 0.662750 0.536333 0.666750 0.540000 0.668500 0.542000 0.668500 0.545667 0.666500 0.548667 0.662000 0.549333 0.654250 0.548333 0.650500 0.546000 0.646250 0.543667 0.644750
0 0.525000 0.674500 0.522000 0.673750 0.517000 0.673750 0.510333 0.677500 0.505667 0.681000 0.502333 0.684750 0.500000 0.689500 0.500000 0.693750 0.502000 0.696500 0.506667 0.697000 0.513333 0.695500 0.516333 0.694000 0.522000 0.689750 0.525667 0.685250 0.527000 0.682000 0.527333 0.678000
0 0.474000 0.671500 0.471000 0.672500 0.469667 0.674250 0.469000 0.683250 0.470000 0.688750 0.473000 0.693750 0.477667 0.697250 0.480000 0.697500 0.483000 0.696500 0.486000 0.691750 0.486667 0.689750 0.486333 0.681750 0.482667 0.673250 0.479333 0.671750
0 0.337333 0.679250 0.334667 0.680250 0.333000 0.681750 0.332000 0.685500 0.332333 0.689750 0.337000 0.699000 0.340333 0.701000 0.342333 0.701500 0.345333 0.700750 0.348333 0.697750 0.349000 0.695000 0.348667 0.689750 0.342667 0.680500 0.340333 0.679500
0 0.415333 0.650750 0.407667 0.650750 0.400333 0.658000 0.398000 0.665250 0.397667 0.670500 0.399000 0.673250 0.400667 0.674250 0.405333 0.673750 0.412000 0.671000 0.417000 0.664750 0.419000 0.659250 0.419000 0.654000 0.417667 0.652000
0 0.412333 0.617000 0.409000 0.617000 0.405333 0.618500 0.403667 0.619750 0.400333 0.626000 0.400333 0.631750 0.401333 0.635500 0.403667 0.639000 0.405000 0.640000 0.408667 0.641000 0.412000 0.640750 0.414000 0.639500 0.418333 0.630250 0.418000 0.622250 0.416000 0.619000
0 0.431333 0.627250 0.427000 0.627000 0.423667 0.628250 0.419333 0.635500 0.418333 0.639000 0.418667 0.645500 0.421000 0.649250 0.423333 0.650500 0.427333 0.650000 0.431333 0.647500 0.435000 0.642500 0.435667 0.639750 0.435333 0.631750 0.434000 0.629250
0 0.501333 0.639250 0.498000 0.639000 0.493000 0.641250 0.487667 0.650000 0.487333 0.657000 0.488000 0.659250 0.490000 0.662500 0.494333 0.664500 0.497667 0.664250 0.500667 0.662500 0.504667 0.657750 0.506333 0.653750 0.507000 0.650500 0.506333 0.643000 0.505333 0.641250
0 0.474333 0.339000 0.470667 0.339250 0.467333 0.341500 0.464000 0.345000 0.462000 0.349000 0.461333 0.352000 0.461667 0.360750 0.463333 0.364250 0.466667 0.366750 0.470333 0.366750 0.473333 0.365250 0.476000 0.362250 0.480333 0.353250 0.480333 0.344500 0.479000 0.342250
0 0.412333 0.339500 0.408667 0.339750 0.407000 0.340500 0.399667 0.346000 0.396333 0.352500 0.396667 0.356500 0.398333 0.358500 0.399667 0.359000 0.404333 0.358750 0.407667 0.357250 0.411333 0.354000 0.413667 0.350000 0.414333 0.347000 0.414000 0.342000
0 0.415333 0.414000 0.413333 0.413250 0.411000 0.413250 0.406333 0.415500 0.399667 0.422250 0.398667 0.424000 0.398333 0.428750 0.399000 0.431250 0.400667 0.432750 0.405000 0.433000 0.410667 0.429750 0.413333 0.427500 0.415333 0.424250 0.416667 0.419750 0.416667 0.415500
0 0.386667 0.423500 0.383333 0.423250 0.380000 0.424250 0.377000 0.426750 0.374000 0.431500 0.371667 0.438000 0.371333 0.443000 0.372000 0.444500 0.374667 0.446000 0.377667 0.446250 0.381667 0.445000 0.387000 0.440750 0.389667 0.437250 0.390667 0.434500 0.390667 0.427500 0.389000 0.424750
0 0.344333 0.462250 0.344667 0.464750 0.346667 0.467500 0.349000 0.468750 0.357667 0.470750 0.365333 0.471000 0.371667 0.470000 0.373333 0.468000 0.373000 0.465250 0.370000 0.462250 0.360333 0.459250 0.356000 0.458750 0.351000 0.459000 0.346000 0.460250
0 0.410667 0.437000 0.408000 0.437000 0.404333 0.439250 0.399667 0.447500 0.399000 0.452250 0.399333 0.458250 0.400000 0.459750 0.403667 0.461500 0.407667 0.461000 0.409667 0.459750 0.412667 0.455500 0.415333 0.446500 0.415000 0.440250 0.414333 0.438750 0.412667 0.437500
0 0.450667 0.419250 0.447000 0.421000 0.445667 0.423250 0.445667 0.436750 0.447333 0.440250 0.452333 0.444000 0.456000 0.444500 0.459667 0.442750 0.461333 0.440250 0.463000 0.436000 0.463333 0.430750 0.459667 0.421000 0.455667 0.419250
0 0.475333 0.410000 0.473667 0.410000 0.470333 0.411250 0.465667 0.415500 0.462333 0.419750 0.463667 0.427500 0.467000 0.431250 0.471000 0.431000 0.474333 0.429250 0.479333 0.422500 0.480333 0.419750 0.480667 0.415000 0.479000 0.411500
0 0.496333 0.427750 0.494333 0.428250 0.491333 0.431250 0.489333 0.436500 0.489333 0.440500 0.493000 0.448000 0.494667 0.449250 0.498667 0.450000 0.501667 0.448000 0.503667 0.444500 0.504333 0.435250 0.503333 0.431000 0.499000 0.428000
0 0.506000 0.463500 0.505333 0.467250 0.509000 0.471250 0.517333 0.474750 0.520333 0.475250 0.529000 0.475250 0.533667 0.474250 0.537667 0.472500 0.538667 0.471250 0.537333 0.466500 0.529667 0.462000 0.525000 0.461250 0.511333 0.461250 0.508667 0.461750
0 0.475000 0.460000 0.470667 0.460500 0.467667 0.462500 0.465000 0.466250 0.464000 0.469500 0.464000 0.474500 0.465333 0.478750 0.467667 0.482750 0.470000 0.484000 0.474667 0.484000 0.476667 0.483000 0.480000 0.478750 0.481333 0.475000 0.481667 0.468500 0.481000 0.465250 0.479333 0.462250
0 0.451000 0.484500 0.448333 0.486000 0.446000 0.489500 0.445000 0.493500 0.445000 0.499500 0.447000 0.505250 0.450333 0.507500 0.452333 0.507750 0.456000 0.506750 0.460000 0.502500 0.460667 0.493500 0.459667 0.489250 0.457000 0.485750 0.455000 0.484750
0 0.483000 0.510000 0.477333 0.508250 0.468333 0.508250 0.462667 0.509000 0.454000 0.513000 0.453000 0.514750 0.452667 0.518000 0.455667 0.521250 0.461333 0.523000 0.467333 0.523250 0.475333 0.522000 0.483667 0.518250 0.484667 0.515500 0.484667 0.512750
0 0.494333 0.502250 0.491667 0.504000 0.490667 0.505500 0.489333 0.510000 0.490667 0.517250 0.492667 0.521500 0.496667 0.526000 0.498667 0.526750 0.501333 0.526250 0.503667 0.523750 0.505667 0.518500 0.505333 0.514000 0.504000 0.510000 0.499000 0.503000 0.497667 0.502250
0 0.517667 0.534250 0.514333 0.536250 0.513000 0.538000 0.512000 0.540500 0.512000 0.546000 0.514000 0.552000 0.516667 0.556750 0.520333 0.559000 0.522667 0.559250 0.526000 0.558500 0.529000 0.556250 0.530333 0.551250 0.530000 0.543000 0.529000 0.540000 0.525333 0.536500 0.521667 0.534250
0 0.389667 0.531500 0.384667 0.531750 0.381667 0.532750 0.378000 0.536250 0.375667 0.541250 0.375667 0.550000 0.376333 0.552750 0.380333 0.555750 0.384000 0.556500 0.388667 0.556000 0.393000 0.553000 0.395667 0.549500 0.397000 0.545750 0.397000 0.539250 0.396000 0.536250 0.393667 0.532750
0 0.494667 0.590250 0.492333 0.591250 0.489333 0.595000 0.488333 0.604250 0.489333 0.607750 0.492667 0.612500 0.494333 0.613500 0.498000 0.613750 0.500000 0.612500 0.503667 0.607750 0.504333 0.604250 0.503667 0.595500 0.500667 0.592000 0.497667 0.590250
0 0.522333 0.602500 0.518000 0.602750 0.515333 0.604750 0.513000 0.609250 0.511333 0.615250 0.511000 0.623000 0.511667 0.625000 0.513667 0.627750 0.517000 0.628750 0.520667 0.628000 0.522667 0.626750 0.526333 0.622750 0.527667 0.618750 0.527667 0.607250 0.526000 0.604000
