0 0.427333 0.424750 0.423667 0.427000 0.421667 0.430250 0.420000 0.435750 0.419667 0.440250 0.421000 0.447000 0.423000 0.450500 0.425667 0.452000 0.429667 0.452250 0.432333 0.451500 0.434000 0.450250 0.436333 0.447000 0.437333 0.443250 0.437000 0.431000 0.435333 0.427250 0.431333 0.424750
0 0.460667 0.450750 0.462333 0.455000 0.465333 0.457250 0.470333 0.459750 0.481000 0.461250 0.487000 0.461250 0.492333 0.459500 0.495667 0.456000 0.495667 0.454250 0.493667 0.451750 0.489667 0.448750 0.483333 0.446750 0.467333 0.446500 0.463000 0.447750
0 0.519000 0.431000 0.516000 0.431000 0.514000 0.431750 0.510000 0.435000 0.508000 0.439250 0.508000 0.448250 0.508667 0.451250 0.510000 0.453250 0.513000 0.455000 0.517667 0.454500 0.520667 0.453000 0.522333 0.451000 0.524000 0.441000 0.523333 0.435750 0.521667 0.432250
0 0.541000 0.440750 0.536667 0.441000 0.533000 0.443500 0.531333 0.446250 0.530667 0.449000 0.530000 0.462500 0.532000 0.466250 0.533667 0.467250 0.536333 0.467750 0.538667 0.467250 0.542667 0.464500 0.544667 0.462500 0.546333 0.459250 0.546333 0.446500 0.544667 0.443000
0 0.533667 0.418000 0.532333 0.419250 0.533000 0.424250 0.536000 0.428500 0.541333 0.433750 0.545000 0.436250 0.547667 0.437000 0.556333 0.437500 0.559333 0.436000 0.560333 0.432750 0.560000 0.430500 0.553333 0.423000 0.550333 0.421750 0.544333 0.417750 0.541000 0.417000 0.536333 0.417000
0 0.479000 0.464750 0.474667 0.464750 0.471000 0.467000 0.468000 0.471000 0.464333 0.478500 0.464000 0.484500 0.465333 0.489750 0.467000 0.491500 0.470000 0.492250 0.474000 0.491250 0.479667 0.486000 0.482000 0.482000 0.483000 0.477750 0.483000 0.467500 0.481667 0.465750
0 0.317333 0.497000 0.313667 0.498750 0.311667 0.501500 0.310667 0.504500 0.311000 0.510000 0.313667 0.517000 0.316667 0.521500 0.318000 0.522750 0.322333 0.523750 0.325333 0.522750 0.327333 0.520500 0.328333 0.516000 0.328000 0.506250 0.326000 0.500750 0.322667 0.498250 0.319333 0.497000
0 0.522333 0.505000 0.520000 0.505250 0.516667 0.507750 0.514667 0.510500 0.512667 0.516500 0.513000 0.526000 0.514667 0.529000 0.517667 0.530500 0.521333 0.530250 0.523333 0.529000 0.526000 0.523250 0.527333 0.517750 0.527000 0.509500 0.525333 0.507000
0 0.545000 0.493000 0.541333 0.492750 0.539000 0.493500 0.536333 0.496000 0.533667 0.501000 0.532000 0.508750 0.531667 0.514250 0.533000 0.518500 0.536667 0.521500 0.538333 0.521250 0.545000 0.516750 0.547333 0.513000 0.548333 0.508500 0.548000 0.499500 0.546667 0.494500
0 0.393000 0.562750 0.387667 0.562500 0.384000 0.563750 0.376000 0.572000 0.374667 0.577000 0.374667 0.583750 0.376000 0.587500 0.377333 0.588750 0.381667 0.589250 0.387667 0.586750 0.390000 0.585000 0.393667 0.579250 0.396000 0.572500 0.396000 0.567250 0.395333 0.564750
0 0.405000 0.595500 0.403000 0.596500 0.400667 0.600000 0.400000 0.603250 0.400667 0.609250 0.402333 0.612750 0.405333 0.615750 0.407667 0.620500 0.410333 0.622000 0.412667 0.622250 0.417333 0.619500 0.419333 0.616000 0.419667 0.611750 0.417333 0.603500 0.413000 0.598500 0.410000 0.596250 0.407667 0.595500
0 0.399667 0.615250 0.396667 0.616250 0.394000 0.619000 0.392667 0.622750 0.392667 0.627500 0.394000 0.634500 0.397000 0.640250 0.401000 0.642250 0.404333 0.641750 0.406667 0.639500 0.408667 0.633000 0.409000 0.626500 0.405000 0.617500 0.401000 0.615250
0 0.427000 0.639250 0.424333 0.637750 0.419667 0.637500 0.416000 0.638000 0.407333 0.641000 0.404000 0.644500 0.399000 0.648250 0.397667 0.650750 0.398333 0.654500 0.400667 0.655750 0.409000 0.655750 0.413667 0.654250 0.418333 0.651750 0.427667 0.643250
0 0.376667 0.646000 0.372667 0.649500 0.372000 0.652250 0.372333 0.657250 0.375667 0.666750 0.377333 0.669250 0.381000 0.671750 0.385000 0.672500 0.387333 0.672250 0.389667 0.671000 0.391000 0.666250 0.391000 0.661000 0.390000 0.656250 0.385333 0.649250 0.381333 0.646500
0 0.388333 0.682000 0.384000 0.682000 0.381000 0.683250 0.377667 0.686250 0.376000 0.689500 0.374333 0.697000 0.374667 0.704000 0.376333 0.707500 0.379667 0.708750 0.381667 0.708750 0.387333 0.706000 0.389333 0.704000 0.391000 0.700250 0.392333 0.693250 0.392333 0.688250 0.391333 0.685000
0 0.431000 0.652750 0.429000 0.654000 0.426000 0.657500 0.423667 0.666250 0.423667 0.674500 0.424667 0.677250 0.427000 0.680250 0.430333 0.682750 0.435000 0.683500 0.437333 0.682250 0.440000 0.678500 0.441000 0.674500 0.441000 0.665750 0.439000 0.657750 0.435000 0.653250
0 0.450333 0.599750 0.447667 0.600750 0.445000 0.603750 0.443000 0.609250 0.442667 0.615750 0.445667 0.624000 0.448000 0.625250 0.452667 0.625500 0.455667 0.624500 0.458333 0.621500 0.459667 0.617250 0.460000 0.609250 0.458667 0.604250 0.457667 0.603000 0.453000 0.600000
0 0.471000 0.591000 0.470000 0.591250 0.466000 0.595000 0.463667 0.602250 0.463333 0.606000 0.465333 0.612750 0.468333 0.617000 0.470000 0.618250 0.474333 0.618500 0.478667 0.615000 0.480333 0.612000 0.481333 0.605250 0.481000 0.599250 0.479333 0.594500 0.475333 0.591750
0 0.487333 0.618500 0.485667 0.617500 0.483667 0.617250 0.478667 0.617500 0.466667 0.622000 0.463667 0.624500 0.462667 0.626000 0.463000 0.628000 0.467333 0.630250 0.472333 0.630250 0.482000 0.627250 0.486333 0.623750 0.487667 0.620250
0 0.497667 0.618000 0.493333 0.618000 0.490667 0.619500 0.488000 0.626250 0.487000 0.637000 0.488333 0.641000 0.490000 0.643000 0.494667 0.642500 0.497667 0.641000 0.499667 0.637500 0.501333 0.626000 0.500000 0.620000 0.499000 0.618500
0 0.493000 0.656750 0.490000 0.658500 0.486333 0.664500 0.486000 0.675000 0.486667 0.677500 0.488667 0.680000 0.491000 0.681500 0.494667 0.682000 0.496667 0.680500 0.498333 0.676750 0.499333 0.670500 0.499333 0.663750 0.498000 0.659000 0.497000 0.657750 0.495000 0.656750
0 0.470667 0.680000 0.468000 0.682000 0.467000 0.684500 0.468000 0.692750 0.470000 0.698750 0.472000 0.701500 0.476667 0.704750 0.479333 0.705750 0.483000 0.705750 0.486667 0.703000 0.487667 0.701250 0.488000 0.695750 0.486333 0.689250 0.483333 0.684000 0.480000 0.680750 0.475667 0.679500
0 0.450333 0.696500 0.446667 0.698250 0.445000 0.700750 0.444333 0.705000 0.444667 0.713250 0.445667 0.717500 0.447000 0.719750 0.451333 0.723500 0.455667 0.724250 0.459333 0.722000 0.460667 0.718250 0.461333 0.713750 0.460667 0.704250 0.459667 0.701500 0.457000 0.698500 0.453667 0.696750
0 0.428333 0.696500 0.424000 0.696750 0.422333 0.698000 0.418667 0.705000 0.418333 0.712250 0.419000 0.715250 0.420333 0.717750 0.423667 0.720750 0.427333 0.720750 0.431333 0.718250 0.433333 0.716000 0.434333 0.713250 0.434333 0.704500 0.432333 0.699750
0 0.451000 0.734750 0.447000 0.737250 0.445333 0.740250 0.443333 0.747250 0.443333 0.753250 0.444000 0.756500 0.446333 0.761500 0.450667 0.763750 0.454333 0.763750 0.458333 0.761250 0.459667 0.759250 0.461333 0.753000 0.461667 0.746500 0.461000 0.742750 0.458667 0.738750 0.455333 0.735500
0 0.514000 0.735000 0.510667 0.737000 0.509000 0.740250 0.508333 0.752500 0.509000 0.755500 0.510333 0.757500 0.514000 0.760250 0.517333 0.760500 0.522333 0.757250 0.523333 0.755500 0.524333 0.751750 0.524000 0.744000 0.523000 0.740250 0.521000 0.737000 0.518667 0.735500
0 0.443333 0.791000 0.441000 0.790500 0.437000 0.791000 0.431667 0.793750 0.427000 0.799250 0.423667 0.805500 0.424000 0.809750 0.425667 0.811250 0.429667 0.811750 0.435667 0.810500 0.443333 0.803500 0.445333 0.799250 0.445333 0.794750
0 0.602333 0.642250 0.599000 0.643500 0.596667 0.646750 0.595667 0.650000 0.596333 0.659000 0.598000 0.663250 0.600667 0.665500 0.604333 0.666500 0.607333 0.665500 0.609333 0.662250 0.610333 0.652750 0.609333 0.647750 0.607667 0.644500 0.604667 0.642500
