0 0.521333 0.651500 0.516333 0.651750 0.514333 0.652250 0.512667 0.653500 0.511333 0.656000 0.510000 0.662000 0.511000 0.670250 0.512667 0.672250 0.517000 0.675000 0.518333 0.675000 0.522000 0.673250 0.524667 0.669500 0.527000 0.662750 0.527000 0.656750 0.526333 0.654500
0 0.462667 0.312500 0.458667 0.314250 0.457333 0.317500 0.457333 0.321750 0.458333 0.326000 0.462333 0.334500 0.467000 0.338500 0.469667 0.340000 0.471667 0.340250 0.474333 0.339500 0.475667 0.338000 0.476667 0.334000 0.476333 0.329500 0.473333 0.322500 0.468333 0.314000 0.466333 0.312750
0 0.314000 0.412000 0.314000 0.415250 0.315667 0.417750 0.320333 0.421000 0.329333 0.424500 0.336333 0.425000 0.341667 0.424500 0.347000 0.420500 0.347000 0.418000 0.346000 0.415500 0.341333 0.412000 0.334333 0.409750 0.322333 0.408500 0.317333 0.409500
0 0.446667 0.443750 0.444000 0.444750 0.441333 0.447250 0.442333 0.459250 0.444000 0.463000 0.447667 0.467250 0.451333 0.468500 0.455667 0.468500 0.458667 0.467250 0.460333 0.464250 0.460667 0.459250 0.459667 0.453750 0.455000 0.446500 0.451000 0.444000
0 0.466000 0.423250 0.462000 0.425500 0.461000 0.427250 0.461000 0.438750 0.463000 0.443250 0.467333 0.447000 0.470000 0.448250 0.471667 0.448250 0.474333 0.447500 0.478333 0.444000 0.480000 0.440000 0.479667 0.437250 0.478000 0.432000 0.474667 0.426000 0.470333 0.423250
0 0.495000 0.420500 0.489667 0.421000 0.485333 0.423500 0.481333 0.431000 0.481000 0.435500 0.482000 0.439250 0.484000 0.441750 0.486667 0.443250 0.490667 0.443000 0.494667 0.439750 0.498333 0.435250 0.499333 0.431250 0.499000 0.424250 0.497667 0.421750
0 0.369333 0.493500 0.367000 0.493500 0.362667 0.494750 0.355000 0.499250 0.352333 0.501750 0.350667 0.508750 0.350667 0.514500 0.352333 0.517000 0.353667 0.517750 0.358333 0.518000 0.366000 0.512250 0.369667 0.505750 0.371333 0.500750 0.371333 0.497000
0 0.478000 0.483500 0.474333 0.484250 0.472667 0.485750 0.471667 0.489000 0.471333 0.494250 0.472000 0.497750 0.474000 0.501500 0.478667 0.506000 0.482000 0.506250 0.483667 0.505250 0.486000 0.502250 0.487333 0.498750 0.487333 0.494750 0.486000 0.490000 0.483667 0.485500 0.482000 0.484250
0 0.435667 0.447250 0.432667 0.448500 0.430667 0.450250 0.429667 0.453750 0.429667 0.457500 0.431333 0.463500 0.435000 0.465250 0.439333 0.464750 0.441000 0.463000 0.441000 0.454250 0.440000 0.450000 0.437667 0.447750
0 0.281667 0.513000 0.280667 0.517500 0.282667 0.520750 0.286000 0.522750 0.299000 0.528000 0.306333 0.528750 0.309667 0.528000 0.311000 0.527000 0.311667 0.524750 0.310667 0.521250 0.306000 0.517000 0.293333 0.513000 0.288333 0.512250 0.283333 0.512250
0 0.431667 0.513750 0.428000 0.516000 0.427000 0.517500 0.426333 0.521250 0.426667 0.526000 0.430333 0.533750 0.432000 0.535000 0.435667 0.535500 0.438667 0.534500 0.441333 0.531250 0.442000 0.529750 0.442000 0.524750 0.439000 0.518500 0.435000 0.514250
0 0.455667 0.527500 0.451667 0.527250 0.448333 0.528500 0.447000 0.529500 0.444667 0.533500 0.444333 0.536500 0.442667 0.540000 0.442667 0.544250 0.444000 0.547500 0.447667 0.550500 0.451667 0.550750 0.453667 0.549750 0.458667 0.546000 0.459667 0.544250 0.460667 0.539250 0.460667 0.533250 0.459333 0.529750
0 0.424333 0.531750 0.421000 0.529250 0.419333 0.528750 0.409000 0.531000 0.405667 0.532500 0.400000 0.537000 0.397667 0.540000 0.396000 0.543500 0.396333 0.546250 0.400000 0.548000 0.405000 0.548000 0.411333 0.547000 0.415333 0.545500 0.419667 0.542500 0.424667 0.536750 0.425000 0.532750
0 0.410667 0.557750 0.407333 0.557500 0.404333 0.558250 0.399000 0.564000 0.398333 0.567000 0.398667 0.572750 0.400333 0.574500 0.403667 0.575750 0.405333 0.575750 0.408000 0.574750 0.410000 0.573250 0.413333 0.569000 0.414333 0.565250 0.414000 0.561250 0.413000 0.559000
0 0.450333 0.555250 0.447333 0.556000 0.444333 0.559500 0.442333 0.565250 0.442000 0.573250 0.442667 0.576500 0.446000 0.581500 0.447667 0.582750 0.452333 0.583500 0.455000 0.582750 0.458333 0.580250 0.459333 0.578750 0.461000 0.573500 0.461333 0.567500 0.460333 0.560500 0.458667 0.557750 0.455333 0.555500
0 0.467333 0.558500 0.465000 0.561000 0.465000 0.568250 0.466000 0.574500 0.471000 0.581000 0.473667 0.582000 0.477667 0.581750 0.480667 0.579500 0.482000 0.574750 0.482000 0.571250 0.480000 0.564750 0.474333 0.559000 0.471333 0.558250
0 0.513667 0.558750 0.510333 0.561250 0.509000 0.563750 0.509000 0.572750 0.509667 0.575250 0.513000 0.580750 0.517000 0.583250 0.521333 0.583000 0.524000 0.580750 0.525333 0.576250 0.525333 0.569750 0.524333 0.565250 0.522000 0.561000 0.518000 0.558750
0 0.389000 0.590500 0.384333 0.593000 0.382667 0.595750 0.382667 0.607750 0.383333 0.610000 0.386333 0.614750 0.389000 0.616250 0.393000 0.616500 0.396000 0.614250 0.398000 0.611500 0.399333 0.607000 0.399333 0.600250 0.398000 0.595000 0.396333 0.592750 0.393000 0.591000
0 0.442667 0.599750 0.439667 0.601000 0.438000 0.603750 0.437667 0.608250 0.439667 0.615500 0.442667 0.620000 0.446667 0.624000 0.450333 0.625000 0.455667 0.624250 0.457000 0.623250 0.458667 0.619750 0.457667 0.611000 0.452000 0.602250 0.448333 0.600500
0 0.409000 0.611500 0.406667 0.612000 0.403333 0.614500 0.399333 0.619500 0.398667 0.622500 0.399333 0.627000 0.401000 0.628750 0.403667 0.629500 0.409333 0.627750 0.413000 0.623000 0.413667 0.619000 0.413000 0.614250 0.411000 0.612250
0 0.380000 0.616250 0.377333 0.617250 0.375667 0.619500 0.374333 0.625000 0.374333 0.631500 0.376000 0.637750 0.377333 0.639750 0.380333 0.642000 0.385000 0.643250 0.388000 0.642500 0.391333 0.639000 0.393000 0.634250 0.393333 0.627750 0.391333 0.622500 0.389000 0.619000 0.384667 0.616500
0 0.349667 0.626000 0.345000 0.626250 0.337667 0.632000 0.336000 0.634250 0.334000 0.639000 0.333667 0.643750 0.334667 0.646500 0.337667 0.648250 0.342333 0.648500 0.344333 0.647500 0.349667 0.642000 0.352000 0.636250 0.352667 0.631500 0.351667 0.627250
0 0.305667 0.669250 0.305667 0.672250 0.306667 0.674500 0.309667 0.676250 0.315333 0.678250 0.326000 0.677750 0.333000 0.676000 0.336333 0.674250 0.338333 0.670750 0.338000 0.668500 0.335667 0.665500 0.330333 0.664250 0.325667 0.664000 0.317333 0.664250 0.312667 0.665000 0.310667 0.665750
0 0.544667 0.592250 0.540667 0.592750 0.536667 0.595000 0.532667 0.601000 0.531667 0.603750 0.531333 0.608500 0.532333 0.614250 0.533333 0.616000 0.537667 0.618750 0.541000 0.619000 0.544667 0.617750 0.547667 0.614750 0.550000 0.609500 0.550667 0.605500 0.550333 0.596500 0.549667 0.595000
0 0.417667 0.618500 0.416000 0.621500 0.416000 0.624000 0.418000 0.627500 0.423667 0.633250 0.430667 0.637000 0.437667 0.639250 0.440667 0.639250 0.444333 0.637750 0.446000 0.635250 0.445667 0.631250 0.443667 0.627250 0.438000 0.623750 0.435000 0.620250 0.430667 0.618250 0.425000 0.617250 0.420667 0.617250
0 0.494333 0.626500 0.491333 0.628000 0.489667 0.630250 0.489333 0.635250 0.491000 0.640750 0.493667 0.646250 0.501333 0.650750 0.503000 0.650750 0.505667 0.649250 0.507000 0.646000 0.507333 0.638250 0.506667 0.634750 0.502333 0.629250 0.499667 0.627000 0.498333 0.626500
0 0.448333 0.640250 0.446333 0.640250 0.441667 0.642000 0.439000 0.645750 0.437667 0.650000 0.437667 0.657000 0.438667 0.662000 0.441667 0.664750 0.443667 0.665500 0.448000 0.664500 0.451000 0.662500 0.455333 0.653500 0.455667 0.649500 0.454667 0.645500 0.452000 0.641500
0 0.474000 0.646250 0.470000 0.647750 0.468000 0.649750 0.466333 0.654750 0.466333 0.660250 0.467333 0.666000 0.469333 0.670750 0.473000 0.672250 0.476000 0.672250 0.479000 0.671250 0.480667 0.670000 0.483000 0.666500 0.484000 0.663000 0.484000 0.657000 0.482000 0.650500 0.480667 0.648750 0.478000 0.647000
0 0.489333 0.647250 0.486667 0.648500 0.485333 0.650500 0.485333 0.655000 0.488000 0.662000 0.492667 0.668500 0.495333 0.670500 0.498000 0.671750 0.502667 0.672000 0.504667 0.670000 0.506000 0.666750 0.505000 0.657750 0.497667 0.649750 0.491333 0.647250
0 0.400667 0.671250 0.399333 0.673000 0.399667 0.677000 0.407667 0.688000 0.412000 0.691000 0.414667 0.691500 0.419667 0.691000 0.421333 0.689250 0.421333 0.684000 0.420667 0.681000 0.418667 0.678000 0.412667 0.673000 0.405000 0.671000
0 0.444333 0.692750 0.440000 0.690750 0.435667 0.690250 0.430333 0.690250 0.423333 0.691750 0.415333 0.697000 0.413667 0.700250 0.414667 0.704500 0.416000 0.705750 0.422000 0.707250 0.429333 0.706750 0.436000 0.705000 0.444000 0.700500 0.445667 0.697000
0 0.454000 0.692750 0.454333 0.694750 0.458333 0.698250 0.463000 0.699750 0.469667 0.700750 0.473333 0.700750 0.479000 0.699750 0.481667 0.698500 0.482667 0.697000 0.482333 0.693000 0.480000 0.690000 0.474333 0.688250 0.466000 0.687750 0.459000 0.688750 0.455333 0.690500
0 0.501667 0.685750 0.497667 0.685750 0.494333 0.686750 0.491667 0.689500 0.488667 0.697000 0.489000 0.701750 0.490667 0.704750 0.495000 0.705250 0.498667 0.703750 0.504000 0.697250 0.505333 0.689750
0 0.505667 0.681000 0.505000 0.682000 0.505333 0.685750 0.510333 0.690500 0.517667 0.693000 0.520667 0.693250 0.524000 0.692500 0.526333 0.690750 0.526667 0.688500 0.525333 0.685750 0.521000 0.682750 0.513333 0.680250 0.509667 0.680000
0 0.505333 0.711000 0.501000 0.710500 0.494667 0.712500 0.490000 0.717000 0.489000 0.720000 0.489333 0.725750 0.490333 0.728250 0.493333 0.730500 0.497000 0.730500 0.499333 0.729500 0.506000 0.720250 0.507000 0.716250 0.506667 0.713000
