0 0.443500 0.634667 0.440500 0.632667 0.437500 0.632667 0.435250 0.633333 0.430750 0.637000 0.423250 0.649667 0.423000 0.656000 0.423750 0.659000 0.426500 0.660667 0.430750 0.660667 0.435000 0.658667 0.439250 0.653000 0.443750 0.642667 0.444250 0.637667
0 0.462750 0.470667 0.462000 0.469333 0.458750 0.467000 0.451000 0.467000 0.442750 0.470333 0.440000 0.474000 0.440000 0.475667 0.441750 0.479333 0.447000 0.482000 0.454750 0.481667 0.458500 0.480000 0.461000 0.477000 0.462500 0.474333
0 0.500250 0.488667 0.500500 0.494333 0.502500 0.498000 0.505250 0.500333 0.513000 0.502667 0.517750 0.503000 0.521500 0.502000 0.525000 0.498667 0.526000 0.495333 0.525250 0.491667 0.522000 0.487000 0.517750 0.485000 0.512750 0.484000 0.505250 0.484333 0.501500 0.485667
0 0.501250 0.510000 0.501500 0.514333 0.505000 0.518667 0.510250 0.522333 0.518250 0.522333 0.520750 0.520333 0.522000 0.518333 0.522000 0.516333 0.521000 0.513667 0.518250 0.510000 0.514500 0.508000 0.504750 0.507000 0.502000 0.508333
0 0.512500 0.528667 0.512250 0.530000 0.513000 0.533000 0.518000 0.540667 0.521250 0.542667 0.525250 0.542667 0.528750 0.541667 0.529500 0.540667 0.530000 0.536000 0.528000 0.532667 0.518250 0.527333 0.513750 0.527333
0 0.528500 0.555667 0.526000 0.551667 0.520750 0.548667 0.517000 0.548333 0.509000 0.550333 0.507250 0.553667 0.506750 0.558000 0.507750 0.563000 0.509250 0.565667 0.512500 0.566667 0.518250 0.566667 0.521500 0.566000 0.527000 0.563000 0.528500 0.561000
0 0.520750 0.576333 0.520000 0.580667 0.521000 0.584333 0.526000 0.589667 0.529750 0.591667 0.534500 0.592000 0.538000 0.590667 0.539750 0.587667 0.539750 0.583667 0.538750 0.578667 0.536750 0.575333 0.535000 0.574000 0.529250 0.572667 0.524750 0.573000
0 0.637000 0.731667 0.638000 0.735667 0.639750 0.737333 0.644750 0.738667 0.650500 0.738333 0.655500 0.737000 0.660750 0.733667 0.662000 0.732333 0.663000 0.727667 0.662250 0.724333 0.658250 0.721000 0.648750 0.720667 0.642000 0.723667 0.637750 0.728667
0 0.564000 0.596333 0.563750 0.600667 0.564750 0.604000 0.567750 0.608000 0.571000 0.609667 0.575250 0.610667 0.584000 0.610000 0.586250 0.608667 0.588250 0.604667 0.588250 0.601000 0.586750 0.596333 0.584000 0.593667 0.576500 0.591667 0.571750 0.592000 0.566250 0.594000
0 0.538500 0.571667 0.538250 0.573000 0.539750 0.580000 0.541000 0.583333 0.544500 0.588667 0.548250 0.591333 0.551250 0.592333 0.553500 0.592333 0.554750 0.591333 0.555500 0.587000 0.553750 0.580333 0.549250 0.574000 0.545500 0.571000 0.542750 0.570000 0.540250 0.570000
0 0.561250 0.548333 0.559750 0.546000 0.556750 0.544333 0.549500 0.545000 0.543000 0.547667 0.541000 0.549000 0.538750 0.553000 0.538000 0.555667 0.538500 0.560333 0.540500 0.563000 0.545250 0.564333 0.548750 0.564333 0.553250 0.562667 0.560750 0.556333 0.561750 0.553333
0 0.585250 0.555667 0.585750 0.560000 0.587250 0.562667 0.592000 0.565333 0.596000 0.566333 0.599750 0.566333 0.604500 0.565000 0.607000 0.563333 0.608250 0.561667 0.608750 0.559667 0.608500 0.556000 0.607250 0.554333 0.599000 0.549000 0.591500 0.549000 0.588250 0.550333 0.586000 0.552667
0 0.566000 0.513000 0.566500 0.516667 0.567500 0.518667 0.571750 0.522000 0.576500 0.523000 0.579750 0.523000 0.584000 0.521667 0.587500 0.518333 0.588500 0.515000 0.588250 0.513000 0.585750 0.509333 0.583250 0.508000 0.577500 0.507000 0.571500 0.507667 0.567750 0.509000
0 0.646250 0.571667 0.643000 0.569667 0.639250 0.569667 0.633750 0.571667 0.626500 0.579333 0.625750 0.583000 0.626000 0.589000 0.628750 0.591667 0.633250 0.592333 0.637000 0.591333 0.642000 0.588333 0.647250 0.581000 0.647500 0.575333
0 0.641750 0.552333 0.641500 0.557000 0.643000 0.560667 0.646250 0.564667 0.651000 0.567333 0.656000 0.568000 0.663500 0.567667 0.666250 0.566667 0.668250 0.565000 0.669750 0.561333 0.669250 0.557333 0.666750 0.553000 0.661750 0.549000 0.659000 0.548000 0.649500 0.547000 0.644000 0.549000
0 0.672750 0.570667 0.672750 0.573000 0.674250 0.576667 0.677750 0.579667 0.681750 0.581667 0.686250 0.582000 0.694000 0.579667 0.697000 0.576000 0.697000 0.572000 0.694250 0.568667 0.690000 0.566000 0.685000 0.564333 0.681250 0.564000 0.677500 0.565000 0.674000 0.567333
0 0.661750 0.520667 0.660250 0.522333 0.659000 0.525667 0.660000 0.533667 0.664750 0.542667 0.666250 0.543667 0.669250 0.543333 0.670750 0.541667 0.671500 0.533333 0.670500 0.526667 0.666500 0.521000
0 0.639250 0.508333 0.638250 0.506333 0.635750 0.505000 0.630000 0.505000 0.627500 0.506000 0.624500 0.508333 0.622500 0.509000 0.619500 0.512000 0.618250 0.514333 0.618250 0.518000 0.619500 0.519667 0.623000 0.522000 0.627750 0.522000 0.630500 0.521000 0.634750 0.518000 0.638750 0.514000 0.639500 0.510667
0 0.628250 0.482000 0.628000 0.487333 0.628500 0.489667 0.630250 0.493333 0.634250 0.498000 0.638000 0.499667 0.646000 0.500000 0.650000 0.498667 0.650750 0.497667 0.651250 0.493667 0.647000 0.485333 0.643250 0.483667 0.638000 0.480000 0.631500 0.480000
0 0.633500 0.449667 0.632500 0.453000 0.632500 0.458333 0.634250 0.467667 0.637000 0.472333 0.640500 0.476333 0.642750 0.477667 0.646500 0.477333 0.647750 0.475000 0.648000 0.471667 0.647000 0.462333 0.643750 0.455667 0.639250 0.451000 0.635500 0.449000
0 0.696250 0.509333 0.696250 0.511667 0.697000 0.514000 0.702250 0.517333 0.705500 0.518333 0.710500 0.519000 0.717000 0.518667 0.718250 0.517333 0.719000 0.514333 0.718500 0.511667 0.716750 0.509000 0.709500 0.506333 0.700750 0.506333 0.697500 0.507667
0 0.703500 0.486000 0.703750 0.490333 0.704500 0.492333 0.707750 0.496333 0.711250 0.499000 0.717500 0.499667 0.720250 0.498667 0.721500 0.497333 0.722000 0.493667 0.718000 0.486667 0.716750 0.485667 0.710500 0.483667 0.705500 0.483667
0 0.690500 0.379000 0.689500 0.377333 0.686750 0.376000 0.681000 0.376000 0.676000 0.377333 0.673250 0.379333 0.671250 0.384000 0.671500 0.388333 0.673500 0.391667 0.677500 0.393667 0.682500 0.393667 0.685500 0.392667 0.690250 0.389333 0.692250 0.385333
0 0.614750 0.429667 0.612750 0.431000 0.610500 0.434667 0.609500 0.439333 0.609250 0.449667 0.609500 0.455333 0.610500 0.459000 0.614750 0.462667 0.616000 0.462667 0.619750 0.461000 0.621250 0.458667 0.622750 0.451000 0.622750 0.442000 0.621750 0.436333 0.619750 0.432000 0.618500 0.430667
0 0.622750 0.474333 0.618250 0.476000 0.616750 0.478333 0.614500 0.485333 0.614750 0.497000 0.618000 0.505333 0.619500 0.506667 0.623250 0.505000 0.624750 0.503000 0.626000 0.494667 0.626000 0.485333 0.625000 0.478667
0 0.616250 0.469667 0.614750 0.467333 0.610250 0.465333 0.606250 0.465000 0.603750 0.465667 0.596000 0.471333 0.595250 0.473667 0.595250 0.478333 0.596500 0.480333 0.599250 0.482333 0.603750 0.482667 0.607250 0.482000 0.611250 0.479667 0.614000 0.476333 0.616250 0.471667
0 0.578750 0.444000 0.578250 0.448000 0.579250 0.452000 0.582750 0.455667 0.587250 0.458000 0.592000 0.458333 0.595000 0.457333 0.598000 0.454333 0.599000 0.451667 0.598500 0.447000 0.595250 0.443000 0.591250 0.440333 0.589250 0.439667 0.584000 0.439667 0.580250 0.441667
0 0.544750 0.470333 0.544500 0.474667 0.547000 0.482333 0.548250 0.484333 0.552000 0.487333 0.555500 0.488667 0.557500 0.488667 0.559750 0.486667 0.559250 0.478667 0.553500 0.469000 0.552250 0.468000 0.548500 0.467333
0 0.369750 0.512667 0.369750 0.514667 0.372000 0.519667 0.374250 0.522333 0.379500 0.526333 0.384250 0.528333 0.390000 0.528667 0.393000 0.528000 0.395500 0.526000 0.396000 0.524667 0.396000 0.520333 0.395000 0.517333 0.389500 0.511333 0.386250 0.509333 0.378750 0.508000 0.373500 0.508333 0.371500 0.509333
0 0.389000 0.462667 0.389500 0.467000 0.392000 0.470000 0.400250 0.473667 0.404750 0.473667 0.409000 0.472000 0.412750 0.469000 0.414250 0.465333 0.414250 0.462667 0.412750 0.460333 0.407750 0.457333 0.401250 0.456000 0.392500 0.458000
0 0.468000 0.597000 0.467750 0.599667 0.469500 0.604333 0.471500 0.607000 0.474250 0.608667 0.478250 0.609333 0.486750 0.608667 0.489750 0.607000 0.491000 0.603333 0.490500 0.599333 0.488750 0.596000 0.487000 0.594667 0.483000 0.593333 0.473500 0.593000 0.469250 0.594667
0 0.442500 0.557000 0.442500 0.560667 0.445500 0.565000 0.447500 0.566333 0.453000 0.568000 0.460750 0.568000 0.466500 0.565000 0.467000 0.563000 0.467000 0.560000 0.465500 0.557000 0.463500 0.555000 0.459000 0.552333 0.450500 0.552000 0.447250 0.552667 0.443750 0.555000
0 0.435000 0.533000 0.435750 0.537000 0.440000 0.543000 0.444000 0.546667 0.447750 0.548000 0.452000 0.548333 0.456750 0.547000 0.458500 0.545333 0.458500 0.540333 0.454250 0.533333 0.451500 0.531333 0.444500 0.528667 0.440000 0.528333 0.437750 0.529667
0 0.387750 0.583333 0.387750 0.584667 0.389000 0.587667 0.394500 0.591667 0.397250 0.592667 0.405250 0.592667 0.410500 0.591333 0.413750 0.589333 0.416250 0.584333 0.415750 0.580667 0.412750 0.577333 0.406000 0.575333 0.399000 0.575333 0.393500 0.577000 0.389750 0.579667
