0 0.431000 0.613500 0.430333 0.614500 0.431000 0.620500 0.439000 0.628500 0.447333 0.632000 0.452000 0.632250 0.455667 0.630750 0.456667 0.626250 0.455667 0.623750 0.451667 0.618250 0.443667 0.613750 0.439000 0.612250 0.435667 0.611750
0 0.205333 0.549500 0.204000 0.551750 0.204000 0.557500 0.205000 0.561250 0.207667 0.565000 0.212667 0.569500 0.216000 0.570250 0.221333 0.570250 0.223333 0.569000 0.224333 0.566500 0.224333 0.563250 0.221333 0.556250 0.216667 0.551000 0.213333 0.549000 0.208000 0.548750
0 0.263667 0.595750 0.259000 0.595000 0.252333 0.596250 0.243333 0.601500 0.239667 0.605500 0.238000 0.609500 0.238000 0.612250 0.240333 0.615250 0.242667 0.616000 0.247000 0.616000 0.255667 0.611750 0.264333 0.603750 0.265667 0.599000
0 0.298000 0.592500 0.295000 0.590250 0.289667 0.590250 0.282667 0.592000 0.274667 0.596250 0.272667 0.599250 0.272667 0.604000 0.275333 0.605500 0.279333 0.606250 0.284667 0.606250 0.288333 0.605250 0.294333 0.601750 0.297000 0.599500 0.299000 0.596250
0 0.262000 0.577500 0.261667 0.580000 0.263667 0.582000 0.267667 0.584250 0.274667 0.585500 0.280667 0.585750 0.286667 0.584750 0.290000 0.582750 0.291667 0.580500 0.290667 0.576750 0.287000 0.574000 0.281000 0.571750 0.275000 0.570750 0.269000 0.571000 0.265333 0.572250
0 0.260667 0.554000 0.255667 0.554000 0.252333 0.555000 0.249667 0.557000 0.247333 0.560500 0.246000 0.566500 0.246667 0.572000 0.248000 0.574250 0.251667 0.577500 0.255333 0.577750 0.259000 0.576750 0.263333 0.572750 0.266000 0.569000 0.266667 0.563750 0.265667 0.556750 0.264000 0.555000
0 0.291333 0.545250 0.287667 0.544250 0.284000 0.544750 0.278000 0.547500 0.274667 0.549750 0.268667 0.556500 0.269000 0.559250 0.270333 0.561500 0.271667 0.562000 0.279000 0.561500 0.287000 0.557250 0.292667 0.549250
0 0.390333 0.553000 0.388333 0.551250 0.385667 0.550500 0.376333 0.551000 0.368000 0.554000 0.364333 0.556000 0.360667 0.559000 0.360333 0.561250 0.363667 0.564000 0.368000 0.564750 0.373333 0.564500 0.385333 0.561250 0.390333 0.557250
0 0.365000 0.535500 0.361000 0.535500 0.353667 0.539000 0.348667 0.545500 0.347333 0.548750 0.347333 0.553250 0.349667 0.557250 0.352667 0.559000 0.357000 0.559250 0.359667 0.558500 0.361333 0.556500 0.364667 0.554750 0.368667 0.549000 0.370000 0.545000 0.370333 0.540750 0.368000 0.537250
0 0.302000 0.439000 0.302000 0.444000 0.306667 0.450750 0.312333 0.455750 0.320333 0.459500 0.324000 0.460000 0.327333 0.459500 0.329667 0.457000 0.330000 0.454250 0.326000 0.446250 0.318000 0.440000 0.315333 0.439000 0.310333 0.438250 0.305333 0.438250
0 0.325667 0.477000 0.322000 0.477250 0.319667 0.478750 0.316667 0.482500 0.315333 0.485750 0.316000 0.494500 0.317667 0.499000 0.320000 0.501000 0.322667 0.502000 0.325667 0.501750 0.330667 0.499000 0.332667 0.494750 0.332333 0.486500 0.331000 0.481250 0.329000 0.478250
0 0.342667 0.468000 0.338333 0.468750 0.336667 0.469750 0.331667 0.478000 0.331667 0.481000 0.333667 0.490250 0.336000 0.493750 0.338333 0.495000 0.342333 0.495000 0.346667 0.491750 0.350333 0.486750 0.351333 0.482750 0.351333 0.477500 0.349667 0.472250 0.346667 0.469250
0 0.370333 0.505000 0.368333 0.505000 0.362333 0.509250 0.360667 0.511500 0.359667 0.514750 0.359667 0.521500 0.361333 0.523000 0.366000 0.522750 0.370000 0.517750 0.372333 0.510250 0.372000 0.506000
0 0.388000 0.491750 0.384667 0.492750 0.383000 0.494500 0.381000 0.500500 0.381000 0.506750 0.382667 0.511000 0.384333 0.512250 0.388667 0.512750 0.391000 0.511500 0.393333 0.508250 0.395000 0.501000 0.394000 0.497250 0.391667 0.493500 0.389667 0.492000
0 0.419333 0.488000 0.415667 0.487750 0.408333 0.493750 0.406333 0.497250 0.404333 0.505750 0.404333 0.510250 0.406000 0.514000 0.408333 0.515500 0.412333 0.515750 0.416000 0.514250 0.420333 0.510500 0.422000 0.506750 0.423333 0.500500 0.423333 0.496500 0.421667 0.490250
0 0.409667 0.471250 0.407000 0.471250 0.405000 0.472000 0.400667 0.475000 0.398333 0.477500 0.393333 0.485750 0.393667 0.489750 0.395667 0.493250 0.397667 0.494750 0.400667 0.495750 0.404000 0.495500 0.405333 0.494500 0.409333 0.489000 0.412667 0.486000 0.414000 0.483500 0.415000 0.479750 0.414667 0.475000 0.413333 0.473000
0 0.393000 0.457500 0.388667 0.457500 0.384000 0.460500 0.382333 0.462500 0.380667 0.467000 0.380333 0.473250 0.381333 0.478500 0.383667 0.483500 0.387333 0.484750 0.389667 0.484750 0.392667 0.482750 0.397000 0.477500 0.399667 0.471000 0.399667 0.466000 0.398333 0.462000 0.397000 0.460000
0 0.404333 0.436000 0.402667 0.438000 0.402000 0.443000 0.405000 0.451250 0.409000 0.455750 0.411333 0.456750 0.415667 0.457000 0.418000 0.455750 0.419000 0.453000 0.419000 0.448000 0.417667 0.444750 0.414333 0.439750 0.411667 0.437500 0.408333 0.435750
0 0.365000 0.429000 0.362000 0.431000 0.361333 0.433750 0.361333 0.437250 0.363000 0.443500 0.367667 0.449500 0.370000 0.451000 0.374000 0.451750 0.377667 0.449750 0.379333 0.447500 0.379667 0.439750 0.375333 0.431500 0.373333 0.429750 0.369667 0.428750
0 0.384667 0.416250 0.381333 0.418250 0.379667 0.420750 0.378333 0.426000 0.378333 0.432500 0.379333 0.435500 0.382000 0.439000 0.384000 0.440500 0.388333 0.440750 0.393000 0.437750 0.395000 0.434750 0.395667 0.432250 0.395333 0.424250 0.391000 0.417750 0.388667 0.416250
0 0.446667 0.407750 0.443333 0.410750 0.442333 0.414750 0.442667 0.418750 0.445333 0.425250 0.447333 0.428500 0.452667 0.432750 0.455333 0.434000 0.459333 0.433750 0.462000 0.431750 0.463667 0.428750 0.463333 0.422500 0.459333 0.415500 0.456333 0.413250 0.452333 0.408500 0.450667 0.407750
0 0.459667 0.331500 0.457667 0.333750 0.458000 0.338500 0.461667 0.343750 0.470000 0.350750 0.475000 0.352250 0.482000 0.352250 0.485667 0.350250 0.486667 0.346750 0.486333 0.345000 0.482667 0.339500 0.479333 0.336500 0.474000 0.333250 0.467333 0.330250 0.463333 0.330250
0 0.494000 0.604500 0.491333 0.606250 0.490000 0.609750 0.490000 0.614250 0.492000 0.620250 0.493667 0.622750 0.501000 0.628000 0.505333 0.629000 0.506667 0.628750 0.509000 0.627500 0.510000 0.624250 0.509667 0.618750 0.507000 0.611750 0.503333 0.607250 0.498667 0.604250
0 0.548667 0.613250 0.547000 0.614500 0.544333 0.618250 0.543667 0.626000 0.545333 0.630500 0.548333 0.635000 0.550000 0.636250 0.553333 0.637000 0.558333 0.632250 0.559667 0.627500 0.559333 0.623750 0.557667 0.618250 0.553333 0.613750
0 0.462333 0.638500 0.459667 0.639750 0.457333 0.642000 0.455667 0.646750 0.455667 0.651250 0.457000 0.655000 0.459333 0.657500 0.462667 0.659750 0.466667 0.659750 0.468333 0.658250 0.469333 0.654500 0.469000 0.647500 0.466667 0.640500 0.464000 0.638750
0 0.487000 0.656750 0.482000 0.656750 0.478667 0.658500 0.477333 0.660250 0.475000 0.666250 0.475000 0.674750 0.475667 0.677250 0.477000 0.679250 0.479333 0.680250 0.482667 0.680500 0.486667 0.679000 0.488000 0.678000 0.490667 0.673000 0.491333 0.670000 0.491000 0.662000 0.489333 0.658500
0 0.440000 0.638250 0.436667 0.638250 0.431333 0.640250 0.428667 0.643000 0.425333 0.650750 0.426000 0.657000 0.426667 0.658750 0.428333 0.660000 0.432667 0.660500 0.439000 0.658500 0.443333 0.654750 0.444667 0.650750 0.444667 0.641750 0.444000 0.640250
0 0.438667 0.662250 0.435000 0.661750 0.431000 0.662750 0.426333 0.665500 0.422667 0.669000 0.421000 0.675750 0.421000 0.681250 0.422667 0.683750 0.425333 0.685000 0.429000 0.685250 0.433000 0.683750 0.435333 0.682250 0.438000 0.678250 0.441333 0.669000 0.441333 0.665500 0.440000 0.663000
0 0.436667 0.692750 0.437667 0.695000 0.442667 0.697750 0.447333 0.698750 0.456333 0.698750 0.459667 0.698000 0.466667 0.694750 0.467667 0.693000 0.467667 0.689750 0.467000 0.688750 0.462667 0.687250 0.447333 0.686750 0.439000 0.688500 0.437667 0.689750
0 0.498333 0.725750 0.495000 0.727750 0.494000 0.731500 0.494333 0.736750 0.496333 0.743750 0.501333 0.751500 0.505667 0.753750 0.509667 0.753750 0.513000 0.751500 0.514000 0.747750 0.513667 0.740750 0.512000 0.734500 0.510333 0.731500 0.506333 0.727250
0 0.427667 0.713250 0.423667 0.712500 0.413333 0.712500 0.408000 0.713250 0.404667 0.714750 0.398000 0.720250 0.396667 0.723750 0.397000 0.725500 0.399333 0.727500 0.406667 0.729750 0.412000 0.729750 0.423000 0.726500 0.426667 0.724750 0.430000 0.721500 0.430333 0.716750
0 0.388000 0.659500 0.384667 0.661250 0.382667 0.665500 0.383333 0.674750 0.384667 0.677750 0.389333 0.682250 0.391333 0.682750 0.396000 0.682500 0.398000 0.681000 0.400333 0.677500 0.400667 0.672000 0.398333 0.665250 0.396667 0.663250 0.392000 0.660250
0 0.337667 0.667000 0.336000 0.669500 0.336333 0.673750 0.338000 0.677500 0.341667 0.681500 0.345667 0.684750 0.348333 0.685750 0.354000 0.686250 0.356000 0.685500 0.358000 0.682750 0.358000 0.679500 0.357000 0.676000 0.354667 0.672500 0.350000 0.668750 0.344333 0.666500 0.341000 0.666000
0 0.287667 0.657000 0.282667 0.657000 0.279667 0.658250 0.275000 0.663750 0.273333 0.668250 0.273333 0.672250 0.275000 0.675000 0.279000 0.675250 0.280333 0.674750 0.287667 0.668000 0.289667 0.661750 0.289333 0.658750
0 0.404333 0.404500 0.403333 0.405000 0.401333 0.408250 0.401333 0.412500 0.402333 0.416500 0.405333 0.420750 0.407000 0.421500 0.409333 0.421500 0.411000 0.421000 0.412333 0.419250 0.412667 0.416250 0.410667 0.408750 0.409000 0.406500
