0 0.533000 0.252250 0.530333 0.254500 0.527667 0.258750 0.527667 0.268000 0.529000 0.271750 0.531667 0.275250 0.534667 0.277000 0.538000 0.277250 0.541667 0.275000 0.543667 0.271750 0.544667 0.267250 0.544333 0.260000 0.542000 0.256250 0.537667 0.252500
0 0.482333 0.313000 0.478000 0.313000 0.474000 0.315000 0.469000 0.320750 0.466333 0.325500 0.465333 0.328750 0.465667 0.335250 0.467000 0.338500 0.471000 0.341500 0.475333 0.340500 0.482000 0.334750 0.486000 0.326250 0.486667 0.317500 0.485333 0.314500
0 0.536667 0.344750 0.534000 0.345750 0.532000 0.348250 0.530667 0.352750 0.530667 0.358250 0.532333 0.365000 0.533333 0.366500 0.536667 0.369500 0.541667 0.370750 0.545333 0.369250 0.546667 0.366500 0.547000 0.353500 0.545667 0.348750 0.544333 0.347000 0.541333 0.345000
0 0.607333 0.359750 0.604333 0.357750 0.595667 0.357250 0.581667 0.361500 0.571667 0.368750 0.571667 0.372750 0.572333 0.373750 0.575000 0.374750 0.590000 0.373750 0.599000 0.370750 0.605333 0.366000 0.607667 0.362250
0 0.638333 0.340250 0.634000 0.340750 0.630667 0.343250 0.627333 0.344750 0.620667 0.353500 0.619667 0.359250 0.620333 0.361750 0.622667 0.364000 0.627667 0.364000 0.631000 0.363000 0.638667 0.356500 0.641333 0.348250 0.641333 0.344250 0.640000 0.341500
0 0.583667 0.300750 0.580333 0.303000 0.579000 0.304750 0.577667 0.308000 0.577333 0.311750 0.579333 0.319250 0.583333 0.321500 0.586000 0.321500 0.589333 0.320750 0.592000 0.319000 0.593333 0.314750 0.593333 0.308000 0.591667 0.303750 0.588333 0.301500
0 0.623667 0.299000 0.619333 0.302500 0.617667 0.305250 0.616333 0.309500 0.616333 0.313000 0.617000 0.315250 0.619333 0.318500 0.623333 0.321500 0.626667 0.321500 0.630000 0.319250 0.631667 0.316250 0.632667 0.311500 0.632667 0.306000 0.630667 0.301250 0.627333 0.299000
0 0.714000 0.309500 0.712000 0.309750 0.707667 0.313000 0.706333 0.314750 0.705000 0.318750 0.705000 0.323750 0.706667 0.328750 0.708333 0.330750 0.711333 0.331250 0.715000 0.330750 0.717333 0.329500 0.719333 0.326750 0.720000 0.323500 0.719000 0.314750 0.716667 0.310500
0 0.736000 0.317250 0.732000 0.320250 0.731000 0.321750 0.730000 0.325000 0.730333 0.334250 0.734000 0.340000 0.736667 0.341750 0.740333 0.342250 0.743667 0.340000 0.745667 0.337000 0.746667 0.333500 0.746667 0.326500 0.745667 0.322500 0.744333 0.320500 0.740667 0.317500
0 0.739667 0.352000 0.736667 0.353000 0.735000 0.354750 0.733667 0.359500 0.733667 0.365000 0.734667 0.369750 0.736667 0.372500 0.739333 0.373750 0.742667 0.373750 0.745333 0.373000 0.748667 0.369500 0.749333 0.360500 0.748667 0.357750 0.746333 0.353750 0.744000 0.352250
0 0.670667 0.374250 0.667333 0.375000 0.665333 0.376500 0.661667 0.386500 0.661667 0.390500 0.664000 0.397000 0.666333 0.398500 0.670667 0.398250 0.674667 0.396000 0.677000 0.392750 0.678333 0.387750 0.678333 0.382750 0.677000 0.378000 0.675667 0.376250
0 0.655000 0.370000 0.651333 0.370500 0.648667 0.372000 0.645000 0.376750 0.642667 0.383750 0.642667 0.387250 0.644000 0.391750 0.646333 0.394250 0.649667 0.395500 0.653000 0.395000 0.657000 0.392750 0.660000 0.389250 0.661667 0.385250 0.662000 0.376750 0.659333 0.372750
0 0.576000 0.379500 0.574000 0.381000 0.572333 0.385000 0.572667 0.391250 0.575000 0.398500 0.579333 0.404750 0.583333 0.406000 0.588333 0.405750 0.590667 0.404250 0.592000 0.401000 0.591667 0.393000 0.589667 0.388000 0.587667 0.384750 0.583667 0.381500 0.580333 0.379750
0 0.564000 0.413500 0.561000 0.413500 0.557000 0.415250 0.553667 0.420250 0.553000 0.424000 0.553667 0.430250 0.554667 0.432500 0.557333 0.434250 0.560667 0.434500 0.564000 0.433250 0.568000 0.430250 0.570000 0.426750 0.570333 0.419250 0.569333 0.415500 0.568333 0.414500
0 0.559667 0.436750 0.557000 0.437500 0.555333 0.439250 0.554000 0.442500 0.553333 0.448000 0.554667 0.455000 0.556333 0.458000 0.559000 0.459750 0.562333 0.460250 0.565000 0.459750 0.569000 0.456000 0.570333 0.450000 0.570333 0.445000 0.568333 0.438750 0.564667 0.437000
0 0.517000 0.417000 0.513000 0.418750 0.510333 0.423250 0.510000 0.431750 0.511333 0.435750 0.512667 0.437500 0.516000 0.439250 0.519000 0.439500 0.522000 0.438750 0.525000 0.435750 0.526333 0.432000 0.526667 0.426750 0.526000 0.423000 0.523333 0.419250 0.520667 0.417500
0 0.741000 0.394250 0.737333 0.395500 0.732333 0.399750 0.730000 0.404750 0.729667 0.411750 0.732000 0.415250 0.735333 0.416500 0.740333 0.416500 0.744000 0.414500 0.746000 0.412750 0.747667 0.408250 0.747667 0.399500 0.745000 0.395750
0 0.821667 0.397500 0.818000 0.399000 0.816333 0.401250 0.815667 0.403500 0.816000 0.412250 0.817667 0.417500 0.820333 0.421500 0.822667 0.423000 0.827000 0.423750 0.829667 0.422750 0.832667 0.419750 0.833333 0.416750 0.833000 0.409250 0.831000 0.404000 0.828000 0.399250 0.825333 0.397750
0 0.699333 0.462000 0.699333 0.464000 0.701000 0.466500 0.706333 0.470250 0.712333 0.472500 0.722000 0.472500 0.726000 0.471750 0.728000 0.470500 0.727000 0.467000 0.724333 0.464000 0.716000 0.459750 0.709333 0.458000 0.705000 0.458250 0.701000 0.460000
0 0.682333 0.489500 0.682333 0.493750 0.683333 0.495250 0.690333 0.501250 0.704667 0.506750 0.710000 0.507250 0.712667 0.506750 0.714333 0.505750 0.715333 0.501250 0.713000 0.498250 0.707000 0.493500 0.700333 0.490500 0.692333 0.488250 0.685000 0.488000
0 0.677667 0.472500 0.673333 0.472500 0.669333 0.475500 0.667667 0.478750 0.667333 0.484500 0.669000 0.489750 0.670000 0.491000 0.674000 0.492500 0.677667 0.491250 0.680333 0.487000 0.680667 0.485250 0.680333 0.477000 0.679333 0.474250
0 0.654333 0.503000 0.650000 0.503250 0.648333 0.504000 0.644667 0.506750 0.642000 0.510000 0.641000 0.514000 0.641000 0.522000 0.642333 0.525750 0.646000 0.528000 0.650333 0.527250 0.654000 0.524500 0.656000 0.521500 0.658667 0.514250 0.659000 0.508500 0.657667 0.505250
0 0.629333 0.509500 0.627000 0.510000 0.623000 0.513750 0.620667 0.517500 0.620667 0.522500 0.622333 0.529250 0.624667 0.532500 0.627333 0.534250 0.631000 0.534500 0.634667 0.533000 0.637333 0.530000 0.638667 0.525000 0.638667 0.521000 0.637667 0.516500 0.636000 0.513500 0.631667 0.509750
0 0.623333 0.468750 0.621000 0.470000 0.619667 0.473000 0.619333 0.475250 0.620667 0.481500 0.622333 0.485000 0.626333 0.490000 0.629000 0.490750 0.631667 0.490750 0.635333 0.488500 0.637000 0.486250 0.637667 0.478250 0.632667 0.470000 0.630000 0.469000
0 0.551333 0.485750 0.550333 0.486750 0.549667 0.490750 0.555000 0.500500 0.558667 0.503250 0.563333 0.504750 0.565667 0.504500 0.568333 0.502500 0.568333 0.497500 0.567000 0.494000 0.560333 0.486000 0.556333 0.485000
0 0.473000 0.487750 0.470667 0.488250 0.469333 0.489250 0.466333 0.493500 0.465667 0.500000 0.466333 0.502750 0.468667 0.507000 0.470667 0.508750 0.474333 0.509750 0.478333 0.507500 0.479667 0.506000 0.481333 0.502000 0.481667 0.497500 0.481000 0.494000 0.479333 0.491500 0.475333 0.488000
0 0.607667 0.525000 0.603000 0.525250 0.599333 0.528500 0.597667 0.532250 0.597667 0.545000 0.599333 0.549250 0.602667 0.551500 0.607333 0.551000 0.610000 0.549000 0.613000 0.545250 0.614000 0.541750 0.614000 0.533500 0.613333 0.531250 0.611333 0.527750
0 0.631000 0.568500 0.626667 0.568750 0.623333 0.571750 0.620667 0.578500 0.620667 0.583250 0.622000 0.587250 0.623333 0.588500 0.626667 0.588250 0.631000 0.585500 0.633333 0.580250 0.633667 0.571500
0 0.631667 0.588250 0.627667 0.590250 0.625333 0.592750 0.622667 0.603000 0.623333 0.608250 0.624667 0.611000 0.626667 0.612500 0.632000 0.612000 0.636333 0.608500 0.638667 0.604250 0.639000 0.595250 0.638333 0.593000 0.635667 0.589500
0 0.606667 0.585750 0.604000 0.588250 0.604000 0.596000 0.605333 0.599750 0.607000 0.602000 0.610667 0.604500 0.612333 0.604500 0.615333 0.603000 0.616667 0.599750 0.617000 0.594000 0.616000 0.588500 0.614667 0.587000 0.612000 0.586000
0 0.521667 0.584250 0.518000 0.586500 0.517000 0.587750 0.515667 0.592750 0.516000 0.602750 0.517667 0.605750 0.520333 0.607000 0.522667 0.606750 0.524667 0.605250 0.528000 0.601250 0.529000 0.598500 0.529000 0.588000 0.527667 0.586000 0.525667 0.584500
0 0.540667 0.624250 0.537667 0.626250 0.533667 0.631250 0.532333 0.635500 0.533333 0.642750 0.535667 0.647500 0.539333 0.649500 0.542000 0.649750 0.546000 0.648250 0.549333 0.643750 0.550333 0.634000 0.548667 0.628500 0.547333 0.626500 0.545000 0.624750
0 0.674000 0.553750 0.670333 0.556500 0.668667 0.560750 0.669000 0.568250 0.670667 0.573000 0.674000 0.576500 0.677333 0.577500 0.681333 0.575500 0.684000 0.572750 0.684667 0.570000 0.684667 0.561500 0.682333 0.557000 0.677333 0.553750
0 0.672667 0.577500 0.670333 0.578000 0.668333 0.580250 0.667333 0.583000 0.667667 0.588500 0.669000 0.592000 0.673000 0.597750 0.675000 0.599250 0.678333 0.600000 0.681667 0.599250 0.684000 0.595750 0.683667 0.587750 0.682333 0.584500 0.678333 0.579750 0.676000 0.578250
0 0.736667 0.592250 0.735333 0.594750 0.735333 0.599750 0.736667 0.603250 0.739000 0.606250 0.744333 0.610500 0.747667 0.612250 0.752333 0.612500 0.755333 0.611500 0.756667 0.610250 0.757667 0.607500 0.757000 0.603250 0.750667 0.595500 0.748000 0.593500 0.741333 0.591500 0.739000 0.591500
