0 0.580333 0.262500 0.579333 0.263000 0.576333 0.267500 0.575667 0.271000 0.576000 0.275250 0.577667 0.280000 0.579000 0.281750 0.581000 0.283000 0.584667 0.283250 0.587667 0.281750 0.589667 0.279500 0.590333 0.271250 0.589000 0.267000 0.584667 0.262750
0 0.684333 0.320000 0.682333 0.322000 0.682333 0.326000 0.685000 0.331500 0.688667 0.335500 0.693667 0.339250 0.696667 0.340500 0.702000 0.340250 0.704333 0.338000 0.704333 0.335750 0.703000 0.330500 0.700333 0.326000 0.694333 0.321250 0.687667 0.319750
0 0.614667 0.317250 0.610333 0.317000 0.608000 0.317750 0.602667 0.321750 0.601000 0.324750 0.599667 0.329000 0.599667 0.335250 0.601000 0.338500 0.603667 0.340250 0.607667 0.340500 0.612667 0.337500 0.616000 0.333750 0.618333 0.326000 0.618333 0.321750 0.616667 0.318500
0 0.635333 0.349250 0.634000 0.349250 0.629667 0.351250 0.627000 0.353250 0.625333 0.356750 0.623333 0.366750 0.623333 0.371250 0.624333 0.373500 0.627000 0.374750 0.631000 0.374750 0.633667 0.373750 0.638000 0.369500 0.639333 0.366750 0.640000 0.363500 0.639667 0.353000 0.638667 0.351000
0 0.556667 0.340000 0.552667 0.342000 0.550667 0.345000 0.550333 0.350000 0.551000 0.353000 0.556000 0.361500 0.560333 0.364000 0.564667 0.364000 0.568333 0.361000 0.569000 0.357250 0.568667 0.353250 0.565000 0.345250 0.560333 0.340750
0 0.536333 0.360000 0.533333 0.360500 0.532000 0.362000 0.530667 0.366500 0.530000 0.372750 0.531667 0.381250 0.533333 0.384500 0.537333 0.387250 0.541333 0.387500 0.544667 0.386250 0.546000 0.384500 0.547000 0.380500 0.547000 0.371250 0.545333 0.367000 0.537667 0.360250
0 0.490667 0.368000 0.489000 0.369250 0.488000 0.372250 0.488000 0.375500 0.489333 0.380500 0.493667 0.387000 0.497667 0.388750 0.501333 0.388750 0.503000 0.387250 0.504000 0.384500 0.503000 0.376500 0.500667 0.374250 0.498333 0.369750 0.495000 0.367750
0 0.639667 0.381000 0.637333 0.382250 0.636000 0.385000 0.636000 0.389250 0.638333 0.395750 0.642000 0.401250 0.647000 0.405000 0.649667 0.405750 0.654667 0.405750 0.657667 0.404000 0.659333 0.400000 0.658000 0.393250 0.655333 0.388000 0.653333 0.385250 0.650000 0.383000 0.643000 0.380500
0 0.600000 0.378000 0.596000 0.379750 0.594000 0.383500 0.593000 0.387750 0.593333 0.393250 0.594667 0.398000 0.597000 0.400750 0.599667 0.402500 0.604333 0.403500 0.608000 0.401750 0.610000 0.397500 0.610667 0.393250 0.610000 0.386000 0.609000 0.382750 0.607333 0.380250 0.603333 0.378250
0 0.713667 0.385250 0.711333 0.384500 0.705333 0.384500 0.689667 0.388500 0.684667 0.392000 0.684000 0.395250 0.684667 0.397500 0.686000 0.398500 0.692000 0.399500 0.701333 0.399000 0.706000 0.397750 0.710000 0.395000 0.714667 0.389500 0.714667 0.387250
0 0.833667 0.387750 0.829333 0.387750 0.822000 0.390750 0.819333 0.393000 0.815333 0.399250 0.814667 0.401500 0.814667 0.409000 0.818000 0.412750 0.823333 0.413250 0.825667 0.412500 0.833000 0.403750 0.836000 0.397000 0.836000 0.391750 0.835000 0.389000
0 0.642000 0.413750 0.639000 0.415250 0.638000 0.416500 0.637000 0.419750 0.637667 0.426500 0.641667 0.435250 0.644333 0.436750 0.647667 0.437250 0.651000 0.436500 0.653000 0.433500 0.653000 0.423750 0.651667 0.420750 0.648000 0.415750 0.645667 0.414250
0 0.628667 0.424000 0.625667 0.425250 0.622000 0.429500 0.620667 0.432000 0.620333 0.436000 0.626667 0.440750 0.630000 0.446250 0.631000 0.446500 0.635000 0.443750 0.637667 0.440000 0.638000 0.433750 0.637333 0.431000 0.633667 0.426000 0.631333 0.424000
0 0.625667 0.440250 0.623000 0.438750 0.618333 0.438000 0.616000 0.438750 0.610333 0.439250 0.604000 0.441750 0.597000 0.447250 0.596667 0.451500 0.599000 0.454500 0.603000 0.455750 0.609667 0.455750 0.614333 0.454750 0.624333 0.450750 0.627667 0.446750 0.627333 0.442750
0 0.578000 0.409500 0.575667 0.410750 0.574667 0.413000 0.574333 0.416750 0.575333 0.421500 0.579333 0.427750 0.581000 0.429000 0.585000 0.430500 0.589333 0.430750 0.591667 0.429750 0.593000 0.426750 0.593000 0.420750 0.591667 0.415750 0.584333 0.409750 0.582000 0.409250
0 0.541000 0.424750 0.537333 0.426250 0.532667 0.431000 0.532333 0.443750 0.533333 0.447500 0.535667 0.451250 0.537333 0.452500 0.539333 0.453000 0.543333 0.453000 0.546333 0.452000 0.549000 0.448000 0.550000 0.444250 0.550000 0.436250 0.548667 0.431000 0.545667 0.426750 0.544333 0.425750
0 0.560667 0.471750 0.557000 0.474500 0.555667 0.476750 0.555000 0.479500 0.555333 0.487500 0.556333 0.490750 0.560333 0.493750 0.564667 0.494250 0.568000 0.492250 0.569000 0.490750 0.569667 0.487750 0.569667 0.479500 0.569000 0.477000 0.565000 0.472750
0 0.518667 0.469750 0.515000 0.469750 0.512000 0.470750 0.508667 0.473000 0.504667 0.478000 0.504000 0.481250 0.504667 0.489000 0.505667 0.491000 0.509333 0.492750 0.514000 0.493000 0.517333 0.491250 0.521333 0.487000 0.523000 0.482500 0.522667 0.473750 0.521333 0.471000
0 0.493333 0.478500 0.489333 0.481750 0.486667 0.485750 0.486000 0.498000 0.486667 0.500000 0.489000 0.502750 0.491000 0.503500 0.494667 0.503750 0.498000 0.501750 0.499667 0.498250 0.500333 0.486250 0.499333 0.483000 0.497667 0.480750 0.495000 0.478500
0 0.431000 0.496750 0.427667 0.499000 0.426000 0.501500 0.425667 0.509500 0.427000 0.513500 0.429667 0.517000 0.431667 0.518500 0.435333 0.519000 0.437000 0.518250 0.440000 0.513750 0.440667 0.510000 0.440333 0.505750 0.439000 0.501500 0.435333 0.497000
0 0.559333 0.502750 0.556000 0.503500 0.551000 0.509000 0.549333 0.514000 0.549333 0.518750 0.550333 0.521500 0.554000 0.526000 0.557000 0.528000 0.560667 0.528250 0.564667 0.525500 0.567333 0.522000 0.569000 0.518500 0.569333 0.513000 0.569000 0.509500 0.565333 0.504750 0.562000 0.503000
0 0.630000 0.494000 0.626667 0.494500 0.623000 0.497750 0.620667 0.502000 0.620333 0.506500 0.621000 0.510000 0.623667 0.514750 0.626667 0.516750 0.630667 0.517250 0.635000 0.514250 0.636667 0.511250 0.637667 0.507750 0.637667 0.503000 0.635333 0.498000 0.631667 0.494500
0 0.568333 0.531750 0.563667 0.531250 0.558333 0.532750 0.555667 0.534500 0.551667 0.539250 0.550333 0.541750 0.549333 0.548500 0.550667 0.552500 0.552667 0.554250 0.556000 0.555000 0.561000 0.555000 0.568000 0.547750 0.569667 0.543750 0.570333 0.538750 0.569667 0.533250
0 0.526000 0.555750 0.526000 0.557500 0.528667 0.561250 0.536000 0.565500 0.544333 0.567000 0.548333 0.568500 0.557333 0.568000 0.560000 0.565250 0.560000 0.563500 0.558333 0.560500 0.556667 0.559000 0.555000 0.558500 0.552333 0.556500 0.543000 0.553000 0.537000 0.551750 0.532667 0.551750 0.528667 0.553250
0 0.552000 0.571500 0.548333 0.570750 0.541333 0.571500 0.533333 0.578000 0.531000 0.584500 0.531000 0.589000 0.533000 0.592500 0.537000 0.592750 0.541333 0.591500 0.546333 0.588500 0.549667 0.585000 0.553333 0.579750 0.553667 0.575250 0.553333 0.573250
0 0.609333 0.569500 0.606000 0.569500 0.603000 0.570250 0.600333 0.572500 0.598000 0.577000 0.597333 0.582250 0.598000 0.587750 0.599333 0.590250 0.602667 0.592250 0.607333 0.591750 0.611333 0.588000 0.614000 0.583750 0.615000 0.579750 0.614333 0.572750 0.612000 0.570250
0 0.702000 0.593000 0.697333 0.593000 0.693000 0.594750 0.689667 0.599000 0.688000 0.603250 0.688000 0.610000 0.689000 0.615250 0.692000 0.619750 0.696333 0.622000 0.700667 0.621500 0.702667 0.620250 0.706000 0.615750 0.707667 0.611750 0.708333 0.607750 0.707667 0.596750 0.705000 0.593750
0 0.704000 0.586500 0.703333 0.587500 0.703333 0.592000 0.704000 0.593000 0.712667 0.599000 0.717333 0.600500 0.724000 0.601500 0.729333 0.601250 0.732333 0.600250 0.733333 0.598000 0.733000 0.594250 0.724667 0.588250 0.717333 0.586250 0.710667 0.585250 0.705667 0.585500
