0 0.633667 0.273750 0.628000 0.273250 0.622667 0.274750 0.618000 0.278250 0.614667 0.282500 0.614000 0.285000 0.614333 0.290500 0.616000 0.292500 0.618667 0.293500 0.622667 0.293000 0.630333 0.287250 0.632667 0.284000 0.635000 0.278750 0.635333 0.275500
0 0.600000 0.326750 0.598333 0.328000 0.597000 0.330500 0.596667 0.338000 0.597667 0.342250 0.600000 0.346250 0.602667 0.349000 0.604667 0.349750 0.608000 0.350000 0.612333 0.348000 0.614000 0.345250 0.614333 0.338250 0.613000 0.333500 0.611333 0.330250 0.608000 0.327750 0.603333 0.326500
0 0.519000 0.305000 0.516667 0.305000 0.512667 0.307250 0.510000 0.310000 0.508000 0.314000 0.508000 0.326750 0.509667 0.331000 0.513000 0.333000 0.518333 0.332750 0.522333 0.330500 0.524333 0.326750 0.526000 0.320750 0.526333 0.313000 0.525667 0.310750 0.522333 0.306000
0 0.603000 0.363500 0.598667 0.365750 0.596667 0.368500 0.596000 0.376750 0.597333 0.381500 0.600667 0.385750 0.603667 0.387500 0.607667 0.387500 0.610667 0.385000 0.613000 0.381000 0.613333 0.377250 0.612667 0.373500 0.611000 0.369000 0.608000 0.365000 0.606333 0.364000
0 0.677667 0.346250 0.673333 0.345750 0.669667 0.346750 0.660000 0.353750 0.657333 0.358000 0.656333 0.363500 0.657000 0.368750 0.658667 0.370500 0.663000 0.371250 0.667333 0.369500 0.672000 0.366250 0.676000 0.361250 0.678667 0.356500 0.679667 0.349250
0 0.698000 0.359750 0.693000 0.360000 0.690000 0.361500 0.684667 0.368500 0.683667 0.372250 0.684667 0.377500 0.687333 0.381250 0.689667 0.382750 0.693000 0.383000 0.697667 0.380750 0.701667 0.377250 0.703333 0.373750 0.704000 0.370250 0.703667 0.364250 0.702000 0.361250
0 0.609000 0.398000 0.605333 0.398000 0.601667 0.399250 0.599667 0.401000 0.598000 0.404500 0.597667 0.413000 0.598333 0.415750 0.600000 0.418250 0.603000 0.419750 0.607333 0.419250 0.612000 0.415500 0.614000 0.412500 0.614667 0.406000 0.613667 0.401000 0.611667 0.398750
0 0.554333 0.405250 0.552333 0.407250 0.552333 0.410000 0.553333 0.413000 0.556333 0.417500 0.564333 0.423500 0.567000 0.424500 0.570667 0.424750 0.575000 0.423500 0.577000 0.420750 0.576667 0.416500 0.576000 0.415000 0.569667 0.408500 0.560333 0.404750 0.556333 0.404500
0 0.607333 0.452000 0.603667 0.452250 0.598667 0.454750 0.595333 0.462250 0.595333 0.466750 0.596333 0.470500 0.598667 0.473250 0.602667 0.475250 0.605000 0.475250 0.607333 0.474500 0.610667 0.471500 0.613000 0.467500 0.613333 0.461500 0.612000 0.455000
0 0.619333 0.466250 0.618333 0.468750 0.618667 0.471750 0.623000 0.475500 0.634000 0.480750 0.638667 0.481500 0.646000 0.481500 0.650333 0.479750 0.651000 0.478750 0.650667 0.475250 0.646333 0.469750 0.639000 0.467250 0.631667 0.465750 0.622333 0.465000
0 0.683667 0.462250 0.681667 0.460250 0.677667 0.459000 0.672333 0.459250 0.659000 0.461750 0.656000 0.463000 0.650333 0.467000 0.650333 0.470750 0.652667 0.472250 0.661000 0.473500 0.666333 0.473250 0.673667 0.471500 0.682333 0.467250 0.683667 0.464500
0 0.721667 0.449750 0.716333 0.450000 0.710667 0.454250 0.707000 0.461750 0.707000 0.463750 0.708667 0.467000 0.712000 0.467750 0.716667 0.467000 0.722667 0.460750 0.724333 0.458000 0.725000 0.454000 0.724000 0.451500
0 0.699333 0.431000 0.699000 0.432750 0.700000 0.436250 0.708000 0.440500 0.719000 0.443000 0.722333 0.443000 0.728000 0.441750 0.730333 0.439750 0.729667 0.436250 0.725333 0.431500 0.718000 0.428750 0.711667 0.428000 0.705333 0.428250 0.701000 0.429750
0 0.655000 0.428000 0.655000 0.431250 0.658667 0.433500 0.665333 0.434500 0.674000 0.434750 0.678000 0.434250 0.683000 0.432250 0.685333 0.430250 0.686000 0.426000 0.685333 0.424250 0.681333 0.422250 0.667667 0.422000 0.658333 0.424250
0 0.555667 0.445750 0.552667 0.447250 0.551333 0.450500 0.551000 0.455250 0.551667 0.458750 0.555333 0.465250 0.557333 0.466500 0.561667 0.467000 0.565000 0.465250 0.566000 0.463500 0.566000 0.454750 0.561333 0.447250 0.559000 0.446000
0 0.631667 0.498500 0.631000 0.501250 0.631667 0.503000 0.635000 0.506250 0.639333 0.507750 0.643000 0.508250 0.654000 0.507750 0.657333 0.505500 0.658000 0.501750 0.656000 0.499500 0.653333 0.498000 0.646667 0.496500 0.637333 0.496000 0.634333 0.496500
0 0.611667 0.508500 0.608667 0.508000 0.603333 0.508500 0.599000 0.510000 0.596000 0.512250 0.592000 0.520250 0.592000 0.525250 0.593000 0.527000 0.595000 0.528500 0.599000 0.529250 0.600667 0.529000 0.604333 0.527250 0.607667 0.524500 0.611667 0.518000 0.613000 0.514500 0.613000 0.510250
0 0.575333 0.514500 0.572667 0.517000 0.571667 0.521250 0.571667 0.525250 0.572667 0.527750 0.576000 0.532500 0.580333 0.536000 0.584667 0.537500 0.587667 0.537750 0.588667 0.537250 0.591000 0.533000 0.590667 0.528250 0.589667 0.525500 0.584000 0.517250 0.579667 0.515000 0.576667 0.514250
0 0.572000 0.536000 0.570667 0.537750 0.570333 0.541750 0.571667 0.546250 0.574333 0.549750 0.580000 0.555250 0.583000 0.556250 0.588333 0.555750 0.590333 0.553500 0.590000 0.548000 0.584667 0.540000 0.581333 0.538500 0.576667 0.535250
0 0.532667 0.515250 0.529667 0.516250 0.527667 0.518750 0.527333 0.524000 0.528667 0.529000 0.533667 0.536250 0.537667 0.538500 0.541667 0.539000 0.544000 0.538250 0.545667 0.536500 0.546667 0.530000 0.545667 0.525250 0.540000 0.517250 0.537000 0.515250
0 0.548333 0.578500 0.547667 0.580000 0.548333 0.584500 0.556667 0.592500 0.566000 0.596250 0.571333 0.597750 0.576000 0.597500 0.578333 0.596250 0.579333 0.594000 0.579333 0.591250 0.577333 0.587750 0.567333 0.580250 0.561000 0.577750 0.555000 0.577000 0.551667 0.577000
0 0.654000 0.560250 0.649667 0.560750 0.645333 0.563750 0.641667 0.572000 0.641667 0.577500 0.642667 0.581250 0.645333 0.583250 0.649333 0.584250 0.651000 0.584250 0.655000 0.582250 0.659333 0.576500 0.661000 0.572000 0.661000 0.568250 0.660000 0.564500 0.658333 0.562750
0 0.643000 0.585250 0.641667 0.586250 0.640333 0.590250 0.640333 0.594750 0.641667 0.601250 0.643000 0.604000 0.646667 0.608500 0.650333 0.610000 0.654000 0.610250 0.656667 0.608000 0.658000 0.604500 0.658333 0.598500 0.657667 0.596250 0.653333 0.588000 0.650333 0.586000 0.646667 0.585250
0 0.704667 0.581500 0.700333 0.581500 0.696333 0.582750 0.691333 0.587250 0.689000 0.591250 0.688333 0.593750 0.688333 0.600750 0.689667 0.604000 0.692667 0.606000 0.694333 0.606000 0.697000 0.605000 0.702000 0.601750 0.705333 0.596250 0.707000 0.591000 0.707000 0.584250 0.706000 0.582250
0 0.655000 0.675500 0.650667 0.675750 0.648333 0.677250 0.645000 0.681000 0.644000 0.684500 0.643667 0.690500 0.644333 0.692750 0.647333 0.696750 0.650333 0.699000 0.654000 0.699000 0.656000 0.698000 0.660333 0.694000 0.662333 0.689750 0.662333 0.681250 0.659333 0.677500
0 0.587667 0.699000 0.584667 0.699250 0.580333 0.700750 0.577667 0.706000 0.577333 0.714250 0.578000 0.717000 0.580667 0.721000 0.583667 0.722500 0.587333 0.722000 0.591000 0.720250 0.592667 0.718500 0.593667 0.715250 0.594000 0.708250 0.592667 0.701500 0.591000 0.700000
0 0.523000 0.658250 0.522000 0.662500 0.523333 0.665250 0.527000 0.669500 0.533333 0.674000 0.542333 0.676500 0.546000 0.676500 0.549667 0.674750 0.549667 0.669500 0.548000 0.666500 0.544667 0.662750 0.537667 0.658250 0.529667 0.656500 0.524667 0.657000
