0 0.446333 0.352750 0.442667 0.354500 0.440667 0.357750 0.440333 0.365000 0.441000 0.368000 0.443333 0.373500 0.446333 0.377250 0.448333 0.378250 0.452333 0.378750 0.456333 0.377750 0.459000 0.375000 0.459667 0.373250 0.459333 0.365250 0.458333 0.361750 0.452667 0.354500 0.450667 0.353250
0 0.366000 0.381500 0.360667 0.381500 0.356667 0.382750 0.353333 0.385000 0.349000 0.392000 0.348667 0.396750 0.350333 0.399500 0.353333 0.401500 0.358667 0.401500 0.365333 0.397000 0.369667 0.389250 0.369667 0.384500 0.368667 0.383000
0 0.420333 0.388000 0.417333 0.390250 0.415667 0.392750 0.415333 0.399000 0.416333 0.403250 0.419000 0.408500 0.423333 0.411250 0.427667 0.411500 0.431333 0.409750 0.433000 0.407750 0.434000 0.404500 0.433333 0.397250 0.431333 0.392500 0.427333 0.388750 0.424333 0.387750
0 0.467667 0.418000 0.466667 0.420000 0.467667 0.423500 0.470000 0.427250 0.478333 0.432250 0.486333 0.433750 0.490333 0.432250 0.492333 0.428500 0.491667 0.424000 0.490000 0.421750 0.484000 0.417250 0.479667 0.415750 0.473667 0.415750 0.470333 0.416250
0 0.543667 0.445500 0.539333 0.445250 0.536667 0.445750 0.533667 0.447000 0.531667 0.449500 0.529000 0.455500 0.528333 0.460250 0.529667 0.466250 0.530667 0.467750 0.533000 0.469250 0.538000 0.469500 0.543333 0.467750 0.545667 0.465500 0.547667 0.459500 0.548000 0.454250 0.546667 0.447500 0.545333 0.446000
0 0.361667 0.453500 0.357333 0.453500 0.353667 0.454750 0.348667 0.462750 0.347333 0.470750 0.349333 0.474250 0.352667 0.476000 0.358000 0.475500 0.362000 0.471750 0.366000 0.466500 0.366667 0.464000 0.366333 0.457500 0.365333 0.455250
0 0.376000 0.486500 0.373667 0.488250 0.372667 0.490000 0.372667 0.494750 0.377000 0.504750 0.380000 0.507250 0.383333 0.508250 0.391333 0.509500 0.396000 0.509250 0.397000 0.508750 0.398333 0.506500 0.398333 0.501500 0.393667 0.494500 0.388667 0.489750 0.384333 0.487000 0.380667 0.486000
0 0.378333 0.510000 0.376667 0.512750 0.376667 0.514000 0.380000 0.518750 0.384333 0.522500 0.392333 0.525500 0.395333 0.526000 0.401000 0.526000 0.404000 0.525000 0.405333 0.522000 0.404667 0.517500 0.401333 0.514000 0.398333 0.512750 0.395667 0.510500 0.389667 0.509250 0.382000 0.508750 0.380000 0.509000
0 0.365667 0.508250 0.361000 0.508250 0.358000 0.509250 0.354333 0.513000 0.352333 0.517500 0.353000 0.525750 0.356667 0.530750 0.361333 0.532250 0.365333 0.532000 0.370333 0.530000 0.373000 0.525250 0.373000 0.516750 0.370000 0.511250
0 0.357000 0.544250 0.354333 0.540250 0.350333 0.539500 0.345333 0.539750 0.338000 0.541250 0.332333 0.543750 0.330333 0.545500 0.329667 0.549250 0.332000 0.551250 0.335000 0.552250 0.343000 0.552250 0.349667 0.550500 0.354333 0.548250 0.356333 0.546250
0 0.501667 0.485750 0.497667 0.485500 0.495667 0.486500 0.493667 0.488250 0.490333 0.494000 0.488667 0.500500 0.489000 0.504500 0.489667 0.506250 0.493667 0.508000 0.497333 0.507500 0.499333 0.506250 0.503000 0.501250 0.504333 0.498250 0.504333 0.491000 0.503000 0.486750
0 0.519333 0.479500 0.517000 0.480250 0.515667 0.482000 0.514667 0.485250 0.514667 0.488500 0.516333 0.495250 0.517333 0.496250 0.521333 0.497250 0.524000 0.495500 0.526000 0.492000 0.527000 0.485500 0.525333 0.481750 0.522667 0.479750
0 0.555667 0.479000 0.553000 0.481000 0.552000 0.483500 0.552000 0.486750 0.556667 0.496000 0.560000 0.498750 0.564667 0.499750 0.568667 0.499500 0.570333 0.498500 0.571000 0.497250 0.571000 0.492500 0.569000 0.486750 0.560333 0.479750 0.557333 0.478750
0 0.451000 0.583250 0.448000 0.584500 0.444667 0.587750 0.442667 0.593500 0.442667 0.600250 0.444333 0.604250 0.446667 0.607500 0.450000 0.608750 0.452667 0.608750 0.455667 0.607750 0.459333 0.604500 0.461333 0.600000 0.462000 0.594750 0.461000 0.588250 0.459667 0.585750 0.455333 0.583500
0 0.361000 0.610250 0.357667 0.610250 0.354000 0.612000 0.352000 0.614750 0.350667 0.619000 0.351000 0.627500 0.352667 0.631750 0.356000 0.633250 0.359000 0.633250 0.362333 0.632000 0.365667 0.627250 0.367000 0.623000 0.366333 0.614750 0.364667 0.612250
0 0.362000 0.635750 0.358667 0.634250 0.354000 0.634250 0.342333 0.638250 0.336333 0.642250 0.335000 0.644500 0.334333 0.648500 0.335667 0.651500 0.338000 0.652750 0.345333 0.653250 0.350333 0.652250 0.356667 0.649500 0.359667 0.647250 0.363000 0.643000 0.363333 0.638500
0 0.402333 0.630500 0.403000 0.634750 0.407000 0.637500 0.413000 0.639000 0.421667 0.639250 0.427667 0.638000 0.433667 0.635000 0.436333 0.632000 0.436333 0.628500 0.435333 0.626500 0.431333 0.625000 0.417667 0.624500 0.409000 0.625500 0.404333 0.627500
0 0.443000 0.640750 0.437667 0.640250 0.431333 0.641250 0.424333 0.646000 0.421333 0.650500 0.421000 0.658250 0.423333 0.661500 0.427333 0.661750 0.434667 0.659000 0.440667 0.653750 0.443667 0.650000 0.444667 0.647250 0.444667 0.642500
0 0.499000 0.619000 0.497333 0.619000 0.494333 0.620250 0.491667 0.622500 0.489667 0.626250 0.487667 0.634000 0.488000 0.638250 0.489000 0.640000 0.490667 0.641250 0.493333 0.642000 0.498000 0.641750 0.502000 0.639000 0.504333 0.635250 0.506333 0.627250 0.505000 0.623250 0.502000 0.620250
0 0.517667 0.616250 0.513667 0.617250 0.512333 0.618250 0.511333 0.624250 0.514000 0.634750 0.517333 0.638750 0.522000 0.639500 0.525333 0.637500 0.527667 0.634500 0.528333 0.627500 0.526333 0.621750 0.524000 0.618250 0.521333 0.616500
0 0.569000 0.604750 0.567667 0.603750 0.563000 0.602750 0.556000 0.602750 0.549333 0.604250 0.545000 0.606000 0.540000 0.610000 0.539333 0.611750 0.540000 0.615250 0.543000 0.617250 0.547667 0.618500 0.553667 0.618500 0.562000 0.617000 0.568333 0.614250 0.570333 0.611750 0.570333 0.607500
0 0.493000 0.648250 0.489667 0.650000 0.488333 0.653500 0.489333 0.662500 0.491333 0.666750 0.494333 0.670000 0.498333 0.671750 0.502000 0.671750 0.505000 0.670000 0.506667 0.667500 0.507333 0.664500 0.507000 0.657750 0.503000 0.651500 0.500000 0.649000 0.497667 0.648000
0 0.424667 0.675750 0.422667 0.676750 0.421333 0.680000 0.421667 0.686000 0.423667 0.691250 0.431000 0.699000 0.435333 0.700500 0.439667 0.700500 0.442667 0.698000 0.443000 0.694750 0.442000 0.689500 0.438000 0.683750 0.437333 0.681500 0.435333 0.678750 0.431667 0.676250 0.428667 0.675250
0 0.341667 0.696500 0.338333 0.698000 0.336667 0.701000 0.337667 0.709500 0.340000 0.714750 0.342333 0.718000 0.345333 0.720250 0.349667 0.720250 0.353000 0.717750 0.354333 0.715500 0.355000 0.712250 0.354000 0.705500 0.350667 0.699750 0.349000 0.698250 0.345333 0.696750
0 0.498667 0.689750 0.493000 0.692750 0.489667 0.696750 0.489000 0.700250 0.489000 0.704750 0.490333 0.708500 0.493667 0.712500 0.497333 0.713500 0.501000 0.712500 0.504667 0.710250 0.507000 0.705250 0.507000 0.696250 0.506333 0.694500 0.502333 0.690500
0 0.516667 0.668250 0.514333 0.668750 0.512000 0.671500 0.511000 0.675750 0.511667 0.682250 0.513000 0.686250 0.516000 0.690000 0.518000 0.691000 0.522000 0.691250 0.526000 0.688750 0.528000 0.685500 0.528333 0.678250 0.527667 0.675000 0.526333 0.672250 0.522333 0.669000
0 0.520333 0.698500 0.515667 0.699250 0.513000 0.701000 0.510333 0.708000 0.510000 0.714000 0.510667 0.716750 0.513667 0.721250 0.517333 0.723500 0.521000 0.723750 0.524667 0.722250 0.527333 0.719750 0.529000 0.714000 0.529000 0.708250 0.528333 0.704500 0.526333 0.701250 0.522333 0.698750
