0 0.463000 0.294750 0.461667 0.298000 0.462000 0.300500 0.463667 0.303500 0.469667 0.309750 0.474333 0.312000 0.479000 0.313000 0.482667 0.313000 0.484333 0.311250 0.484000 0.306750 0.482667 0.304000 0.476000 0.298000 0.467667 0.294250 0.466000 0.294000
0 0.611333 0.314250 0.611667 0.318000 0.614667 0.320500 0.621333 0.323000 0.625667 0.323750 0.631000 0.323250 0.634667 0.321750 0.637000 0.319250 0.636333 0.316750 0.631000 0.313500 0.624000 0.312500 0.614333 0.312500
0 0.654667 0.288750 0.650333 0.289250 0.647667 0.291000 0.642333 0.299000 0.641667 0.305000 0.642333 0.309750 0.643000 0.311250 0.646667 0.314000 0.653000 0.313250 0.655333 0.311750 0.659667 0.302750 0.660000 0.294750 0.659000 0.291750 0.657000 0.289750
0 0.674333 0.328250 0.669333 0.328750 0.667000 0.330500 0.665333 0.332500 0.662000 0.341000 0.661667 0.347000 0.662667 0.350250 0.664333 0.352000 0.669333 0.354250 0.671333 0.354000 0.674333 0.352000 0.678667 0.345750 0.680000 0.342250 0.680000 0.333250 0.678000 0.329500
0 0.704333 0.332000 0.698667 0.331000 0.694000 0.331750 0.689667 0.333500 0.685667 0.337000 0.682000 0.344500 0.682667 0.349250 0.685000 0.351500 0.690667 0.352000 0.693667 0.351000 0.702000 0.344250 0.706000 0.338500 0.706000 0.333750
0 0.701000 0.352500 0.696667 0.355250 0.694667 0.360500 0.695333 0.368500 0.697333 0.373000 0.700333 0.375750 0.703000 0.377000 0.706333 0.377250 0.708667 0.376750 0.712000 0.373750 0.713000 0.370500 0.712667 0.364500 0.711000 0.359000 0.708667 0.355000 0.705000 0.352500
0 0.749000 0.339000 0.747333 0.339000 0.743333 0.341000 0.739667 0.346000 0.737000 0.352250 0.737000 0.356000 0.738000 0.359000 0.739333 0.361000 0.743333 0.363000 0.747333 0.362500 0.749333 0.361250 0.752667 0.357250 0.754333 0.353500 0.755000 0.350000 0.754667 0.344500 0.752667 0.340500
0 0.640333 0.357250 0.640000 0.362000 0.641667 0.364250 0.645667 0.366500 0.650333 0.367750 0.663000 0.368000 0.669333 0.367250 0.671333 0.366000 0.673667 0.362000 0.673667 0.360500 0.671667 0.358500 0.667333 0.357000 0.663667 0.356500 0.661667 0.355500 0.658000 0.355000 0.655333 0.353750 0.648667 0.354000 0.642000 0.355750
0 0.630000 0.367500 0.626333 0.368500 0.623333 0.372250 0.622333 0.375500 0.622333 0.380750 0.623333 0.384750 0.626000 0.389500 0.631000 0.390750 0.634000 0.389500 0.638333 0.385250 0.639667 0.379750 0.638333 0.374000 0.635667 0.369000 0.633667 0.368000
0 0.673667 0.373250 0.666000 0.372500 0.662000 0.374000 0.659000 0.373250 0.650667 0.373250 0.646333 0.374250 0.642333 0.376250 0.642333 0.380500 0.643000 0.381500 0.647000 0.383250 0.654000 0.383750 0.660000 0.383000 0.670333 0.379750 0.674000 0.376750
0 0.606667 0.381250 0.603667 0.382500 0.602000 0.385250 0.601667 0.394500 0.602333 0.397500 0.604000 0.400500 0.607667 0.404500 0.610667 0.405750 0.615667 0.405750 0.618333 0.404000 0.620000 0.400750 0.620333 0.393000 0.619667 0.390250 0.617000 0.384750 0.615000 0.382750 0.610667 0.381250
0 0.667667 0.418750 0.665333 0.416750 0.662333 0.415750 0.658333 0.415500 0.651000 0.417250 0.642333 0.422000 0.641000 0.424250 0.641000 0.428500 0.642333 0.429750 0.645333 0.430750 0.653333 0.430250 0.659333 0.428500 0.664000 0.425500 0.668000 0.420750
0 0.678333 0.421500 0.674667 0.422000 0.672333 0.423250 0.670667 0.426750 0.667333 0.430750 0.666333 0.434000 0.666000 0.440000 0.667000 0.443000 0.669333 0.444750 0.673667 0.445750 0.678667 0.444750 0.683333 0.439000 0.685000 0.434500 0.685333 0.428750 0.683667 0.424000 0.682000 0.422500
0 0.711333 0.399500 0.710000 0.401250 0.709667 0.405750 0.712333 0.413000 0.714667 0.414500 0.719667 0.419500 0.723667 0.421000 0.729333 0.421000 0.732000 0.420250 0.734333 0.416750 0.733667 0.411250 0.731667 0.407750 0.726667 0.404000 0.725000 0.402000 0.722667 0.400750 0.717333 0.399000 0.712333 0.399000
0 0.744333 0.385000 0.740667 0.385250 0.736000 0.387750 0.733000 0.395000 0.732333 0.401250 0.733333 0.405250 0.736333 0.408000 0.739333 0.408750 0.742000 0.408000 0.747000 0.404750 0.748667 0.401250 0.748667 0.389250 0.747333 0.386750
0 0.768333 0.403250 0.763667 0.403750 0.758667 0.406500 0.755667 0.415000 0.755667 0.419000 0.757000 0.423500 0.759333 0.427000 0.763000 0.428750 0.767667 0.427500 0.771333 0.425000 0.773333 0.420750 0.773667 0.412250 0.773000 0.407750 0.771333 0.404500
0 0.828333 0.421500 0.825333 0.422250 0.822667 0.424250 0.821333 0.429250 0.821667 0.436250 0.825667 0.443250 0.830333 0.446000 0.834333 0.446250 0.838667 0.443500 0.841333 0.439750 0.841333 0.432500 0.840000 0.429500 0.835667 0.423500 0.833667 0.422000
0 0.622000 0.439750 0.618000 0.439500 0.612333 0.442000 0.606667 0.446750 0.603333 0.451250 0.602000 0.455500 0.602333 0.459500 0.603667 0.461250 0.607667 0.463250 0.611333 0.463000 0.615667 0.461500 0.622667 0.455500 0.624333 0.449750 0.624333 0.442500 0.623667 0.441000
0 0.615000 0.420250 0.611333 0.420000 0.607000 0.421500 0.604333 0.423250 0.602667 0.425500 0.599667 0.432500 0.599000 0.437250 0.599333 0.439750 0.603000 0.444000 0.607667 0.443750 0.616000 0.437750 0.617333 0.432500 0.617667 0.424250 0.617000 0.422250
0 0.530333 0.462250 0.530000 0.466500 0.531000 0.468000 0.535000 0.471500 0.541000 0.474750 0.548667 0.476250 0.553333 0.476000 0.557000 0.475000 0.560000 0.471750 0.560000 0.470000 0.557333 0.466250 0.553333 0.463000 0.545333 0.460250 0.537333 0.459250 0.532667 0.460250
0 0.455333 0.545250 0.450000 0.549500 0.448333 0.552750 0.447667 0.557750 0.449667 0.562750 0.454000 0.568500 0.455333 0.569250 0.459333 0.569500 0.462333 0.568250 0.466333 0.564500 0.467333 0.556500 0.466333 0.552250 0.464000 0.548250 0.459000 0.545250
0 0.612333 0.535750 0.608333 0.536500 0.602333 0.540500 0.600333 0.545000 0.600000 0.550250 0.601000 0.556000 0.602333 0.558250 0.606333 0.560250 0.611000 0.560000 0.615667 0.557250 0.618667 0.550250 0.619000 0.544500 0.618333 0.540750 0.616000 0.537000
0 0.569333 0.569750 0.565333 0.570250 0.563000 0.571750 0.558000 0.580000 0.557667 0.586000 0.558333 0.589000 0.560000 0.592000 0.563333 0.593250 0.566000 0.593000 0.569333 0.591250 0.573333 0.585500 0.575000 0.580500 0.575000 0.575500 0.574000 0.572500 0.572667 0.571000
0 0.529667 0.585500 0.526000 0.585250 0.518000 0.587250 0.509333 0.595250 0.508333 0.599000 0.509000 0.601750 0.510000 0.603250 0.513000 0.605250 0.516667 0.605250 0.520000 0.604000 0.529333 0.597500 0.531000 0.593250 0.531000 0.587250
0 0.526000 0.602500 0.521667 0.603500 0.517000 0.607500 0.516000 0.610750 0.516000 0.620750 0.517000 0.624250 0.520667 0.627250 0.524333 0.627750 0.526667 0.627250 0.529333 0.625500 0.531000 0.620500 0.531000 0.612250 0.530000 0.606750 0.528333 0.604000
0 0.616000 0.586000 0.611000 0.586000 0.608000 0.586750 0.602667 0.591000 0.600000 0.597500 0.599333 0.605000 0.600333 0.608000 0.603000 0.610250 0.607000 0.610500 0.612667 0.608250 0.615333 0.606000 0.618667 0.600500 0.620333 0.596000 0.620667 0.591250 0.619333 0.587500
0 0.674333 0.564250 0.671000 0.562750 0.667333 0.562500 0.658667 0.563750 0.651333 0.567500 0.645000 0.572500 0.642667 0.576000 0.642333 0.579750 0.643000 0.580750 0.646000 0.582000 0.648333 0.582250 0.656333 0.581750 0.661333 0.580500 0.669000 0.576750 0.671667 0.574250 0.675000 0.569500
0 0.696667 0.567750 0.693667 0.569250 0.692333 0.571500 0.692667 0.577750 0.695333 0.584250 0.697333 0.587000 0.701333 0.590500 0.704333 0.591750 0.709000 0.591500 0.711000 0.589750 0.712000 0.587500 0.712333 0.582250 0.711000 0.575750 0.709000 0.572500 0.704667 0.569250 0.701333 0.567750
0 0.674333 0.594500 0.672333 0.596000 0.671333 0.599250 0.671333 0.604500 0.673000 0.610250 0.674333 0.612250 0.679000 0.616000 0.682000 0.617250 0.685333 0.617500 0.688000 0.615750 0.689667 0.612000 0.689000 0.603000 0.686333 0.597500 0.684000 0.595250 0.679333 0.594000
0 0.577667 0.674250 0.576667 0.673250 0.572333 0.672500 0.559667 0.672750 0.552333 0.674000 0.548333 0.675500 0.545333 0.677500 0.543667 0.680500 0.544000 0.683250 0.545333 0.684500 0.549667 0.685500 0.561333 0.685250 0.569333 0.684000 0.576667 0.681250 0.578333 0.678000
0 0.677333 0.719750 0.676000 0.721250 0.676000 0.725250 0.681000 0.734250 0.689000 0.741250 0.694000 0.742000 0.697000 0.740750 0.698667 0.738500 0.699000 0.735250 0.694333 0.726250 0.688000 0.720500 0.682000 0.719250
