0 0.541000 0.370750 0.539000 0.372000 0.536000 0.376250 0.535667 0.382750 0.536667 0.388500 0.540333 0.395750 0.545000 0.398000 0.549000 0.398000 0.552667 0.396000 0.554333 0.391000 0.553667 0.381750 0.551333 0.376500 0.547667 0.373000 0.544667 0.371000
0 0.436000 0.314500 0.431000 0.314500 0.428000 0.316500 0.425333 0.321000 0.424000 0.325000 0.423667 0.331500 0.424333 0.334000 0.426667 0.337000 0.430667 0.339000 0.432667 0.339000 0.436000 0.337500 0.438667 0.333500 0.440333 0.329000 0.440667 0.322000 0.439000 0.317000
0 0.541333 0.338750 0.536667 0.341750 0.534667 0.344750 0.533667 0.352750 0.534000 0.357000 0.535333 0.362250 0.538000 0.365500 0.539667 0.366750 0.545000 0.368250 0.550000 0.365750 0.552667 0.362000 0.553333 0.359750 0.553333 0.351500 0.552000 0.345750 0.548667 0.341000 0.545000 0.339000
0 0.513333 0.376250 0.511333 0.380000 0.511333 0.385250 0.512667 0.389750 0.515333 0.393750 0.518000 0.396250 0.520667 0.397500 0.526000 0.398000 0.529000 0.397250 0.531000 0.395000 0.532000 0.390750 0.531333 0.384000 0.529333 0.380000 0.526000 0.377000 0.523000 0.376000 0.516333 0.375500
0 0.565000 0.410500 0.563000 0.412250 0.561333 0.417250 0.561333 0.422250 0.562667 0.428500 0.564333 0.431500 0.567000 0.433500 0.569000 0.434250 0.573667 0.434500 0.577333 0.433000 0.578667 0.430250 0.579333 0.423500 0.577000 0.415500 0.569333 0.410500
0 0.529000 0.429500 0.525333 0.429750 0.522000 0.431000 0.520667 0.432250 0.518333 0.437250 0.518333 0.442000 0.520000 0.447000 0.522333 0.449000 0.524667 0.449750 0.529333 0.449750 0.531000 0.449000 0.532667 0.447250 0.534000 0.443750 0.534000 0.435000 0.532000 0.431500
0 0.517000 0.452500 0.516000 0.454250 0.517000 0.459500 0.524667 0.464750 0.533000 0.468500 0.542000 0.469250 0.545333 0.468250 0.546000 0.467500 0.545667 0.462250 0.537333 0.455000 0.530000 0.452500 0.525000 0.451750 0.518000 0.451750
0 0.478667 0.410000 0.474333 0.412250 0.471667 0.414750 0.470333 0.419750 0.470667 0.424750 0.472000 0.429000 0.474333 0.432750 0.478667 0.435500 0.482000 0.435500 0.484333 0.434250 0.487333 0.430750 0.488333 0.428000 0.488667 0.423250 0.487333 0.416250 0.486000 0.414000 0.483000 0.410750
0 0.483000 0.387250 0.477667 0.388000 0.471333 0.392000 0.470000 0.393500 0.467333 0.400000 0.467333 0.404750 0.469000 0.408250 0.471000 0.410250 0.475000 0.410000 0.478333 0.407500 0.481667 0.406250 0.483333 0.404250 0.487000 0.396500 0.487333 0.391500 0.486333 0.389500
0 0.450667 0.427500 0.447333 0.429500 0.446333 0.431250 0.446000 0.436250 0.447667 0.441000 0.449667 0.444250 0.455000 0.449500 0.459000 0.451000 0.463000 0.450500 0.466000 0.449000 0.468000 0.446750 0.468667 0.441250 0.467333 0.436750 0.463333 0.432000 0.459667 0.429500 0.454667 0.428000
0 0.380333 0.454750 0.380667 0.459750 0.384000 0.462250 0.389000 0.464250 0.403667 0.465000 0.409333 0.463250 0.412333 0.461250 0.413333 0.459750 0.413333 0.457250 0.412333 0.455000 0.401667 0.451000 0.388000 0.451000 0.383333 0.452500
0 0.440333 0.523500 0.436000 0.523750 0.432667 0.525250 0.430667 0.527250 0.429333 0.530750 0.428667 0.534500 0.429000 0.542000 0.430667 0.545500 0.434667 0.547000 0.438667 0.546500 0.442333 0.544250 0.444000 0.542000 0.445667 0.537000 0.446000 0.529500 0.445000 0.525750 0.443667 0.524250
0 0.410667 0.524250 0.407667 0.525500 0.406333 0.528750 0.405000 0.535500 0.405667 0.540500 0.407333 0.545000 0.411333 0.549000 0.412333 0.549500 0.416333 0.549500 0.419667 0.547500 0.421667 0.543750 0.421000 0.530750 0.420333 0.528750 0.417333 0.525250 0.415333 0.524500
0 0.438667 0.568500 0.435667 0.569750 0.431667 0.573750 0.430667 0.577000 0.430667 0.580750 0.432000 0.584500 0.436667 0.592750 0.439000 0.594250 0.444333 0.594250 0.448333 0.592250 0.450667 0.588500 0.450667 0.579250 0.447667 0.572000 0.444000 0.569250
0 0.412667 0.568250 0.410000 0.569750 0.408667 0.571750 0.408333 0.581250 0.409333 0.584250 0.411667 0.587000 0.415000 0.589250 0.417333 0.589500 0.420333 0.588500 0.422000 0.584750 0.422000 0.576750 0.421000 0.572250 0.419667 0.570000 0.416667 0.568500
0 0.385000 0.550250 0.383667 0.552000 0.383667 0.557500 0.385000 0.560500 0.393000 0.566250 0.399667 0.569000 0.404000 0.568500 0.405333 0.567250 0.406333 0.563750 0.405333 0.558500 0.403333 0.555500 0.396000 0.550500 0.390333 0.549250 0.388000 0.549250
0 0.480000 0.577000 0.478000 0.577500 0.474667 0.580500 0.473333 0.584250 0.473000 0.588750 0.473667 0.592500 0.477333 0.599250 0.478667 0.600250 0.483000 0.601000 0.486667 0.600000 0.489333 0.596750 0.490333 0.592000 0.490333 0.587000 0.487000 0.579500 0.482667 0.577000
0 0.556667 0.564250 0.552000 0.565000 0.545333 0.570250 0.543667 0.573750 0.543333 0.578000 0.544333 0.584750 0.549333 0.589500 0.551667 0.590000 0.557000 0.590000 0.560000 0.588000 0.561667 0.584000 0.561000 0.568250 0.560000 0.566250
0 0.439333 0.616750 0.436333 0.618000 0.433667 0.620750 0.432000 0.624750 0.432000 0.629250 0.434333 0.635500 0.436000 0.637500 0.439000 0.639500 0.443333 0.639500 0.446000 0.638000 0.448333 0.635500 0.449667 0.631000 0.449667 0.626500 0.448000 0.622000 0.445667 0.618750 0.443333 0.617250
0 0.446000 0.595000 0.439667 0.595250 0.437333 0.597250 0.433667 0.603000 0.433333 0.608000 0.435333 0.611500 0.438667 0.613000 0.443667 0.612000 0.447667 0.606500 0.449000 0.599250 0.448000 0.596250
0 0.283667 0.655500 0.279667 0.658000 0.278333 0.660750 0.277667 0.664500 0.278333 0.672500 0.279333 0.674500 0.283000 0.678500 0.287000 0.680000 0.290667 0.680250 0.294333 0.678250 0.296000 0.674000 0.296333 0.667250 0.295333 0.661750 0.293667 0.658250 0.291333 0.656750 0.287000 0.655500
0 0.357333 0.626500 0.352667 0.626250 0.350667 0.627000 0.346333 0.631250 0.344667 0.634250 0.344667 0.643250 0.346333 0.646500 0.349000 0.648000 0.354667 0.647000 0.357667 0.644500 0.359000 0.642250 0.360333 0.638250 0.360667 0.633500 0.359667 0.629000
0 0.395667 0.633500 0.393000 0.634000 0.391000 0.635250 0.388333 0.639500 0.387000 0.645000 0.387000 0.651000 0.388000 0.655000 0.392000 0.660000 0.395333 0.661250 0.397667 0.661250 0.400667 0.660250 0.404000 0.656500 0.405000 0.651500 0.405000 0.645500 0.404333 0.639750 0.402000 0.635500 0.399667 0.634000
0 0.402333 0.672500 0.399667 0.672500 0.396000 0.674000 0.392333 0.677750 0.390667 0.681500 0.390333 0.686500 0.391333 0.694500 0.393333 0.697750 0.396333 0.699750 0.400667 0.700000 0.405000 0.697750 0.409000 0.689500 0.409333 0.683250 0.408000 0.678000 0.405000 0.673250
0 0.434667 0.649250 0.431333 0.650000 0.428333 0.653750 0.427000 0.657500 0.427000 0.664250 0.429000 0.670000 0.430667 0.672000 0.432333 0.672750 0.436333 0.673250 0.439667 0.672250 0.443000 0.669250 0.444667 0.664250 0.445000 0.657500 0.442333 0.653250 0.437667 0.650000
0 0.467667 0.657000 0.462333 0.657000 0.459333 0.658750 0.455333 0.665500 0.455000 0.674500 0.458000 0.679500 0.462333 0.682500 0.463667 0.682500 0.466667 0.681250 0.470333 0.677250 0.472333 0.673500 0.472667 0.665250 0.472000 0.661500 0.470333 0.658500
0 0.486667 0.649000 0.481667 0.649750 0.477667 0.652250 0.476333 0.654250 0.475667 0.657500 0.476333 0.666250 0.478000 0.669500 0.481333 0.671000 0.483333 0.671000 0.486000 0.669750 0.488333 0.665750 0.490000 0.660500 0.490667 0.653750 0.489667 0.650750
0 0.476667 0.692750 0.477667 0.698000 0.483333 0.701750 0.487333 0.702750 0.493333 0.702750 0.500333 0.701750 0.507000 0.699500 0.510333 0.697000 0.510000 0.693500 0.505667 0.689750 0.497667 0.687750 0.485333 0.688000 0.479000 0.690000
0 0.506333 0.656000 0.502667 0.656500 0.500000 0.658250 0.495667 0.666250 0.495667 0.669750 0.497333 0.675000 0.499333 0.677500 0.501667 0.679000 0.506333 0.679000 0.508333 0.677750 0.511667 0.673500 0.514000 0.667000 0.513333 0.662000 0.511000 0.658250
0 0.530333 0.647250 0.528333 0.647750 0.525000 0.650000 0.523333 0.653250 0.522333 0.657750 0.523667 0.667250 0.526333 0.669750 0.528667 0.670750 0.532667 0.669750 0.536667 0.666500 0.538333 0.663250 0.539000 0.660000 0.539000 0.654250 0.537667 0.649500 0.533333 0.647500
