0 0.464333 0.347500 0.461667 0.347750 0.455667 0.351750 0.453667 0.355750 0.453667 0.369250 0.455333 0.371500 0.459000 0.373000 0.463000 0.372500 0.467333 0.370750 0.471333 0.362000 0.471667 0.357000 0.470333 0.352750 0.467667 0.349000
0 0.498333 0.364500 0.493000 0.368750 0.491333 0.373250 0.491667 0.378000 0.492667 0.381750 0.494667 0.385250 0.498333 0.388750 0.501667 0.389250 0.505667 0.388000 0.508000 0.385750 0.509667 0.380500 0.509333 0.375500 0.506667 0.367500 0.502333 0.364500
0 0.474667 0.431000 0.473333 0.432250 0.472000 0.435000 0.471667 0.439750 0.473000 0.444000 0.476333 0.448500 0.478667 0.449750 0.481000 0.449750 0.483000 0.449250 0.485000 0.447250 0.486000 0.444750 0.486000 0.439500 0.482333 0.432000 0.479000 0.430500
0 0.401000 0.427250 0.400000 0.432000 0.401333 0.435250 0.403333 0.437500 0.419000 0.444000 0.425000 0.444500 0.428000 0.443000 0.429000 0.440750 0.428333 0.436750 0.426000 0.434000 0.420667 0.430000 0.408000 0.425750 0.404333 0.425500
0 0.379000 0.416750 0.376333 0.419000 0.376333 0.424250 0.377333 0.428250 0.383667 0.436750 0.388333 0.438750 0.396333 0.438500 0.398333 0.436250 0.398333 0.430750 0.394000 0.423500 0.387000 0.418500 0.381667 0.416500
0 0.364333 0.391250 0.361667 0.391750 0.360333 0.393000 0.358333 0.399750 0.358333 0.405500 0.361000 0.414000 0.364333 0.417000 0.366667 0.417250 0.370000 0.416250 0.373000 0.413000 0.373333 0.401750 0.372667 0.399000 0.369333 0.393250 0.367000 0.391750
0 0.385000 0.366500 0.382667 0.367500 0.380333 0.369500 0.378333 0.375500 0.378333 0.379750 0.380000 0.385250 0.382667 0.389500 0.385667 0.391000 0.389667 0.391500 0.393333 0.390500 0.396000 0.388000 0.397667 0.383000 0.397667 0.377250 0.396333 0.373750 0.392667 0.368500 0.389000 0.366500
0 0.369667 0.346500 0.368333 0.346500 0.366333 0.347500 0.361333 0.352750 0.359000 0.360750 0.359333 0.369500 0.361000 0.373000 0.365333 0.375500 0.369667 0.375250 0.373333 0.373250 0.374667 0.370750 0.376000 0.364250 0.376000 0.356750 0.374667 0.350500 0.373667 0.348500
0 0.349667 0.364500 0.345667 0.365000 0.342000 0.368000 0.338000 0.374000 0.336667 0.377250 0.336667 0.382500 0.337667 0.386250 0.341000 0.389750 0.345000 0.390750 0.349667 0.390250 0.351333 0.389250 0.355333 0.384250 0.357000 0.380000 0.357333 0.373250 0.356000 0.369000 0.354000 0.367000
0 0.369667 0.440250 0.366000 0.440500 0.362667 0.442000 0.361000 0.443250 0.359000 0.447000 0.357667 0.452750 0.357667 0.457750 0.358667 0.460750 0.361667 0.464000 0.366667 0.464250 0.370333 0.463250 0.373667 0.461250 0.375333 0.458750 0.376000 0.449750 0.375000 0.444500 0.373667 0.442000
0 0.396667 0.458000 0.393000 0.458500 0.387333 0.461500 0.383333 0.466000 0.382333 0.470000 0.382667 0.478750 0.384000 0.481000 0.388000 0.482750 0.389667 0.482500 0.393000 0.480750 0.395333 0.478750 0.398000 0.475500 0.401000 0.467500 0.401000 0.462750 0.399667 0.460000
0 0.396333 0.441250 0.393000 0.441000 0.390667 0.441750 0.388000 0.443250 0.384667 0.446500 0.383667 0.450500 0.384333 0.454750 0.385333 0.456500 0.388333 0.458250 0.393000 0.457500 0.397000 0.454750 0.398667 0.446500 0.398000 0.443000
0 0.391000 0.486000 0.388333 0.486500 0.385000 0.488750 0.383000 0.493250 0.382667 0.499250 0.384667 0.506750 0.389000 0.510750 0.393333 0.511250 0.396333 0.510000 0.399333 0.506250 0.401000 0.501750 0.401000 0.494500 0.397333 0.488500 0.393667 0.486250
0 0.411667 0.524500 0.410000 0.525750 0.408000 0.529000 0.407667 0.534750 0.408333 0.541000 0.410000 0.545500 0.412000 0.548500 0.416667 0.549500 0.419667 0.548000 0.421333 0.544500 0.422333 0.537750 0.422000 0.533250 0.420667 0.529750 0.415667 0.525000
0 0.369667 0.524250 0.364667 0.524750 0.361000 0.528250 0.357667 0.539500 0.357667 0.542000 0.359667 0.547000 0.362000 0.550250 0.364667 0.552250 0.369333 0.552000 0.372667 0.549750 0.375000 0.544250 0.375667 0.538250 0.375333 0.530500 0.373667 0.526250
0 0.314667 0.522000 0.313000 0.524250 0.313333 0.529500 0.314667 0.531750 0.322000 0.538500 0.326333 0.540250 0.331000 0.540750 0.333667 0.538000 0.333667 0.533750 0.326000 0.525250 0.319000 0.522250
0 0.339667 0.541250 0.337667 0.542500 0.337000 0.544000 0.337333 0.548750 0.338333 0.551750 0.344667 0.561000 0.348333 0.562250 0.350667 0.562250 0.353333 0.561250 0.354333 0.560000 0.355000 0.557250 0.354333 0.552000 0.352000 0.548250 0.347667 0.544250 0.344667 0.543000 0.342667 0.541250
0 0.307333 0.557000 0.303000 0.557250 0.298000 0.560000 0.294667 0.565250 0.293333 0.571250 0.294000 0.576750 0.296000 0.579500 0.299000 0.581250 0.303333 0.581000 0.307333 0.579000 0.310000 0.576500 0.311667 0.573250 0.312667 0.569250 0.312333 0.561750 0.311000 0.559000
0 0.228667 0.536750 0.227333 0.537750 0.225667 0.541250 0.226000 0.548000 0.228000 0.553000 0.235667 0.558250 0.239667 0.559000 0.244000 0.558250 0.246000 0.556000 0.246667 0.548250 0.245333 0.544500 0.242667 0.540250 0.240333 0.538250 0.236000 0.536250 0.231333 0.536000
0 0.222333 0.557500 0.221333 0.559250 0.221333 0.561250 0.223667 0.565000 0.228333 0.570250 0.231333 0.571500 0.236667 0.575000 0.239667 0.575500 0.244333 0.575250 0.248000 0.573000 0.248667 0.570750 0.248333 0.566750 0.247333 0.564500 0.244000 0.561250 0.239333 0.558750 0.234333 0.557500 0.227667 0.556500 0.224000 0.556500
0 0.389000 0.584750 0.384667 0.587500 0.383333 0.591000 0.384000 0.601000 0.388333 0.608250 0.392333 0.610250 0.396333 0.610250 0.400000 0.607750 0.401667 0.603750 0.401333 0.594000 0.398000 0.587500 0.393333 0.585000
0 0.353000 0.602750 0.348000 0.602500 0.344000 0.603750 0.340333 0.607250 0.337667 0.611000 0.335333 0.618000 0.335333 0.621500 0.337000 0.625750 0.339000 0.626750 0.342333 0.627250 0.345333 0.625750 0.349000 0.625000 0.350667 0.623500 0.354667 0.615750 0.356000 0.609750 0.356000 0.606750 0.354667 0.603750
0 0.324667 0.593500 0.321667 0.594250 0.319667 0.596250 0.317333 0.602500 0.317333 0.605250 0.318667 0.609750 0.321667 0.613250 0.323667 0.614500 0.327667 0.614750 0.330667 0.614000 0.334000 0.610000 0.335333 0.605750 0.335333 0.601250 0.334000 0.597000 0.331667 0.594750 0.327667 0.593500
0 0.322000 0.618000 0.318000 0.620250 0.316333 0.622750 0.315667 0.626250 0.316667 0.634750 0.319333 0.639000 0.321667 0.640500 0.326333 0.640750 0.329000 0.639000 0.331333 0.635750 0.332000 0.632250 0.331667 0.626500 0.326667 0.619250
0 0.349333 0.628000 0.345000 0.628750 0.339333 0.633500 0.337333 0.636750 0.336333 0.641250 0.336667 0.646250 0.338333 0.649000 0.341000 0.650500 0.342667 0.650500 0.345333 0.649500 0.349667 0.646500 0.353333 0.639250 0.354000 0.635750 0.353333 0.631250
0 0.545000 0.618000 0.541333 0.619000 0.540000 0.620000 0.536000 0.626250 0.535667 0.631500 0.537333 0.635500 0.540667 0.637500 0.544667 0.637250 0.546667 0.636000 0.550000 0.632000 0.551000 0.629250 0.551333 0.626000 0.550333 0.622250 0.548667 0.620000
0 0.462667 0.664000 0.457333 0.666000 0.454333 0.669750 0.453667 0.672750 0.454000 0.686000 0.455333 0.688250 0.459333 0.690500 0.464000 0.690000 0.466667 0.688000 0.468333 0.685000 0.469667 0.672750 0.467667 0.666250 0.466333 0.665000
0 0.483000 0.671500 0.478333 0.671750 0.475333 0.673250 0.471333 0.680500 0.471000 0.683250 0.472000 0.689750 0.473333 0.691500 0.477667 0.694000 0.480000 0.693750 0.482667 0.692000 0.487333 0.684750 0.487667 0.678000 0.487000 0.675250 0.486000 0.673500
0 0.443000 0.668000 0.439000 0.668250 0.431333 0.671750 0.428667 0.674000 0.424000 0.681500 0.424333 0.686500 0.427000 0.689000 0.429000 0.689000 0.435333 0.686750 0.442333 0.678500 0.444333 0.674750 0.444333 0.669750
0 0.416667 0.647500 0.412333 0.647500 0.411000 0.648000 0.409000 0.649750 0.407667 0.652250 0.406333 0.658000 0.406000 0.666000 0.407333 0.668000 0.409000 0.668750 0.412000 0.669000 0.414667 0.667250 0.418667 0.659000 0.419667 0.655500 0.420000 0.650000
0 0.373667 0.647250 0.369000 0.648000 0.364667 0.649750 0.360000 0.653500 0.356333 0.661500 0.356667 0.665250 0.358000 0.667000 0.360667 0.668000 0.365667 0.667250 0.372000 0.661500 0.373667 0.659000 0.375667 0.652500 0.375667 0.649500
0 0.333667 0.648250 0.330667 0.645750 0.324667 0.645750 0.319333 0.646500 0.307000 0.650500 0.305000 0.652500 0.304667 0.655250 0.307000 0.657500 0.310667 0.658500 0.318000 0.658750 0.326000 0.657750 0.331000 0.655500 0.332667 0.654000 0.334000 0.651500
0 0.267667 0.637750 0.262667 0.637250 0.260000 0.638000 0.254667 0.642000 0.251000 0.649500 0.251000 0.654000 0.252000 0.656250 0.254667 0.658000 0.256333 0.658250 0.264000 0.656250 0.266333 0.654500 0.269333 0.650500 0.270667 0.647000 0.271000 0.642000 0.270000 0.639250
0 0.241667 0.656750 0.236333 0.656500 0.233000 0.658500 0.228000 0.665750 0.227000 0.670000 0.227667 0.677750 0.228667 0.679250 0.232333 0.680750 0.235667 0.680500 0.240000 0.678250 0.245333 0.669750 0.246333 0.665250 0.245667 0.659000 0.244667 0.657750
0 0.275667 0.656250 0.274000 0.657500 0.273333 0.660250 0.273667 0.665250 0.275000 0.668500 0.282333 0.677750 0.284333 0.678750 0.287667 0.679250 0.291000 0.677750 0.293000 0.674500 0.292333 0.669250 0.291000 0.665750 0.287000 0.660250 0.284667 0.658250 0.279333 0.656000
0 0.322000 0.671750 0.319333 0.672750 0.317667 0.674500 0.316667 0.678500 0.317667 0.686000 0.321667 0.692750 0.326000 0.695000 0.329667 0.695000 0.333000 0.693000 0.334667 0.690250 0.335000 0.685250 0.334333 0.681500 0.329667 0.674000 0.326000 0.671750
0 0.341333 0.704250 0.338667 0.705250 0.336667 0.707750 0.336333 0.710000 0.337333 0.716500 0.340333 0.721250 0.345000 0.726750 0.348333 0.728500 0.350333 0.728750 0.354000 0.727000 0.355667 0.725250 0.357000 0.721500 0.356333 0.716250 0.354333 0.712000 0.349333 0.706750 0.345667 0.704750
0 0.430667 0.734000 0.428333 0.735000 0.427000 0.736500 0.426333 0.739000 0.427000 0.745250 0.431333 0.752750 0.436667 0.756750 0.440333 0.757500 0.443333 0.756000 0.444667 0.753250 0.445000 0.746750 0.444333 0.743250 0.440000 0.737000 0.438000 0.735250 0.435333 0.734000
0 0.223667 0.628250 0.224333 0.631500 0.228333 0.633750 0.235667 0.636000 0.243000 0.636000 0.248333 0.634750 0.253333 0.631500 0.254333 0.627000 0.252667 0.625500 0.248000 0.624000 0.236667 0.623000 0.232000 0.623500 0.227333 0.625000 0.224333 0.626500
