0 0.446333 0.313500 0.442667 0.314750 0.439333 0.320750 0.439000 0.331000 0.440000 0.334500 0.443000 0.338250 0.446333 0.340250 0.448667 0.340250 0.451000 0.339500 0.452667 0.337750 0.455000 0.333500 0.455667 0.328500 0.454667 0.322250 0.452000 0.316250 0.448667 0.313750
0 0.313333 0.361500 0.309667 0.363500 0.306667 0.367000 0.305667 0.371000 0.305667 0.377500 0.306667 0.381250 0.309000 0.385750 0.311000 0.387500 0.315000 0.388250 0.317667 0.387250 0.319333 0.385750 0.321667 0.375500 0.321000 0.369750 0.319000 0.364750 0.315667 0.361750
0 0.351000 0.388250 0.348333 0.386750 0.342000 0.386750 0.329333 0.391000 0.326667 0.393000 0.324333 0.396000 0.324000 0.400750 0.326333 0.402000 0.339333 0.402250 0.343000 0.401250 0.349667 0.396250 0.351667 0.393500 0.352000 0.391500
0 0.506667 0.372250 0.506667 0.373750 0.509333 0.376250 0.517000 0.378750 0.529000 0.379750 0.532333 0.378250 0.534000 0.376500 0.534000 0.373250 0.533000 0.372250 0.528667 0.370000 0.522000 0.368500 0.511667 0.368500 0.509000 0.369250
0 0.526667 0.391750 0.524000 0.391500 0.518000 0.393250 0.509333 0.401750 0.505333 0.409500 0.505000 0.412000 0.506667 0.414250 0.508333 0.414750 0.514000 0.414500 0.518333 0.413000 0.522333 0.410250 0.527000 0.404250 0.529000 0.399000 0.529000 0.394500
0 0.555333 0.407500 0.552000 0.408250 0.549333 0.410750 0.547667 0.415250 0.547667 0.425250 0.548667 0.429500 0.550667 0.432750 0.553667 0.434500 0.557333 0.434750 0.561333 0.431750 0.563000 0.427750 0.563333 0.423000 0.562333 0.416500 0.560333 0.410750 0.558333 0.408250
0 0.568333 0.430750 0.563333 0.431500 0.557000 0.439250 0.556000 0.449000 0.557000 0.452250 0.560000 0.455250 0.561333 0.455250 0.567333 0.452500 0.569333 0.450250 0.572000 0.443000 0.572333 0.434750 0.571000 0.432250
0 0.579000 0.458500 0.576000 0.459250 0.573667 0.461500 0.573000 0.463250 0.573000 0.469000 0.574667 0.475250 0.579000 0.479000 0.581000 0.479250 0.583667 0.478000 0.585667 0.475000 0.586000 0.467250 0.584333 0.461500 0.580667 0.458750
0 0.587000 0.501250 0.586667 0.503250 0.587667 0.506250 0.596667 0.510250 0.603000 0.511750 0.611000 0.511750 0.616000 0.510500 0.617333 0.509250 0.618000 0.507250 0.617667 0.505000 0.614667 0.502000 0.612333 0.501250 0.601333 0.499750 0.591000 0.499750
0 0.585667 0.513000 0.583000 0.513000 0.579333 0.515250 0.577333 0.517750 0.574333 0.525750 0.575333 0.532750 0.580000 0.537750 0.584667 0.537000 0.588667 0.531250 0.590667 0.525750 0.591000 0.520750 0.590333 0.517250 0.588667 0.514250
0 0.529667 0.490250 0.529667 0.493750 0.533333 0.498250 0.537000 0.499750 0.550000 0.502000 0.553333 0.501500 0.557333 0.500000 0.558333 0.499000 0.558667 0.497500 0.557333 0.494250 0.547667 0.490500 0.543333 0.489500 0.532333 0.489000
0 0.555667 0.501250 0.551667 0.502750 0.549667 0.506000 0.549667 0.510250 0.552333 0.517000 0.556000 0.522000 0.560000 0.523750 0.565000 0.523750 0.568000 0.521250 0.568667 0.518750 0.568333 0.515750 0.565667 0.509500 0.561667 0.504000 0.559667 0.502250 0.557333 0.501250
0 0.510000 0.475750 0.506000 0.477750 0.505000 0.480500 0.505000 0.486750 0.507333 0.494000 0.510000 0.498750 0.513333 0.501000 0.517000 0.502750 0.521333 0.502750 0.523000 0.501500 0.525333 0.498000 0.526000 0.493000 0.525000 0.489500 0.521333 0.482750 0.517000 0.478500 0.514000 0.476250
0 0.502000 0.444500 0.499000 0.443750 0.494667 0.444250 0.487000 0.446750 0.485000 0.448000 0.481000 0.452250 0.478000 0.454250 0.477333 0.455500 0.477000 0.460750 0.478667 0.463500 0.483333 0.464000 0.487333 0.463250 0.494333 0.460000 0.497667 0.457750 0.503667 0.450750 0.504333 0.446750
0 0.453333 0.447750 0.450333 0.447750 0.446667 0.449500 0.441667 0.456000 0.440333 0.462250 0.440667 0.467000 0.442333 0.470000 0.446333 0.471500 0.450333 0.471000 0.452000 0.470000 0.454667 0.466500 0.456000 0.463000 0.457333 0.456000 0.457000 0.451750 0.455667 0.448750
0 0.376333 0.449750 0.374667 0.451750 0.374667 0.457500 0.377000 0.462250 0.384000 0.468000 0.390000 0.471000 0.393000 0.472000 0.397333 0.471750 0.398667 0.470250 0.399333 0.468000 0.398667 0.463250 0.392667 0.455250 0.388000 0.451500 0.385333 0.450500 0.380667 0.449500
0 0.447333 0.544750 0.443667 0.546000 0.441333 0.548500 0.440667 0.551500 0.441000 0.556250 0.442333 0.560500 0.446667 0.569250 0.450333 0.571500 0.452000 0.571750 0.456333 0.570750 0.458000 0.568750 0.459333 0.564750 0.459333 0.556000 0.455667 0.548250 0.451333 0.545250
0 0.513333 0.507000 0.510333 0.508000 0.508333 0.510250 0.506333 0.517750 0.506333 0.521750 0.509667 0.528750 0.512333 0.530500 0.514333 0.531000 0.518333 0.530000 0.522000 0.526500 0.523000 0.522500 0.523000 0.515500 0.521333 0.510250 0.518333 0.508250
0 0.536333 0.532000 0.533667 0.533250 0.533000 0.535000 0.533000 0.545250 0.534333 0.548750 0.536333 0.551500 0.538667 0.553250 0.541667 0.554000 0.544667 0.552500 0.545667 0.550500 0.546000 0.540750 0.544667 0.537250 0.542333 0.534000 0.540667 0.532750
0 0.556000 0.539750 0.552667 0.541250 0.550667 0.545500 0.551000 0.557250 0.553000 0.561500 0.556667 0.563750 0.560000 0.563750 0.562667 0.561250 0.564000 0.558000 0.564333 0.549250 0.561333 0.540750 0.560000 0.540000
0 0.502333 0.564750 0.501667 0.569250 0.505000 0.573750 0.509000 0.577250 0.518000 0.580500 0.521000 0.580500 0.523000 0.579750 0.524667 0.577000 0.524667 0.575250 0.523667 0.572500 0.521667 0.570500 0.519333 0.569500 0.514333 0.565750 0.510667 0.564250 0.505000 0.563750
0 0.403667 0.547750 0.401000 0.545000 0.397000 0.543750 0.391000 0.543500 0.383000 0.544500 0.376667 0.546250 0.371333 0.549500 0.368667 0.552250 0.369000 0.556250 0.372000 0.558500 0.377000 0.560000 0.382333 0.560000 0.388333 0.559000 0.393667 0.557250 0.400667 0.553500 0.403667 0.550000
0 0.458000 0.574750 0.455333 0.573750 0.451000 0.573750 0.447000 0.575750 0.441667 0.580000 0.439667 0.583500 0.438333 0.588000 0.439000 0.591500 0.440000 0.592500 0.444000 0.592750 0.448000 0.591000 0.451667 0.588500 0.458333 0.580000 0.459000 0.576000
0 0.430333 0.607500 0.427000 0.607500 0.423000 0.609750 0.419667 0.618500 0.419000 0.623250 0.419667 0.630500 0.421000 0.632750 0.424000 0.635000 0.427667 0.634750 0.432000 0.631250 0.435000 0.627000 0.436333 0.623750 0.437000 0.619000 0.436333 0.611750 0.434000 0.609000
0 0.595667 0.658500 0.591667 0.657000 0.584000 0.657000 0.579000 0.657500 0.572000 0.660000 0.563667 0.664500 0.562667 0.666000 0.562333 0.668750 0.563333 0.671500 0.565667 0.672500 0.570333 0.672750 0.580667 0.672000 0.588333 0.670500 0.593000 0.667750 0.596333 0.662750
0 0.461667 0.667750 0.461333 0.670750 0.465667 0.674750 0.471000 0.677250 0.477000 0.678250 0.487000 0.678250 0.490000 0.677250 0.491333 0.674000 0.490000 0.671250 0.487000 0.669000 0.482000 0.667000 0.474667 0.665750 0.466667 0.665500 0.463000 0.666250
0 0.522000 0.681250 0.517333 0.681000 0.512333 0.683500 0.509667 0.684250 0.506333 0.686750 0.501333 0.689250 0.498000 0.697250 0.498000 0.701750 0.502000 0.704250 0.506333 0.704500 0.512000 0.702000 0.522333 0.693250 0.524667 0.689250 0.525000 0.685000
0 0.509333 0.703750 0.508667 0.704500 0.508667 0.709500 0.510333 0.712000 0.516667 0.718000 0.532667 0.724000 0.537333 0.722500 0.538000 0.721500 0.537667 0.717500 0.536667 0.716000 0.529000 0.709750 0.522000 0.705250 0.517667 0.703500 0.512333 0.702750
0 0.458667 0.696750 0.451000 0.696750 0.446000 0.700000 0.442333 0.704000 0.440333 0.708000 0.439333 0.712500 0.439667 0.714000 0.442667 0.717500 0.448000 0.717250 0.451667 0.715750 0.458333 0.708750 0.460667 0.703500 0.460667 0.700000 0.460000 0.698000
0 0.442000 0.688500 0.440000 0.687000 0.437000 0.686250 0.427333 0.687000 0.422333 0.688250 0.415333 0.693500 0.413333 0.695750 0.411667 0.700000 0.412000 0.702000 0.415000 0.703750 0.420000 0.704000 0.427333 0.703000 0.432667 0.701250 0.436333 0.699250 0.441000 0.694250 0.442333 0.690250
0 0.411333 0.681500 0.406000 0.681000 0.403667 0.681750 0.400000 0.684500 0.397000 0.689000 0.394667 0.695500 0.394667 0.698750 0.396000 0.702500 0.398667 0.704750 0.401333 0.705000 0.404000 0.704250 0.407667 0.700750 0.413333 0.689000 0.413000 0.684000
0 0.450333 0.725250 0.448000 0.726250 0.446000 0.728250 0.445000 0.734000 0.445333 0.739750 0.447667 0.744750 0.450667 0.747000 0.454667 0.747500 0.458667 0.745000 0.460333 0.741000 0.460000 0.733000 0.457667 0.727750 0.455000 0.726000
0 0.317667 0.725250 0.314667 0.727250 0.314000 0.729000 0.313667 0.735250 0.314333 0.740500 0.316333 0.744750 0.319667 0.748750 0.322000 0.750250 0.326333 0.750750 0.328333 0.749000 0.330000 0.745250 0.330000 0.735750 0.326000 0.727000 0.321667 0.725250
0 0.581000 0.786750 0.576333 0.788000 0.573667 0.790000 0.571333 0.795000 0.571000 0.800750 0.571667 0.805000 0.572667 0.807500 0.576333 0.810750 0.580667 0.810750 0.582667 0.809750 0.585333 0.807250 0.587000 0.802750 0.587333 0.794500 0.586667 0.791000 0.585000 0.788250 0.583667 0.787250
0 0.436000 0.750750 0.432000 0.750750 0.428667 0.752000 0.420000 0.759750 0.418000 0.763000 0.416000 0.768500 0.416333 0.772250 0.419000 0.774000 0.423667 0.774000 0.428000 0.772250 0.435000 0.765000 0.436333 0.763000 0.438000 0.756750 0.437667 0.752500
