0 0.607000 0.293750 0.603667 0.294750 0.601667 0.297500 0.601667 0.307750 0.602667 0.310750 0.606000 0.314500 0.609667 0.316500 0.613333 0.316750 0.615333 0.316250 0.617000 0.314250 0.618000 0.311000 0.617667 0.303750 0.615000 0.297500 0.611000 0.294500
0 0.556667 0.337250 0.555333 0.338250 0.553667 0.341500 0.552333 0.347750 0.552667 0.353000 0.555667 0.360000 0.559333 0.362750 0.562333 0.363250 0.565667 0.362500 0.569000 0.358500 0.570000 0.353250 0.568667 0.345250 0.565333 0.340000 0.562667 0.337500 0.561000 0.336750
0 0.655333 0.341750 0.653333 0.341750 0.648667 0.344250 0.643333 0.353000 0.642333 0.361250 0.644667 0.364750 0.646667 0.365750 0.650000 0.366000 0.654000 0.364500 0.660000 0.358000 0.661333 0.354750 0.661667 0.348250 0.661000 0.345500 0.658333 0.342750
0 0.739333 0.321000 0.735333 0.320750 0.732333 0.321500 0.728333 0.325500 0.726667 0.330750 0.727000 0.338750 0.728000 0.341250 0.732333 0.343750 0.736667 0.343750 0.739333 0.342750 0.741000 0.341000 0.742333 0.337750 0.743667 0.329750 0.743333 0.326750 0.741000 0.321750
0 0.761333 0.326250 0.762333 0.330250 0.766667 0.332750 0.770667 0.333500 0.779333 0.332750 0.785000 0.330000 0.787000 0.327500 0.787000 0.325500 0.785333 0.323750 0.780667 0.321750 0.777333 0.321250 0.767000 0.321750 0.762667 0.324500
0 0.787000 0.334250 0.783000 0.334250 0.778667 0.335750 0.775667 0.343250 0.776333 0.350000 0.779333 0.354500 0.783000 0.357000 0.786667 0.356500 0.788000 0.355500 0.792000 0.347500 0.792000 0.341500 0.791000 0.338000
0 0.732667 0.373500 0.729333 0.371750 0.723333 0.371750 0.720333 0.372250 0.710333 0.376250 0.704667 0.381750 0.703667 0.384000 0.704333 0.389000 0.706000 0.390000 0.709000 0.390500 0.714667 0.390000 0.718000 0.389250 0.723667 0.386500 0.731667 0.380500 0.733333 0.377750
0 0.701333 0.407750 0.698333 0.406000 0.694667 0.405500 0.687333 0.405750 0.681000 0.406750 0.677333 0.408250 0.673667 0.411500 0.673000 0.416000 0.676333 0.418250 0.681333 0.419500 0.686000 0.420000 0.693000 0.417750 0.700667 0.412750 0.701333 0.411750
0 0.622333 0.381750 0.619333 0.382500 0.617000 0.385250 0.616333 0.387750 0.617000 0.396500 0.618667 0.401000 0.622333 0.405750 0.627000 0.408750 0.631333 0.409000 0.634000 0.407250 0.635667 0.404500 0.635667 0.399250 0.634000 0.392250 0.630333 0.385250 0.626333 0.383000
0 0.540000 0.400500 0.537333 0.401750 0.534000 0.404750 0.532667 0.408000 0.533333 0.415750 0.535333 0.420500 0.537667 0.422750 0.541667 0.423750 0.545667 0.421750 0.549333 0.416500 0.550000 0.409000 0.545667 0.401750 0.544333 0.400750
0 0.512000 0.400250 0.509333 0.401750 0.508333 0.403750 0.508333 0.408250 0.509333 0.411750 0.512667 0.414250 0.516000 0.420500 0.519000 0.421500 0.522333 0.421500 0.525333 0.420000 0.527000 0.416750 0.525667 0.408250 0.522000 0.403750 0.518333 0.401250 0.514667 0.400000
0 0.480667 0.411500 0.481000 0.415750 0.484333 0.419500 0.486333 0.420750 0.497333 0.422500 0.501333 0.424250 0.504000 0.424250 0.510667 0.423000 0.514333 0.420000 0.513000 0.416500 0.510333 0.414000 0.503667 0.410750 0.494667 0.408250 0.486667 0.408250 0.483000 0.409500
0 0.599000 0.432000 0.596000 0.433750 0.595000 0.435750 0.594667 0.442250 0.596000 0.448750 0.600000 0.455750 0.603667 0.458000 0.608667 0.458500 0.611333 0.457750 0.613000 0.456500 0.614333 0.454000 0.614667 0.446750 0.613000 0.440500 0.612000 0.438750 0.609333 0.437000 0.607000 0.434250 0.604000 0.432750
0 0.670333 0.429750 0.666333 0.432000 0.665667 0.434250 0.666000 0.439000 0.668667 0.444000 0.673000 0.449250 0.676000 0.451250 0.678333 0.451750 0.681333 0.449750 0.683333 0.446750 0.683333 0.439750 0.677667 0.432250 0.674000 0.430250
0 0.697667 0.444000 0.693333 0.443750 0.689333 0.445000 0.686667 0.447000 0.685667 0.450250 0.683333 0.453000 0.682667 0.455250 0.682667 0.462500 0.684000 0.465750 0.686000 0.467750 0.690333 0.468250 0.694333 0.467250 0.700667 0.462750 0.702000 0.460750 0.703000 0.457250 0.702667 0.447250 0.700667 0.444750
0 0.654333 0.449750 0.650667 0.449750 0.648000 0.450500 0.643000 0.453500 0.642000 0.454750 0.640000 0.462000 0.640000 0.466750 0.641333 0.469250 0.643000 0.470250 0.646667 0.470000 0.651333 0.468250 0.654000 0.466500 0.655333 0.464500 0.657333 0.458750 0.657333 0.453750 0.656333 0.451250
0 0.602667 0.469000 0.600000 0.469750 0.598333 0.471000 0.596333 0.475000 0.595667 0.477750 0.596333 0.485750 0.598667 0.491000 0.603333 0.493750 0.607000 0.494000 0.612000 0.491500 0.613333 0.489750 0.614333 0.485500 0.614000 0.478000 0.612333 0.474000 0.609000 0.470250 0.606333 0.469250
0 0.551667 0.469000 0.546667 0.468500 0.541000 0.470000 0.535333 0.478250 0.534333 0.482500 0.534333 0.488000 0.535667 0.491500 0.538000 0.492750 0.542333 0.493000 0.545667 0.492000 0.550333 0.487000 0.553000 0.482750 0.554000 0.479750 0.554333 0.473750 0.553667 0.470500
0 0.540333 0.501000 0.537000 0.503500 0.533667 0.508250 0.533000 0.514250 0.534333 0.521250 0.535667 0.524250 0.538000 0.527000 0.540333 0.528250 0.542333 0.528250 0.546333 0.526750 0.549667 0.522500 0.550333 0.513000 0.549667 0.509000 0.545667 0.502500 0.542333 0.501000
0 0.475667 0.467250 0.471000 0.468000 0.469000 0.469750 0.465667 0.479250 0.465667 0.484250 0.467000 0.488250 0.469000 0.491000 0.472667 0.492000 0.475333 0.491750 0.481667 0.486250 0.483000 0.483000 0.483000 0.475750 0.482000 0.470750 0.479667 0.468500
0 0.476333 0.520000 0.474333 0.520000 0.470000 0.523250 0.468333 0.525500 0.466333 0.531500 0.466333 0.536250 0.467333 0.538250 0.470000 0.540250 0.473000 0.541000 0.475333 0.540750 0.480000 0.538000 0.482000 0.535000 0.483000 0.531500 0.483000 0.525500 0.482333 0.524000 0.479000 0.520750
0 0.629333 0.505500 0.626333 0.507000 0.622667 0.511000 0.621667 0.513500 0.621667 0.518750 0.625667 0.529750 0.627333 0.530750 0.631333 0.531250 0.635667 0.530000 0.638333 0.526750 0.639333 0.523250 0.639333 0.514250 0.637000 0.509500 0.631333 0.505500
0 0.678000 0.510250 0.674333 0.510500 0.669333 0.513500 0.665000 0.517750 0.663667 0.520750 0.663000 0.525000 0.664333 0.529500 0.665667 0.530750 0.671333 0.531000 0.675000 0.530000 0.678667 0.527500 0.682333 0.522250 0.683333 0.519250 0.683000 0.514750 0.681667 0.512750
0 0.719667 0.516250 0.716333 0.517750 0.715000 0.520250 0.714333 0.523000 0.714667 0.528750 0.716333 0.533000 0.719333 0.537500 0.721000 0.538500 0.725000 0.539000 0.728333 0.537250 0.729667 0.534500 0.729333 0.525000 0.724667 0.518000 0.721333 0.516250
0 0.716667 0.586750 0.713333 0.588250 0.711000 0.591000 0.710333 0.593750 0.710667 0.603000 0.712667 0.607750 0.717333 0.611250 0.721333 0.611750 0.724333 0.610250 0.726333 0.607750 0.728000 0.604250 0.728333 0.599000 0.726000 0.591500 0.724333 0.589000 0.721667 0.587250
0 0.606000 0.579750 0.606333 0.583000 0.608333 0.585250 0.614333 0.587000 0.623333 0.587250 0.631667 0.585500 0.635000 0.584250 0.637333 0.581250 0.637333 0.579250 0.634667 0.576750 0.631000 0.575250 0.625667 0.574250 0.618667 0.574250 0.611667 0.575500
0 0.580333 0.563250 0.577333 0.565000 0.575667 0.567500 0.575000 0.570000 0.575333 0.577000 0.579333 0.584500 0.584000 0.587500 0.588333 0.587500 0.592000 0.585500 0.593333 0.582500 0.593667 0.578750 0.592667 0.570750 0.591000 0.567500 0.587667 0.564000 0.585000 0.563250
0 0.599000 0.589250 0.596000 0.591000 0.595333 0.592250 0.595333 0.595500 0.597000 0.599750 0.603000 0.608250 0.608333 0.611000 0.612000 0.611250 0.615000 0.609500 0.616000 0.607500 0.616000 0.602250 0.613333 0.596000 0.606000 0.590250 0.602333 0.589250
0 0.533333 0.595250 0.530667 0.596500 0.528333 0.599750 0.527667 0.602750 0.528333 0.608500 0.532000 0.616250 0.536667 0.619000 0.541333 0.619250 0.544333 0.618250 0.546000 0.616000 0.546333 0.607750 0.545667 0.604750 0.541667 0.598750 0.538000 0.596000
0 0.560333 0.696250 0.557000 0.697250 0.554667 0.700250 0.554000 0.703250 0.554333 0.710250 0.556667 0.717000 0.560667 0.721000 0.565000 0.722250 0.568667 0.721500 0.572000 0.717250 0.573000 0.714250 0.573000 0.708750 0.571333 0.704000 0.568333 0.699000 0.564000 0.696750
