0 0.505000 0.440250 0.502333 0.439250 0.497333 0.439500 0.486000 0.446750 0.484667 0.451250 0.485000 0.455500 0.486667 0.459750 0.489333 0.461250 0.493333 0.461250 0.498333 0.460000 0.506000 0.452750 0.508333 0.448250 0.508667 0.446000 0.508000 0.442750
0 0.438000 0.289000 0.436667 0.291250 0.437667 0.296250 0.439667 0.299500 0.446000 0.304500 0.455333 0.308250 0.459000 0.307750 0.463333 0.305250 0.464667 0.303250 0.464667 0.298250 0.456667 0.291250 0.451000 0.288750 0.446333 0.288000 0.440333 0.288000
0 0.396667 0.363000 0.391333 0.364250 0.386000 0.368500 0.384000 0.372000 0.383333 0.375750 0.383667 0.385500 0.385000 0.388750 0.388667 0.391000 0.393333 0.391000 0.397000 0.390000 0.398667 0.388750 0.401000 0.385250 0.402667 0.381250 0.403667 0.374000 0.403333 0.369500 0.401000 0.365250
0 0.351000 0.382250 0.346667 0.382750 0.343667 0.384500 0.341333 0.387750 0.340000 0.391750 0.340667 0.401750 0.341667 0.404000 0.343333 0.405250 0.346000 0.406000 0.349667 0.405750 0.353333 0.403500 0.355667 0.400500 0.357333 0.396750 0.357333 0.387750 0.355333 0.384000 0.354000 0.383000
0 0.302000 0.395500 0.298333 0.397250 0.296333 0.400000 0.294667 0.404750 0.294667 0.409000 0.298000 0.417000 0.301333 0.419500 0.304000 0.419750 0.307333 0.418250 0.310000 0.415000 0.311000 0.411750 0.311000 0.407000 0.309000 0.399750 0.306000 0.397000 0.303333 0.395500
0 0.379333 0.422500 0.377667 0.424250 0.377333 0.428250 0.379667 0.433250 0.383333 0.438000 0.386333 0.440250 0.392000 0.442250 0.400000 0.442250 0.401333 0.440000 0.401000 0.435000 0.397333 0.429250 0.389333 0.422500 0.384667 0.421750 0.381333 0.421750
0 0.389000 0.442000 0.384000 0.445750 0.383333 0.450250 0.384000 0.457000 0.385000 0.459500 0.388667 0.463500 0.393000 0.465250 0.396333 0.465250 0.400000 0.463250 0.402667 0.459250 0.403000 0.451500 0.402000 0.447750 0.400333 0.445000 0.397000 0.442500
0 0.434667 0.438750 0.431667 0.440250 0.430000 0.442500 0.428000 0.447500 0.428000 0.451750 0.428667 0.455250 0.431000 0.460250 0.435000 0.462000 0.437333 0.462000 0.440667 0.461000 0.443333 0.458000 0.445000 0.452250 0.445000 0.447500 0.444000 0.444000 0.441000 0.440250 0.439000 0.439000
0 0.466667 0.440000 0.462333 0.440750 0.454333 0.447250 0.453333 0.451750 0.453667 0.459750 0.455333 0.461500 0.457667 0.462250 0.459333 0.462250 0.463000 0.460500 0.465000 0.459000 0.467667 0.455500 0.469333 0.449000 0.469333 0.442500
0 0.482000 0.464250 0.478333 0.466750 0.477000 0.469250 0.476333 0.479000 0.477667 0.483500 0.481000 0.485500 0.483000 0.485750 0.486333 0.482500 0.487333 0.469500 0.485000 0.465500 0.483667 0.464500
0 0.506000 0.478500 0.502000 0.481000 0.500333 0.483750 0.499667 0.488250 0.500667 0.494000 0.503333 0.498500 0.507000 0.502000 0.509333 0.503250 0.513667 0.503250 0.517667 0.501000 0.519333 0.498500 0.519333 0.493250 0.517333 0.486000 0.514000 0.481250 0.509667 0.478500
0 0.471333 0.506250 0.469333 0.510250 0.469667 0.514750 0.472667 0.518500 0.477667 0.522750 0.486000 0.526000 0.490333 0.525250 0.493000 0.521000 0.493000 0.517500 0.490333 0.512750 0.482000 0.507000 0.475333 0.505250
0 0.467000 0.517000 0.462333 0.516500 0.458667 0.517500 0.455667 0.519750 0.452000 0.525000 0.451000 0.530500 0.452333 0.534000 0.455667 0.537000 0.460000 0.537500 0.463000 0.536250 0.466667 0.533500 0.469667 0.528750 0.470667 0.526000 0.470667 0.521000 0.469000 0.518250
0 0.455333 0.470000 0.451667 0.472750 0.448333 0.477750 0.447667 0.483000 0.451000 0.491750 0.454667 0.495500 0.456667 0.495500 0.459667 0.494250 0.463333 0.486750 0.463000 0.478000 0.459667 0.471250
0 0.409333 0.478750 0.406667 0.480750 0.405333 0.483750 0.405333 0.486250 0.407667 0.492250 0.409667 0.494750 0.415000 0.499250 0.419667 0.500750 0.423667 0.501250 0.427000 0.498750 0.428000 0.495250 0.427333 0.491250 0.425000 0.486750 0.420333 0.481500 0.416333 0.479000 0.413000 0.478250
0 0.403333 0.495000 0.400667 0.497250 0.400667 0.498750 0.406667 0.507500 0.408000 0.510500 0.412333 0.514250 0.418000 0.515750 0.420667 0.515750 0.423333 0.514250 0.424667 0.510500 0.423333 0.503250 0.420667 0.501250 0.414333 0.499250 0.409333 0.495250 0.405000 0.494500
0 0.354333 0.471250 0.349667 0.471750 0.346333 0.473500 0.341333 0.478000 0.338667 0.482250 0.338000 0.484750 0.338333 0.488750 0.339333 0.490500 0.342000 0.492250 0.346000 0.492250 0.349333 0.491000 0.354667 0.486500 0.357333 0.483000 0.358000 0.475000 0.357000 0.472750
0 0.291333 0.515000 0.290333 0.516750 0.290667 0.521250 0.298000 0.530750 0.309333 0.534750 0.311000 0.534750 0.313667 0.533500 0.315333 0.530250 0.315000 0.526500 0.311667 0.520250 0.309667 0.518000 0.307000 0.516250 0.298333 0.513750 0.294333 0.513500
0 0.299000 0.535750 0.296333 0.537750 0.294333 0.541250 0.294333 0.545500 0.297667 0.553000 0.302000 0.557500 0.306333 0.559750 0.310000 0.559500 0.312000 0.557750 0.313000 0.553000 0.312667 0.547500 0.310667 0.540750 0.307333 0.537750 0.303333 0.535500
0 0.301333 0.564000 0.300000 0.565250 0.299667 0.568500 0.306667 0.576000 0.314667 0.580250 0.317333 0.580750 0.322000 0.580250 0.323333 0.579000 0.323667 0.575250 0.320000 0.570250 0.310333 0.563750 0.303667 0.563500
0 0.321333 0.585750 0.317000 0.587750 0.315000 0.591250 0.315000 0.595000 0.316333 0.600250 0.319333 0.605000 0.322333 0.608000 0.325667 0.609000 0.330000 0.608750 0.334000 0.607000 0.335667 0.603750 0.334000 0.595000 0.329333 0.588000 0.327000 0.586250
0 0.341000 0.578750 0.338667 0.579500 0.337000 0.581000 0.334000 0.588250 0.334333 0.592000 0.337333 0.601500 0.341000 0.604250 0.345333 0.604500 0.349000 0.603000 0.351000 0.600250 0.352000 0.595750 0.351667 0.588250 0.350667 0.584500 0.348333 0.580500 0.345000 0.579000
0 0.356667 0.580000 0.355333 0.583250 0.356000 0.586000 0.357000 0.587750 0.362333 0.592250 0.376000 0.596750 0.380667 0.596750 0.384667 0.595250 0.385667 0.593250 0.385667 0.591000 0.384000 0.587750 0.373667 0.580250 0.366667 0.578750 0.360333 0.578750
0 0.300000 0.589500 0.297333 0.591000 0.296000 0.595250 0.296333 0.603000 0.297667 0.608250 0.299667 0.610750 0.306000 0.614250 0.309333 0.614000 0.312000 0.612500 0.314000 0.607750 0.314000 0.603000 0.312000 0.595000 0.309000 0.591500 0.307000 0.590250 0.303333 0.589250
0 0.323000 0.617750 0.321667 0.618000 0.319333 0.619750 0.317667 0.622000 0.316333 0.625750 0.316333 0.635500 0.318667 0.639500 0.322000 0.641000 0.326667 0.640500 0.330000 0.638750 0.332333 0.634500 0.333000 0.628750 0.332667 0.626000 0.327667 0.618750 0.326000 0.618000
0 0.348667 0.607750 0.344667 0.607500 0.341000 0.608000 0.338667 0.608750 0.337000 0.610250 0.334667 0.618000 0.334667 0.621250 0.336000 0.626250 0.338333 0.629000 0.342333 0.629000 0.349000 0.625250 0.350667 0.623500 0.352000 0.616000 0.351667 0.611750 0.350333 0.608500
0 0.412333 0.608750 0.409333 0.610000 0.407333 0.612000 0.405667 0.618250 0.405667 0.623000 0.407333 0.629500 0.408667 0.631750 0.413333 0.635750 0.415000 0.636500 0.417333 0.636500 0.420333 0.635000 0.422667 0.630500 0.424000 0.624750 0.423667 0.618500 0.420000 0.611000 0.417000 0.609250
0 0.415667 0.649250 0.412000 0.649500 0.409000 0.650750 0.407667 0.651750 0.403000 0.658750 0.402000 0.662500 0.402667 0.669500 0.404333 0.671250 0.408000 0.672750 0.412333 0.672750 0.415667 0.671250 0.417667 0.669500 0.420667 0.664500 0.421333 0.661750 0.421000 0.654750 0.418667 0.650750
0 0.320333 0.646000 0.321667 0.648750 0.325667 0.651250 0.333333 0.653750 0.342000 0.653750 0.346000 0.652250 0.348667 0.650000 0.348000 0.646750 0.346667 0.645000 0.342000 0.642250 0.338333 0.641500 0.326000 0.642000 0.322667 0.643000
0 0.325000 0.657000 0.321667 0.658500 0.320333 0.661750 0.320333 0.668000 0.321333 0.672250 0.324333 0.677000 0.328667 0.680500 0.330000 0.681000 0.334000 0.681000 0.336667 0.678750 0.339000 0.674500 0.338333 0.665000 0.333333 0.657750 0.330667 0.656750
0 0.305667 0.657500 0.303000 0.659000 0.299000 0.665250 0.299000 0.670750 0.300667 0.677250 0.303333 0.681000 0.306333 0.682750 0.310333 0.683000 0.313333 0.681250 0.316000 0.676750 0.316667 0.673750 0.316000 0.665500 0.312000 0.658500 0.309000 0.657500
0 0.275333 0.660250 0.273667 0.662500 0.273333 0.666500 0.274667 0.670500 0.285333 0.678500 0.291333 0.680250 0.295000 0.679500 0.297000 0.677000 0.297000 0.672500 0.296000 0.669250 0.293333 0.665750 0.287000 0.661500 0.280333 0.659500
0 0.420000 0.540000 0.419667 0.545750 0.420667 0.549000 0.422667 0.551250 0.428333 0.554250 0.435667 0.556000 0.439667 0.555750 0.443000 0.554250 0.444000 0.552250 0.443667 0.549000 0.435000 0.540000 0.428000 0.537500 0.423667 0.537500
0 0.417000 0.528750 0.414333 0.528750 0.411667 0.529500 0.408000 0.531750 0.407000 0.533750 0.406667 0.543500 0.407333 0.548750 0.408333 0.550750 0.411333 0.552750 0.416667 0.552250 0.419333 0.549250 0.419333 0.544000 0.421667 0.536750 0.422000 0.533000 0.420667 0.530750
