0 0.475333 0.765750 0.471667 0.766000 0.469000 0.767000 0.466333 0.770500 0.464667 0.774750 0.464667 0.782250 0.465667 0.785750 0.467000 0.788000 0.470667 0.790500 0.475333 0.789750 0.480333 0.784500 0.482667 0.779000 0.482667 0.774000 0.481667 0.770500 0.480000 0.767750 0.478667 0.766750
0 0.506000 0.359750 0.501333 0.358750 0.496667 0.360000 0.493667 0.361750 0.490667 0.365250 0.486333 0.368250 0.484333 0.372500 0.484667 0.376250 0.485667 0.378000 0.487000 0.378500 0.491333 0.378500 0.497667 0.377000 0.504333 0.372750 0.506667 0.369750 0.507333 0.367000 0.507333 0.361500
0 0.521667 0.371250 0.517667 0.373000 0.515667 0.376500 0.515000 0.383250 0.515667 0.389000 0.518000 0.393750 0.521000 0.396000 0.524333 0.397000 0.526667 0.397000 0.530000 0.395750 0.534000 0.389000 0.534000 0.382750 0.532000 0.377250 0.529667 0.374250 0.526667 0.372250
0 0.528333 0.412750 0.524667 0.414750 0.523667 0.418000 0.524000 0.422000 0.526000 0.424500 0.527000 0.427250 0.529667 0.429750 0.531000 0.432250 0.536000 0.435250 0.540333 0.436250 0.545000 0.435750 0.546333 0.434500 0.547667 0.431000 0.546667 0.424250 0.544667 0.420750 0.537333 0.414250 0.533000 0.412750
0 0.517000 0.422750 0.513000 0.424250 0.510667 0.427750 0.509667 0.431750 0.510000 0.436250 0.512333 0.442500 0.514000 0.444750 0.517000 0.447250 0.521000 0.447750 0.525000 0.444750 0.526667 0.442000 0.528000 0.436250 0.527667 0.431500 0.522333 0.424500 0.520333 0.423250
0 0.439000 0.419750 0.440000 0.424750 0.443667 0.426500 0.449333 0.427750 0.459333 0.427250 0.466333 0.425750 0.469000 0.424000 0.471000 0.420750 0.471000 0.419250 0.468333 0.416250 0.465667 0.415250 0.461333 0.414750 0.453000 0.414750 0.447667 0.415500 0.441000 0.418250
0 0.299333 0.434500 0.296000 0.433750 0.291667 0.434500 0.285333 0.439250 0.282667 0.443500 0.281333 0.447500 0.281333 0.452000 0.283000 0.454750 0.286000 0.455500 0.288000 0.455250 0.293667 0.452250 0.295667 0.450500 0.300333 0.443750 0.301333 0.438750
0 0.333000 0.492750 0.330000 0.493500 0.326000 0.498000 0.325333 0.506000 0.328667 0.513250 0.330667 0.514500 0.335333 0.514750 0.339333 0.512750 0.341333 0.510000 0.342333 0.506750 0.342333 0.500750 0.341667 0.498250 0.339000 0.495000 0.337333 0.493750 0.334667 0.492750
0 0.388333 0.506500 0.384667 0.507750 0.382333 0.510250 0.381000 0.514750 0.381667 0.521250 0.384667 0.527750 0.388333 0.530750 0.392000 0.531500 0.395333 0.531250 0.398333 0.529750 0.400333 0.526000 0.400333 0.516750 0.396667 0.509250 0.392333 0.507000
0 0.342333 0.529000 0.338667 0.530750 0.336667 0.532750 0.334667 0.540750 0.335667 0.548750 0.338000 0.553000 0.341333 0.554750 0.345333 0.554750 0.348667 0.552750 0.350667 0.549750 0.351667 0.544500 0.351667 0.537000 0.351000 0.532750 0.349333 0.530500 0.345667 0.529000
0 0.373667 0.580750 0.371667 0.580250 0.366000 0.580500 0.359333 0.582500 0.353667 0.585500 0.350667 0.587750 0.347667 0.591500 0.347000 0.596000 0.348000 0.597250 0.352000 0.598750 0.357667 0.598250 0.364667 0.596000 0.371333 0.592500 0.374000 0.589500 0.375333 0.583750
0 0.294333 0.614250 0.290667 0.616000 0.289333 0.618250 0.289000 0.627000 0.290333 0.632000 0.293000 0.635750 0.295000 0.637250 0.299333 0.637500 0.303000 0.635250 0.304667 0.631250 0.304333 0.623750 0.301333 0.617750 0.299000 0.615750 0.295667 0.614250
0 0.392333 0.627000 0.389000 0.626750 0.384667 0.628250 0.377667 0.635000 0.375333 0.641750 0.375333 0.650500 0.376333 0.652250 0.377667 0.653000 0.381667 0.653250 0.384000 0.652250 0.389333 0.648250 0.394667 0.638750 0.395667 0.634500 0.395333 0.630250 0.393667 0.627750
0 0.410667 0.619750 0.409333 0.622500 0.409667 0.623750 0.416333 0.629750 0.421667 0.631750 0.427000 0.632750 0.435333 0.633000 0.439333 0.631000 0.440000 0.626250 0.435333 0.621750 0.429667 0.619500 0.421667 0.617750 0.417000 0.617750 0.413333 0.618500
0 0.427000 0.563750 0.425333 0.565500 0.424000 0.568750 0.424333 0.574750 0.427000 0.581000 0.432000 0.585500 0.438667 0.587000 0.443000 0.586250 0.444333 0.585000 0.445000 0.583000 0.445000 0.578500 0.443333 0.572500 0.439667 0.567250 0.435667 0.563750 0.431333 0.563000
0 0.467333 0.564000 0.465667 0.564500 0.463000 0.566500 0.462000 0.568250 0.461333 0.572250 0.462000 0.577500 0.466000 0.584500 0.469333 0.587750 0.471000 0.588750 0.475000 0.589000 0.480000 0.587250 0.482000 0.584750 0.482333 0.579500 0.480333 0.571500 0.474000 0.565250 0.470667 0.564250
0 0.473333 0.523750 0.470000 0.524500 0.468333 0.525750 0.466333 0.528750 0.465000 0.533250 0.465000 0.537250 0.466000 0.542000 0.468333 0.546000 0.470333 0.548000 0.474667 0.549000 0.479667 0.546250 0.482000 0.543750 0.483000 0.541250 0.483000 0.532500 0.482000 0.529000 0.480000 0.526000 0.476333 0.524000
0 0.533333 0.571750 0.532000 0.573000 0.528667 0.579750 0.528333 0.588500 0.529333 0.592000 0.531000 0.593500 0.533667 0.594750 0.537333 0.594750 0.540667 0.592500 0.541667 0.590500 0.543333 0.584000 0.543333 0.579500 0.542333 0.576250 0.537667 0.571750
0 0.541667 0.594750 0.537333 0.595250 0.533333 0.597750 0.529667 0.603000 0.527333 0.610000 0.527667 0.617000 0.529667 0.620500 0.533667 0.622750 0.536667 0.622250 0.539000 0.621000 0.544667 0.616000 0.545667 0.613750 0.547000 0.607000 0.546667 0.599250 0.545333 0.597000
0 0.529000 0.641500 0.526333 0.640750 0.521000 0.640750 0.517000 0.642500 0.511667 0.650000 0.510000 0.654250 0.510000 0.658500 0.511667 0.661500 0.513333 0.662750 0.518667 0.663000 0.521333 0.662250 0.528667 0.655500 0.530000 0.652750 0.531000 0.647250 0.530333 0.642750
0 0.467000 0.604750 0.465000 0.607250 0.465000 0.611500 0.466000 0.615500 0.469667 0.623500 0.474333 0.627500 0.477667 0.629250 0.481667 0.629250 0.484000 0.627750 0.485333 0.624500 0.485333 0.621750 0.482000 0.611250 0.479333 0.608500 0.474667 0.605750 0.471333 0.604750
0 0.645667 0.600750 0.642000 0.602000 0.639667 0.604750 0.638000 0.609750 0.638000 0.615000 0.641667 0.623000 0.645333 0.624500 0.648333 0.624500 0.650667 0.624000 0.652333 0.622750 0.653667 0.620500 0.654667 0.616000 0.654333 0.609750 0.651667 0.602750 0.649667 0.601500
0 0.490333 0.469000 0.488333 0.471000 0.488333 0.475500 0.489333 0.480250 0.492000 0.485750 0.493667 0.487750 0.497000 0.489500 0.499000 0.489750 0.503000 0.488250 0.504333 0.486000 0.504000 0.479750 0.503000 0.477000 0.499000 0.470000 0.494667 0.468750
0 0.521667 0.454250 0.518000 0.454500 0.514000 0.457000 0.510667 0.462250 0.510000 0.464500 0.509667 0.469250 0.510667 0.474250 0.513333 0.477750 0.516667 0.479000 0.521000 0.478250 0.522667 0.477250 0.526333 0.472750 0.528000 0.468250 0.528333 0.462750 0.527000 0.458250 0.526000 0.456750
