0 0.393333 0.641250 0.388667 0.641000 0.385667 0.642000 0.383333 0.644250 0.380000 0.650750 0.379667 0.658750 0.380667 0.661500 0.384000 0.665750 0.387333 0.667000 0.389667 0.667000 0.391667 0.666250 0.396667 0.662500 0.399667 0.654750 0.399667 0.648750 0.398667 0.645500 0.397333 0.643250
0 0.336667 0.669250 0.336333 0.672250 0.337333 0.675000 0.341333 0.677750 0.344667 0.679000 0.359333 0.680500 0.362000 0.680250 0.365333 0.679000 0.367000 0.677250 0.367667 0.673250 0.366000 0.671250 0.356667 0.666000 0.350333 0.665000 0.346333 0.665250 0.341333 0.666750
0 0.482000 0.688750 0.479667 0.688000 0.471000 0.688500 0.468000 0.689750 0.463000 0.693250 0.458333 0.697500 0.455667 0.703500 0.456333 0.706750 0.458667 0.708250 0.463000 0.708500 0.466000 0.708000 0.474333 0.703250 0.482000 0.697250 0.483000 0.695750 0.483667 0.692250 0.483000 0.689750
0 0.240333 0.706250 0.235667 0.706500 0.232667 0.708000 0.227333 0.712500 0.226000 0.716250 0.225667 0.721750 0.226333 0.725250 0.228000 0.726750 0.229333 0.727000 0.233000 0.726250 0.240000 0.720750 0.243667 0.716000 0.245000 0.713000 0.244667 0.709250 0.243667 0.708000
0 0.209000 0.337000 0.204000 0.337000 0.200667 0.338250 0.197333 0.341000 0.196000 0.343750 0.195333 0.347250 0.196000 0.357250 0.198000 0.359500 0.201333 0.360750 0.206000 0.360750 0.209667 0.359750 0.212000 0.357750 0.214667 0.353000 0.215333 0.350250 0.214667 0.342000 0.212000 0.338750
0 0.390000 0.371750 0.388000 0.371750 0.383333 0.374750 0.381667 0.377000 0.380000 0.383250 0.380000 0.389750 0.381000 0.393250 0.383333 0.396500 0.386333 0.397500 0.390000 0.397250 0.394667 0.394000 0.397333 0.389250 0.398333 0.384500 0.397667 0.376250 0.396667 0.374750 0.393333 0.372500
0 0.434667 0.409250 0.432000 0.410250 0.430000 0.412250 0.428667 0.416250 0.429000 0.420250 0.430667 0.424500 0.432000 0.425750 0.435333 0.427250 0.439667 0.426500 0.442000 0.424250 0.443667 0.419250 0.443667 0.415500 0.440000 0.410250 0.437000 0.409250
0 0.356667 0.399750 0.355333 0.402750 0.355333 0.405000 0.360000 0.413250 0.364333 0.416750 0.369667 0.419000 0.372667 0.419000 0.374667 0.416750 0.374667 0.410000 0.373000 0.405500 0.365333 0.399750 0.362000 0.399250
0 0.342333 0.395000 0.338667 0.396000 0.337000 0.397250 0.334000 0.401000 0.332000 0.405750 0.331667 0.408750 0.332667 0.412750 0.334333 0.414750 0.337333 0.416500 0.339333 0.416500 0.342333 0.415250 0.345000 0.412000 0.347667 0.405250 0.347667 0.399750 0.347000 0.398250 0.345000 0.396000
0 0.354000 0.429000 0.353000 0.430750 0.353000 0.433000 0.354000 0.436250 0.356333 0.439500 0.361667 0.444000 0.364333 0.445250 0.369000 0.446500 0.373000 0.446250 0.375333 0.443750 0.375333 0.439500 0.372333 0.434250 0.369333 0.431750 0.365333 0.429750 0.358000 0.428000
0 0.352000 0.441000 0.350000 0.439750 0.346000 0.439750 0.335667 0.442250 0.330000 0.445000 0.328333 0.446500 0.327333 0.448250 0.327000 0.451750 0.330667 0.455000 0.334667 0.455250 0.342333 0.453500 0.350667 0.448500 0.353000 0.444250 0.353000 0.442500
0 0.306667 0.404750 0.302333 0.404000 0.299000 0.405000 0.293333 0.408750 0.288333 0.415000 0.287000 0.419000 0.287000 0.424000 0.289000 0.428250 0.291000 0.429500 0.295333 0.429750 0.298333 0.428500 0.304000 0.423500 0.307000 0.418250 0.309000 0.412750 0.309000 0.408250
0 0.247333 0.407250 0.245333 0.408750 0.244333 0.411000 0.244333 0.413250 0.245667 0.416500 0.252000 0.424500 0.256000 0.427250 0.259000 0.428500 0.260333 0.428500 0.262333 0.427250 0.263667 0.424500 0.263333 0.420750 0.261667 0.415750 0.254333 0.408500 0.251667 0.407500
0 0.213000 0.400750 0.209000 0.400250 0.205333 0.401250 0.199333 0.407000 0.197667 0.409500 0.196667 0.412750 0.197333 0.419750 0.201333 0.423000 0.205000 0.422750 0.209667 0.421500 0.214333 0.417000 0.216333 0.413750 0.217333 0.410250 0.217333 0.404500 0.216667 0.403250
0 0.221000 0.422000 0.218333 0.421500 0.212333 0.421750 0.205667 0.424500 0.201000 0.428500 0.196667 0.431000 0.193667 0.435500 0.194000 0.439500 0.196667 0.442750 0.201667 0.443500 0.211000 0.440000 0.218333 0.436000 0.223000 0.428500 0.223333 0.424250
0 0.181333 0.436750 0.178000 0.438000 0.176333 0.440250 0.175667 0.448250 0.176667 0.452250 0.178333 0.455500 0.182000 0.459500 0.187000 0.461000 0.190667 0.461000 0.194000 0.459500 0.196333 0.455500 0.196667 0.450750 0.195000 0.444250 0.193000 0.440000 0.191333 0.438500 0.186000 0.436750
0 0.252000 0.465000 0.248333 0.465000 0.245667 0.466000 0.244000 0.467250 0.242000 0.471000 0.241333 0.479500 0.242333 0.483250 0.244667 0.485750 0.247667 0.486750 0.250000 0.486250 0.253000 0.484250 0.256667 0.479000 0.256667 0.468750 0.255667 0.467000
0 0.260333 0.484250 0.256000 0.484500 0.252667 0.486500 0.249333 0.493750 0.249667 0.502000 0.251667 0.506500 0.255000 0.507750 0.259000 0.507500 0.262000 0.506250 0.264667 0.503000 0.266000 0.498500 0.266333 0.493000 0.265000 0.487500 0.263333 0.485250
0 0.307667 0.486000 0.306000 0.486000 0.303667 0.487000 0.298333 0.491250 0.295000 0.494750 0.293000 0.498000 0.292333 0.505750 0.294333 0.508750 0.298000 0.510750 0.303333 0.510250 0.309000 0.506000 0.311333 0.502250 0.312667 0.497000 0.313000 0.490500 0.311333 0.487500
0 0.310000 0.551500 0.308667 0.554000 0.308667 0.557500 0.310000 0.560250 0.314333 0.564750 0.319333 0.566500 0.322667 0.568750 0.330667 0.569500 0.333667 0.566000 0.333667 0.563250 0.329000 0.556250 0.325667 0.553750 0.318667 0.550250 0.314000 0.550250
0 0.316000 0.528500 0.314000 0.530250 0.313333 0.532750 0.313667 0.538000 0.315000 0.541500 0.319333 0.547000 0.322333 0.548250 0.326333 0.551000 0.330333 0.551500 0.333333 0.549000 0.333667 0.543750 0.333000 0.541250 0.328667 0.533500 0.325667 0.530750 0.319333 0.528250
0 0.314000 0.568000 0.311000 0.571500 0.310667 0.575750 0.314333 0.584750 0.320000 0.588750 0.322000 0.589500 0.326333 0.589250 0.330333 0.588250 0.333667 0.584250 0.333333 0.580000 0.326667 0.572000 0.324000 0.570250 0.318667 0.567750
0 0.267000 0.547000 0.265333 0.549250 0.265333 0.553250 0.267667 0.558500 0.273333 0.564750 0.278667 0.568000 0.281333 0.568750 0.284000 0.568750 0.286667 0.567750 0.288667 0.564250 0.288667 0.561000 0.286667 0.556250 0.283333 0.554000 0.279667 0.549500 0.277333 0.548000 0.272333 0.546500
0 0.283333 0.596000 0.283333 0.600250 0.286000 0.603500 0.291333 0.608000 0.300000 0.611000 0.306333 0.612250 0.310667 0.612250 0.314333 0.610750 0.315667 0.608250 0.314667 0.604250 0.310667 0.599500 0.308667 0.598250 0.303000 0.596250 0.295667 0.594750 0.286000 0.594750
0 0.397000 0.494500 0.392667 0.494500 0.388667 0.496000 0.383667 0.499750 0.382000 0.502000 0.379667 0.507000 0.379333 0.511250 0.380667 0.514500 0.385000 0.517000 0.389333 0.517250 0.395333 0.514500 0.397333 0.512750 0.401000 0.507250 0.402333 0.501000 0.401000 0.497500
0 0.411667 0.476250 0.408667 0.477750 0.407333 0.479750 0.406667 0.482250 0.407000 0.490750 0.408333 0.494750 0.410333 0.497500 0.412667 0.499000 0.416333 0.499250 0.419667 0.497750 0.421000 0.495250 0.421667 0.490750 0.421000 0.482750 0.419000 0.478750 0.416667 0.477000
0 0.454000 0.459750 0.451333 0.460750 0.450000 0.462500 0.449000 0.466750 0.449000 0.474250 0.452000 0.480250 0.454667 0.482500 0.458667 0.481750 0.460667 0.479250 0.462333 0.474750 0.462667 0.470000 0.460000 0.461250 0.458667 0.460250
0 0.436333 0.491750 0.432000 0.493000 0.430667 0.494000 0.426667 0.502250 0.426333 0.510750 0.428000 0.514000 0.431000 0.515750 0.436000 0.515500 0.438667 0.513500 0.441000 0.510500 0.443333 0.505500 0.443667 0.498250 0.442667 0.495000 0.441000 0.493250
0 0.434667 0.522500 0.431333 0.523500 0.428667 0.525750 0.427000 0.529000 0.426333 0.533750 0.427667 0.540750 0.430333 0.545000 0.432667 0.546250 0.436333 0.546750 0.441333 0.545500 0.444000 0.542750 0.444667 0.532250 0.441667 0.525500 0.439333 0.523750
0 0.418333 0.552250 0.416000 0.552000 0.411000 0.553750 0.407333 0.556000 0.404333 0.563750 0.404000 0.571750 0.406000 0.575750 0.408000 0.577250 0.412333 0.577250 0.417667 0.573000 0.421000 0.568500 0.422000 0.562250 0.422000 0.556000 0.420667 0.553500
0 0.463333 0.574750 0.459333 0.574750 0.457000 0.575500 0.455000 0.576750 0.451667 0.580500 0.450000 0.584000 0.446667 0.588250 0.446333 0.592250 0.447333 0.593250 0.452333 0.593750 0.458000 0.592750 0.460000 0.591500 0.462667 0.588500 0.465667 0.583500 0.465000 0.576000
0 0.404667 0.580000 0.401333 0.583750 0.401333 0.588500 0.403000 0.593500 0.408667 0.601000 0.411667 0.602000 0.415333 0.604250 0.419667 0.604250 0.420667 0.603500 0.422000 0.599750 0.421667 0.593750 0.420333 0.588000 0.412333 0.581250 0.408000 0.580000
0 0.482000 0.563750 0.478000 0.563250 0.474000 0.564250 0.470667 0.567500 0.467000 0.572750 0.465667 0.576250 0.466667 0.583500 0.467667 0.585000 0.470000 0.586000 0.474333 0.586250 0.479333 0.583250 0.483000 0.579000 0.485000 0.573000 0.485000 0.568000 0.483667 0.565000
0 0.458333 0.602750 0.455667 0.603750 0.453667 0.606250 0.452333 0.611250 0.451667 0.620000 0.452333 0.623250 0.454667 0.626500 0.458000 0.628250 0.460667 0.628500 0.464333 0.627750 0.466333 0.626250 0.467667 0.621500 0.467333 0.611250 0.466000 0.606750 0.464000 0.604250 0.462333 0.603250
0 0.407000 0.603250 0.404667 0.604500 0.403667 0.606500 0.404667 0.614250 0.406667 0.619250 0.408333 0.621500 0.411333 0.623750 0.415000 0.624750 0.419667 0.624750 0.421667 0.623000 0.422333 0.620500 0.422333 0.614500 0.420667 0.609500 0.416667 0.606000 0.412333 0.603750
0 0.368667 0.592500 0.367000 0.595750 0.368000 0.599750 0.376333 0.607250 0.381000 0.609250 0.388333 0.610500 0.396000 0.610250 0.398000 0.609000 0.399333 0.607000 0.398667 0.601000 0.397000 0.598500 0.392667 0.595750 0.378000 0.591500 0.372667 0.591250
0 0.364667 0.621750 0.362000 0.622750 0.360000 0.625250 0.358333 0.635500 0.358667 0.639500 0.360333 0.644750 0.362000 0.647000 0.365000 0.648500 0.369667 0.647750 0.373667 0.643000 0.374667 0.634250 0.373333 0.626750 0.371333 0.623250 0.369000 0.622000
