0 0.332667 0.344750 0.330333 0.345250 0.329000 0.346250 0.326667 0.353000 0.327000 0.361500 0.328333 0.365500 0.331667 0.369250 0.334000 0.370750 0.338333 0.370750 0.341333 0.368750 0.343333 0.365000 0.343333 0.351500 0.342000 0.348000 0.339000 0.345500
0 0.471000 0.440500 0.469000 0.442000 0.468000 0.444750 0.468000 0.450750 0.470000 0.461250 0.471333 0.463750 0.476000 0.468000 0.482333 0.468750 0.484000 0.466750 0.485333 0.460000 0.485000 0.455500 0.483000 0.447250 0.477667 0.442250 0.474667 0.440750
0 0.521333 0.460750 0.516333 0.460500 0.513000 0.461500 0.509000 0.465000 0.507333 0.470500 0.507333 0.479000 0.509333 0.483500 0.514000 0.485250 0.518333 0.485250 0.522000 0.483750 0.526333 0.474250 0.527000 0.471000 0.526333 0.466250 0.523333 0.462000
0 0.464333 0.471000 0.465000 0.474250 0.467000 0.476000 0.471667 0.478000 0.476667 0.479250 0.479333 0.479500 0.490667 0.478250 0.495000 0.475500 0.495000 0.473750 0.492000 0.471000 0.486667 0.469750 0.480000 0.469000 0.470667 0.469000 0.466000 0.470000
0 0.452667 0.476000 0.450667 0.476000 0.446667 0.478000 0.444333 0.481500 0.443000 0.485750 0.442667 0.492250 0.443667 0.497750 0.446000 0.502250 0.449333 0.503500 0.451667 0.503500 0.456000 0.501250 0.458667 0.498250 0.460000 0.494250 0.460333 0.485500 0.458667 0.480250 0.456667 0.477500
0 0.401000 0.481000 0.398667 0.482500 0.397000 0.486000 0.396667 0.494000 0.399000 0.502500 0.400667 0.504750 0.404000 0.507250 0.408667 0.508000 0.412000 0.506250 0.413667 0.503250 0.414000 0.495250 0.413333 0.492000 0.411000 0.486750 0.406333 0.482000 0.404333 0.480750
0 0.376333 0.476250 0.374333 0.477500 0.373333 0.479500 0.373667 0.486000 0.376000 0.495250 0.378000 0.498000 0.383333 0.501500 0.386333 0.502500 0.389333 0.502500 0.391333 0.501000 0.392667 0.498500 0.392667 0.494000 0.389667 0.483750 0.386333 0.479500 0.384000 0.477750 0.381333 0.476500
0 0.440000 0.518500 0.435667 0.518750 0.431333 0.520250 0.423000 0.525250 0.420000 0.529750 0.419000 0.532500 0.419333 0.535250 0.421000 0.537750 0.423000 0.538500 0.425333 0.538500 0.430000 0.537000 0.432333 0.534250 0.437000 0.532000 0.443000 0.526750 0.443000 0.521000
0 0.434333 0.532500 0.433000 0.537000 0.434667 0.538500 0.439667 0.540750 0.448000 0.542250 0.451667 0.541500 0.454667 0.539000 0.455000 0.536500 0.451000 0.532750 0.443000 0.530750 0.438667 0.531000
0 0.426667 0.541750 0.421667 0.544250 0.419667 0.547250 0.417667 0.555250 0.417667 0.558500 0.420000 0.564750 0.424000 0.568750 0.428333 0.569250 0.432333 0.567000 0.435333 0.564250 0.437000 0.558750 0.437000 0.549750 0.436333 0.546750 0.433667 0.543500 0.429667 0.542000
0 0.409333 0.535500 0.407333 0.535500 0.405000 0.536500 0.400000 0.540500 0.396333 0.548250 0.396333 0.553250 0.398333 0.556500 0.400333 0.557750 0.405000 0.557750 0.409667 0.553500 0.412667 0.548750 0.413667 0.545000 0.413667 0.540250 0.412000 0.536500
0 0.456333 0.572500 0.454333 0.572500 0.451667 0.573750 0.447333 0.577250 0.440667 0.587000 0.439667 0.590000 0.439667 0.593250 0.442000 0.595000 0.443667 0.595000 0.447000 0.592000 0.451667 0.589500 0.458667 0.576750 0.458333 0.574500
0 0.467000 0.588500 0.464333 0.587500 0.459000 0.587750 0.454000 0.589250 0.450333 0.592250 0.447333 0.593250 0.444000 0.596000 0.441667 0.599000 0.442667 0.604250 0.446333 0.605750 0.451333 0.605500 0.455333 0.604250 0.462333 0.600250 0.467333 0.595250 0.468000 0.591000
0 0.409000 0.600000 0.406667 0.600000 0.404333 0.600750 0.401000 0.603250 0.392667 0.614250 0.391333 0.618750 0.391667 0.622000 0.393333 0.626000 0.395667 0.627500 0.397333 0.627250 0.400000 0.625750 0.403333 0.625250 0.404333 0.624500 0.408000 0.618500 0.413000 0.612250 0.414000 0.608000 0.413667 0.603000 0.412000 0.601000
0 0.392000 0.625000 0.389667 0.624000 0.387333 0.624000 0.376667 0.626250 0.368000 0.634750 0.367667 0.638750 0.368333 0.640000 0.370667 0.640750 0.378000 0.640250 0.381667 0.639250 0.385000 0.637250 0.392000 0.630000 0.393000 0.628000 0.393000 0.626250
0 0.396667 0.627000 0.395667 0.629250 0.395667 0.631750 0.397000 0.635500 0.399667 0.639250 0.404333 0.643750 0.408000 0.645000 0.412667 0.644500 0.413667 0.643250 0.414000 0.638750 0.412000 0.634250 0.404667 0.627000 0.401333 0.626000
0 0.399000 0.657000 0.399000 0.659250 0.400667 0.661000 0.404000 0.662500 0.410000 0.663000 0.420667 0.662750 0.426667 0.660250 0.428333 0.658250 0.428000 0.656750 0.426000 0.654750 0.420000 0.652750 0.411667 0.652500 0.405000 0.653250 0.401000 0.654750
0 0.391333 0.662750 0.387333 0.662250 0.384333 0.663000 0.380000 0.665750 0.377333 0.668750 0.375667 0.672000 0.375000 0.675500 0.375333 0.680500 0.376667 0.682750 0.381333 0.683250 0.388333 0.678000 0.393333 0.666750 0.393000 0.664500
0 0.404667 0.688250 0.401333 0.686500 0.398000 0.686000 0.393000 0.686000 0.383000 0.688250 0.377333 0.691000 0.372333 0.695000 0.370333 0.698000 0.370333 0.701500 0.373333 0.703250 0.382000 0.703250 0.389000 0.702750 0.394000 0.701000 0.404000 0.694250 0.405000 0.692000
0 0.408667 0.720250 0.406000 0.720250 0.403333 0.721000 0.400333 0.723500 0.398667 0.727500 0.398667 0.737000 0.399333 0.740000 0.400667 0.742250 0.403667 0.744250 0.407333 0.743250 0.409667 0.741500 0.412333 0.737250 0.413333 0.733750 0.413667 0.727000 0.413000 0.724500 0.411667 0.722500
0 0.369667 0.728000 0.367000 0.728750 0.361667 0.732750 0.360000 0.736250 0.360667 0.748250 0.364333 0.751000 0.366333 0.751000 0.371000 0.748750 0.373000 0.744250 0.373667 0.733750 0.372667 0.730750
0 0.336667 0.756250 0.334667 0.758500 0.334333 0.760500 0.337333 0.766750 0.344333 0.772750 0.349000 0.774000 0.353333 0.773250 0.354667 0.772000 0.354667 0.767250 0.349667 0.760000 0.342000 0.755750 0.338000 0.755750
0 0.436000 0.699250 0.430667 0.699500 0.424000 0.702500 0.422000 0.704250 0.418000 0.712250 0.418000 0.717250 0.420333 0.720000 0.423000 0.720750 0.427333 0.720000 0.431000 0.717250 0.436333 0.711750 0.438333 0.708500 0.438333 0.702750 0.437667 0.700500
0 0.437667 0.713250 0.436000 0.715000 0.435667 0.717500 0.439333 0.725000 0.446000 0.728500 0.452000 0.728500 0.454333 0.726000 0.453667 0.721000 0.452000 0.718500 0.443000 0.713000 0.439333 0.712750
0 0.458667 0.729250 0.454667 0.729500 0.446667 0.732750 0.442333 0.735750 0.439667 0.739500 0.438000 0.743500 0.438333 0.745750 0.440000 0.748000 0.442667 0.748750 0.445000 0.748500 0.449333 0.746750 0.452333 0.744750 0.459667 0.736750 0.460000 0.731250
0 0.443667 0.689500 0.442667 0.690000 0.441000 0.694250 0.441000 0.700750 0.442667 0.705500 0.445333 0.710000 0.450333 0.713250 0.451333 0.713250 0.455333 0.705750 0.454000 0.697000 0.451667 0.692750 0.448000 0.689750
0 0.477667 0.702750 0.472667 0.702250 0.466667 0.703500 0.463667 0.704750 0.455667 0.712250 0.455667 0.714500 0.456667 0.716750 0.459333 0.718250 0.463333 0.718250 0.467000 0.717500 0.476000 0.710250 0.479333 0.705000
0 0.507667 0.707250 0.505000 0.705750 0.494333 0.705500 0.486333 0.708500 0.477333 0.714750 0.476333 0.716500 0.477000 0.720500 0.478667 0.721500 0.484000 0.721750 0.497667 0.719000 0.505667 0.715250 0.507333 0.713500 0.508333 0.710250
0 0.469333 0.675750 0.466000 0.677000 0.464667 0.679750 0.464000 0.684500 0.464333 0.688750 0.465667 0.694250 0.467667 0.698000 0.469667 0.699750 0.472333 0.700000 0.474667 0.699500 0.476667 0.697250 0.477000 0.686000 0.476333 0.681750 0.475000 0.679000 0.471333 0.676000
0 0.498667 0.680750 0.494667 0.681750 0.492333 0.683500 0.487333 0.689750 0.486333 0.698000 0.487333 0.700750 0.489667 0.703250 0.491000 0.703250 0.494667 0.701250 0.498333 0.697750 0.500667 0.693250 0.502667 0.685000 0.501667 0.682500
0 0.498000 0.655500 0.494667 0.655500 0.490667 0.657250 0.486333 0.661250 0.482333 0.669750 0.482000 0.675000 0.483333 0.678250 0.486667 0.680750 0.490667 0.680250 0.496667 0.675000 0.499667 0.671250 0.502000 0.664750 0.502333 0.660750 0.501333 0.657750
0 0.498333 0.632250 0.494333 0.632750 0.492000 0.634000 0.486000 0.642250 0.485667 0.651250 0.490000 0.656500 0.496000 0.655000 0.498333 0.653250 0.502667 0.640000 0.502667 0.636000 0.502000 0.634250
0 0.544333 0.720000 0.540333 0.719500 0.536333 0.720500 0.532667 0.725250 0.531333 0.728500 0.531000 0.735000 0.531667 0.740750 0.533667 0.742500 0.537333 0.742500 0.543000 0.736750 0.545333 0.733000 0.546000 0.723750 0.545667 0.721500
0 0.556000 0.730500 0.553000 0.732250 0.550667 0.735750 0.550667 0.744250 0.552000 0.748500 0.555000 0.752500 0.557000 0.753750 0.561333 0.754250 0.565333 0.752250 0.567000 0.749500 0.568000 0.746000 0.568000 0.740250 0.566333 0.736000 0.561667 0.731750 0.560000 0.730750
0 0.504000 0.733750 0.502000 0.733000 0.497667 0.733000 0.493667 0.734250 0.491000 0.736250 0.485333 0.743750 0.484667 0.747500 0.484667 0.752500 0.486333 0.756250 0.490000 0.756250 0.498667 0.750250 0.501333 0.744250 0.506333 0.736750 0.506000 0.735250
0 0.501333 0.793000 0.500333 0.795500 0.501667 0.800500 0.507333 0.804000 0.516667 0.807500 0.525333 0.807250 0.529000 0.806000 0.531667 0.803250 0.532000 0.799250 0.530667 0.796500 0.528667 0.794500 0.521333 0.791250 0.514000 0.790000 0.509000 0.790000 0.503333 0.791500
0 0.479333 0.792500 0.474333 0.793250 0.472000 0.795000 0.470000 0.798000 0.470000 0.809250 0.471000 0.811250 0.474333 0.813750 0.478333 0.813500 0.480000 0.812750 0.482667 0.810500 0.483667 0.807750 0.483667 0.797250 0.482333 0.794250
0 0.499333 0.804500 0.494667 0.804750 0.492667 0.805750 0.486667 0.815500 0.485333 0.821750 0.486000 0.826500 0.488667 0.831000 0.492667 0.832500 0.494333 0.832500 0.496333 0.831500 0.498667 0.829500 0.500333 0.826750 0.505000 0.811750 0.505000 0.809500 0.503667 0.806500 0.502000 0.805250
0 0.541000 0.539250 0.536333 0.538250 0.530333 0.541250 0.524667 0.548250 0.524667 0.552250 0.525667 0.553500 0.528667 0.554750 0.533667 0.554250 0.536333 0.553000 0.541333 0.549000 0.544000 0.545500 0.543333 0.541500
