0 0.459000 0.258250 0.457000 0.259250 0.455333 0.262500 0.455333 0.264750 0.457667 0.270250 0.462333 0.276250 0.467000 0.278500 0.470667 0.278500 0.474667 0.276500 0.476000 0.274250 0.476667 0.270500 0.475667 0.266500 0.472000 0.261750 0.467333 0.258250
0 0.535667 0.680000 0.533000 0.680750 0.531333 0.682250 0.529333 0.687750 0.529333 0.691750 0.531333 0.698000 0.533000 0.700750 0.535000 0.702000 0.538000 0.702750 0.541333 0.702000 0.544667 0.698000 0.545000 0.688750 0.544000 0.685750 0.541000 0.682250 0.538333 0.680250
0 0.516000 0.642000 0.516333 0.645250 0.518000 0.647250 0.526000 0.651500 0.533333 0.651750 0.538333 0.651000 0.542000 0.649750 0.544667 0.647000 0.544333 0.642500 0.541333 0.640500 0.532667 0.638000 0.529333 0.637500 0.524000 0.637750 0.518667 0.639500
0 0.513667 0.647250 0.509667 0.650750 0.509000 0.654750 0.509667 0.661750 0.511667 0.666500 0.514667 0.670750 0.518000 0.672250 0.521333 0.672000 0.524000 0.670000 0.526333 0.666000 0.526333 0.657500 0.522000 0.650000 0.517333 0.647250
0 0.474667 0.666500 0.470000 0.666750 0.466333 0.670000 0.463333 0.674250 0.462000 0.680500 0.462333 0.685750 0.464000 0.688750 0.466333 0.690750 0.470333 0.690750 0.471667 0.690250 0.475667 0.686000 0.478000 0.676250 0.478000 0.671750 0.477333 0.669500
0 0.337667 0.764500 0.335000 0.767750 0.335333 0.771750 0.337667 0.775750 0.342667 0.779000 0.346667 0.779500 0.349333 0.778750 0.351333 0.775750 0.350667 0.771250 0.349333 0.768500 0.346000 0.766000 0.341667 0.764250
0 0.333333 0.573500 0.330333 0.575500 0.330000 0.579250 0.331667 0.583500 0.337000 0.590000 0.340667 0.592750 0.345000 0.594250 0.349667 0.594500 0.353000 0.593250 0.354667 0.591750 0.355000 0.587250 0.349667 0.579250 0.341667 0.573750 0.338333 0.573000
0 0.443333 0.568000 0.440000 0.570250 0.438667 0.572500 0.438333 0.580500 0.439000 0.584000 0.442333 0.589250 0.446000 0.592500 0.451667 0.593000 0.455667 0.591250 0.457333 0.588500 0.457333 0.580000 0.452333 0.571000 0.447000 0.568500
0 0.500667 0.593250 0.498333 0.595250 0.497667 0.599750 0.500667 0.604500 0.504000 0.608000 0.508333 0.610500 0.513000 0.612000 0.518333 0.612000 0.521000 0.611000 0.522667 0.607500 0.522000 0.603250 0.515667 0.596500 0.513667 0.595000 0.505667 0.592750 0.502000 0.592750
0 0.494667 0.574500 0.490667 0.575000 0.485667 0.578500 0.482333 0.587500 0.482000 0.592500 0.482667 0.596000 0.485333 0.600250 0.486667 0.600750 0.490000 0.600250 0.492000 0.599000 0.497667 0.593000 0.498667 0.590750 0.499333 0.579000 0.498000 0.576000
0 0.514667 0.549250 0.512333 0.549250 0.509000 0.550750 0.504333 0.557750 0.504000 0.565500 0.504667 0.568750 0.506333 0.571750 0.509000 0.573500 0.513333 0.573500 0.516333 0.572250 0.520000 0.569000 0.522667 0.563750 0.523000 0.559000 0.522333 0.555500 0.518667 0.551750
0 0.482000 0.550750 0.477667 0.553250 0.476333 0.555500 0.476333 0.558000 0.477667 0.561500 0.480333 0.563250 0.486667 0.570000 0.490667 0.571250 0.498333 0.571750 0.500667 0.568500 0.500667 0.564000 0.500000 0.560250 0.498000 0.557000 0.490667 0.551750 0.486667 0.550500
0 0.481667 0.541250 0.478667 0.539500 0.469667 0.540250 0.461667 0.543500 0.454333 0.547250 0.451333 0.549500 0.450000 0.551750 0.450333 0.554250 0.451667 0.555250 0.454333 0.556000 0.459667 0.556500 0.467333 0.555500 0.472333 0.554000 0.482333 0.547000 0.483000 0.543750
0 0.395667 0.465750 0.392333 0.467000 0.390667 0.470000 0.390333 0.479500 0.391667 0.483500 0.393333 0.486000 0.395667 0.487750 0.401000 0.489000 0.404000 0.488250 0.406000 0.485750 0.407000 0.482000 0.406667 0.474000 0.404667 0.469000 0.399667 0.466250
0 0.477000 0.521500 0.475667 0.526000 0.477000 0.529250 0.478667 0.530750 0.482667 0.532250 0.485333 0.534500 0.490667 0.536000 0.494667 0.536500 0.498667 0.535000 0.499667 0.533000 0.499667 0.530000 0.498667 0.526750 0.496667 0.524750 0.483333 0.520000 0.479667 0.520250
0 0.459333 0.512250 0.457333 0.514000 0.457333 0.517500 0.458333 0.521250 0.462000 0.527500 0.467000 0.530500 0.471000 0.530750 0.472333 0.529500 0.473000 0.524500 0.471333 0.519500 0.469333 0.516500 0.465333 0.512750 0.463667 0.512000
0 0.462667 0.493000 0.460000 0.494500 0.458667 0.497500 0.459000 0.501500 0.461333 0.506000 0.465667 0.510500 0.470667 0.514000 0.475333 0.514500 0.478333 0.513000 0.479667 0.510500 0.479333 0.507750 0.476333 0.501250 0.473333 0.497750 0.468333 0.493750 0.466667 0.493000
0 0.585667 0.506750 0.582667 0.507500 0.580000 0.510250 0.579000 0.513500 0.579333 0.518000 0.580667 0.521500 0.583000 0.524500 0.584667 0.525750 0.588333 0.526250 0.591333 0.524500 0.592667 0.522000 0.593000 0.513500 0.591667 0.509000 0.588667 0.507000
0 0.580667 0.474750 0.579333 0.475250 0.575667 0.478750 0.571667 0.485000 0.571667 0.494000 0.573333 0.497750 0.576000 0.499500 0.581000 0.499250 0.583667 0.498000 0.585333 0.495250 0.586333 0.491000 0.586667 0.484750 0.585667 0.478750 0.584000 0.476000
0 0.574000 0.467250 0.570000 0.466250 0.565000 0.466500 0.551333 0.471000 0.548333 0.473500 0.545667 0.478000 0.546333 0.482750 0.548667 0.484000 0.557333 0.484000 0.562333 0.483000 0.567333 0.480500 0.573667 0.475000 0.576000 0.471500 0.575667 0.469250
0 0.529333 0.479250 0.524667 0.479750 0.521667 0.482250 0.519667 0.486250 0.519667 0.497250 0.522333 0.501500 0.525333 0.503500 0.528333 0.503500 0.530667 0.502250 0.534000 0.499000 0.535333 0.495250 0.535000 0.485500 0.532333 0.481750
0 0.490000 0.473000 0.485667 0.474750 0.483000 0.478250 0.482000 0.481750 0.482667 0.490000 0.484000 0.493250 0.486333 0.495500 0.490000 0.495500 0.491667 0.494500 0.494667 0.491500 0.497000 0.486500 0.496667 0.480750 0.495667 0.477250
0 0.490000 0.445250 0.486667 0.446500 0.485667 0.448000 0.485333 0.456250 0.486000 0.460000 0.488000 0.463500 0.491333 0.466750 0.493333 0.468000 0.498000 0.469000 0.501000 0.467000 0.502667 0.463750 0.502667 0.455250 0.498667 0.447500 0.495333 0.445750
0 0.502333 0.437500 0.500333 0.440000 0.500000 0.445500 0.501333 0.449500 0.503000 0.452000 0.510000 0.457750 0.516000 0.459500 0.518667 0.459500 0.520667 0.458750 0.522333 0.456000 0.522000 0.451000 0.515333 0.440500 0.513667 0.439000 0.510000 0.437500
0 0.534000 0.407250 0.529667 0.407750 0.528333 0.408750 0.524667 0.415250 0.524667 0.422250 0.526667 0.427500 0.529667 0.430750 0.533333 0.430750 0.538000 0.428250 0.540000 0.424250 0.541000 0.420250 0.541000 0.415000 0.537667 0.408250
0 0.503333 0.419750 0.501333 0.422500 0.501333 0.426500 0.503667 0.432750 0.508333 0.437250 0.516333 0.440250 0.520667 0.439750 0.523000 0.436250 0.523000 0.432500 0.522000 0.429250 0.518000 0.423500 0.513000 0.419500 0.508000 0.418750
0 0.429333 0.424000 0.429000 0.428000 0.430000 0.429500 0.432333 0.431500 0.437000 0.433500 0.444000 0.434500 0.452667 0.434500 0.456333 0.433750 0.459667 0.431750 0.459667 0.427250 0.458000 0.425250 0.453667 0.422750 0.447000 0.421500 0.437667 0.421500 0.432333 0.422250
0 0.393333 0.403750 0.392333 0.404750 0.391667 0.407500 0.392000 0.411000 0.396000 0.417750 0.398333 0.420250 0.403667 0.422500 0.408000 0.421750 0.410000 0.419750 0.410333 0.415000 0.406333 0.407250 0.403333 0.404500 0.400667 0.403250 0.395667 0.403000
0 0.415333 0.381250 0.413000 0.384250 0.413667 0.389750 0.416333 0.393500 0.421333 0.397750 0.428000 0.400750 0.433000 0.401250 0.435333 0.400500 0.438000 0.397250 0.438000 0.392250 0.435000 0.387000 0.431333 0.384000 0.423333 0.381000 0.419000 0.380250
0 0.595333 0.314000 0.594333 0.314750 0.593000 0.318000 0.593000 0.324500 0.594333 0.330750 0.596000 0.334250 0.599333 0.336750 0.603333 0.336750 0.606667 0.334250 0.608000 0.331000 0.607333 0.322250 0.604000 0.317250 0.600667 0.314250
0 0.537667 0.285750 0.533667 0.286250 0.528333 0.291250 0.527333 0.294750 0.527667 0.301750 0.530667 0.309750 0.532667 0.311750 0.536333 0.312250 0.540667 0.311000 0.542000 0.310000 0.544333 0.306750 0.545000 0.302750 0.544667 0.294750 0.542667 0.290000
0 0.387667 0.238500 0.384333 0.239250 0.380000 0.243500 0.378667 0.248250 0.379000 0.254750 0.380333 0.259750 0.383000 0.264250 0.384667 0.265500 0.387667 0.266500 0.390667 0.266500 0.394667 0.265250 0.397333 0.262750 0.398333 0.260250 0.399000 0.252000 0.397667 0.246500 0.396000 0.243500 0.391333 0.239750
