0 0.420333 0.392500 0.419000 0.393500 0.417667 0.397000 0.418000 0.404750 0.419333 0.409500 0.421333 0.412500 0.424000 0.414750 0.430333 0.417500 0.432333 0.417750 0.435667 0.416250 0.436667 0.413750 0.437000 0.410000 0.436000 0.406000 0.433000 0.399750 0.428333 0.393750 0.423667 0.392000
0 0.466667 0.394750 0.464000 0.394000 0.456000 0.394500 0.446333 0.398750 0.442667 0.401500 0.440667 0.404750 0.440667 0.409000 0.442000 0.412250 0.445333 0.413750 0.451000 0.413750 0.456000 0.412500 0.464000 0.408000 0.466667 0.406000 0.468333 0.402250 0.468333 0.397000
0 0.600000 0.394000 0.596667 0.396000 0.595333 0.399250 0.595667 0.404000 0.597667 0.408500 0.601667 0.413750 0.604333 0.415750 0.608333 0.417750 0.612333 0.418250 0.615667 0.416750 0.617000 0.413000 0.617000 0.407750 0.615333 0.402750 0.612667 0.399000 0.607333 0.394500 0.604000 0.393500
0 0.475333 0.422750 0.470333 0.422750 0.469000 0.423250 0.466000 0.426250 0.463667 0.431250 0.463333 0.436500 0.465000 0.442250 0.467333 0.444750 0.470000 0.445500 0.474333 0.445250 0.476667 0.444000 0.479333 0.440500 0.480667 0.436750 0.481000 0.431000 0.480000 0.427750 0.478000 0.424500
0 0.400000 0.411500 0.395667 0.415250 0.395000 0.418750 0.395333 0.424500 0.399000 0.433500 0.403000 0.436000 0.404667 0.436250 0.408000 0.433250 0.409000 0.431250 0.410000 0.423000 0.408667 0.418750 0.405333 0.413250 0.403667 0.412000
0 0.400000 0.439750 0.396000 0.442250 0.393667 0.446750 0.393667 0.454250 0.395000 0.458500 0.399667 0.463500 0.404667 0.463750 0.410000 0.459250 0.411000 0.455750 0.410000 0.447750 0.405333 0.441000 0.403667 0.440000
0 0.373667 0.449250 0.369333 0.447250 0.360333 0.447250 0.352667 0.448500 0.346000 0.450500 0.343000 0.453000 0.341667 0.455000 0.342000 0.459750 0.345667 0.462750 0.349333 0.464000 0.355333 0.464250 0.362000 0.463500 0.372333 0.459750 0.374000 0.458000 0.375000 0.455750 0.375000 0.451500
0 0.454333 0.454250 0.451000 0.455750 0.449000 0.459250 0.448333 0.462250 0.449000 0.467000 0.453667 0.476000 0.455667 0.477250 0.459667 0.477500 0.464000 0.474250 0.465000 0.470750 0.465000 0.463250 0.463667 0.460000 0.459667 0.455000 0.457000 0.454250
0 0.450667 0.485000 0.446333 0.486750 0.443000 0.492500 0.442333 0.494500 0.442333 0.502500 0.444000 0.506500 0.446667 0.508750 0.450000 0.509750 0.452333 0.509750 0.454667 0.509000 0.458667 0.505750 0.460333 0.502000 0.461000 0.496500 0.460000 0.491000 0.456667 0.486500 0.454333 0.485250
0 0.425000 0.493500 0.423000 0.494500 0.421667 0.497250 0.421667 0.506250 0.423000 0.509750 0.427333 0.513250 0.431333 0.513250 0.434333 0.511500 0.435667 0.509750 0.436333 0.507250 0.436000 0.501500 0.433667 0.497500 0.431333 0.495250 0.428333 0.493500
0 0.498000 0.503750 0.494667 0.503750 0.492667 0.504750 0.488000 0.510000 0.486000 0.516000 0.486333 0.522000 0.489667 0.527500 0.493333 0.529500 0.496333 0.529250 0.499000 0.527750 0.502667 0.521750 0.502667 0.511250 0.500667 0.506500
0 0.525667 0.486750 0.521667 0.487250 0.517333 0.490250 0.514667 0.494000 0.512667 0.501000 0.513333 0.509500 0.517333 0.512500 0.522333 0.512250 0.527667 0.507750 0.530000 0.503000 0.530000 0.490750 0.529000 0.489000
0 0.556333 0.489250 0.552000 0.493500 0.551333 0.501250 0.552333 0.505500 0.555000 0.511000 0.557000 0.512750 0.561333 0.514250 0.565000 0.513250 0.568333 0.509750 0.569333 0.506500 0.569667 0.501250 0.567667 0.494000 0.564000 0.490250 0.560667 0.488750
0 0.549000 0.539000 0.544000 0.539250 0.541667 0.541000 0.539667 0.544750 0.539333 0.551750 0.540000 0.555750 0.541333 0.558000 0.543667 0.559000 0.546000 0.559000 0.549333 0.557250 0.552000 0.552500 0.552667 0.549250 0.552333 0.545000 0.551000 0.540750
0 0.399333 0.549500 0.397667 0.551000 0.397333 0.554000 0.400333 0.560750 0.408333 0.567000 0.412000 0.568750 0.416667 0.569250 0.419000 0.567500 0.420000 0.565500 0.419667 0.561000 0.417000 0.556500 0.411000 0.552000 0.405000 0.549250
0 0.400667 0.584750 0.398667 0.587250 0.399333 0.592250 0.406333 0.600500 0.413000 0.605000 0.416000 0.605750 0.419667 0.605000 0.421333 0.603500 0.422000 0.599000 0.420667 0.594750 0.417667 0.591000 0.412000 0.586750 0.408333 0.586000 0.405000 0.584500
0 0.435333 0.610500 0.431000 0.610250 0.428000 0.611250 0.424667 0.614500 0.422333 0.618500 0.422000 0.627250 0.423000 0.630750 0.427667 0.634250 0.431667 0.634000 0.435667 0.632250 0.438000 0.628250 0.439333 0.623500 0.439333 0.617750 0.437667 0.612750
0 0.446667 0.626500 0.443333 0.628750 0.440000 0.633750 0.440000 0.642750 0.441667 0.646750 0.444667 0.650500 0.447000 0.652250 0.451667 0.652750 0.453667 0.651500 0.456667 0.647000 0.458000 0.640500 0.457667 0.635750 0.455667 0.630750 0.453333 0.628000 0.450667 0.626500
0 0.476333 0.609500 0.476667 0.612750 0.479000 0.614750 0.482333 0.615500 0.489667 0.615750 0.497667 0.615000 0.502667 0.612750 0.504333 0.611000 0.504667 0.607750 0.502000 0.605000 0.498000 0.603250 0.488333 0.603000 0.484667 0.603750 0.478000 0.606500
0 0.403333 0.625750 0.399667 0.626500 0.398333 0.628000 0.395000 0.634000 0.394333 0.641250 0.395667 0.645250 0.399667 0.650250 0.402667 0.651750 0.405000 0.652000 0.409000 0.650000 0.412333 0.645750 0.413333 0.642750 0.413667 0.634750 0.412333 0.630500 0.409667 0.627250 0.407333 0.626250
0 0.361667 0.654750 0.357667 0.657750 0.356000 0.662500 0.356333 0.667000 0.357667 0.670750 0.360333 0.674250 0.361333 0.674750 0.365667 0.674750 0.370000 0.669500 0.370667 0.666750 0.370333 0.662250 0.369000 0.658500 0.365333 0.655250
0 0.385667 0.695500 0.380667 0.693250 0.376333 0.693250 0.367667 0.696000 0.361667 0.700500 0.359000 0.704500 0.358333 0.709250 0.359333 0.711000 0.362000 0.712500 0.366000 0.712750 0.372333 0.711500 0.380000 0.707750 0.382333 0.706000 0.385667 0.701250 0.386333 0.698750
0 0.412000 0.670250 0.408000 0.671000 0.403000 0.673750 0.398667 0.681000 0.398000 0.684000 0.398667 0.689500 0.399667 0.690750 0.403667 0.692250 0.406000 0.691750 0.409000 0.690000 0.412667 0.686500 0.414333 0.683250 0.416000 0.677750 0.415667 0.673750
0 0.432667 0.671750 0.428667 0.671750 0.425000 0.673250 0.423667 0.674250 0.419333 0.681750 0.417667 0.688500 0.418333 0.693500 0.420667 0.695750 0.423333 0.696500 0.426667 0.696000 0.428667 0.694750 0.435333 0.685250 0.436333 0.681250 0.436333 0.675500 0.435667 0.673500
0 0.430000 0.697250 0.427000 0.698000 0.423000 0.702000 0.422333 0.704250 0.422333 0.714750 0.424333 0.720750 0.427667 0.723250 0.431000 0.724750 0.432667 0.724750 0.436667 0.722750 0.440000 0.717750 0.440667 0.710000 0.440000 0.705250 0.435000 0.697750
0 0.463667 0.656000 0.457667 0.655750 0.454333 0.656500 0.447000 0.664000 0.445000 0.669500 0.445000 0.674000 0.446000 0.677500 0.447000 0.678500 0.452667 0.679250 0.456333 0.678250 0.460000 0.676000 0.464000 0.671500 0.466667 0.666250 0.467333 0.661750 0.466333 0.658500
0 0.474000 0.646750 0.471000 0.648500 0.469667 0.650500 0.468333 0.656500 0.468333 0.662750 0.470000 0.670000 0.473667 0.672000 0.475667 0.672000 0.479000 0.669750 0.481667 0.665750 0.482667 0.661500 0.482667 0.653750 0.481667 0.650750 0.479667 0.648500 0.475667 0.646750
0 0.485333 0.668500 0.483000 0.671250 0.482000 0.674750 0.482667 0.677750 0.488333 0.685750 0.493667 0.689000 0.498333 0.690500 0.502667 0.690750 0.505667 0.690000 0.507000 0.689000 0.508333 0.686250 0.508333 0.683000 0.506667 0.678250 0.503000 0.673750 0.498000 0.670250 0.491000 0.667750
0 0.525667 0.652250 0.522000 0.652500 0.518333 0.653750 0.513333 0.658750 0.511667 0.664000 0.511667 0.667750 0.512667 0.671000 0.514000 0.672250 0.520000 0.672500 0.522667 0.671750 0.525000 0.670250 0.528000 0.666750 0.529667 0.662250 0.529667 0.657000 0.529000 0.654500
