0 0.501667 0.300750 0.497667 0.301500 0.493000 0.304750 0.489667 0.311000 0.489667 0.319250 0.491667 0.323000 0.494000 0.324500 0.498000 0.324750 0.501333 0.323250 0.505000 0.319000 0.507000 0.315000 0.507000 0.306000 0.505667 0.304000
0 0.664333 0.294000 0.664333 0.295750 0.665667 0.297750 0.669667 0.300500 0.673667 0.301500 0.686000 0.301500 0.690000 0.299250 0.690667 0.297750 0.690667 0.294750 0.689333 0.293000 0.686333 0.290750 0.682000 0.289750 0.670000 0.290000 0.666667 0.291250
0 0.709667 0.367250 0.707667 0.367250 0.704667 0.368500 0.697000 0.376000 0.694667 0.383750 0.695000 0.389000 0.697000 0.391000 0.701333 0.391250 0.705333 0.389750 0.709667 0.386250 0.713333 0.380500 0.714333 0.377500 0.714000 0.372500 0.712667 0.369500
0 0.705333 0.364500 0.701667 0.362750 0.696667 0.362250 0.690333 0.363750 0.681000 0.368250 0.677333 0.372000 0.677000 0.373750 0.679000 0.376250 0.681667 0.377500 0.686667 0.377750 0.693667 0.376500 0.698333 0.374250 0.702000 0.371500 0.705667 0.366000
0 0.540333 0.370750 0.536333 0.373750 0.534667 0.376750 0.534000 0.388000 0.536333 0.393250 0.540667 0.395250 0.545000 0.394750 0.546333 0.393750 0.549000 0.389250 0.550333 0.383500 0.550333 0.377000 0.549333 0.375250 0.544667 0.371000
0 0.591667 0.405750 0.588000 0.406000 0.583333 0.407500 0.579667 0.410750 0.576000 0.417500 0.574667 0.422250 0.574667 0.427500 0.576333 0.430500 0.580000 0.433000 0.584667 0.432250 0.589333 0.428250 0.592667 0.424000 0.595000 0.416750 0.595333 0.411250 0.594333 0.407750
0 0.501667 0.417500 0.498333 0.417750 0.494000 0.420000 0.492000 0.424500 0.491000 0.430750 0.491667 0.438750 0.494333 0.441750 0.498333 0.443000 0.502667 0.442750 0.506667 0.440750 0.509000 0.434000 0.509000 0.427750 0.507667 0.422000 0.506333 0.419500
0 0.499000 0.445000 0.496333 0.443750 0.488667 0.443000 0.474000 0.446500 0.471000 0.447750 0.468333 0.450250 0.467333 0.452500 0.467333 0.455750 0.470333 0.458500 0.474333 0.459500 0.479333 0.459500 0.489000 0.457750 0.494667 0.455000 0.498667 0.451750 0.499667 0.448750
0 0.672333 0.403250 0.670333 0.401250 0.668333 0.400750 0.664333 0.400750 0.654667 0.403000 0.645667 0.406500 0.644667 0.407750 0.645333 0.411500 0.647667 0.413000 0.654000 0.414000 0.659000 0.413750 0.663000 0.412750 0.671000 0.408750 0.672667 0.405000
0 0.711667 0.407500 0.710333 0.408750 0.710000 0.413250 0.712667 0.421250 0.720667 0.429750 0.724000 0.431750 0.728333 0.431000 0.731000 0.427750 0.731000 0.423000 0.726667 0.415250 0.724333 0.412750 0.717667 0.407750 0.714667 0.407250
0 0.802000 0.378750 0.800667 0.380500 0.800333 0.385500 0.801667 0.389500 0.803333 0.392000 0.810667 0.398250 0.814667 0.399500 0.819000 0.399000 0.820667 0.396750 0.821000 0.393000 0.820000 0.389500 0.817667 0.385500 0.810333 0.379500 0.806667 0.378500
0 0.772333 0.414750 0.769000 0.413750 0.764000 0.413750 0.759333 0.414500 0.755667 0.416000 0.751333 0.419250 0.749333 0.422250 0.748333 0.426250 0.749000 0.428500 0.751333 0.429750 0.756667 0.429750 0.764000 0.427250 0.772000 0.421000 0.773000 0.416750
0 0.694000 0.437000 0.692000 0.439000 0.691667 0.444000 0.694333 0.451750 0.697667 0.455750 0.701000 0.457000 0.705333 0.457250 0.708000 0.455250 0.709667 0.450750 0.709333 0.446000 0.707667 0.442000 0.704667 0.438750 0.701000 0.437250 0.698667 0.436750
0 0.713000 0.464500 0.711333 0.467250 0.712333 0.472500 0.718333 0.479750 0.723000 0.483000 0.725000 0.483500 0.728667 0.483500 0.730000 0.483000 0.732000 0.480750 0.732333 0.477500 0.727667 0.470750 0.720667 0.466000 0.717000 0.464500
0 0.666667 0.477500 0.665000 0.475000 0.661667 0.473500 0.654333 0.472250 0.649000 0.472500 0.642000 0.474000 0.635333 0.476750 0.633667 0.478500 0.633667 0.482500 0.635333 0.484000 0.642000 0.485750 0.647333 0.486000 0.654667 0.485250 0.661667 0.483250 0.666667 0.479000
0 0.587667 0.465750 0.584333 0.466500 0.582000 0.468250 0.580333 0.470500 0.579333 0.473750 0.579333 0.483250 0.580667 0.485500 0.583333 0.487000 0.588000 0.486000 0.591333 0.483250 0.592333 0.480250 0.592333 0.470000 0.591333 0.467750 0.589000 0.466000
0 0.568000 0.463750 0.564000 0.464000 0.561000 0.466500 0.559000 0.469500 0.557000 0.475500 0.557000 0.479500 0.558667 0.483250 0.561000 0.486750 0.563667 0.488000 0.565667 0.488000 0.569000 0.486750 0.572000 0.482250 0.573667 0.477500 0.574000 0.473500 0.573333 0.469000 0.571667 0.466250
0 0.543667 0.517250 0.544000 0.520000 0.545333 0.522250 0.557000 0.526500 0.564000 0.527500 0.572333 0.527500 0.576667 0.526500 0.578000 0.525000 0.578333 0.521750 0.576667 0.518750 0.571667 0.516250 0.565333 0.515750 0.560667 0.514250 0.552000 0.514250 0.546000 0.515500
0 0.559667 0.500750 0.559000 0.503000 0.560333 0.506000 0.567667 0.509750 0.577667 0.510500 0.580667 0.509250 0.581333 0.505750 0.576333 0.501250 0.568333 0.499500 0.563333 0.499500 0.560667 0.500000
0 0.686000 0.525250 0.682000 0.525000 0.679667 0.525750 0.674333 0.530250 0.673000 0.532250 0.670333 0.540250 0.670333 0.545500 0.673333 0.549250 0.677000 0.549250 0.679333 0.548500 0.684667 0.545750 0.686667 0.543500 0.689000 0.536750 0.689667 0.531500 0.689333 0.529000
0 0.693000 0.540500 0.691000 0.544250 0.691000 0.547250 0.692000 0.552500 0.695333 0.558000 0.698000 0.560500 0.701000 0.561750 0.704000 0.562250 0.708667 0.561750 0.710333 0.560250 0.711000 0.557750 0.710667 0.553000 0.708667 0.547500 0.701667 0.540750 0.697333 0.540000
0 0.690000 0.508500 0.688667 0.509750 0.688333 0.511500 0.688667 0.516500 0.691000 0.522000 0.696333 0.529250 0.697667 0.530250 0.701667 0.531500 0.705333 0.531750 0.708000 0.531000 0.709667 0.529000 0.709667 0.523750 0.706333 0.517000 0.703667 0.515000 0.701667 0.511750 0.699000 0.509500 0.694667 0.508000
0 0.743000 0.490250 0.739333 0.491500 0.737000 0.493750 0.736000 0.498000 0.736667 0.503750 0.738667 0.507500 0.744667 0.513500 0.747667 0.515000 0.752000 0.515000 0.755000 0.513250 0.756667 0.510500 0.757000 0.505250 0.756333 0.501000 0.752333 0.494000 0.750000 0.491750 0.747000 0.490250
0 0.815000 0.536750 0.810667 0.537500 0.807667 0.539750 0.805333 0.545000 0.805000 0.549500 0.806000 0.555500 0.807000 0.557500 0.810333 0.560000 0.814333 0.560000 0.816000 0.559250 0.819000 0.556000 0.820667 0.549000 0.820000 0.540500 0.819000 0.538750
0 0.609000 0.547500 0.606000 0.548250 0.603000 0.551250 0.601667 0.555500 0.601667 0.564000 0.603000 0.567500 0.605000 0.569250 0.607667 0.570500 0.612000 0.570750 0.615667 0.569500 0.617000 0.568000 0.618667 0.564000 0.619333 0.558250 0.617667 0.552750 0.615333 0.549500 0.612000 0.547750
0 0.635333 0.580500 0.631667 0.580500 0.626333 0.583500 0.622667 0.588500 0.620000 0.594750 0.620000 0.597500 0.621000 0.600000 0.626667 0.603250 0.630667 0.602750 0.638333 0.596250 0.640000 0.592750 0.640667 0.588750 0.640000 0.585000 0.639000 0.583250
0 0.645667 0.577500 0.643333 0.579750 0.643333 0.582500 0.645000 0.587000 0.649333 0.592500 0.653333 0.594000 0.662667 0.595250 0.665667 0.592250 0.663667 0.586750 0.654667 0.578750 0.649333 0.577500
0 0.680333 0.595250 0.676333 0.597250 0.673000 0.601500 0.673000 0.612750 0.674333 0.616250 0.679000 0.620500 0.681667 0.621500 0.685000 0.621500 0.688333 0.619750 0.691333 0.615250 0.692000 0.612250 0.691667 0.604500 0.690333 0.601250 0.687333 0.597750 0.683667 0.595500
0 0.657667 0.621250 0.654000 0.622000 0.649667 0.626250 0.648667 0.631250 0.648667 0.636250 0.649667 0.640000 0.654667 0.646500 0.658000 0.648250 0.663000 0.647500 0.667000 0.643250 0.668000 0.640000 0.668333 0.634750 0.665667 0.626000 0.661667 0.622000
0 0.680667 0.657750 0.677667 0.659000 0.673333 0.663750 0.672333 0.666250 0.672333 0.676000 0.673333 0.679250 0.675667 0.681750 0.678667 0.683500 0.682333 0.683750 0.686333 0.681750 0.690333 0.674000 0.690667 0.665500 0.689667 0.662000 0.686667 0.658500 0.683667 0.657750
0 0.546667 0.681500 0.549000 0.683500 0.553333 0.684750 0.561667 0.685000 0.567333 0.684000 0.575000 0.681750 0.577000 0.680500 0.578333 0.678500 0.578000 0.674250 0.577000 0.673000 0.572333 0.672000 0.556000 0.672500 0.551333 0.674000 0.548000 0.676250 0.547000 0.677750
0 0.670667 0.744500 0.665333 0.744500 0.656667 0.751000 0.653000 0.759500 0.653333 0.764000 0.654667 0.765750 0.658000 0.766750 0.662333 0.766250 0.666667 0.764250 0.670333 0.761000 0.673333 0.756000 0.674667 0.752250 0.674333 0.747750
