0 0.489667 0.298000 0.486667 0.300750 0.485667 0.303000 0.485667 0.315000 0.486667 0.318250 0.493000 0.322250 0.495333 0.322250 0.496333 0.321750 0.498000 0.318250 0.501667 0.319000 0.502333 0.318250 0.502667 0.309750 0.500667 0.307000 0.497667 0.300250 0.491667 0.298000
0 0.689000 0.287750 0.686000 0.289250 0.684000 0.291250 0.682000 0.295500 0.681667 0.301750 0.685000 0.308000 0.688667 0.311500 0.691000 0.311750 0.694333 0.310250 0.698333 0.304250 0.699667 0.299750 0.699667 0.294250 0.698667 0.291500 0.696667 0.289500 0.693667 0.288000
0 0.583333 0.351000 0.580333 0.351750 0.578667 0.354000 0.578000 0.359500 0.578333 0.365750 0.580000 0.369250 0.583333 0.372500 0.585333 0.373750 0.588000 0.374250 0.591000 0.373000 0.593000 0.370500 0.594000 0.366250 0.593667 0.358500 0.592333 0.353750 0.591000 0.352500 0.587667 0.351250
0 0.575333 0.370000 0.572333 0.371250 0.570333 0.373750 0.569667 0.376500 0.570333 0.385750 0.571667 0.389500 0.574667 0.393000 0.579333 0.395750 0.581333 0.395750 0.583667 0.395000 0.585333 0.393500 0.586667 0.389750 0.587000 0.384250 0.583667 0.375250 0.578667 0.370500
0 0.551667 0.351500 0.548000 0.353250 0.546333 0.356500 0.545333 0.360750 0.545333 0.366250 0.546667 0.372250 0.548000 0.374500 0.552000 0.377000 0.554000 0.377250 0.557333 0.376750 0.561000 0.373500 0.562000 0.370000 0.562000 0.363000 0.561000 0.357750 0.558333 0.352750 0.556333 0.351750
0 0.517667 0.365000 0.512667 0.367750 0.509667 0.371750 0.508667 0.375000 0.509000 0.384500 0.510000 0.387000 0.513000 0.390750 0.516667 0.391750 0.521667 0.391750 0.524000 0.389500 0.526333 0.384500 0.527000 0.375250 0.526333 0.372000 0.524333 0.368250 0.521333 0.365750
0 0.525000 0.391500 0.520667 0.391750 0.518000 0.392500 0.512000 0.399500 0.509667 0.405000 0.509333 0.410500 0.510000 0.412500 0.512667 0.414000 0.514667 0.414250 0.519333 0.412750 0.522000 0.410500 0.526000 0.404750 0.527333 0.400750 0.527667 0.395750 0.526667 0.393000
0 0.494333 0.433750 0.492333 0.435250 0.491000 0.439500 0.491333 0.448000 0.492667 0.454250 0.494333 0.457000 0.497333 0.459000 0.502000 0.459250 0.505333 0.457250 0.506333 0.455500 0.507333 0.448000 0.506667 0.442500 0.505000 0.439000 0.498000 0.433750
0 0.584667 0.477000 0.583000 0.476750 0.579000 0.477500 0.576333 0.479500 0.571667 0.484750 0.570333 0.488750 0.569667 0.494750 0.570667 0.497750 0.572667 0.499250 0.577000 0.499500 0.580333 0.498250 0.583667 0.495250 0.586000 0.491500 0.588000 0.486750 0.588000 0.481750 0.586333 0.478250
0 0.587667 0.515750 0.583333 0.515750 0.579667 0.517000 0.575333 0.523500 0.575333 0.532500 0.576000 0.533750 0.579333 0.535750 0.583000 0.535250 0.585333 0.533750 0.589000 0.528000 0.590667 0.520750 0.589667 0.517250
0 0.544667 0.530750 0.541333 0.531250 0.536667 0.533250 0.533333 0.536500 0.531333 0.540500 0.532000 0.550000 0.533333 0.552000 0.536333 0.553250 0.541333 0.552500 0.545000 0.549750 0.547333 0.545500 0.549000 0.539500 0.549000 0.535250 0.548333 0.533000
0 0.607333 0.405000 0.604000 0.405500 0.601000 0.407250 0.600000 0.408500 0.598000 0.415500 0.598333 0.420500 0.599333 0.423500 0.600667 0.425250 0.603667 0.427000 0.608333 0.426000 0.612667 0.422250 0.614333 0.419000 0.614667 0.415250 0.613333 0.408750 0.612000 0.407000
0 0.646333 0.409000 0.642333 0.410500 0.639667 0.415250 0.639000 0.417750 0.639667 0.427250 0.641667 0.432250 0.646000 0.435500 0.651000 0.435500 0.654000 0.434250 0.655667 0.432250 0.657000 0.427500 0.656667 0.419750 0.655667 0.415250 0.654000 0.412500 0.651000 0.410250
0 0.650000 0.350750 0.646000 0.352500 0.644667 0.354250 0.643000 0.358000 0.642667 0.365000 0.645000 0.370000 0.648000 0.372250 0.651667 0.373750 0.656667 0.374000 0.659000 0.373000 0.660333 0.370250 0.660000 0.360500 0.655667 0.352000 0.654000 0.351000
0 0.705667 0.311250 0.701667 0.310250 0.694000 0.313250 0.688333 0.317500 0.684667 0.322250 0.683000 0.326250 0.683000 0.330500 0.685333 0.333500 0.689667 0.333750 0.693333 0.332750 0.701667 0.328500 0.705667 0.323000 0.707667 0.318250 0.707667 0.314250
0 0.733000 0.344000 0.730333 0.345250 0.727000 0.350000 0.726000 0.353750 0.726333 0.360250 0.729000 0.366000 0.733333 0.369500 0.737333 0.370250 0.740000 0.369750 0.743000 0.366250 0.744000 0.362750 0.744000 0.359250 0.743000 0.353750 0.740000 0.347250 0.737000 0.344500
0 0.752333 0.338250 0.749333 0.341250 0.748333 0.344750 0.748667 0.348250 0.750333 0.352750 0.753333 0.357250 0.755667 0.359000 0.760333 0.360250 0.763333 0.360250 0.765667 0.358250 0.766667 0.354250 0.764333 0.345000 0.760333 0.341000 0.756333 0.338250
0 0.700667 0.343250 0.696333 0.342750 0.690333 0.344750 0.688667 0.346000 0.684333 0.352500 0.683333 0.356250 0.684000 0.360750 0.686000 0.363000 0.688000 0.363750 0.693000 0.363250 0.695667 0.361750 0.700667 0.357000 0.702667 0.352000 0.702333 0.345250
0 0.720667 0.407250 0.713333 0.406750 0.711333 0.407500 0.705333 0.415750 0.705000 0.421000 0.705667 0.423750 0.707333 0.427250 0.709333 0.428750 0.716667 0.428250 0.721667 0.424500 0.724000 0.419250 0.724000 0.414750 0.722333 0.408500
0 0.714000 0.435000 0.712000 0.435000 0.705333 0.439000 0.703000 0.447000 0.703667 0.455500 0.705000 0.458000 0.708333 0.459250 0.710667 0.458500 0.714667 0.455500 0.717333 0.449500 0.717667 0.438500 0.716667 0.436500
0 0.771667 0.446250 0.767333 0.445000 0.764000 0.445500 0.760000 0.447500 0.758333 0.449250 0.755333 0.454250 0.753000 0.461000 0.753667 0.466750 0.755667 0.468750 0.759333 0.469000 0.764333 0.468250 0.771333 0.463750 0.773667 0.457500 0.773667 0.451250
0 0.631333 0.453250 0.627000 0.453500 0.625000 0.454750 0.622667 0.457750 0.621000 0.462000 0.621000 0.467750 0.623333 0.473000 0.626667 0.476000 0.629333 0.476000 0.631667 0.475000 0.634667 0.471500 0.636333 0.467000 0.636333 0.462750 0.633667 0.455250
0 0.630667 0.482250 0.627000 0.482500 0.623333 0.485750 0.619667 0.493500 0.622333 0.499500 0.624333 0.501250 0.626333 0.502000 0.628000 0.501750 0.632000 0.499000 0.635000 0.490750 0.634667 0.486000
0 0.706333 0.510250 0.703667 0.513250 0.703667 0.517500 0.705333 0.521750 0.708333 0.525250 0.713333 0.529500 0.720000 0.531500 0.724333 0.531250 0.726000 0.529500 0.726000 0.523000 0.725333 0.520500 0.723000 0.516750 0.717667 0.512000 0.714000 0.509750 0.709000 0.509250
0 0.766000 0.509500 0.763000 0.507500 0.752667 0.507000 0.740667 0.509000 0.737000 0.510250 0.731333 0.513500 0.730333 0.516000 0.730667 0.519500 0.732667 0.521500 0.735667 0.522500 0.741000 0.523000 0.748667 0.522250 0.763000 0.517000 0.766000 0.513500
0 0.628000 0.545000 0.626333 0.546000 0.625333 0.548250 0.625333 0.553000 0.626333 0.555500 0.633000 0.562750 0.634000 0.563250 0.638333 0.563250 0.639667 0.561000 0.639667 0.555250 0.637667 0.549000 0.632000 0.545000
0 0.629000 0.567000 0.626667 0.567500 0.625333 0.568750 0.623667 0.572250 0.623667 0.577000 0.626333 0.585000 0.630333 0.588250 0.631667 0.588250 0.635667 0.585750 0.638333 0.579500 0.637667 0.575750 0.635667 0.571500 0.631667 0.567250
0 0.565667 0.610500 0.562000 0.610750 0.559667 0.612250 0.555000 0.618750 0.554000 0.623250 0.554333 0.628000 0.556000 0.631750 0.559667 0.633000 0.561333 0.633000 0.565000 0.631750 0.569000 0.628250 0.570000 0.626000 0.570667 0.622250 0.570000 0.614750 0.568667 0.611750
0 0.599000 0.611000 0.596667 0.612500 0.595333 0.615000 0.595000 0.621500 0.595667 0.624500 0.599333 0.630750 0.603000 0.635000 0.606333 0.636500 0.609333 0.636500 0.611000 0.636000 0.613000 0.634000 0.613667 0.632250 0.613667 0.626750 0.610000 0.618750 0.607000 0.614000 0.603667 0.611750
0 0.659000 0.621250 0.654667 0.621500 0.650333 0.623750 0.646333 0.627250 0.644000 0.633750 0.644000 0.637000 0.644667 0.639250 0.647000 0.641500 0.652000 0.642000 0.654667 0.641250 0.657000 0.639000 0.659333 0.635250 0.661333 0.630500 0.662000 0.626000 0.661333 0.623250
0 0.637000 0.640250 0.634000 0.640250 0.630000 0.641750 0.627333 0.646750 0.627333 0.654750 0.628667 0.658500 0.631000 0.661250 0.635000 0.661000 0.638333 0.658250 0.640333 0.654500 0.641000 0.650750 0.640333 0.642500 0.639000 0.640750
0 0.608000 0.637250 0.606333 0.637500 0.603000 0.639500 0.601667 0.642000 0.600000 0.648500 0.600000 0.655000 0.602000 0.659250 0.603667 0.660250 0.607667 0.660000 0.610333 0.658000 0.613333 0.654750 0.614333 0.651000 0.614333 0.645000 0.613000 0.639750 0.611667 0.638250
