0 0.355333 0.601250 0.352000 0.601500 0.348667 0.603000 0.345000 0.607000 0.344000 0.610250 0.343667 0.616500 0.344667 0.622750 0.347000 0.625500 0.351333 0.626750 0.354333 0.626750 0.358333 0.625750 0.361000 0.623250 0.362000 0.620000 0.362333 0.609750 0.361667 0.607250 0.359000 0.602750 0.357667 0.601750
0 0.388000 0.595750 0.385000 0.598000 0.384000 0.599750 0.383333 0.602500 0.383667 0.610500 0.385667 0.615000 0.388333 0.617000 0.392333 0.617500 0.396000 0.615250 0.397333 0.612750 0.398000 0.610000 0.397667 0.602750 0.395333 0.598750 0.392333 0.596000
0 0.508667 0.702500 0.504667 0.703750 0.503000 0.705500 0.501333 0.710000 0.501000 0.714500 0.502000 0.719750 0.503667 0.722500 0.507000 0.725250 0.510667 0.726000 0.514333 0.724500 0.517667 0.719750 0.518667 0.717500 0.519000 0.712750 0.518000 0.708000 0.516000 0.704500 0.513333 0.702750
0 0.444000 0.683500 0.441667 0.683750 0.438667 0.685250 0.435000 0.689500 0.434000 0.693250 0.434667 0.701750 0.437667 0.706000 0.441000 0.707250 0.444000 0.707250 0.448667 0.704750 0.450667 0.702250 0.452000 0.698500 0.451333 0.689750 0.448333 0.686250
0 0.567667 0.722750 0.564667 0.724750 0.563333 0.727250 0.563000 0.734500 0.564667 0.740500 0.566667 0.742750 0.569667 0.744750 0.573333 0.745250 0.576333 0.743750 0.578000 0.740250 0.578333 0.735750 0.577333 0.729000 0.576000 0.726750 0.572000 0.723750 0.569333 0.722750
0 0.576333 0.690000 0.572667 0.688750 0.564667 0.688750 0.554333 0.692250 0.549333 0.694500 0.546333 0.696750 0.545667 0.698250 0.546000 0.702000 0.548000 0.703500 0.551667 0.704250 0.560667 0.703750 0.568000 0.702750 0.570000 0.702000 0.576667 0.697250 0.577667 0.692500
0 0.510000 0.665000 0.506667 0.665500 0.504667 0.666750 0.502333 0.669250 0.500667 0.673750 0.500333 0.681000 0.501000 0.684000 0.502333 0.686500 0.505333 0.688000 0.509333 0.687750 0.512333 0.686750 0.514000 0.685000 0.515667 0.678250 0.515000 0.669750 0.513333 0.667000
0 0.491000 0.646250 0.486000 0.647000 0.481667 0.650000 0.477333 0.657000 0.477000 0.666750 0.477667 0.669250 0.479333 0.671250 0.482667 0.672750 0.486667 0.672500 0.490000 0.671250 0.494333 0.666500 0.496333 0.662750 0.497000 0.659750 0.496667 0.650750 0.495333 0.648500
0 0.464333 0.622750 0.462000 0.623000 0.456667 0.626250 0.454667 0.633500 0.455333 0.639000 0.456667 0.642250 0.458667 0.644500 0.462333 0.646250 0.464000 0.646000 0.467333 0.643500 0.470333 0.635500 0.470333 0.629250 0.469333 0.625750 0.466667 0.623250
0 0.454000 0.597500 0.451000 0.599000 0.449333 0.602500 0.449333 0.607250 0.451000 0.611250 0.454333 0.616500 0.459333 0.620500 0.461667 0.621250 0.467000 0.621250 0.468333 0.620500 0.470333 0.616250 0.470333 0.610750 0.468000 0.603500 0.466000 0.601250 0.459333 0.597500
0 0.482000 0.614750 0.480000 0.616000 0.478667 0.618000 0.478333 0.620750 0.479000 0.623750 0.484000 0.631250 0.486333 0.632750 0.490333 0.633000 0.492000 0.632000 0.493000 0.629750 0.493000 0.625250 0.491000 0.619500 0.486000 0.616000
0 0.510667 0.589250 0.507333 0.589750 0.503000 0.592000 0.501333 0.593500 0.500000 0.596250 0.499333 0.602250 0.500000 0.606750 0.501333 0.609500 0.505000 0.611750 0.510000 0.611000 0.513000 0.608750 0.515000 0.604250 0.515667 0.599250 0.515000 0.592750 0.514333 0.591250
0 0.525000 0.569250 0.520667 0.572500 0.520333 0.580500 0.524333 0.588000 0.525667 0.589000 0.529333 0.589500 0.530667 0.588750 0.533333 0.584750 0.533667 0.578750 0.531667 0.572250 0.530000 0.570000 0.528000 0.569250
0 0.396000 0.532500 0.396000 0.534000 0.399000 0.537500 0.408333 0.541750 0.414000 0.542500 0.419333 0.542250 0.423000 0.540500 0.424333 0.538000 0.424333 0.536500 0.421667 0.533750 0.416667 0.531250 0.403000 0.529750 0.397667 0.531250
0 0.420000 0.506000 0.416667 0.506000 0.415000 0.507000 0.412333 0.509750 0.408667 0.515500 0.407667 0.519000 0.407667 0.524500 0.408333 0.526000 0.411667 0.527750 0.416667 0.527250 0.421333 0.521250 0.422667 0.513000 0.422000 0.509000
0 0.443000 0.515000 0.438667 0.514750 0.435333 0.516000 0.433333 0.517500 0.431000 0.520750 0.429333 0.526250 0.429333 0.531500 0.430333 0.534250 0.431667 0.535500 0.436000 0.535500 0.440333 0.532500 0.443667 0.529000 0.445000 0.525000 0.445333 0.520000 0.444667 0.516750
0 0.510667 0.538750 0.508333 0.538750 0.505000 0.539750 0.500667 0.544750 0.498333 0.554500 0.498333 0.558000 0.499333 0.560500 0.501667 0.562000 0.505333 0.562000 0.506667 0.561500 0.508667 0.559750 0.513333 0.553250 0.514333 0.549250 0.514333 0.543000 0.513333 0.540250
0 0.549000 0.501250 0.547000 0.502250 0.545000 0.505750 0.544333 0.513500 0.547667 0.523000 0.552333 0.526000 0.553667 0.526000 0.557333 0.525000 0.560000 0.522000 0.560667 0.518000 0.560333 0.511250 0.558667 0.507500 0.554000 0.502500 0.552667 0.501750
0 0.479000 0.518750 0.476000 0.520750 0.474000 0.524000 0.474000 0.533000 0.477667 0.539250 0.481667 0.541750 0.483000 0.542000 0.486667 0.541250 0.490667 0.537500 0.491667 0.533750 0.491333 0.528000 0.490333 0.524750 0.487000 0.521250 0.483000 0.518750
0 0.482667 0.491750 0.478667 0.493750 0.477333 0.496250 0.476667 0.500250 0.477000 0.506250 0.478000 0.510500 0.481333 0.514500 0.482667 0.515250 0.486000 0.515500 0.488667 0.514500 0.491000 0.511750 0.492667 0.506500 0.493000 0.501500 0.492333 0.497750 0.490667 0.494000 0.486667 0.492000
0 0.463000 0.484750 0.458333 0.485000 0.455333 0.486750 0.451000 0.494250 0.451000 0.501750 0.452333 0.506000 0.454333 0.509250 0.457333 0.510500 0.459333 0.510500 0.464000 0.506750 0.466333 0.503250 0.467667 0.499250 0.467333 0.489250 0.466333 0.486750
0 0.439333 0.483750 0.435000 0.484250 0.432000 0.487000 0.430667 0.490250 0.430333 0.497750 0.431000 0.500750 0.432000 0.502500 0.435667 0.504750 0.440000 0.504000 0.442333 0.502250 0.444333 0.498500 0.444667 0.492000 0.444000 0.488250 0.442667 0.485750
0 0.349667 0.482750 0.349667 0.486500 0.353333 0.489000 0.358333 0.491250 0.365667 0.493000 0.372667 0.493250 0.377000 0.492250 0.378667 0.491000 0.378000 0.487750 0.375667 0.485500 0.372667 0.483750 0.369333 0.483250 0.365667 0.481750 0.356667 0.480000 0.351667 0.481000
0 0.347000 0.470750 0.345000 0.469250 0.341333 0.468000 0.326667 0.468500 0.318000 0.470500 0.316333 0.474250 0.317333 0.476250 0.322000 0.479250 0.326333 0.480250 0.335000 0.480250 0.341667 0.478750 0.346667 0.475250
0 0.384000 0.425750 0.380333 0.428000 0.378667 0.430750 0.378333 0.435250 0.379000 0.440250 0.380333 0.443500 0.384333 0.448750 0.388000 0.450000 0.392000 0.449750 0.396000 0.447250 0.397667 0.443250 0.397333 0.435750 0.396000 0.432250 0.393333 0.429500 0.389000 0.426250
0 0.419000 0.420500 0.415333 0.421500 0.413667 0.423500 0.412667 0.427000 0.412667 0.432500 0.415000 0.439000 0.416333 0.440500 0.419333 0.442250 0.424000 0.442750 0.427667 0.440250 0.428667 0.438000 0.429000 0.432500 0.428333 0.428500 0.426667 0.424250 0.425000 0.422250 0.423333 0.421250
0 0.412000 0.383250 0.407667 0.383500 0.403667 0.385750 0.400667 0.389750 0.399333 0.393250 0.399000 0.400000 0.399667 0.404500 0.404000 0.407750 0.407333 0.408500 0.411667 0.407500 0.414667 0.405000 0.417667 0.398000 0.418000 0.391500 0.417000 0.388500 0.415000 0.385000
0 0.451333 0.408500 0.449000 0.410500 0.448333 0.412250 0.450000 0.420250 0.454667 0.427250 0.459333 0.431250 0.462667 0.433250 0.467333 0.433250 0.469000 0.432000 0.470000 0.429250 0.469667 0.424000 0.467333 0.417250 0.466000 0.415250 0.458667 0.409750 0.455000 0.408750
0 0.463000 0.387250 0.459667 0.386250 0.454667 0.386750 0.446667 0.392000 0.444667 0.396750 0.444000 0.401000 0.445000 0.403500 0.447000 0.405500 0.451000 0.406000 0.453000 0.405250 0.459000 0.401500 0.463667 0.396250 0.465000 0.393500 0.465000 0.390500 0.464333 0.388500
0 0.501333 0.405250 0.498333 0.407000 0.497333 0.408500 0.497000 0.418000 0.498667 0.424250 0.500667 0.426500 0.502667 0.427250 0.505000 0.426250 0.507000 0.424500 0.508667 0.419750 0.509000 0.415250 0.506667 0.406750 0.505667 0.405750
0 0.506667 0.377250 0.505000 0.377250 0.501333 0.378750 0.495333 0.384000 0.492667 0.387000 0.490000 0.394500 0.490667 0.400250 0.492667 0.402250 0.497333 0.404000 0.498667 0.404000 0.505333 0.400000 0.509333 0.394500 0.511667 0.389500 0.512333 0.386250 0.511667 0.381250 0.510333 0.379000
0 0.477667 0.371500 0.473667 0.372500 0.470667 0.376250 0.469333 0.386000 0.470000 0.390250 0.472000 0.393500 0.476000 0.397250 0.477667 0.398000 0.480000 0.398000 0.483333 0.396500 0.484667 0.394000 0.485667 0.389250 0.485667 0.383750 0.484667 0.377250 0.483333 0.374000 0.482000 0.372500
0 0.521333 0.313000 0.517667 0.314250 0.515667 0.317000 0.513667 0.321750 0.513667 0.328750 0.515667 0.334500 0.518667 0.338000 0.521000 0.339500 0.525333 0.339500 0.529000 0.337250 0.531000 0.334000 0.532000 0.327500 0.531667 0.321500 0.530333 0.316500 0.529000 0.314250 0.526000 0.313000
0 0.385667 0.264250 0.381000 0.264500 0.377000 0.267000 0.374333 0.275750 0.374000 0.280250 0.375667 0.287250 0.381333 0.291500 0.384667 0.291250 0.389333 0.288500 0.393333 0.279000 0.393333 0.273500 0.392000 0.268000 0.389000 0.265000
0 0.412333 0.732000 0.410000 0.734500 0.409667 0.737500 0.411000 0.741750 0.415333 0.748250 0.420000 0.752000 0.422333 0.753000 0.426333 0.753500 0.429333 0.753000 0.431333 0.751750 0.433000 0.749000 0.433000 0.743750 0.432333 0.742250 0.427667 0.736750 0.420000 0.731750 0.414667 0.731250
