0 0.447333 0.439000 0.445667 0.435750 0.443000 0.433750 0.440667 0.433250 0.431667 0.433500 0.423667 0.435000 0.417333 0.438000 0.415333 0.439750 0.415333 0.443000 0.416000 0.444250 0.420000 0.447000 0.426333 0.447750 0.434333 0.447250 0.443000 0.445750 0.446000 0.442500
0 0.407667 0.437500 0.403667 0.437500 0.400000 0.439500 0.398000 0.443750 0.395000 0.447500 0.393333 0.454750 0.395333 0.459750 0.398333 0.461250 0.401000 0.461500 0.405333 0.459750 0.409667 0.451250 0.411333 0.445000 0.411333 0.439500
0 0.443000 0.448250 0.439333 0.446750 0.435667 0.446750 0.421333 0.449750 0.416667 0.452750 0.414667 0.455250 0.413667 0.457750 0.414333 0.460500 0.416333 0.462000 0.420667 0.463000 0.428000 0.462250 0.436333 0.460250 0.443000 0.454750 0.444000 0.451750
0 0.521333 0.452750 0.517333 0.453250 0.514000 0.455500 0.512000 0.459250 0.511333 0.462250 0.513000 0.471000 0.515000 0.474250 0.517333 0.475750 0.521667 0.475250 0.523000 0.474250 0.526000 0.470000 0.527667 0.465000 0.527667 0.460250 0.526000 0.455500 0.524333 0.454000
0 0.330333 0.470750 0.328000 0.472000 0.325667 0.475000 0.325000 0.477750 0.325333 0.483750 0.328667 0.491250 0.331000 0.492500 0.334667 0.493000 0.338000 0.491750 0.339667 0.490250 0.341000 0.486750 0.339333 0.477750 0.335000 0.471250 0.334000 0.470750
0 0.407667 0.482500 0.404333 0.482500 0.400333 0.484250 0.397667 0.486500 0.392667 0.493750 0.391000 0.501250 0.391333 0.505750 0.393000 0.507500 0.395667 0.508500 0.397667 0.508250 0.401000 0.506250 0.404667 0.502500 0.408333 0.496500 0.410333 0.494500 0.411667 0.486750 0.409000 0.483250
0 0.419333 0.496250 0.415333 0.496000 0.407333 0.501250 0.405667 0.505500 0.403000 0.508250 0.400667 0.512250 0.400667 0.514250 0.404000 0.516250 0.408667 0.516250 0.411667 0.515250 0.419667 0.506500 0.421333 0.502750 0.421333 0.500000 0.420667 0.497500
0 0.452667 0.487250 0.450000 0.487000 0.447000 0.488000 0.439000 0.493500 0.433000 0.502500 0.432667 0.506750 0.435000 0.510250 0.440000 0.510750 0.442333 0.509500 0.447000 0.503000 0.452667 0.499250 0.455000 0.491500 0.455000 0.489500
0 0.432667 0.524500 0.429333 0.524500 0.426333 0.525500 0.423333 0.528000 0.420667 0.532750 0.419000 0.541000 0.420333 0.543750 0.422667 0.545500 0.428667 0.545500 0.432000 0.542750 0.435000 0.538500 0.436333 0.528750 0.435000 0.525750
0 0.409333 0.528750 0.407667 0.528750 0.400667 0.532250 0.399000 0.534500 0.397667 0.539750 0.397333 0.548500 0.398333 0.552250 0.400667 0.554250 0.404000 0.554500 0.408000 0.552500 0.411333 0.548500 0.413333 0.542000 0.413667 0.533250 0.412333 0.530000
0 0.275000 0.516750 0.274333 0.517750 0.274667 0.522250 0.281333 0.529750 0.287333 0.533750 0.294333 0.535750 0.299667 0.536000 0.302667 0.535000 0.303667 0.533500 0.303000 0.529000 0.301667 0.527000 0.295667 0.521000 0.291000 0.517750 0.283000 0.515500 0.280333 0.515250
0 0.287667 0.542250 0.285333 0.544750 0.285333 0.549250 0.286000 0.553250 0.289000 0.560250 0.291000 0.562500 0.295333 0.564500 0.299667 0.565000 0.302333 0.564250 0.304333 0.560750 0.304000 0.555000 0.302333 0.551000 0.299000 0.546500 0.294333 0.542500 0.291667 0.541750
0 0.329333 0.582750 0.328333 0.585500 0.329333 0.591250 0.337333 0.598000 0.344667 0.601500 0.352000 0.604000 0.354333 0.604250 0.357667 0.603250 0.358667 0.601000 0.358000 0.595500 0.348333 0.587250 0.342000 0.583750 0.334667 0.581750 0.331333 0.582000
0 0.426333 0.561500 0.424000 0.562000 0.421667 0.564750 0.421333 0.574000 0.422333 0.580250 0.424333 0.584750 0.427667 0.588000 0.430667 0.589750 0.433000 0.590000 0.436333 0.589000 0.439000 0.584250 0.439667 0.581000 0.439000 0.575750 0.434333 0.564250 0.431333 0.562250
0 0.348333 0.552750 0.349333 0.557250 0.354000 0.560500 0.358667 0.561750 0.373333 0.562250 0.379667 0.561500 0.382667 0.560250 0.384333 0.557500 0.383667 0.554500 0.381000 0.551750 0.375333 0.549250 0.370667 0.548250 0.356333 0.548250 0.352000 0.549500 0.349000 0.551500
0 0.467333 0.550250 0.465000 0.553000 0.464333 0.555500 0.464667 0.564750 0.466000 0.569000 0.470000 0.576250 0.473667 0.578000 0.476000 0.578000 0.478667 0.577250 0.480000 0.576250 0.482333 0.572500 0.482667 0.567500 0.482000 0.563500 0.479667 0.556750 0.475333 0.551750 0.471333 0.549750
0 0.453000 0.501000 0.450333 0.502000 0.445667 0.507500 0.444333 0.510750 0.444333 0.517250 0.445333 0.521500 0.446667 0.523750 0.451333 0.526500 0.455000 0.526500 0.458667 0.524000 0.460000 0.522000 0.461667 0.515000 0.461667 0.507750 0.460000 0.502500 0.457333 0.501250
0 0.645333 0.610750 0.642000 0.611750 0.638667 0.616750 0.637333 0.621750 0.637333 0.628250 0.638000 0.631750 0.641667 0.638500 0.645000 0.640000 0.648000 0.640000 0.650667 0.639250 0.655000 0.635250 0.656667 0.630000 0.656000 0.619250 0.653667 0.614250 0.651000 0.611500
0 0.471667 0.607750 0.471000 0.612000 0.472667 0.614000 0.477000 0.616750 0.485667 0.619750 0.488667 0.620250 0.496333 0.620000 0.498667 0.619250 0.502333 0.615750 0.502000 0.613250 0.500333 0.610500 0.498000 0.608750 0.491000 0.606750 0.483333 0.605500 0.477333 0.605500 0.473333 0.606500
0 0.498000 0.646250 0.494333 0.647250 0.491000 0.649750 0.487000 0.657500 0.487667 0.666250 0.490667 0.669750 0.493667 0.670500 0.495333 0.670250 0.498333 0.668500 0.503333 0.656250 0.503000 0.650000 0.502000 0.648500
0 0.437000 0.669000 0.434667 0.668500 0.430333 0.669250 0.423333 0.672000 0.420333 0.674250 0.415667 0.681500 0.416000 0.685000 0.417333 0.686500 0.419667 0.687500 0.428000 0.686500 0.435333 0.681750 0.438667 0.677500 0.440000 0.673500 0.439000 0.670750
0 0.360667 0.673000 0.358000 0.675000 0.355667 0.680000 0.355333 0.689750 0.356667 0.693750 0.361333 0.697000 0.365000 0.697500 0.369000 0.694250 0.371000 0.691000 0.372333 0.686000 0.372333 0.681500 0.370333 0.677000 0.366000 0.673250
0 0.435333 0.704250 0.430667 0.703500 0.423667 0.705000 0.419000 0.711750 0.418000 0.715500 0.418000 0.721250 0.419333 0.724500 0.422667 0.726250 0.424667 0.726500 0.428667 0.725500 0.433667 0.721250 0.437333 0.716750 0.438000 0.708750 0.437000 0.705500
0 0.443667 0.704000 0.441000 0.705250 0.439333 0.709000 0.439333 0.712500 0.442000 0.720250 0.446333 0.726000 0.451667 0.727750 0.454333 0.726500 0.456333 0.724250 0.457000 0.721750 0.456333 0.712500 0.452333 0.705750 0.450667 0.704500 0.448000 0.703750
0 0.470000 0.695000 0.467000 0.696000 0.465333 0.697750 0.464000 0.701250 0.464333 0.708500 0.465333 0.713500 0.468333 0.718750 0.470667 0.720500 0.474667 0.721000 0.480000 0.716750 0.481000 0.712750 0.480667 0.704500 0.479333 0.701000 0.476000 0.696500 0.474333 0.695500
0 0.477667 0.730750 0.474667 0.732000 0.472333 0.734500 0.471333 0.741000 0.473333 0.749250 0.476333 0.752500 0.479333 0.753250 0.482667 0.752500 0.485667 0.748500 0.486000 0.739000 0.483000 0.732000 0.481667 0.731000
0 0.443667 0.739750 0.440667 0.741500 0.439333 0.743500 0.439333 0.747250 0.441000 0.752500 0.446333 0.761000 0.451000 0.763250 0.454667 0.763500 0.458667 0.760750 0.459667 0.759000 0.459667 0.750750 0.455667 0.745500 0.450667 0.741000 0.447000 0.739750
0 0.349333 0.743750 0.345000 0.743500 0.339333 0.746500 0.337000 0.748500 0.333000 0.754750 0.331333 0.759750 0.333000 0.767250 0.336000 0.769250 0.339333 0.769500 0.343000 0.768250 0.350000 0.758250 0.352000 0.752750 0.352000 0.748000 0.351000 0.745500
0 0.428333 0.793750 0.425333 0.794500 0.423000 0.796250 0.421667 0.799000 0.420667 0.804000 0.420667 0.811250 0.421667 0.815750 0.423333 0.818750 0.426667 0.820000 0.428667 0.820000 0.432667 0.817750 0.435333 0.814000 0.436667 0.808750 0.436000 0.798500 0.432667 0.795000
0 0.511333 0.767500 0.509333 0.766500 0.502000 0.766500 0.493333 0.769250 0.485667 0.774000 0.482667 0.778250 0.481333 0.781750 0.481333 0.784000 0.482667 0.786000 0.486333 0.787250 0.491667 0.787000 0.498667 0.784250 0.503000 0.781000 0.506000 0.779750 0.512000 0.772000
