0 0.361333 0.309500 0.359333 0.311000 0.358333 0.313500 0.358333 0.318000 0.360667 0.327250 0.364000 0.331250 0.368667 0.335000 0.373000 0.336500 0.376667 0.336000 0.379000 0.334000 0.379667 0.329500 0.378000 0.324000 0.373667 0.315750 0.372000 0.313500 0.365000 0.309500
0 0.255667 0.657500 0.252667 0.659250 0.251667 0.661000 0.252000 0.666000 0.254667 0.673250 0.259667 0.678750 0.264333 0.680250 0.268000 0.680500 0.271333 0.679250 0.272333 0.677750 0.272333 0.672750 0.263667 0.660000 0.260333 0.657500
0 0.446333 0.407500 0.445000 0.409750 0.445000 0.413250 0.446667 0.417250 0.450000 0.421000 0.456333 0.425500 0.462333 0.427750 0.467000 0.427500 0.468333 0.425000 0.468333 0.420500 0.466333 0.416250 0.453667 0.407500 0.452000 0.407000
0 0.372333 0.418250 0.368333 0.419250 0.366000 0.423000 0.364333 0.428750 0.364333 0.435750 0.365000 0.438750 0.368000 0.444250 0.372667 0.446750 0.376000 0.446750 0.377667 0.446250 0.381000 0.443500 0.383000 0.436250 0.383000 0.431000 0.381667 0.427250 0.379667 0.424250 0.375000 0.419750
0 0.371667 0.461000 0.368333 0.461500 0.367000 0.463250 0.365333 0.469750 0.365000 0.478000 0.367333 0.483500 0.369333 0.484500 0.373333 0.485000 0.376667 0.483000 0.379667 0.479000 0.381000 0.475000 0.381000 0.471000 0.379667 0.466750 0.377667 0.463500 0.375000 0.461750
0 0.419000 0.501500 0.418667 0.505500 0.419333 0.506750 0.431000 0.513250 0.438000 0.514750 0.443000 0.514250 0.444667 0.513250 0.445667 0.511250 0.445667 0.509000 0.443333 0.506750 0.435333 0.502500 0.429667 0.501250 0.422000 0.500750
0 0.477667 0.516250 0.476000 0.518000 0.476000 0.523000 0.479000 0.529750 0.486000 0.535000 0.491000 0.535250 0.493333 0.534250 0.495000 0.532750 0.495333 0.528500 0.494333 0.525000 0.491000 0.521000 0.487000 0.517750 0.484667 0.516750 0.479333 0.516000
0 0.471000 0.572500 0.466000 0.572000 0.462333 0.573750 0.457333 0.580000 0.454333 0.587500 0.454333 0.593250 0.455333 0.595500 0.458333 0.597000 0.459667 0.597000 0.464333 0.595250 0.469667 0.591250 0.472667 0.584250 0.474000 0.577250 0.473667 0.575500
0 0.483333 0.581000 0.481667 0.581000 0.477667 0.584250 0.476333 0.587750 0.475667 0.593500 0.476000 0.601000 0.478333 0.603250 0.481333 0.603750 0.483000 0.603500 0.487000 0.600000 0.490000 0.592250 0.489667 0.587500 0.487000 0.583250
0 0.503667 0.614250 0.501333 0.615000 0.498000 0.618750 0.497333 0.625750 0.499333 0.630750 0.501333 0.633500 0.504333 0.634750 0.506333 0.634750 0.511333 0.631750 0.513000 0.627250 0.513000 0.625000 0.511333 0.618750 0.506333 0.614500
0 0.511667 0.654000 0.509000 0.652500 0.504667 0.651750 0.499000 0.652750 0.493333 0.655500 0.489333 0.658250 0.485000 0.663750 0.484333 0.667000 0.485667 0.670250 0.487000 0.671250 0.489667 0.672000 0.498667 0.671250 0.506333 0.665000 0.512000 0.658750
0 0.520000 0.678000 0.518000 0.676500 0.512333 0.675000 0.501667 0.675750 0.494333 0.679000 0.492000 0.680750 0.491333 0.682250 0.493000 0.685000 0.494667 0.685750 0.500333 0.686750 0.506000 0.687000 0.513333 0.685500 0.518333 0.682500 0.519667 0.681250
0 0.506333 0.691500 0.503000 0.691500 0.498667 0.692750 0.495000 0.696250 0.493333 0.700250 0.493000 0.705000 0.494333 0.710500 0.496333 0.713500 0.501333 0.716250 0.505667 0.715750 0.507333 0.714500 0.511000 0.709250 0.512667 0.704750 0.513000 0.700500 0.512000 0.696500
0 0.439667 0.686000 0.436000 0.689000 0.433333 0.696250 0.433333 0.702750 0.434000 0.706000 0.436000 0.709250 0.438667 0.710750 0.442000 0.710750 0.444667 0.709750 0.449000 0.704750 0.450000 0.700500 0.450000 0.693750 0.448000 0.687750 0.444667 0.686250
0 0.466667 0.670250 0.463333 0.668750 0.453667 0.668750 0.445667 0.670500 0.440333 0.673000 0.438667 0.674500 0.436000 0.678500 0.436000 0.682250 0.441667 0.684000 0.446000 0.684000 0.458667 0.680250 0.466333 0.676500 0.467667 0.674500
0 0.458333 0.618000 0.455000 0.619500 0.453667 0.622000 0.453667 0.629750 0.455333 0.634500 0.458000 0.637750 0.459333 0.638500 0.462667 0.638750 0.466333 0.636500 0.467333 0.634750 0.467667 0.626000 0.466667 0.622750 0.464000 0.619750 0.462000 0.618500
0 0.400000 0.664000 0.397000 0.663250 0.393000 0.664000 0.387333 0.668250 0.384000 0.673000 0.383000 0.677250 0.383000 0.681750 0.385000 0.684000 0.389667 0.684250 0.392333 0.683000 0.397333 0.679000 0.399667 0.675000 0.401333 0.670000 0.401667 0.666250
0 0.385333 0.622250 0.381000 0.621000 0.377667 0.621250 0.367000 0.626750 0.361000 0.635000 0.361667 0.639250 0.364667 0.641750 0.373000 0.641250 0.376667 0.639500 0.380667 0.636500 0.386333 0.627500 0.386333 0.623500
0 0.341667 0.618500 0.340667 0.620250 0.340333 0.624250 0.341333 0.627000 0.344667 0.631750 0.352333 0.637500 0.354333 0.638000 0.357333 0.637250 0.358667 0.635500 0.358667 0.631000 0.356667 0.626250 0.349333 0.619250 0.346333 0.618250
0 0.376667 0.582750 0.373333 0.583000 0.369333 0.586500 0.367667 0.589750 0.367333 0.596250 0.368667 0.599000 0.371667 0.600000 0.373333 0.600000 0.377333 0.596750 0.380333 0.592000 0.380333 0.587000 0.378333 0.583750
0 0.369000 0.555500 0.364667 0.556750 0.361333 0.559500 0.360333 0.562000 0.360333 0.566000 0.361667 0.570000 0.367667 0.577750 0.372333 0.580500 0.374333 0.580500 0.378333 0.579000 0.380667 0.577000 0.382000 0.573250 0.381667 0.565500 0.380667 0.563250 0.373667 0.556000
0 0.411667 0.561750 0.409333 0.564000 0.409667 0.569750 0.415000 0.577500 0.418667 0.579500 0.420667 0.579750 0.424000 0.578500 0.425667 0.576750 0.425667 0.571500 0.420667 0.563500 0.416333 0.562000
0 0.338000 0.572500 0.336667 0.575000 0.337000 0.578250 0.340667 0.583500 0.342667 0.585000 0.346333 0.586500 0.353000 0.588000 0.362000 0.587750 0.365000 0.586750 0.367000 0.583750 0.367000 0.579750 0.365333 0.578250 0.361333 0.576750 0.358000 0.573500 0.352000 0.571750 0.347667 0.571250 0.342000 0.571250
0 0.334000 0.583250 0.329000 0.583000 0.326333 0.583750 0.321000 0.587000 0.317667 0.591250 0.315333 0.595500 0.315000 0.597750 0.315667 0.603250 0.317667 0.605250 0.322000 0.605250 0.325000 0.604250 0.331000 0.600000 0.334333 0.596500 0.336333 0.591500 0.336333 0.586500
0 0.338667 0.552500 0.334667 0.551500 0.326667 0.551500 0.322667 0.552250 0.314333 0.555500 0.312333 0.557000 0.310333 0.559750 0.311000 0.564500 0.313333 0.567500 0.316333 0.568500 0.322000 0.568000 0.329000 0.565500 0.334333 0.562750 0.337667 0.560000 0.340000 0.556750 0.339667 0.554000
0 0.350000 0.534750 0.346333 0.535250 0.344333 0.536500 0.341333 0.540250 0.340667 0.542250 0.340333 0.546500 0.341667 0.552000 0.342667 0.553750 0.345667 0.555000 0.349333 0.554500 0.351667 0.553000 0.354333 0.549250 0.355333 0.546000 0.355000 0.539750 0.353333 0.537250
0 0.247667 0.495750 0.244000 0.495750 0.236667 0.497750 0.229333 0.502500 0.223667 0.509750 0.223000 0.515000 0.224000 0.517250 0.227000 0.518000 0.232333 0.517500 0.240000 0.514250 0.245000 0.510500 0.248667 0.507000 0.249667 0.504750 0.250000 0.497750
0 0.258667 0.453250 0.255333 0.453500 0.251333 0.455000 0.249667 0.459250 0.249333 0.466750 0.251333 0.475250 0.255667 0.478500 0.259333 0.479250 0.263667 0.476750 0.265333 0.474500 0.267000 0.470250 0.267667 0.465500 0.266667 0.459500 0.264667 0.455000 0.263000 0.454000
0 0.279667 0.447750 0.275667 0.450250 0.274667 0.451750 0.273667 0.455000 0.274000 0.464750 0.275667 0.468000 0.280000 0.470750 0.282667 0.471750 0.286667 0.471750 0.289333 0.470250 0.291667 0.466500 0.291667 0.460000 0.290667 0.455250 0.286667 0.449250 0.283000 0.447750
0 0.173333 0.512500 0.170000 0.512500 0.165667 0.514000 0.163667 0.516750 0.162000 0.526000 0.163333 0.532500 0.165333 0.535250 0.169000 0.536500 0.170667 0.536500 0.173667 0.535250 0.177333 0.532500 0.179333 0.530000 0.180667 0.526000 0.180667 0.521750 0.179000 0.515750 0.176667 0.513500
0 0.254000 0.630750 0.251333 0.632000 0.249667 0.635250 0.249333 0.639750 0.250333 0.647000 0.252000 0.650250 0.255667 0.653000 0.260000 0.653000 0.262667 0.650750 0.264333 0.647000 0.264000 0.639750 0.260667 0.633500 0.256333 0.630750
0 0.310333 0.620250 0.306000 0.621250 0.298667 0.626750 0.297667 0.632500 0.298000 0.639500 0.299333 0.642000 0.302333 0.644250 0.304000 0.644250 0.310333 0.642250 0.312000 0.641000 0.315000 0.635500 0.316333 0.631250 0.316333 0.626250 0.314000 0.622500
0 0.310667 0.644750 0.306333 0.645500 0.299000 0.651250 0.297667 0.653500 0.297667 0.663000 0.299667 0.665250 0.302000 0.666000 0.303333 0.665750 0.309667 0.662000 0.314000 0.653750 0.314667 0.651500 0.314333 0.648250 0.313333 0.646500
0 0.302000 0.676250 0.299000 0.678000 0.298667 0.682750 0.299667 0.686000 0.302333 0.690000 0.305333 0.693000 0.307333 0.694250 0.311333 0.694750 0.313333 0.694000 0.315333 0.692000 0.316000 0.688500 0.315000 0.685750 0.311333 0.679500 0.309667 0.678000 0.306333 0.676500
