0 0.397333 0.306500 0.392333 0.307000 0.389000 0.310000 0.387333 0.313500 0.387000 0.319000 0.388000 0.325000 0.390000 0.328000 0.393000 0.329750 0.396000 0.329750 0.399667 0.327250 0.402000 0.322000 0.402333 0.314500 0.400333 0.308750
0 0.509667 0.383750 0.506000 0.384000 0.503667 0.385250 0.501333 0.388000 0.500333 0.391500 0.500333 0.404500 0.501333 0.406250 0.505333 0.408250 0.509333 0.407000 0.512667 0.404750 0.514667 0.401000 0.515000 0.392750 0.514333 0.388500 0.512000 0.385000
0 0.441667 0.407500 0.439333 0.408750 0.438000 0.411500 0.437000 0.415750 0.437000 0.421250 0.439000 0.428250 0.441333 0.430000 0.444000 0.430750 0.447000 0.430250 0.449000 0.428500 0.451000 0.422500 0.451000 0.415250 0.446667 0.409000 0.444333 0.407500
0 0.442000 0.432750 0.439000 0.433500 0.437667 0.435000 0.437333 0.443250 0.439000 0.450750 0.440000 0.452000 0.444000 0.453500 0.447333 0.452500 0.448667 0.451250 0.450333 0.447000 0.449333 0.439250 0.447667 0.436750 0.443667 0.432750
0 0.427333 0.423750 0.423000 0.423250 0.420000 0.424250 0.414000 0.430750 0.411667 0.435750 0.411000 0.440750 0.411667 0.444250 0.415000 0.446750 0.420667 0.446250 0.423667 0.444750 0.428333 0.440500 0.430333 0.434500 0.430333 0.428250 0.429667 0.426250
0 0.298333 0.450250 0.294333 0.453000 0.293333 0.455250 0.293333 0.460500 0.295000 0.466500 0.298333 0.472250 0.302667 0.475750 0.306000 0.477000 0.309333 0.477000 0.312000 0.475750 0.314667 0.471250 0.315000 0.466500 0.314000 0.463250 0.311000 0.457250 0.308000 0.453750 0.302667 0.450500
0 0.395667 0.426750 0.393000 0.428250 0.390667 0.432500 0.390000 0.435500 0.390667 0.443500 0.392000 0.449000 0.393333 0.451500 0.396667 0.454000 0.401333 0.454000 0.404000 0.453250 0.406000 0.451250 0.406333 0.446250 0.407333 0.444000 0.406667 0.436750 0.404000 0.430500 0.400333 0.427750
0 0.431333 0.486750 0.427333 0.486750 0.424000 0.488500 0.419000 0.494250 0.417333 0.502000 0.417333 0.506500 0.418667 0.510500 0.420000 0.511750 0.422667 0.512500 0.424667 0.512500 0.428333 0.511000 0.432333 0.506250 0.435333 0.499000 0.435333 0.493000 0.434333 0.489750
0 0.588000 0.473500 0.587000 0.474000 0.585000 0.477750 0.585000 0.483250 0.586000 0.487250 0.588000 0.491000 0.591667 0.495250 0.595000 0.497750 0.599333 0.498250 0.600667 0.497500 0.602000 0.495000 0.602000 0.486750 0.599333 0.478750 0.592667 0.473750
0 0.619333 0.490500 0.615333 0.491000 0.611667 0.493000 0.609000 0.497500 0.609000 0.510500 0.610667 0.514250 0.614000 0.515500 0.616667 0.515500 0.620667 0.514500 0.623000 0.512750 0.624333 0.509500 0.625333 0.501500 0.624667 0.494500 0.623333 0.492250
0 0.302000 0.509250 0.299333 0.510750 0.298000 0.513250 0.298667 0.525500 0.300000 0.528750 0.302667 0.532250 0.306333 0.534500 0.310333 0.534750 0.312667 0.533250 0.315000 0.529250 0.315000 0.523500 0.314000 0.518250 0.311000 0.513500 0.306333 0.510250
0 0.288333 0.477000 0.286000 0.477250 0.283333 0.479000 0.279667 0.486500 0.278000 0.493500 0.278000 0.497750 0.279667 0.499750 0.282000 0.500500 0.285333 0.500500 0.288000 0.499500 0.294000 0.490000 0.294333 0.485000 0.293667 0.482250 0.291667 0.478250
0 0.398667 0.517000 0.395667 0.517750 0.392000 0.521000 0.391000 0.525750 0.392333 0.536750 0.395333 0.541250 0.398333 0.543500 0.401333 0.544000 0.404000 0.543000 0.405333 0.541500 0.408000 0.534500 0.408000 0.530750 0.407000 0.525000 0.404333 0.519000 0.401000 0.517000
0 0.452333 0.533000 0.449333 0.531250 0.440333 0.529750 0.423667 0.531500 0.420333 0.533250 0.419333 0.537000 0.421000 0.538750 0.426667 0.541000 0.440333 0.542750 0.444000 0.542000 0.451667 0.538500 0.452333 0.537500
0 0.458000 0.542250 0.455333 0.543750 0.454667 0.546000 0.455333 0.553000 0.457000 0.557250 0.462333 0.566000 0.467000 0.568250 0.470667 0.568000 0.472667 0.565250 0.472667 0.561500 0.471333 0.553750 0.469667 0.549500 0.466333 0.545500 0.459667 0.542250
0 0.446000 0.570750 0.446333 0.573500 0.448000 0.574750 0.450667 0.575500 0.453667 0.577750 0.459000 0.579750 0.463333 0.580500 0.470000 0.582750 0.474000 0.583000 0.478667 0.582500 0.482000 0.580250 0.479333 0.575250 0.474333 0.571750 0.470667 0.571250 0.466667 0.569500 0.456667 0.567500 0.450333 0.567750 0.447333 0.568500
0 0.446667 0.579500 0.447000 0.584750 0.455333 0.591500 0.458667 0.592750 0.465667 0.593750 0.474333 0.593750 0.476333 0.592500 0.476667 0.591000 0.475000 0.587250 0.470667 0.585000 0.466667 0.581250 0.456000 0.578000 0.449000 0.578500
0 0.376000 0.531250 0.372333 0.532000 0.370333 0.534000 0.369333 0.537000 0.369667 0.541500 0.372333 0.551750 0.374000 0.554750 0.376333 0.556750 0.380667 0.557500 0.385333 0.552750 0.386667 0.546500 0.386667 0.539750 0.385667 0.536250 0.383000 0.532750 0.380000 0.531500
0 0.363667 0.557000 0.362667 0.560750 0.369667 0.568000 0.376667 0.571000 0.383333 0.571750 0.386333 0.571250 0.387667 0.569500 0.387667 0.567500 0.386000 0.564500 0.372000 0.556250 0.365667 0.556000
0 0.347667 0.604000 0.346000 0.602250 0.340333 0.600750 0.332333 0.601000 0.327000 0.602250 0.313333 0.609250 0.311667 0.611500 0.312000 0.615750 0.313667 0.617000 0.317000 0.618000 0.328000 0.617500 0.337667 0.614750 0.341333 0.613250 0.347000 0.608500
0 0.338000 0.616000 0.334000 0.616000 0.329667 0.617750 0.328000 0.619500 0.327000 0.622000 0.328333 0.635500 0.330333 0.638000 0.333333 0.639000 0.335667 0.638500 0.339000 0.636000 0.341667 0.630750 0.341667 0.622000 0.340333 0.618000
0 0.353667 0.639000 0.350667 0.640500 0.349000 0.642750 0.349000 0.650000 0.351667 0.656750 0.353667 0.659750 0.357333 0.663000 0.362000 0.664000 0.364667 0.663250 0.366000 0.662250 0.367333 0.659000 0.367667 0.654250 0.366667 0.648000 0.365000 0.644750 0.361333 0.641000 0.357333 0.639250
0 0.371333 0.613500 0.368333 0.611750 0.361000 0.611250 0.357667 0.612000 0.353000 0.614000 0.349000 0.617000 0.348000 0.618500 0.348000 0.621750 0.349000 0.624250 0.350667 0.625250 0.355000 0.626000 0.359000 0.626000 0.365333 0.624500 0.368333 0.622500 0.371667 0.618750 0.372333 0.615250
0 0.427667 0.594000 0.423000 0.594000 0.419667 0.595000 0.415333 0.599250 0.411000 0.607250 0.410667 0.612750 0.411333 0.615750 0.413000 0.617750 0.416333 0.620000 0.420333 0.619750 0.425000 0.617750 0.427333 0.615500 0.429333 0.612250 0.431333 0.605750 0.431667 0.599250 0.430333 0.595750
0 0.483000 0.621750 0.481000 0.620250 0.477667 0.619250 0.472333 0.619000 0.468667 0.619500 0.450000 0.626000 0.448333 0.627500 0.448667 0.630750 0.451000 0.632500 0.455333 0.633500 0.465000 0.633500 0.474667 0.631500 0.482333 0.626750 0.483333 0.624250
0 0.464667 0.639750 0.462333 0.640500 0.460667 0.643500 0.460333 0.651000 0.461000 0.655250 0.462333 0.659250 0.465000 0.662750 0.467333 0.664750 0.469667 0.665750 0.471333 0.665750 0.474667 0.663750 0.475667 0.662250 0.476667 0.655750 0.476333 0.649750 0.475000 0.645500 0.472667 0.642250 0.469333 0.640250
0 0.422667 0.619750 0.420333 0.620250 0.415333 0.623250 0.414333 0.626000 0.414333 0.634750 0.415333 0.637500 0.420000 0.643500 0.423333 0.643750 0.425000 0.643000 0.428000 0.638500 0.428667 0.629750 0.427333 0.623000 0.424333 0.620000
0 0.399333 0.657250 0.396667 0.658500 0.395000 0.661750 0.395333 0.667000 0.397000 0.673000 0.400667 0.680750 0.404000 0.683500 0.407333 0.683500 0.410000 0.681500 0.412667 0.675000 0.412667 0.670750 0.411667 0.666750 0.405333 0.658000 0.403333 0.657250
0 0.419333 0.709750 0.417667 0.711750 0.417667 0.715250 0.420000 0.720250 0.423333 0.724750 0.431000 0.728250 0.436000 0.728250 0.438000 0.725750 0.438333 0.723250 0.437667 0.719500 0.435667 0.716000 0.432667 0.713000 0.428667 0.710500 0.424667 0.709750
0 0.430000 0.770000 0.427000 0.770000 0.424667 0.771000 0.420000 0.774750 0.418333 0.778250 0.418667 0.787750 0.421667 0.792500 0.424667 0.794250 0.428333 0.794250 0.432000 0.792750 0.435000 0.790250 0.437000 0.786000 0.437333 0.778000 0.436667 0.774500 0.434000 0.771500
0 0.469333 0.771000 0.467000 0.771500 0.463667 0.774250 0.462333 0.780250 0.463333 0.786000 0.466000 0.792000 0.469333 0.794500 0.471000 0.794750 0.475333 0.791750 0.477333 0.786500 0.477667 0.781500 0.475000 0.773250 0.471667 0.771250
0 0.526667 0.752250 0.525333 0.751250 0.522000 0.750500 0.510667 0.750750 0.504333 0.752250 0.501333 0.753500 0.493667 0.759000 0.493333 0.763500 0.497333 0.766000 0.500667 0.766750 0.506000 0.766500 0.515333 0.764250 0.526667 0.756500
0 0.448000 0.704500 0.445333 0.704500 0.443000 0.705500 0.439667 0.712500 0.440333 0.721500 0.442000 0.725250 0.443667 0.726250 0.447333 0.725500 0.451000 0.721000 0.451667 0.713000 0.451000 0.709250 0.449667 0.706250
