0 0.623333 0.530750 0.619000 0.531000 0.615667 0.532750 0.611667 0.541000 0.612667 0.549000 0.615000 0.551250 0.618333 0.552250 0.620333 0.552000 0.623667 0.550000 0.626667 0.544750 0.627333 0.542250 0.627333 0.535750 0.626667 0.533250
0 0.577333 0.522750 0.573000 0.523000 0.569333 0.524750 0.565667 0.529500 0.564667 0.532500 0.564667 0.537250 0.567000 0.541750 0.569333 0.543000 0.572000 0.543250 0.576333 0.541500 0.581667 0.533500 0.582333 0.531000 0.582000 0.525750 0.580000 0.523500
0 0.529667 0.507250 0.526000 0.509250 0.524667 0.511250 0.524000 0.513500 0.524000 0.520750 0.524667 0.523000 0.527667 0.526250 0.529667 0.527500 0.533333 0.527750 0.536667 0.526000 0.539000 0.522000 0.539667 0.517750 0.539333 0.513750 0.538333 0.510000 0.537000 0.508250 0.534000 0.507250
0 0.571667 0.477500 0.568667 0.479250 0.566667 0.482750 0.566000 0.485750 0.566333 0.493750 0.569000 0.499250 0.573000 0.501750 0.577000 0.502000 0.580667 0.500250 0.582333 0.498250 0.583000 0.495000 0.582667 0.486750 0.581000 0.483250 0.577000 0.478000 0.575667 0.477500
0 0.556000 0.469750 0.552333 0.469750 0.549333 0.470750 0.544000 0.478750 0.543667 0.484000 0.544667 0.489500 0.547667 0.495500 0.551667 0.497000 0.553667 0.496750 0.557333 0.494000 0.560000 0.490750 0.561667 0.485750 0.562000 0.478750 0.561000 0.474000 0.559000 0.471000
0 0.576000 0.353500 0.571667 0.355750 0.570333 0.357750 0.569000 0.363250 0.568667 0.371000 0.569333 0.374250 0.572333 0.378250 0.574667 0.379750 0.577000 0.380000 0.581333 0.378000 0.583667 0.374750 0.585000 0.370500 0.585000 0.366500 0.583667 0.360000 0.581000 0.355250 0.579333 0.354000
0 0.432333 0.350750 0.431000 0.351500 0.430000 0.353500 0.430333 0.361750 0.432000 0.366000 0.435000 0.369750 0.440000 0.373500 0.443333 0.374250 0.447333 0.374250 0.448667 0.373750 0.450000 0.371250 0.450000 0.368250 0.441333 0.353750 0.436333 0.350750
0 0.528333 0.439500 0.526000 0.440250 0.523667 0.442750 0.522000 0.447750 0.522000 0.452000 0.524000 0.459000 0.525333 0.461250 0.528667 0.464250 0.533000 0.464750 0.535000 0.463500 0.537667 0.458750 0.537667 0.449000 0.537000 0.446750 0.533333 0.442250 0.530333 0.439750
0 0.511000 0.456500 0.508333 0.456750 0.505000 0.459000 0.502000 0.464250 0.501333 0.474750 0.503000 0.478500 0.505333 0.480500 0.510333 0.479750 0.513667 0.477250 0.515667 0.474000 0.516667 0.468500 0.516333 0.462250 0.514333 0.458000
0 0.506000 0.402250 0.503667 0.403750 0.501000 0.407750 0.500667 0.415250 0.502333 0.419500 0.506000 0.423500 0.509333 0.425500 0.511000 0.425500 0.514333 0.424250 0.516333 0.420750 0.516000 0.412750 0.513333 0.405000 0.510000 0.402750
0 0.526667 0.468500 0.523000 0.470000 0.520333 0.474000 0.518667 0.478000 0.519000 0.484750 0.521333 0.490750 0.524667 0.492750 0.529667 0.493250 0.533667 0.490750 0.536667 0.486250 0.537333 0.478000 0.534000 0.470500 0.530000 0.468500
0 0.509667 0.485000 0.505000 0.486000 0.503000 0.487750 0.499667 0.493250 0.498333 0.497250 0.498667 0.501750 0.500333 0.506000 0.502000 0.507750 0.504000 0.508250 0.506667 0.508000 0.509333 0.506000 0.512333 0.502750 0.514333 0.498750 0.514333 0.488500 0.513333 0.486750
0 0.509333 0.430250 0.505333 0.432250 0.502667 0.435750 0.502000 0.443250 0.504000 0.448000 0.507000 0.451500 0.509000 0.452500 0.512000 0.452500 0.515000 0.451250 0.516333 0.448750 0.517667 0.444000 0.517667 0.439250 0.514333 0.432250 0.512000 0.430750
0 0.250000 0.423500 0.249667 0.424500 0.251000 0.428750 0.255000 0.432000 0.258667 0.434000 0.265667 0.436250 0.275333 0.437250 0.280000 0.436750 0.281333 0.435500 0.281667 0.431000 0.279667 0.427750 0.272333 0.423250 0.264667 0.421750 0.254667 0.421750
0 0.359333 0.484750 0.356333 0.484750 0.352667 0.486000 0.348000 0.493250 0.346667 0.497250 0.346333 0.502500 0.347333 0.505750 0.349000 0.508000 0.353000 0.510500 0.357333 0.510250 0.362000 0.507750 0.364333 0.505500 0.366333 0.501750 0.367000 0.498500 0.366333 0.490000 0.364333 0.486750 0.362333 0.485500
0 0.459000 0.496500 0.455333 0.499000 0.455333 0.506500 0.457667 0.511500 0.461667 0.516750 0.464333 0.518250 0.467333 0.518750 0.470000 0.517750 0.473333 0.514250 0.474333 0.510500 0.474000 0.508500 0.471667 0.503250 0.467000 0.497750 0.462667 0.496250
0 0.631667 0.704500 0.628333 0.703500 0.622000 0.703000 0.609333 0.705000 0.602667 0.709500 0.601333 0.711750 0.601667 0.714750 0.603333 0.716750 0.610667 0.718250 0.615333 0.718250 0.622333 0.716750 0.627667 0.714250 0.631667 0.711250 0.632667 0.709500
0 0.521667 0.654250 0.518000 0.654750 0.514333 0.656750 0.509000 0.662750 0.507667 0.666500 0.507667 0.671250 0.508333 0.673500 0.510333 0.675250 0.514667 0.675750 0.518000 0.675000 0.522667 0.670500 0.525333 0.663250 0.525333 0.659000 0.524333 0.656750
0 0.509000 0.629000 0.505333 0.629750 0.502000 0.633250 0.501333 0.635000 0.501333 0.643750 0.503000 0.648750 0.505000 0.651750 0.508000 0.653250 0.510667 0.653500 0.513333 0.652500 0.515000 0.650750 0.517000 0.646000 0.517333 0.641750 0.514667 0.633000 0.512000 0.630000
0 0.489667 0.660750 0.485333 0.663000 0.482667 0.666250 0.482000 0.669000 0.482333 0.677500 0.486000 0.686000 0.490333 0.688250 0.494667 0.688500 0.497667 0.686500 0.499333 0.682750 0.500000 0.678750 0.499667 0.669250 0.498667 0.665750 0.497000 0.663750 0.494333 0.661750
0 0.474000 0.625000 0.469667 0.624750 0.467000 0.625500 0.465667 0.626500 0.464000 0.632000 0.464000 0.636000 0.464667 0.638250 0.466000 0.639750 0.467333 0.640000 0.470667 0.638500 0.474333 0.635250 0.476333 0.630750 0.476333 0.626750
0 0.451667 0.633500 0.446667 0.633500 0.444000 0.635250 0.442000 0.638250 0.440667 0.642250 0.440000 0.649250 0.440667 0.654000 0.442333 0.656750 0.446667 0.659500 0.450667 0.659000 0.456000 0.654250 0.457333 0.650250 0.457333 0.644000 0.456000 0.638750 0.453667 0.634750
0 0.420000 0.634250 0.418000 0.635500 0.415667 0.638750 0.415000 0.641750 0.415333 0.648250 0.416333 0.651000 0.420333 0.655250 0.423000 0.656250 0.426667 0.656250 0.429333 0.655000 0.431333 0.651500 0.432000 0.647750 0.431333 0.642250 0.429333 0.638000 0.426667 0.635250 0.424333 0.634250
0 0.470667 0.580000 0.467000 0.582500 0.465667 0.584250 0.464333 0.587750 0.464667 0.591000 0.469667 0.600250 0.471000 0.601250 0.474667 0.602250 0.479000 0.600000 0.481000 0.596500 0.480667 0.588250 0.479667 0.586000 0.474333 0.580250
0 0.506000 0.580000 0.503333 0.580000 0.500667 0.580750 0.496333 0.588250 0.496000 0.594000 0.497000 0.598250 0.499000 0.601250 0.502333 0.603750 0.506333 0.603250 0.510333 0.600000 0.513000 0.594500 0.512667 0.587250 0.509333 0.582500
0 0.537000 0.564000 0.533333 0.564250 0.531000 0.566000 0.528000 0.570500 0.525667 0.577000 0.525667 0.584750 0.527667 0.588000 0.529333 0.589250 0.533667 0.588750 0.538000 0.585750 0.541333 0.580000 0.542000 0.575500 0.541667 0.568250 0.540000 0.565500
0 0.491000 0.562500 0.488333 0.562750 0.485667 0.564000 0.481667 0.571750 0.481667 0.576500 0.484333 0.583750 0.486333 0.585750 0.491000 0.585500 0.495333 0.580000 0.496667 0.576250 0.497000 0.568500 0.496000 0.565000 0.494333 0.563500
0 0.465667 0.550000 0.461667 0.552250 0.459333 0.555750 0.458667 0.561750 0.461000 0.568250 0.462333 0.570000 0.466000 0.571750 0.468333 0.571750 0.471667 0.570750 0.474000 0.568500 0.475333 0.565250 0.475333 0.559750 0.474667 0.556250 0.471333 0.552250 0.467667 0.550000
0 0.444333 0.521000 0.440333 0.522000 0.436333 0.525750 0.434667 0.529500 0.434667 0.534750 0.437333 0.541250 0.439667 0.542750 0.443333 0.542500 0.450333 0.536750 0.452000 0.533250 0.452000 0.525250 0.448667 0.522250
0 0.418667 0.525000 0.415333 0.526000 0.411333 0.531500 0.410667 0.541250 0.411667 0.545000 0.413333 0.547750 0.416667 0.550250 0.418667 0.551000 0.423667 0.551250 0.426333 0.549750 0.428333 0.546750 0.429333 0.542500 0.429000 0.533250 0.428333 0.531000 0.425000 0.527250 0.420667 0.525000
0 0.430333 0.556000 0.428333 0.554500 0.415333 0.554500 0.408333 0.556250 0.402667 0.560500 0.400667 0.563500 0.400667 0.565250 0.402333 0.568000 0.405000 0.569750 0.409333 0.570000 0.420667 0.566250 0.429000 0.561500 0.430667 0.557750
0 0.423333 0.569500 0.419667 0.569750 0.416000 0.571500 0.414333 0.573750 0.413333 0.577250 0.413333 0.581750 0.414667 0.588750 0.416000 0.591000 0.420000 0.593250 0.424667 0.593000 0.427000 0.592250 0.428333 0.591250 0.429667 0.588250 0.430000 0.578500 0.429333 0.575750 0.427333 0.571750
0 0.549000 0.409250 0.545333 0.411750 0.542667 0.415250 0.541667 0.418500 0.541667 0.421500 0.543000 0.427750 0.546333 0.433250 0.548667 0.435250 0.552333 0.435750 0.555333 0.434500 0.558000 0.432250 0.559333 0.428500 0.559333 0.421750 0.557667 0.414750 0.553333 0.410000
0 0.563667 0.414500 0.562333 0.416000 0.562000 0.420750 0.563333 0.424250 0.567000 0.428500 0.572000 0.432250 0.579000 0.434500 0.581000 0.434500 0.583000 0.433750 0.584667 0.432250 0.583667 0.424750 0.578667 0.419500 0.577000 0.416750 0.575000 0.415250 0.569000 0.413500
0 0.579667 0.383500 0.572667 0.383500 0.566333 0.387750 0.563667 0.392500 0.563667 0.397750 0.564667 0.399250 0.568667 0.400000 0.575667 0.397500 0.580333 0.393000 0.582000 0.389750 0.581333 0.385500
0 0.462333 0.468250 0.459000 0.469500 0.457333 0.471000 0.455333 0.474500 0.455000 0.478750 0.458333 0.486250 0.463000 0.488500 0.466000 0.488500 0.469667 0.486500 0.471333 0.484250 0.471333 0.477750 0.468000 0.469750 0.466667 0.468750
