0 0.482000 0.291000 0.478000 0.290750 0.475667 0.291750 0.472667 0.294000 0.470000 0.297500 0.468667 0.305000 0.468667 0.310250 0.470667 0.314000 0.473667 0.315500 0.477333 0.315500 0.480667 0.314500 0.482333 0.313500 0.484333 0.310500 0.486000 0.303500 0.486000 0.298000 0.484333 0.293500
0 0.635000 0.294250 0.631333 0.295250 0.629333 0.296750 0.626333 0.301500 0.623333 0.309750 0.624000 0.314000 0.626333 0.315750 0.631000 0.315000 0.636667 0.310500 0.639333 0.307000 0.640000 0.303750 0.639333 0.297750 0.638333 0.296250
0 0.643000 0.344750 0.637667 0.344500 0.634333 0.345250 0.629667 0.353000 0.629000 0.357250 0.629333 0.362250 0.632000 0.366500 0.635000 0.368500 0.639333 0.368250 0.643000 0.364750 0.646333 0.359000 0.647333 0.355000 0.647000 0.349250 0.645333 0.346000
0 0.659000 0.371250 0.654333 0.371250 0.650667 0.372750 0.647000 0.376750 0.643333 0.384250 0.644000 0.391750 0.645000 0.393250 0.646667 0.394000 0.651333 0.394250 0.653333 0.393500 0.655333 0.392000 0.660667 0.385000 0.662667 0.381000 0.663000 0.376500 0.661667 0.372750
0 0.431000 0.353250 0.427667 0.354750 0.426000 0.357750 0.424667 0.369250 0.425667 0.373000 0.427000 0.374750 0.431000 0.377000 0.435333 0.377500 0.439667 0.374750 0.441000 0.372500 0.441667 0.369000 0.441333 0.363500 0.440667 0.361000 0.436000 0.355500 0.432667 0.353500
0 0.715667 0.400500 0.713667 0.398750 0.709000 0.398000 0.701667 0.398250 0.695667 0.399250 0.689000 0.401500 0.685000 0.404250 0.683000 0.407250 0.683000 0.409000 0.685000 0.411750 0.688667 0.413000 0.694333 0.413250 0.704667 0.411500 0.709667 0.409750 0.715000 0.405750 0.716000 0.404500
0 0.819000 0.421000 0.814000 0.421500 0.811333 0.423500 0.804333 0.431750 0.801333 0.438250 0.801333 0.441750 0.802000 0.444000 0.805000 0.445750 0.808667 0.446000 0.812667 0.444750 0.818000 0.440750 0.821333 0.435500 0.823667 0.430250 0.824000 0.425500 0.823000 0.423000
0 0.631000 0.458250 0.627333 0.458500 0.623333 0.461500 0.619333 0.469750 0.619333 0.472750 0.621000 0.480000 0.623333 0.482750 0.627000 0.484000 0.630667 0.484000 0.632667 0.482750 0.636333 0.477000 0.638333 0.470000 0.638667 0.466250 0.638000 0.463250 0.634667 0.459750
0 0.642333 0.483250 0.638667 0.483250 0.635000 0.485250 0.631000 0.495500 0.631333 0.501500 0.634667 0.506250 0.639000 0.506250 0.644000 0.502500 0.646667 0.498000 0.647000 0.489500 0.646333 0.487000 0.645000 0.485000
0 0.665667 0.460750 0.661000 0.460250 0.658333 0.461000 0.656333 0.462750 0.653000 0.468250 0.651333 0.473500 0.651333 0.479250 0.653667 0.483250 0.655000 0.483500 0.658333 0.482500 0.662333 0.479500 0.667000 0.474250 0.668333 0.471000 0.668667 0.465500 0.667667 0.462250
0 0.606667 0.476500 0.604000 0.477250 0.602667 0.478250 0.601000 0.482500 0.601000 0.488750 0.602333 0.494250 0.604000 0.496750 0.607000 0.499250 0.611667 0.500250 0.615333 0.500000 0.617667 0.498250 0.619000 0.495000 0.619333 0.488500 0.618667 0.485500 0.615000 0.479000 0.611000 0.477000
0 0.614667 0.513000 0.611000 0.512750 0.608667 0.513750 0.604333 0.517500 0.602333 0.521250 0.601333 0.525250 0.601667 0.533750 0.603333 0.536750 0.606667 0.538250 0.611333 0.538250 0.615333 0.536750 0.618333 0.533250 0.620667 0.528500 0.621000 0.520750 0.620333 0.518000 0.619000 0.516000
0 0.498667 0.506000 0.494333 0.508750 0.493333 0.510500 0.492333 0.515250 0.492667 0.522000 0.493667 0.525000 0.497333 0.529250 0.500333 0.530500 0.502667 0.530500 0.506000 0.529000 0.507667 0.526000 0.508667 0.519250 0.508333 0.513750 0.506333 0.508000 0.502000 0.506000
0 0.452000 0.533250 0.449333 0.535750 0.448000 0.540000 0.448667 0.548500 0.450333 0.553000 0.454333 0.557000 0.459000 0.557750 0.463000 0.554750 0.464333 0.552750 0.465333 0.549500 0.464667 0.540750 0.458000 0.534250 0.455000 0.533000
0 0.590667 0.574000 0.587333 0.575250 0.585667 0.577750 0.584333 0.581250 0.583667 0.587500 0.584667 0.592750 0.587000 0.597000 0.591000 0.600000 0.593000 0.600000 0.596667 0.598000 0.599333 0.595000 0.600667 0.592000 0.601000 0.586250 0.599667 0.580000 0.596667 0.576000 0.593000 0.574000
0 0.613000 0.579500 0.610667 0.580000 0.608667 0.582500 0.606333 0.587000 0.606000 0.591500 0.606667 0.595750 0.610000 0.604500 0.612333 0.607000 0.616000 0.608000 0.619667 0.607000 0.623333 0.603250 0.624000 0.601000 0.624000 0.589500 0.622667 0.585000 0.620000 0.581750 0.615667 0.579500
0 0.641667 0.597000 0.637333 0.596500 0.634000 0.597250 0.628667 0.602500 0.627333 0.606750 0.627000 0.611750 0.628000 0.615250 0.631000 0.618000 0.635000 0.618000 0.638333 0.616750 0.643333 0.610500 0.644333 0.607500 0.644667 0.602000 0.644000 0.599000
0 0.651333 0.587250 0.649667 0.588750 0.649000 0.593500 0.650667 0.599250 0.657000 0.608000 0.661333 0.610500 0.665333 0.611500 0.669000 0.610750 0.671000 0.607250 0.671000 0.603000 0.668667 0.595250 0.661333 0.589500 0.655000 0.586750
0 0.646667 0.657500 0.646667 0.658750 0.649000 0.662750 0.655000 0.666000 0.659333 0.667500 0.665333 0.668750 0.670333 0.668750 0.674333 0.667500 0.676667 0.664500 0.677000 0.661250 0.675667 0.658500 0.670333 0.655500 0.663333 0.653500 0.654333 0.653000 0.649333 0.654500
0 0.740000 0.642750 0.741333 0.647250 0.747333 0.651250 0.751333 0.652750 0.758333 0.653750 0.767667 0.653750 0.772333 0.652500 0.775667 0.650000 0.775667 0.646000 0.772667 0.643000 0.764000 0.640000 0.755333 0.638500 0.749667 0.638750 0.743000 0.640500
0 0.760333 0.688750 0.754333 0.688500 0.751000 0.689250 0.743667 0.695250 0.739667 0.701000 0.738333 0.704250 0.738333 0.709000 0.739667 0.711250 0.744000 0.714250 0.748667 0.713750 0.754000 0.709750 0.758000 0.705750 0.759000 0.702250 0.762000 0.697000 0.762333 0.692750 0.761667 0.690250
0 0.707667 0.684250 0.703667 0.684750 0.700000 0.686750 0.698333 0.689500 0.698333 0.694000 0.700000 0.700000 0.703333 0.706000 0.706333 0.709000 0.709667 0.710250 0.712667 0.709500 0.716333 0.705250 0.717333 0.701250 0.717333 0.695250 0.714667 0.688500 0.710000 0.684750
0 0.558000 0.651250 0.556667 0.653250 0.556667 0.654750 0.560333 0.660000 0.564667 0.664500 0.572333 0.667500 0.578333 0.668250 0.584333 0.668000 0.586667 0.666500 0.587667 0.662000 0.585333 0.657750 0.576333 0.652000 0.569333 0.649750 0.566000 0.649500 0.560667 0.649750
0 0.564333 0.668000 0.562000 0.669750 0.560000 0.674000 0.560000 0.679000 0.562000 0.685500 0.564333 0.689000 0.566333 0.690000 0.571333 0.690750 0.573667 0.690500 0.576333 0.689500 0.578333 0.685250 0.578000 0.677500 0.577000 0.674000 0.574333 0.671250 0.569000 0.668250
0 0.590667 0.679500 0.587333 0.681000 0.586333 0.684250 0.587000 0.694250 0.591000 0.700250 0.593333 0.702000 0.595000 0.702500 0.599333 0.702250 0.601333 0.700750 0.603667 0.694750 0.603333 0.688500 0.601000 0.685000 0.597333 0.681750 0.592333 0.679500
0 0.643333 0.734250 0.638333 0.735000 0.634000 0.738500 0.631000 0.743500 0.631000 0.750000 0.632667 0.755750 0.634667 0.758250 0.638000 0.759250 0.639667 0.759250 0.643667 0.757500 0.647000 0.753250 0.648667 0.745000 0.648333 0.739000 0.647000 0.735750
0 0.623667 0.739750 0.622333 0.738750 0.619667 0.738000 0.614333 0.738250 0.608333 0.739750 0.601000 0.742750 0.598333 0.744500 0.595000 0.748250 0.594333 0.752000 0.595333 0.754250 0.599667 0.756250 0.604333 0.756000 0.607667 0.755000 0.619333 0.748750 0.622000 0.746750 0.623667 0.744750
0 0.682000 0.740500 0.679333 0.742250 0.677667 0.744750 0.677000 0.747500 0.677333 0.751500 0.681333 0.759750 0.684667 0.761250 0.686333 0.761250 0.688667 0.759500 0.690667 0.756500 0.691333 0.752500 0.691000 0.748500 0.689667 0.745000 0.686333 0.741000 0.685333 0.740500
0 0.670000 0.738250 0.666000 0.738500 0.661000 0.743500 0.657667 0.748750 0.656667 0.755250 0.657000 0.760500 0.658333 0.764000 0.662333 0.766500 0.666000 0.766250 0.671000 0.763250 0.674667 0.756500 0.675333 0.753000 0.675000 0.744500 0.673333 0.740750
