0 0.578667 0.283500 0.575667 0.285000 0.574333 0.287500 0.574333 0.291500 0.575667 0.296250 0.580667 0.303500 0.584000 0.305250 0.589000 0.305750 0.591667 0.304250 0.592667 0.301250 0.592667 0.296750 0.591000 0.291000 0.584000 0.283750 0.581000 0.283250
0 0.623000 0.287000 0.619667 0.290500 0.619667 0.294750 0.624000 0.303500 0.626333 0.306500 0.631000 0.309250 0.635333 0.309500 0.638333 0.308500 0.640333 0.306000 0.640667 0.301500 0.639333 0.294750 0.637667 0.291750 0.635000 0.289500 0.630667 0.287500 0.627667 0.286750
0 0.691333 0.344500 0.689333 0.345500 0.688333 0.348000 0.688333 0.355250 0.690000 0.360000 0.692000 0.362750 0.696333 0.366000 0.700667 0.367250 0.705000 0.367000 0.707333 0.365750 0.709000 0.362000 0.708667 0.356250 0.707667 0.352750 0.702000 0.345500 0.698000 0.344250
0 0.766333 0.360500 0.763667 0.360500 0.761333 0.361750 0.759000 0.364000 0.755667 0.369500 0.755000 0.372500 0.755000 0.378250 0.755667 0.380500 0.758667 0.384750 0.760667 0.385500 0.764333 0.385500 0.767333 0.384250 0.771000 0.381250 0.773000 0.376750 0.773333 0.368250 0.772667 0.365750 0.770667 0.362500 0.768667 0.361000
0 0.779333 0.413500 0.774333 0.413750 0.769000 0.415500 0.766333 0.417250 0.760000 0.424500 0.758333 0.427500 0.758000 0.432000 0.759333 0.433500 0.762000 0.434250 0.765333 0.434250 0.770667 0.432500 0.777000 0.427750 0.779333 0.425000 0.781000 0.420000 0.781000 0.415500
0 0.732333 0.430000 0.728333 0.429000 0.724333 0.429000 0.720333 0.430250 0.718667 0.431500 0.711667 0.440250 0.711000 0.448000 0.712667 0.450750 0.715333 0.451500 0.721333 0.450750 0.724667 0.449500 0.731000 0.444500 0.732333 0.442750 0.733333 0.439500 0.733333 0.431500
0 0.690000 0.396750 0.687000 0.399750 0.685333 0.403750 0.686000 0.409000 0.689000 0.414500 0.693000 0.419250 0.696667 0.421000 0.700667 0.420750 0.703333 0.419250 0.705333 0.416250 0.705000 0.412000 0.701667 0.403750 0.698667 0.400000 0.694000 0.397000
0 0.635333 0.396500 0.635333 0.400250 0.636667 0.402000 0.639000 0.403500 0.645333 0.404750 0.653000 0.404750 0.658333 0.403750 0.662667 0.402000 0.664333 0.398500 0.664333 0.395250 0.663333 0.393000 0.662000 0.392000 0.655333 0.391000 0.648333 0.391000 0.640667 0.392000 0.637667 0.393750
0 0.649000 0.368750 0.647000 0.367750 0.643667 0.367250 0.637333 0.367500 0.632667 0.368750 0.626333 0.372250 0.624000 0.375250 0.622000 0.376500 0.621333 0.377750 0.621667 0.381250 0.623667 0.383000 0.626000 0.383500 0.631333 0.382750 0.636333 0.377500 0.647000 0.373750 0.648333 0.372750 0.649333 0.370250
0 0.591667 0.336000 0.587333 0.336750 0.584333 0.338750 0.579333 0.345750 0.579000 0.354500 0.580333 0.357500 0.582667 0.358750 0.585000 0.358750 0.589000 0.357000 0.592000 0.354250 0.594333 0.349500 0.594667 0.339250 0.593333 0.336750
0 0.604667 0.350250 0.602000 0.352750 0.601667 0.358250 0.605000 0.364750 0.612000 0.370750 0.615333 0.371750 0.620000 0.371250 0.622333 0.369500 0.623333 0.367000 0.623000 0.361000 0.620667 0.357000 0.615333 0.351750 0.608667 0.349500 0.606667 0.349500
0 0.600000 0.374000 0.597667 0.376750 0.597333 0.381250 0.601667 0.389500 0.606667 0.392500 0.611000 0.394000 0.616333 0.393750 0.618667 0.390500 0.619000 0.386750 0.618333 0.384000 0.616000 0.379750 0.613000 0.376750 0.607000 0.373750 0.602000 0.373500
0 0.617333 0.397500 0.616000 0.397000 0.611333 0.397000 0.605000 0.399250 0.602333 0.401000 0.597000 0.408000 0.596667 0.412750 0.597667 0.415750 0.599333 0.417250 0.604667 0.417500 0.607333 0.416750 0.616000 0.410500 0.619667 0.404500 0.619667 0.400000
0 0.615000 0.416750 0.610667 0.417250 0.606667 0.420250 0.604333 0.421000 0.602000 0.423250 0.600667 0.427750 0.600333 0.432750 0.601000 0.435500 0.603333 0.437500 0.608000 0.437500 0.610000 0.436500 0.615667 0.432250 0.618000 0.429000 0.619000 0.425750 0.618667 0.420250 0.617000 0.418000
0 0.558667 0.411250 0.557000 0.412500 0.556333 0.416750 0.557000 0.420000 0.560000 0.424000 0.564667 0.427500 0.571333 0.429000 0.574000 0.428500 0.576000 0.424750 0.575333 0.419250 0.573333 0.415750 0.567333 0.411500 0.561667 0.410500
0 0.587333 0.377750 0.583667 0.379000 0.580000 0.383250 0.579333 0.385250 0.579333 0.393750 0.580333 0.397500 0.583333 0.401000 0.587000 0.403000 0.589333 0.403000 0.591333 0.402500 0.593333 0.400500 0.595667 0.394250 0.595667 0.389250 0.594333 0.384000 0.592333 0.380000 0.589667 0.378250
0 0.638667 0.433000 0.635333 0.432750 0.633333 0.433500 0.627333 0.438000 0.625333 0.441000 0.623667 0.446750 0.623667 0.450750 0.625667 0.458250 0.627667 0.459750 0.631000 0.460000 0.633667 0.458750 0.638333 0.455000 0.641000 0.450500 0.643333 0.443250 0.643333 0.438750 0.641000 0.434750
0 0.618333 0.434750 0.615000 0.434500 0.611333 0.436000 0.606667 0.440000 0.604333 0.444750 0.603667 0.448500 0.604667 0.452000 0.607667 0.454000 0.614333 0.453500 0.617000 0.451250 0.620667 0.441750 0.620667 0.438250 0.620000 0.436250
0 0.604000 0.457500 0.602333 0.458750 0.601000 0.462500 0.601333 0.468000 0.603667 0.474250 0.610333 0.478750 0.615000 0.478750 0.618667 0.475000 0.619667 0.471500 0.619333 0.467250 0.618000 0.463000 0.616000 0.460250 0.613667 0.458750 0.608667 0.457000
0 0.591667 0.436750 0.588000 0.436500 0.584000 0.438000 0.582000 0.439500 0.580000 0.442500 0.578333 0.446750 0.578333 0.452500 0.579333 0.455250 0.581333 0.457250 0.583667 0.457750 0.585667 0.457000 0.592000 0.452750 0.593000 0.451250 0.594333 0.445250 0.594333 0.440000 0.593333 0.438000
0 0.560000 0.428250 0.556000 0.431000 0.555333 0.434000 0.556000 0.438750 0.559000 0.443750 0.563000 0.448250 0.565000 0.449750 0.569000 0.450500 0.573000 0.448000 0.575000 0.443750 0.574333 0.437000 0.573000 0.434500 0.568667 0.430500 0.562000 0.428250
0 0.566667 0.454500 0.564000 0.455000 0.560667 0.457750 0.559667 0.460000 0.559333 0.465250 0.560667 0.470500 0.563000 0.475500 0.565000 0.477000 0.569000 0.478000 0.573000 0.475000 0.575000 0.470500 0.575667 0.466250 0.575000 0.462000 0.573000 0.457750 0.569333 0.454750
0 0.587000 0.469250 0.583667 0.470250 0.580333 0.474000 0.579333 0.476500 0.579333 0.482500 0.580000 0.486000 0.582667 0.490250 0.585333 0.491750 0.588667 0.492250 0.592000 0.491500 0.593333 0.490250 0.595667 0.482750 0.595667 0.477750 0.592667 0.471250 0.591000 0.470000
0 0.543667 0.461500 0.541000 0.462000 0.540000 0.462750 0.538667 0.465500 0.538667 0.475250 0.540000 0.479500 0.541667 0.481750 0.545333 0.484750 0.548667 0.485250 0.552333 0.484000 0.554333 0.481250 0.555000 0.478500 0.554333 0.471000 0.553333 0.468000 0.551000 0.465000 0.547333 0.462250
0 0.618667 0.517750 0.615667 0.516000 0.607333 0.515750 0.600333 0.516750 0.595667 0.519250 0.591667 0.524750 0.591667 0.526000 0.594667 0.528750 0.597000 0.529250 0.605333 0.529000 0.610667 0.527750 0.615000 0.526000 0.618667 0.522500
0 0.650000 0.523750 0.646667 0.525250 0.645333 0.528250 0.645000 0.533750 0.645667 0.537250 0.649667 0.543750 0.653667 0.545750 0.656000 0.545750 0.659333 0.544500 0.661000 0.541500 0.661333 0.533500 0.659000 0.528250 0.657000 0.525750 0.655000 0.524250
0 0.685333 0.556750 0.686000 0.560750 0.689333 0.562250 0.693000 0.562750 0.700667 0.562750 0.708333 0.561250 0.710333 0.560250 0.711667 0.558000 0.711667 0.555500 0.709333 0.552250 0.705333 0.551000 0.698667 0.550500 0.693667 0.551000 0.690000 0.552250
0 0.692667 0.570750 0.692000 0.571750 0.692667 0.577250 0.695667 0.580500 0.702333 0.584500 0.708333 0.586000 0.715667 0.586750 0.720333 0.586000 0.722667 0.584500 0.723333 0.581750 0.723000 0.579500 0.717333 0.574000 0.715000 0.572750 0.709333 0.570750 0.701333 0.569500 0.697333 0.569500
0 0.748333 0.551750 0.743333 0.555000 0.741333 0.559750 0.742000 0.567750 0.743667 0.571750 0.747667 0.576500 0.751333 0.578750 0.756000 0.578750 0.759667 0.576250 0.761667 0.573000 0.760667 0.563750 0.756667 0.555000 0.752667 0.552250
0 0.654000 0.586000 0.649667 0.588250 0.648000 0.591250 0.647667 0.597250 0.649000 0.603750 0.650667 0.606250 0.654333 0.608250 0.658667 0.608750 0.661667 0.608000 0.663667 0.606000 0.664667 0.603500 0.665333 0.595250 0.664333 0.591750 0.662333 0.588750 0.658667 0.586750
0 0.614000 0.632750 0.610667 0.633750 0.609000 0.636250 0.607333 0.642000 0.607667 0.648000 0.610667 0.655000 0.615333 0.657250 0.620333 0.657500 0.623333 0.656750 0.625667 0.654000 0.626667 0.649000 0.626667 0.643250 0.624667 0.637750 0.623333 0.636000 0.619000 0.633500
0 0.786667 0.700250 0.782667 0.700000 0.773000 0.704500 0.767333 0.712250 0.767667 0.714500 0.770000 0.716500 0.771667 0.717000 0.774333 0.716750 0.779667 0.715250 0.786333 0.709750 0.788667 0.705250 0.788000 0.701500
