0 0.290667 0.456250 0.287333 0.458750 0.285000 0.462750 0.284667 0.470500 0.286667 0.475500 0.290333 0.478750 0.292667 0.479000 0.295667 0.478000 0.299333 0.473750 0.300667 0.470500 0.300667 0.466500 0.299333 0.461500 0.296333 0.457500 0.294333 0.456250
0 0.249000 0.533750 0.248667 0.537250 0.249667 0.539000 0.253667 0.541500 0.259000 0.543250 0.267667 0.543250 0.275000 0.542000 0.278667 0.540500 0.280667 0.537750 0.280667 0.533250 0.280000 0.532000 0.278667 0.531000 0.272000 0.529250 0.262333 0.529000 0.259333 0.529500 0.251333 0.532000
0 0.283333 0.566250 0.280333 0.567250 0.277333 0.570750 0.276333 0.575250 0.276667 0.579750 0.279000 0.585000 0.282667 0.588000 0.287000 0.588500 0.292000 0.583500 0.293000 0.580000 0.291667 0.572250 0.287667 0.567250
0 0.368333 0.548000 0.365667 0.549250 0.363667 0.553000 0.363333 0.557250 0.364667 0.563500 0.365667 0.565500 0.369000 0.568500 0.372667 0.569750 0.376667 0.570000 0.379333 0.568000 0.381000 0.565000 0.380667 0.557000 0.377667 0.551250 0.374667 0.548750 0.372333 0.548000
0 0.388000 0.541750 0.385000 0.543750 0.384333 0.545750 0.385000 0.553500 0.388000 0.558500 0.390667 0.561250 0.393333 0.562250 0.397000 0.562500 0.399667 0.561500 0.401333 0.559500 0.402000 0.557000 0.401000 0.552500 0.399333 0.549000 0.395667 0.544500 0.392000 0.542500
0 0.485333 0.687000 0.481667 0.688000 0.477667 0.691750 0.476667 0.695750 0.476667 0.700750 0.477333 0.704750 0.479000 0.708750 0.482667 0.711750 0.486667 0.712500 0.490000 0.711500 0.492000 0.710000 0.494667 0.706000 0.495333 0.703250 0.495333 0.695750 0.494667 0.693500 0.491667 0.689000 0.489333 0.687500
0 0.439000 0.703250 0.435000 0.705250 0.433333 0.708250 0.432667 0.715750 0.434000 0.720250 0.436667 0.724750 0.439667 0.726750 0.444000 0.727250 0.447333 0.726000 0.449333 0.724250 0.450667 0.721250 0.450667 0.713000 0.449000 0.709000 0.446333 0.705500 0.443333 0.703500
0 0.368667 0.636500 0.366333 0.638000 0.364333 0.642250 0.364667 0.651250 0.366333 0.655500 0.368667 0.659000 0.372333 0.661250 0.374333 0.661250 0.377333 0.660250 0.379667 0.657750 0.380667 0.654500 0.380667 0.649250 0.378667 0.642750 0.377000 0.640500 0.372667 0.636750
0 0.552333 0.657000 0.548667 0.658000 0.547333 0.659500 0.545000 0.665250 0.545000 0.669750 0.546333 0.674500 0.548333 0.678000 0.551667 0.679500 0.553667 0.679750 0.557333 0.679000 0.559333 0.677000 0.560667 0.674000 0.561000 0.666250 0.559333 0.661250 0.557333 0.658500 0.555333 0.657500
0 0.554667 0.604250 0.554000 0.606750 0.554667 0.608750 0.557000 0.610750 0.561333 0.612750 0.572667 0.613500 0.577000 0.612500 0.578333 0.611250 0.579333 0.608000 0.579000 0.606500 0.577333 0.604000 0.573667 0.602250 0.569667 0.601500 0.560333 0.601250 0.556667 0.602250
0 0.524667 0.580500 0.521333 0.582750 0.518000 0.587000 0.518000 0.596000 0.520000 0.599750 0.521333 0.600750 0.526333 0.601250 0.529000 0.600250 0.530667 0.598000 0.532000 0.592500 0.532000 0.588250 0.530000 0.581750 0.527333 0.580500
0 0.415333 0.611500 0.411667 0.612750 0.410000 0.614750 0.409667 0.620500 0.410667 0.623750 0.414333 0.627500 0.416000 0.628500 0.419667 0.629000 0.422667 0.627000 0.423667 0.625000 0.423667 0.619000 0.420667 0.613250 0.418667 0.612000
0 0.552000 0.621500 0.549333 0.622250 0.548000 0.623250 0.545667 0.626500 0.544333 0.635000 0.545667 0.641750 0.547333 0.645000 0.549333 0.646750 0.552000 0.647750 0.553667 0.647750 0.557333 0.646500 0.560333 0.643500 0.561667 0.639250 0.561667 0.630500 0.561000 0.626750 0.558667 0.623750 0.556667 0.622500
0 0.478333 0.627000 0.476667 0.628000 0.475000 0.631250 0.475000 0.636000 0.476333 0.643000 0.479333 0.647250 0.483000 0.649750 0.487333 0.650500 0.489667 0.649750 0.491667 0.647250 0.492000 0.638500 0.491000 0.634750 0.487333 0.629750 0.484000 0.627250 0.482667 0.626750
0 0.561333 0.404500 0.560000 0.403500 0.555667 0.403250 0.550000 0.404500 0.545667 0.406500 0.541000 0.407500 0.539333 0.408500 0.533333 0.415000 0.533000 0.418250 0.533667 0.420250 0.536333 0.421750 0.542000 0.421750 0.548000 0.420750 0.553000 0.419000 0.559667 0.414750 0.562000 0.412250 0.562667 0.407250
0 0.595667 0.420750 0.595000 0.419500 0.591000 0.417000 0.584667 0.416250 0.576000 0.416500 0.570667 0.417750 0.566333 0.419750 0.564667 0.421500 0.564333 0.424500 0.568000 0.428000 0.571333 0.429000 0.584333 0.429250 0.592667 0.427750 0.596000 0.424250
0 0.497667 0.437250 0.494333 0.438250 0.492667 0.439750 0.490333 0.446250 0.490667 0.452000 0.491667 0.456000 0.493333 0.459000 0.497333 0.460750 0.501667 0.460750 0.504333 0.459750 0.507000 0.457500 0.508000 0.454250 0.508333 0.446250 0.506000 0.440000 0.502667 0.438000
0 0.498333 0.468000 0.495000 0.470000 0.494000 0.471750 0.493000 0.477500 0.493333 0.481750 0.494333 0.485500 0.497333 0.490750 0.499333 0.491750 0.502333 0.492250 0.505667 0.490750 0.508000 0.487250 0.508667 0.477000 0.506333 0.469500 0.502333 0.468000
0 0.454000 0.437500 0.450667 0.438500 0.448000 0.441500 0.446333 0.446000 0.446333 0.449500 0.447333 0.452750 0.451667 0.459000 0.454333 0.460750 0.457667 0.460750 0.460667 0.459250 0.463000 0.455250 0.464333 0.450750 0.464333 0.446250 0.463000 0.442500 0.460667 0.439000 0.458000 0.437750
0 0.368000 0.569250 0.365000 0.569500 0.361000 0.572500 0.360333 0.575000 0.360333 0.583250 0.361667 0.588250 0.364333 0.591250 0.365667 0.592000 0.369667 0.592500 0.373333 0.591500 0.375000 0.589500 0.376000 0.586750 0.376667 0.579500 0.375667 0.575500 0.374000 0.572500 0.370667 0.570000
0 0.424667 0.580000 0.423000 0.580000 0.421333 0.581250 0.419667 0.584000 0.414333 0.588250 0.414000 0.600250 0.416333 0.602000 0.419667 0.602000 0.423333 0.599750 0.427333 0.596000 0.428667 0.593750 0.429667 0.589250 0.429333 0.586000 0.426667 0.581500
0 0.416667 0.567250 0.415333 0.567250 0.411333 0.569250 0.408667 0.571750 0.407333 0.574750 0.406667 0.588000 0.408333 0.590000 0.410333 0.590500 0.413000 0.590250 0.420667 0.580000 0.421333 0.575250 0.421000 0.570750 0.419667 0.568250
0 0.441000 0.575000 0.437333 0.575250 0.434333 0.577000 0.431000 0.580250 0.430333 0.583250 0.430333 0.589750 0.431667 0.595000 0.434000 0.597500 0.438667 0.599000 0.443000 0.597750 0.444667 0.596500 0.447000 0.592500 0.448000 0.589000 0.448000 0.582750 0.447000 0.579250 0.443333 0.575500
0 0.479000 0.566500 0.477333 0.567250 0.473667 0.571750 0.472667 0.576500 0.473000 0.584500 0.475333 0.588750 0.478667 0.590750 0.482667 0.590750 0.485333 0.589000 0.488333 0.584750 0.489333 0.581250 0.489333 0.575750 0.488333 0.571750 0.486000 0.569000 0.482333 0.566500
0 0.517333 0.512000 0.515000 0.513750 0.513667 0.517750 0.514000 0.522000 0.517000 0.530250 0.520000 0.532000 0.526000 0.533250 0.529000 0.532000 0.529667 0.530250 0.529000 0.521000 0.526000 0.516000 0.521333 0.512750
0 0.517333 0.534000 0.515667 0.535000 0.514000 0.537250 0.514000 0.540750 0.517000 0.549000 0.522333 0.553750 0.528667 0.556750 0.529667 0.556750 0.533667 0.553000 0.533333 0.548000 0.529667 0.540000 0.522000 0.534250
0 0.548000 0.577000 0.543000 0.578000 0.541000 0.579000 0.539667 0.582500 0.539333 0.588500 0.541000 0.593750 0.544000 0.596250 0.549333 0.597000 0.552000 0.596000 0.554667 0.593000 0.555333 0.591250 0.555333 0.584250 0.553333 0.578250 0.551000 0.577250
0 0.553667 0.549250 0.552667 0.548750 0.548000 0.548750 0.540333 0.551750 0.533667 0.557250 0.532667 0.558750 0.532333 0.561750 0.533333 0.563500 0.537000 0.564250 0.539333 0.563250 0.544667 0.562250 0.553333 0.556750 0.554667 0.553500
0 0.564667 0.559750 0.560000 0.557750 0.556333 0.558000 0.552333 0.560500 0.549000 0.561000 0.546333 0.562500 0.541333 0.564000 0.536667 0.567750 0.536000 0.569750 0.536333 0.572750 0.537667 0.573750 0.540333 0.574500 0.545667 0.574500 0.549333 0.573250 0.553000 0.572750 0.560667 0.569000 0.564333 0.564250 0.565000 0.562250
0 0.295333 0.309250 0.290667 0.310250 0.285667 0.313250 0.283667 0.316000 0.282333 0.320750 0.282667 0.326750 0.284333 0.330750 0.287000 0.332750 0.291333 0.333750 0.295667 0.332750 0.299667 0.330500 0.302000 0.324750 0.302333 0.321500 0.301333 0.314500 0.299333 0.311500
0 0.337667 0.379000 0.334333 0.381000 0.334333 0.386000 0.338000 0.397000 0.342000 0.400750 0.346333 0.401500 0.349000 0.400000 0.350333 0.397250 0.350333 0.391500 0.347000 0.384000 0.341333 0.379500
0 0.455333 0.349000 0.452000 0.350750 0.449667 0.353250 0.447667 0.358750 0.447333 0.363750 0.447667 0.365750 0.450667 0.371500 0.453000 0.373250 0.456667 0.373750 0.459667 0.372750 0.461333 0.369500 0.462667 0.362750 0.462667 0.356750 0.461667 0.353000 0.460000 0.350500 0.458667 0.349500
0 0.459000 0.463750 0.455000 0.463750 0.450667 0.465250 0.447667 0.468250 0.446667 0.470250 0.446333 0.479000 0.447000 0.481750 0.451000 0.486500 0.453667 0.487500 0.456000 0.487500 0.459000 0.486250 0.462000 0.482750 0.464333 0.478250 0.463667 0.469500 0.461333 0.465750
0 0.432000 0.423500 0.428667 0.424500 0.425333 0.428250 0.424000 0.431250 0.424000 0.436000 0.426333 0.443250 0.430667 0.448250 0.434667 0.449750 0.437000 0.449750 0.440000 0.448250 0.442000 0.444000 0.442667 0.440000 0.441000 0.431000 0.437333 0.425750 0.435333 0.424000
0 0.407000 0.423000 0.403667 0.424500 0.401333 0.430750 0.401333 0.436000 0.402333 0.440500 0.404000 0.443750 0.408000 0.446750 0.411000 0.446750 0.413333 0.445750 0.417000 0.442000 0.418000 0.439750 0.418000 0.432000 0.416667 0.428500 0.413333 0.424250 0.411667 0.423250
0 0.506000 0.325750 0.502000 0.326000 0.497000 0.329750 0.493000 0.336750 0.492667 0.343750 0.493333 0.346750 0.495000 0.348500 0.499000 0.350000 0.502333 0.350000 0.506667 0.347750 0.511000 0.339000 0.510667 0.330250
0 0.564000 0.345750 0.561667 0.346500 0.559667 0.348500 0.558333 0.353250 0.558667 0.357500 0.560000 0.361750 0.563000 0.367000 0.564667 0.368500 0.568667 0.369750 0.573667 0.366000 0.575333 0.362000 0.574667 0.353750 0.572667 0.350250 0.569333 0.346750 0.568000 0.346000
0 0.497333 0.399000 0.494667 0.399750 0.491333 0.403500 0.490333 0.407500 0.490667 0.413250 0.493333 0.421250 0.498000 0.424000 0.502667 0.424750 0.505667 0.422750 0.507667 0.416000 0.507333 0.407750 0.505667 0.404500 0.502667 0.401500 0.499000 0.399250
0 0.424333 0.475500 0.419667 0.475250 0.415000 0.476500 0.407667 0.482250 0.404333 0.488750 0.404667 0.492000 0.407333 0.494750 0.412667 0.495000 0.420333 0.490750 0.426000 0.482000 0.426333 0.477500
0 0.458667 0.490000 0.455000 0.490000 0.451667 0.491750 0.447667 0.495250 0.446333 0.498000 0.446000 0.506000 0.446667 0.510000 0.450667 0.513500 0.454000 0.514500 0.456000 0.514250 0.460000 0.511250 0.464000 0.501500 0.463000 0.493500
0 0.486333 0.500750 0.484000 0.500250 0.478000 0.500500 0.474333 0.501500 0.470333 0.504250 0.463667 0.514000 0.463667 0.517250 0.466333 0.520750 0.469667 0.521750 0.472333 0.521250 0.484000 0.514000 0.488000 0.506500 0.487667 0.502250
0 0.394333 0.508750 0.394333 0.510500 0.398000 0.514250 0.405667 0.516000 0.413000 0.516000 0.419667 0.514750 0.421333 0.513500 0.422000 0.511000 0.421667 0.509000 0.419667 0.506500 0.409333 0.504250 0.399000 0.505000 0.395667 0.506500
