0 0.591667 0.326250 0.587667 0.326250 0.582667 0.328750 0.580667 0.330750 0.578000 0.337250 0.578667 0.345500 0.579333 0.347000 0.583333 0.349000 0.587333 0.348500 0.590667 0.346750 0.593667 0.342500 0.595000 0.332500 0.594000 0.328750
0 0.623000 0.329500 0.619667 0.331500 0.618333 0.333500 0.617667 0.336500 0.618000 0.342750 0.622333 0.350000 0.626333 0.354250 0.630000 0.355750 0.631667 0.355750 0.635667 0.354000 0.638000 0.350250 0.638000 0.344000 0.636667 0.338250 0.635000 0.335750 0.629667 0.330750 0.627333 0.329750
0 0.654000 0.348000 0.650000 0.348000 0.648000 0.349000 0.642667 0.353000 0.641333 0.355250 0.640333 0.360500 0.641000 0.368000 0.642000 0.370000 0.646000 0.371750 0.649333 0.371250 0.651667 0.370250 0.654333 0.368250 0.656333 0.365000 0.657333 0.359250 0.657333 0.353000 0.656333 0.350250
0 0.694000 0.359750 0.690000 0.360000 0.688000 0.360750 0.681000 0.367250 0.678000 0.373250 0.677667 0.377500 0.679333 0.380250 0.681667 0.381750 0.686000 0.381000 0.694000 0.372750 0.697000 0.362500 0.696667 0.361000
0 0.701000 0.335750 0.696667 0.335500 0.689333 0.338000 0.682667 0.345000 0.681000 0.348000 0.680333 0.354250 0.682000 0.356250 0.686000 0.357500 0.692333 0.353750 0.701667 0.342000 0.702000 0.337500
0 0.688000 0.401000 0.687000 0.399750 0.683000 0.398500 0.675000 0.398500 0.666333 0.400000 0.658667 0.403750 0.657667 0.405500 0.657333 0.408750 0.659667 0.410500 0.664667 0.411250 0.674000 0.411000 0.679333 0.410000 0.684667 0.408250 0.686667 0.406750 0.688333 0.404250
0 0.631000 0.446000 0.627000 0.446500 0.624667 0.448000 0.619333 0.455250 0.618333 0.461500 0.619333 0.466750 0.623000 0.468750 0.627667 0.468500 0.630667 0.467500 0.632333 0.465750 0.635000 0.459750 0.635667 0.457000 0.635333 0.452000 0.633000 0.447500
0 0.582000 0.421000 0.579667 0.421500 0.576333 0.424000 0.574333 0.429750 0.574333 0.435000 0.575667 0.439500 0.578333 0.444000 0.581000 0.445500 0.584667 0.445750 0.588667 0.443250 0.590000 0.441000 0.591333 0.436750 0.591667 0.430750 0.588667 0.423500 0.585000 0.421250
0 0.563333 0.419500 0.560000 0.421500 0.559000 0.423250 0.558333 0.432500 0.560000 0.436250 0.565000 0.437000 0.567000 0.435750 0.568333 0.432250 0.568333 0.423500 0.566333 0.420250 0.565333 0.419500
0 0.541000 0.488750 0.537000 0.491500 0.535333 0.493750 0.534000 0.499750 0.534333 0.505500 0.536000 0.510250 0.539000 0.513500 0.541333 0.514750 0.545667 0.514750 0.548667 0.512750 0.551000 0.509500 0.552667 0.504750 0.552667 0.500250 0.550667 0.493750 0.548333 0.491000 0.545333 0.489000
0 0.513000 0.480750 0.510000 0.482250 0.509000 0.484750 0.509000 0.489750 0.512333 0.497250 0.517667 0.503250 0.521333 0.504500 0.526000 0.504500 0.529000 0.502500 0.529667 0.500250 0.529333 0.494250 0.525667 0.486750 0.522000 0.483750 0.517667 0.481750
0 0.590000 0.500500 0.586000 0.500000 0.581667 0.501000 0.579333 0.502250 0.574000 0.510250 0.574000 0.514250 0.575667 0.515750 0.580667 0.516000 0.584667 0.514750 0.586667 0.513250 0.591667 0.506750 0.591667 0.502000
0 0.654000 0.525000 0.650000 0.525000 0.645000 0.529750 0.643000 0.533500 0.642667 0.538750 0.643667 0.545250 0.645667 0.549000 0.650667 0.551000 0.654333 0.550500 0.656000 0.549500 0.659333 0.545750 0.660333 0.542000 0.660000 0.532750 0.656333 0.527000
0 0.683000 0.531250 0.682000 0.532500 0.682000 0.533750 0.684667 0.538000 0.689667 0.542500 0.696667 0.545750 0.700667 0.546500 0.705667 0.546750 0.709333 0.545500 0.709667 0.540750 0.701333 0.533500 0.696333 0.531750 0.687333 0.530250 0.684667 0.530250
0 0.702000 0.556500 0.696667 0.557250 0.692667 0.560750 0.691333 0.564000 0.690667 0.570000 0.691000 0.576500 0.692667 0.580500 0.696000 0.581500 0.698000 0.581500 0.701667 0.579500 0.704667 0.575000 0.706667 0.569500 0.707000 0.563500 0.706000 0.559750 0.704667 0.558000
0 0.610667 0.556000 0.603000 0.556000 0.598667 0.559000 0.596333 0.561500 0.594667 0.564500 0.594000 0.573000 0.596000 0.576750 0.599000 0.577500 0.601000 0.577250 0.605000 0.575750 0.608000 0.573250 0.611333 0.568250 0.613000 0.563250 0.613000 0.559250 0.612000 0.556750
0 0.579667 0.540500 0.575667 0.542250 0.572333 0.546500 0.571333 0.548750 0.571333 0.554750 0.572333 0.558000 0.574333 0.561000 0.579667 0.565000 0.581000 0.565000 0.584667 0.563500 0.587333 0.560000 0.588333 0.557250 0.588667 0.552250 0.588000 0.548750 0.584667 0.542250 0.583333 0.541250
0 0.494000 0.530250 0.490667 0.531500 0.489000 0.533750 0.488333 0.543750 0.489333 0.548250 0.492333 0.553500 0.494333 0.554750 0.498000 0.555000 0.500000 0.553500 0.503000 0.545500 0.503000 0.541000 0.499667 0.532250 0.497667 0.530750
0 0.512667 0.510250 0.509000 0.512000 0.507333 0.514750 0.506000 0.519000 0.506000 0.526000 0.507333 0.530000 0.509000 0.532000 0.512667 0.534250 0.515000 0.534250 0.518333 0.533000 0.522000 0.529500 0.523000 0.522000 0.521667 0.516000 0.517000 0.511500 0.514667 0.510250
0 0.512667 0.548250 0.509333 0.550500 0.508667 0.551750 0.508667 0.561250 0.513000 0.569250 0.516333 0.571750 0.519000 0.572000 0.521000 0.571500 0.522667 0.570250 0.524000 0.568000 0.525000 0.564250 0.524333 0.557000 0.521667 0.551750 0.517667 0.549000
0 0.539667 0.549000 0.537000 0.550000 0.533000 0.553000 0.531333 0.556750 0.531333 0.560500 0.532667 0.565500 0.534667 0.568750 0.537333 0.570500 0.543000 0.570750 0.544667 0.570500 0.547000 0.568000 0.548667 0.561500 0.548333 0.557000 0.545333 0.551000 0.542000 0.549000
0 0.565000 0.561750 0.560000 0.562750 0.557000 0.565000 0.555333 0.567500 0.554667 0.570500 0.554667 0.575500 0.556333 0.581250 0.558667 0.583750 0.562333 0.585250 0.565333 0.585250 0.569000 0.583250 0.570667 0.580500 0.572333 0.573500 0.572333 0.568750 0.570667 0.564000 0.568667 0.562500
0 0.539667 0.574750 0.536333 0.576000 0.533333 0.579000 0.532667 0.581250 0.532667 0.590250 0.533333 0.592500 0.536000 0.596250 0.538000 0.597250 0.541333 0.597500 0.544667 0.596000 0.547000 0.592500 0.548000 0.583000 0.547333 0.579750 0.545000 0.575750 0.542333 0.574750
0 0.493667 0.568000 0.489333 0.570750 0.488000 0.572750 0.486667 0.577250 0.487000 0.583750 0.489000 0.588250 0.491333 0.591250 0.493667 0.592750 0.498333 0.592750 0.501667 0.591000 0.503333 0.588500 0.504333 0.584500 0.504333 0.579000 0.503333 0.575250 0.501333 0.571500 0.498000 0.568500
0 0.525333 0.593750 0.520667 0.593750 0.518000 0.594500 0.516333 0.596000 0.513667 0.602250 0.513000 0.608500 0.515333 0.614000 0.517667 0.616250 0.522667 0.616000 0.527000 0.612250 0.529000 0.608000 0.529667 0.598750 0.528333 0.595250
0 0.535667 0.600750 0.532667 0.602500 0.531667 0.604000 0.530333 0.610000 0.530333 0.614500 0.532000 0.620000 0.534000 0.623500 0.537000 0.626000 0.541667 0.627750 0.545667 0.626750 0.548333 0.623500 0.549000 0.620750 0.548667 0.612500 0.546333 0.606000 0.544000 0.603000 0.540667 0.601250
0 0.567333 0.624750 0.564000 0.624750 0.561333 0.626000 0.557000 0.630250 0.555333 0.633750 0.555000 0.639250 0.555667 0.645250 0.556333 0.646750 0.560000 0.648500 0.564000 0.648250 0.566333 0.647250 0.569000 0.645000 0.570000 0.642750 0.571333 0.634750 0.571000 0.630750 0.570000 0.627000 0.569000 0.625500
0 0.627333 0.611500 0.624667 0.614500 0.622333 0.619250 0.622000 0.624250 0.622667 0.627500 0.625667 0.632500 0.627333 0.634000 0.631000 0.635000 0.635000 0.631250 0.637333 0.627500 0.638000 0.619500 0.635333 0.613750 0.631667 0.611250
0 0.658667 0.610000 0.654000 0.610250 0.651333 0.611250 0.649000 0.613000 0.645000 0.618250 0.644667 0.626750 0.645333 0.629750 0.647333 0.632250 0.650667 0.633500 0.654667 0.633500 0.659000 0.630750 0.663000 0.624000 0.663667 0.620000 0.663000 0.614250 0.661667 0.611750
0 0.493000 0.630000 0.490333 0.630750 0.487667 0.633500 0.486667 0.636750 0.486667 0.642750 0.488667 0.646750 0.494000 0.651250 0.496333 0.651250 0.498667 0.650250 0.500333 0.646500 0.500667 0.642000 0.499667 0.634750 0.497667 0.631500 0.494667 0.630000
0 0.579333 0.760750 0.577667 0.763750 0.578667 0.768000 0.581000 0.770250 0.585000 0.772500 0.595667 0.776000 0.599000 0.776250 0.604333 0.775000 0.606000 0.773500 0.606667 0.770500 0.605667 0.768250 0.599333 0.763500 0.594000 0.761750 0.591333 0.760250 0.587667 0.759500 0.583000 0.759500
