0 0.606333 0.739750 0.603333 0.738000 0.596333 0.737750 0.584000 0.742250 0.579000 0.745250 0.577333 0.747500 0.577000 0.749750 0.577667 0.752500 0.580667 0.754000 0.586333 0.754000 0.592333 0.753000 0.599333 0.750250 0.604000 0.747250 0.606333 0.744750
0 0.499333 0.754500 0.497333 0.755000 0.494333 0.758000 0.492667 0.762500 0.492667 0.766000 0.493667 0.769500 0.497333 0.772500 0.499000 0.772500 0.503333 0.769500 0.506333 0.764000 0.506333 0.758750 0.505667 0.757500 0.502333 0.755000
0 0.459000 0.675000 0.454333 0.675000 0.448000 0.678500 0.444667 0.681500 0.439000 0.689250 0.438333 0.696750 0.439000 0.698250 0.442333 0.700250 0.444667 0.700250 0.450000 0.698250 0.455667 0.693250 0.460000 0.687750 0.461667 0.682500 0.461667 0.678750 0.461000 0.676750
0 0.526333 0.755500 0.523667 0.755500 0.520333 0.756500 0.515667 0.760250 0.513000 0.768500 0.513000 0.775000 0.514000 0.776750 0.517667 0.778750 0.521333 0.778500 0.524000 0.776750 0.529000 0.769250 0.530000 0.764750 0.530000 0.758750 0.529000 0.756750
0 0.497333 0.780750 0.494333 0.782500 0.492667 0.786500 0.492333 0.793250 0.493667 0.799000 0.498000 0.803000 0.500333 0.803750 0.502667 0.803750 0.506667 0.799750 0.507667 0.792500 0.507333 0.788750 0.505000 0.783500 0.500333 0.781250
0 0.526000 0.780250 0.518000 0.780500 0.513667 0.782500 0.511000 0.789750 0.511333 0.792750 0.513333 0.795250 0.517333 0.796000 0.521000 0.795000 0.528667 0.787500 0.528667 0.783000
0 0.502000 0.592500 0.498000 0.592750 0.492667 0.595750 0.488000 0.603750 0.488000 0.608250 0.489000 0.611000 0.490333 0.612000 0.495000 0.612000 0.497667 0.611000 0.500667 0.607500 0.505333 0.599250 0.506000 0.596750 0.505667 0.594750
0 0.516667 0.614250 0.513000 0.615250 0.510333 0.618250 0.509667 0.625250 0.510667 0.630000 0.513000 0.633500 0.514667 0.634500 0.518000 0.635000 0.522333 0.631750 0.524000 0.626750 0.524000 0.622500 0.522000 0.616500 0.518667 0.614500
0 0.447333 0.385000 0.443667 0.387500 0.442000 0.390500 0.441000 0.396250 0.441000 0.402750 0.442667 0.408000 0.447333 0.412500 0.451667 0.413250 0.455333 0.412000 0.458667 0.408750 0.459667 0.405250 0.459667 0.396250 0.458667 0.392250 0.456000 0.388000 0.451333 0.385000
0 0.514000 0.443000 0.509667 0.445750 0.508667 0.447250 0.507667 0.451250 0.508333 0.459250 0.510000 0.463250 0.512667 0.466500 0.516667 0.468500 0.520667 0.468500 0.524667 0.466500 0.526333 0.464000 0.527333 0.459000 0.527000 0.454250 0.523000 0.446000 0.517667 0.443000
0 0.456333 0.423250 0.454667 0.422750 0.450667 0.423000 0.447000 0.424250 0.439000 0.430500 0.434667 0.439500 0.435000 0.443000 0.438667 0.445750 0.443333 0.445750 0.447333 0.444000 0.452000 0.440500 0.453333 0.438250 0.455667 0.436250 0.458333 0.429750 0.458333 0.426500
0 0.474333 0.459500 0.471333 0.460250 0.469000 0.462500 0.467667 0.471500 0.468667 0.477750 0.470667 0.481500 0.472667 0.483000 0.476000 0.483500 0.478333 0.482750 0.482333 0.478750 0.483667 0.475250 0.484000 0.469000 0.483333 0.463250 0.482333 0.461500 0.479333 0.460000
0 0.451000 0.478000 0.447333 0.478000 0.445667 0.479000 0.441333 0.486000 0.440667 0.490000 0.441000 0.495000 0.443000 0.498750 0.446667 0.500500 0.450667 0.500250 0.453000 0.498750 0.456333 0.490750 0.455667 0.483000 0.453000 0.479250
0 0.403333 0.471250 0.399667 0.473250 0.398333 0.477000 0.398333 0.483750 0.399667 0.489250 0.406333 0.497750 0.408333 0.498750 0.412667 0.499000 0.414667 0.497750 0.416667 0.493500 0.417333 0.487750 0.416667 0.482250 0.414667 0.478000 0.408333 0.472750 0.405333 0.471250
0 0.344000 0.546000 0.341667 0.546000 0.337333 0.548500 0.335333 0.553000 0.334000 0.558750 0.334333 0.563500 0.336000 0.568000 0.337667 0.570000 0.341333 0.571500 0.344333 0.570750 0.346667 0.569250 0.349667 0.564500 0.351333 0.557250 0.350333 0.548750 0.349000 0.547500
0 0.526000 0.516000 0.521667 0.516250 0.518667 0.517250 0.512333 0.524000 0.510000 0.528500 0.510000 0.530000 0.513000 0.532750 0.514333 0.533000 0.517333 0.532000 0.522333 0.529250 0.527667 0.521500 0.527667 0.517500
0 0.645333 0.646000 0.641667 0.647750 0.640000 0.651000 0.639667 0.656750 0.640667 0.662250 0.644000 0.667250 0.648000 0.670500 0.650333 0.671250 0.654000 0.671000 0.656333 0.669500 0.657667 0.665500 0.658000 0.661250 0.656333 0.653750 0.655000 0.650750 0.651000 0.647500 0.647333 0.646000
0 0.331000 0.594750 0.325333 0.594500 0.322667 0.595250 0.317667 0.602500 0.316000 0.608250 0.316000 0.612750 0.316667 0.615250 0.318667 0.617000 0.322333 0.617500 0.325667 0.616750 0.331000 0.613000 0.332333 0.611250 0.335000 0.604250 0.335000 0.599000 0.333667 0.596000
0 0.338333 0.606500 0.335667 0.609750 0.334667 0.614000 0.335000 0.618750 0.336333 0.623500 0.339000 0.626250 0.345333 0.630000 0.350333 0.630000 0.352667 0.628500 0.355333 0.623250 0.355667 0.619000 0.354000 0.614500 0.350667 0.609750 0.347000 0.607250 0.342667 0.606000
0 0.366667 0.616750 0.364000 0.616750 0.360333 0.618500 0.356000 0.627250 0.355667 0.635250 0.358000 0.639250 0.360667 0.640750 0.364667 0.640000 0.367000 0.638500 0.370000 0.635000 0.372333 0.630500 0.372667 0.626000 0.371333 0.620250 0.370000 0.618000
0 0.540333 0.611750 0.536667 0.614000 0.534000 0.617750 0.533333 0.619500 0.533333 0.626750 0.536333 0.632000 0.540333 0.634750 0.542333 0.634750 0.545333 0.633250 0.548667 0.627500 0.548667 0.619500 0.545333 0.613250 0.541667 0.611750
0 0.560000 0.600000 0.556000 0.601250 0.554333 0.603250 0.553000 0.607500 0.553000 0.611750 0.556000 0.620500 0.560667 0.624000 0.564667 0.624250 0.568333 0.622750 0.570333 0.619500 0.571333 0.613500 0.570667 0.607250 0.569333 0.603750 0.567333 0.602000 0.564000 0.600500
0 0.472333 0.642750 0.470000 0.643500 0.468333 0.646250 0.467333 0.649750 0.467333 0.655000 0.468667 0.661250 0.470000 0.664000 0.474000 0.666750 0.476667 0.666750 0.480000 0.665750 0.482667 0.663000 0.483333 0.659750 0.483000 0.650500 0.482000 0.648250 0.478333 0.644750 0.475000 0.642750
0 0.411667 0.628500 0.407667 0.628500 0.400333 0.634250 0.398667 0.638000 0.397667 0.642000 0.398333 0.649750 0.400000 0.652000 0.404000 0.653500 0.408000 0.652750 0.410667 0.651000 0.414000 0.647000 0.416333 0.641750 0.416333 0.634000 0.413667 0.630000
0 0.376000 0.614500 0.376000 0.617500 0.377000 0.619750 0.381000 0.622250 0.388000 0.624000 0.404333 0.623750 0.409333 0.620750 0.410667 0.618250 0.410667 0.615250 0.409000 0.611750 0.405333 0.610000 0.401333 0.609250 0.385000 0.609500 0.378667 0.611500
0 0.451333 0.614750 0.446667 0.618250 0.445000 0.622250 0.445667 0.630500 0.447667 0.635500 0.450667 0.639250 0.453667 0.640500 0.457333 0.640500 0.459333 0.640000 0.461000 0.638750 0.463333 0.635250 0.464333 0.631250 0.464333 0.626750 0.463333 0.623500 0.460000 0.617500 0.455000 0.614750
0 0.417333 0.700750 0.416333 0.702750 0.416333 0.706000 0.419333 0.709750 0.430667 0.714000 0.435667 0.714250 0.440000 0.712750 0.440667 0.708000 0.439000 0.705250 0.436333 0.703000 0.426333 0.699250 0.419667 0.699250
0 0.493333 0.694000 0.489667 0.695250 0.487667 0.696750 0.485667 0.701750 0.485667 0.713750 0.486667 0.717000 0.490333 0.721250 0.493667 0.722500 0.498333 0.722500 0.499667 0.721500 0.503000 0.716250 0.503667 0.712500 0.503000 0.704250 0.500667 0.697500 0.499000 0.695000 0.496667 0.694000
0 0.396667 0.743250 0.393667 0.747000 0.393333 0.748750 0.395333 0.752000 0.398333 0.754500 0.399667 0.756750 0.408333 0.761500 0.414000 0.761500 0.417000 0.760750 0.418333 0.758750 0.418667 0.756750 0.417333 0.751250 0.411333 0.746750 0.405333 0.743250 0.401667 0.742250 0.399667 0.742250
0 0.332000 0.732750 0.328667 0.732500 0.326667 0.733000 0.322667 0.735000 0.320667 0.736750 0.315333 0.745000 0.315333 0.748750 0.318000 0.751750 0.324000 0.750750 0.326667 0.749500 0.328000 0.748000 0.333667 0.738000 0.333667 0.734500
0 0.501333 0.726750 0.497333 0.728750 0.495333 0.732000 0.494333 0.735250 0.494333 0.739750 0.495333 0.744750 0.497333 0.748500 0.500000 0.750000 0.503000 0.750250 0.506000 0.749000 0.508000 0.745000 0.509333 0.740000 0.509333 0.734750 0.507000 0.728000 0.505667 0.727000
0 0.526333 0.716000 0.524667 0.716000 0.521333 0.717250 0.516667 0.720250 0.513000 0.727750 0.512667 0.732000 0.513667 0.736000 0.514667 0.737500 0.517000 0.739000 0.522333 0.738250 0.527000 0.734750 0.529333 0.731250 0.530667 0.720250 0.529000 0.716750
