0 0.408333 0.669000 0.407000 0.669750 0.405333 0.673500 0.405333 0.679250 0.406667 0.686500 0.407667 0.689250 0.411000 0.693250 0.414333 0.694750 0.417000 0.695000 0.420000 0.694000 0.421333 0.691500 0.421667 0.683500 0.421000 0.679750 0.417333 0.673000 0.412667 0.669250
0 0.447667 0.368500 0.444000 0.371250 0.442333 0.374750 0.441333 0.381750 0.441333 0.388750 0.442333 0.392750 0.445333 0.396250 0.447000 0.397250 0.451333 0.397250 0.455333 0.394000 0.457667 0.389500 0.458667 0.384750 0.458333 0.378000 0.456333 0.372500 0.454333 0.370000 0.451667 0.368500
0 0.492333 0.317500 0.489667 0.318250 0.486333 0.321250 0.485667 0.323000 0.485667 0.329000 0.487333 0.334500 0.490333 0.339250 0.492333 0.341250 0.495000 0.342000 0.498000 0.341250 0.499667 0.339500 0.501667 0.334250 0.502000 0.330250 0.500333 0.322500 0.499333 0.320750 0.495000 0.317750
0 0.436667 0.754250 0.434000 0.755000 0.431000 0.757500 0.429000 0.763250 0.429000 0.768500 0.430667 0.775500 0.432333 0.777250 0.435000 0.778250 0.437000 0.777750 0.439333 0.776000 0.442000 0.771250 0.443000 0.765750 0.442000 0.758500 0.440333 0.755750 0.439000 0.754750
0 0.332667 0.732750 0.332000 0.735750 0.332667 0.737250 0.336667 0.739750 0.341667 0.741250 0.349333 0.742250 0.357667 0.742500 0.362000 0.741000 0.363000 0.739750 0.363667 0.737000 0.363000 0.735500 0.358333 0.733000 0.349333 0.730500 0.341333 0.730000 0.335000 0.731250
0 0.432000 0.386500 0.427333 0.386500 0.424333 0.387500 0.420000 0.393000 0.418000 0.400250 0.418000 0.408000 0.420000 0.413000 0.423667 0.415250 0.426667 0.415250 0.429667 0.413750 0.433333 0.409750 0.436000 0.404250 0.436000 0.391750 0.434333 0.388250
0 0.385333 0.391250 0.381333 0.391250 0.378000 0.393000 0.376333 0.395250 0.374000 0.401500 0.374667 0.412000 0.376667 0.414250 0.380000 0.415500 0.382333 0.415500 0.386333 0.414000 0.388667 0.411250 0.389667 0.408500 0.390333 0.401750 0.389667 0.396000 0.388333 0.393000
0 0.363333 0.434250 0.360333 0.435250 0.358667 0.438500 0.356000 0.446000 0.356000 0.452250 0.357000 0.455500 0.360000 0.459750 0.361333 0.460500 0.365000 0.461000 0.368667 0.458500 0.371000 0.454750 0.371333 0.443750 0.369667 0.437750 0.365667 0.434250
0 0.471000 0.436000 0.466333 0.437500 0.464333 0.439500 0.462333 0.445500 0.462333 0.452250 0.463333 0.455750 0.465667 0.459500 0.470000 0.462750 0.471333 0.463000 0.474667 0.462250 0.479333 0.457500 0.480667 0.454000 0.481000 0.447250 0.478333 0.439750 0.475333 0.437250
0 0.493000 0.431250 0.490000 0.432000 0.486333 0.436000 0.485333 0.438750 0.484667 0.449500 0.485667 0.453750 0.489333 0.458250 0.493000 0.460250 0.495000 0.460250 0.498333 0.457750 0.502000 0.451000 0.502667 0.439750 0.498667 0.432750 0.497667 0.432000
0 0.536333 0.446000 0.532667 0.447500 0.531000 0.450750 0.530000 0.463500 0.531000 0.467000 0.532333 0.468750 0.540000 0.471500 0.542333 0.471500 0.545667 0.470000 0.547667 0.466750 0.548333 0.462500 0.548000 0.455750 0.546333 0.451000 0.544000 0.448000 0.541333 0.446250
0 0.540333 0.474000 0.537333 0.471000 0.533333 0.469500 0.517667 0.470250 0.514333 0.471250 0.509000 0.474000 0.508000 0.478750 0.510000 0.481000 0.514333 0.482250 0.519667 0.483000 0.529000 0.482750 0.533000 0.481750 0.538000 0.479000
0 0.499000 0.485500 0.497333 0.485500 0.493667 0.487250 0.491000 0.491000 0.488000 0.493500 0.484000 0.501500 0.483667 0.505750 0.485000 0.510250 0.487000 0.512000 0.489333 0.512750 0.491000 0.512500 0.498333 0.506250 0.500333 0.500250 0.501667 0.498250 0.503000 0.489000 0.501667 0.486500
0 0.474000 0.481500 0.471000 0.482000 0.468000 0.486000 0.467000 0.489500 0.467333 0.495500 0.468333 0.498750 0.471000 0.503250 0.475333 0.505750 0.479000 0.506000 0.481667 0.503750 0.483667 0.499500 0.483333 0.490750 0.482000 0.486750 0.480000 0.484500 0.476000 0.482000
0 0.431000 0.508000 0.427000 0.508750 0.424000 0.511500 0.422333 0.516500 0.422000 0.522250 0.422333 0.526500 0.423667 0.530000 0.428000 0.533750 0.432333 0.534750 0.435333 0.534250 0.439333 0.529750 0.440333 0.526500 0.440667 0.519750 0.440333 0.517000 0.436667 0.509250 0.434667 0.508250
0 0.380667 0.501500 0.378667 0.504000 0.378333 0.507500 0.379333 0.512750 0.381000 0.516500 0.385333 0.522250 0.388667 0.524000 0.392000 0.524750 0.394333 0.524500 0.397000 0.522250 0.398000 0.518250 0.397667 0.513750 0.396333 0.510000 0.389333 0.502000 0.386333 0.501250
0 0.401000 0.514750 0.399000 0.517000 0.398333 0.520750 0.399667 0.527750 0.403667 0.533750 0.408333 0.538000 0.412000 0.538750 0.413667 0.537750 0.415333 0.533750 0.415000 0.530000 0.413000 0.524750 0.410667 0.522250 0.407667 0.517000 0.404333 0.514500
0 0.400667 0.538000 0.399000 0.539500 0.398000 0.543250 0.398333 0.549000 0.399667 0.552250 0.404000 0.557000 0.407333 0.559250 0.412000 0.559750 0.413000 0.559250 0.414333 0.557000 0.414333 0.552500 0.413333 0.547750 0.405667 0.539250 0.404000 0.538000
0 0.426667 0.540750 0.423000 0.542500 0.420000 0.548000 0.419333 0.558000 0.420333 0.561250 0.422667 0.565000 0.424333 0.566000 0.428333 0.566250 0.432333 0.564250 0.434000 0.561250 0.434667 0.558000 0.434667 0.547750 0.434000 0.544750 0.432667 0.542750 0.428667 0.540750
0 0.353000 0.546500 0.351667 0.548250 0.351667 0.553750 0.354000 0.559000 0.356000 0.561250 0.362000 0.565250 0.368333 0.568000 0.371667 0.567500 0.373333 0.565250 0.372667 0.560000 0.370333 0.555500 0.363333 0.548250 0.357667 0.546000
0 0.313667 0.486250 0.310333 0.487000 0.306333 0.491000 0.305333 0.493500 0.305000 0.500000 0.307000 0.506500 0.310333 0.510000 0.313667 0.512250 0.315000 0.512500 0.318000 0.511750 0.319667 0.510250 0.323000 0.504750 0.323667 0.500500 0.322333 0.493500 0.319000 0.488000 0.317000 0.486750
0 0.541667 0.540750 0.539333 0.541000 0.532667 0.545500 0.530333 0.549250 0.528667 0.555000 0.528333 0.560250 0.529667 0.564750 0.533333 0.567500 0.538000 0.566000 0.542667 0.560000 0.544667 0.555500 0.545333 0.545250 0.544667 0.543500
0 0.534333 0.569750 0.533000 0.571250 0.533000 0.573750 0.534000 0.577000 0.536333 0.580500 0.541000 0.584500 0.545000 0.586250 0.548667 0.587000 0.552333 0.586000 0.554000 0.583750 0.553667 0.579750 0.546000 0.571750 0.538000 0.569250
0 0.502000 0.586000 0.498667 0.587000 0.497000 0.588750 0.495000 0.595000 0.495000 0.599750 0.496333 0.604250 0.499000 0.608000 0.501667 0.610000 0.504667 0.610000 0.507000 0.608750 0.508333 0.606500 0.510333 0.599500 0.510333 0.595000 0.506667 0.587000
0 0.525667 0.598500 0.521667 0.598500 0.517000 0.601500 0.515333 0.604000 0.514333 0.608250 0.514333 0.616000 0.516000 0.622750 0.517333 0.624250 0.520667 0.625250 0.524667 0.624500 0.527667 0.622750 0.529667 0.620000 0.531000 0.615250 0.530333 0.602750 0.529000 0.600500
0 0.539333 0.610000 0.537000 0.610750 0.536000 0.612750 0.535667 0.620250 0.536333 0.622750 0.540000 0.628250 0.544333 0.631000 0.545667 0.631000 0.548333 0.629750 0.550000 0.627250 0.549333 0.622250 0.545333 0.611750 0.542667 0.610250
0 0.419000 0.638750 0.415000 0.638500 0.408333 0.640500 0.405667 0.642750 0.402333 0.648250 0.400333 0.650250 0.399333 0.653000 0.398667 0.659000 0.399000 0.662000 0.400333 0.663500 0.404333 0.664750 0.409333 0.663750 0.413333 0.660750 0.418333 0.655000 0.420333 0.651500 0.421333 0.646750 0.421000 0.641250 0.420000 0.639250
0 0.356667 0.634500 0.353000 0.636750 0.352000 0.638500 0.350667 0.643750 0.350333 0.650250 0.351333 0.655250 0.353000 0.657750 0.356667 0.659500 0.358667 0.659500 0.362667 0.658250 0.366000 0.654500 0.367333 0.646000 0.366667 0.641500 0.364667 0.638000 0.361000 0.635250
0 0.436667 0.670000 0.432333 0.670500 0.429333 0.672500 0.425000 0.681500 0.424667 0.686000 0.426333 0.692000 0.428000 0.694000 0.431667 0.695000 0.435333 0.694250 0.436667 0.693250 0.441333 0.687000 0.442667 0.683000 0.442667 0.677250 0.441667 0.673750 0.440000 0.671500
