0 0.521333 0.290500 0.518667 0.289750 0.513000 0.290500 0.509000 0.292750 0.504000 0.297750 0.502000 0.301500 0.501000 0.305250 0.501333 0.310750 0.502333 0.312750 0.504333 0.313500 0.507000 0.313250 0.514000 0.308250 0.518000 0.303750 0.522333 0.296250 0.522333 0.292750
0 0.505000 0.314000 0.502000 0.316250 0.501333 0.320000 0.502000 0.323500 0.505333 0.329750 0.509000 0.333500 0.517333 0.338000 0.521333 0.337750 0.523000 0.335750 0.523667 0.333500 0.523000 0.327000 0.521333 0.323750 0.515333 0.317750 0.510000 0.313500
0 0.466333 0.292000 0.463667 0.293250 0.462000 0.295250 0.461000 0.298250 0.461333 0.307000 0.463000 0.311000 0.467000 0.314000 0.471333 0.314000 0.474333 0.312500 0.475667 0.309750 0.476000 0.303500 0.475333 0.298500 0.470667 0.293250 0.467667 0.292000
0 0.490333 0.380500 0.486667 0.382000 0.484333 0.385000 0.483667 0.393500 0.484667 0.399250 0.486667 0.403250 0.489333 0.405250 0.492333 0.406000 0.498000 0.405750 0.500000 0.404500 0.501333 0.401250 0.501333 0.391750 0.498667 0.384000 0.494667 0.381500
0 0.372333 0.328000 0.370333 0.329500 0.369333 0.332500 0.369667 0.337750 0.372333 0.345250 0.376333 0.351500 0.380333 0.353000 0.385000 0.352500 0.387333 0.351000 0.388333 0.349000 0.388333 0.344000 0.386333 0.337000 0.381333 0.331000 0.379333 0.329500 0.375000 0.328000
0 0.488667 0.430000 0.485333 0.431500 0.484000 0.435500 0.484000 0.441750 0.485000 0.448250 0.486333 0.452250 0.488667 0.454750 0.491667 0.456000 0.495333 0.456250 0.498667 0.454750 0.499667 0.451500 0.499000 0.438500 0.498000 0.436000 0.495000 0.432500 0.491000 0.430000
0 0.538000 0.411000 0.535333 0.411500 0.531667 0.414000 0.530000 0.416500 0.528667 0.421250 0.528667 0.428500 0.529667 0.433000 0.531000 0.435750 0.532333 0.436750 0.535667 0.437500 0.538667 0.437250 0.543000 0.435000 0.546000 0.430500 0.547333 0.425000 0.547000 0.419250 0.545667 0.415250 0.542000 0.412250
0 0.559000 0.455750 0.555667 0.456500 0.551667 0.461250 0.550667 0.466500 0.550667 0.472250 0.552000 0.476000 0.555333 0.480500 0.559333 0.482500 0.561667 0.482500 0.565333 0.480000 0.568000 0.476250 0.569000 0.473000 0.569000 0.467750 0.568000 0.463000 0.564667 0.458500 0.561333 0.456000
0 0.628000 0.470750 0.626333 0.470750 0.623333 0.473250 0.619667 0.478500 0.618667 0.481750 0.619000 0.490000 0.620000 0.491250 0.623000 0.492750 0.626667 0.492250 0.629333 0.491000 0.632000 0.488750 0.633333 0.486000 0.633667 0.477500 0.633000 0.475000 0.630667 0.471500
0 0.514667 0.466000 0.510000 0.468500 0.508667 0.470250 0.507667 0.474750 0.507667 0.480500 0.508667 0.485250 0.510000 0.487750 0.514000 0.491000 0.518667 0.491500 0.522000 0.490750 0.526000 0.486250 0.527000 0.477750 0.525000 0.471000 0.522667 0.468250 0.519333 0.466250
0 0.420000 0.472250 0.417333 0.474250 0.416000 0.477500 0.416000 0.482250 0.419000 0.490250 0.423333 0.495250 0.426333 0.496750 0.430000 0.497500 0.435000 0.496750 0.437000 0.494750 0.437667 0.492000 0.437333 0.485250 0.435333 0.479250 0.427667 0.473500 0.424333 0.472500
0 0.493333 0.503750 0.489667 0.504750 0.485667 0.508000 0.485000 0.510000 0.485000 0.519000 0.485667 0.522250 0.489000 0.526250 0.492333 0.528250 0.495000 0.528750 0.498000 0.528000 0.500000 0.526000 0.502333 0.521500 0.502667 0.514500 0.501667 0.510500 0.498667 0.505000 0.497667 0.504250
0 0.514667 0.526500 0.511333 0.528250 0.509667 0.530000 0.508667 0.533500 0.508667 0.539750 0.510333 0.545250 0.514000 0.548500 0.518000 0.549250 0.522000 0.547250 0.523667 0.544750 0.525000 0.539250 0.525000 0.533250 0.523333 0.529500 0.521000 0.527250 0.518333 0.526500
0 0.424000 0.522750 0.421667 0.524500 0.419667 0.529000 0.419333 0.534250 0.423000 0.542250 0.427000 0.545500 0.429000 0.546000 0.434667 0.545750 0.436000 0.545000 0.437000 0.543000 0.437667 0.538750 0.437333 0.532250 0.436333 0.528500 0.434333 0.525750 0.431667 0.524000 0.428000 0.522500
0 0.413333 0.532250 0.408667 0.532000 0.406333 0.532750 0.398000 0.540750 0.395333 0.546500 0.395333 0.551250 0.396000 0.553250 0.397000 0.554000 0.399667 0.554750 0.404000 0.554250 0.410000 0.549250 0.412667 0.545250 0.415333 0.537500 0.415000 0.534250
0 0.365667 0.522500 0.362000 0.523250 0.360000 0.524500 0.354667 0.533000 0.354333 0.538000 0.355333 0.541250 0.357667 0.543750 0.360667 0.544750 0.364667 0.544000 0.366667 0.542500 0.370667 0.537750 0.372000 0.534000 0.372333 0.528250 0.371333 0.524750 0.369667 0.523500
0 0.275667 0.517000 0.272000 0.517250 0.270333 0.518000 0.266667 0.522000 0.265000 0.526250 0.265000 0.533250 0.266000 0.537750 0.267667 0.541000 0.272000 0.543500 0.275667 0.543250 0.279667 0.541000 0.281667 0.537000 0.283000 0.531000 0.282667 0.525250 0.279667 0.519250
0 0.439000 0.562000 0.433667 0.561750 0.425333 0.564000 0.423000 0.565500 0.418000 0.572000 0.417667 0.576750 0.419333 0.579000 0.424667 0.579250 0.427000 0.578750 0.432333 0.576500 0.435667 0.574250 0.440000 0.569250 0.441000 0.564000
0 0.471000 0.568250 0.466000 0.571500 0.464667 0.575250 0.464667 0.579750 0.466000 0.584500 0.470000 0.590500 0.471333 0.591500 0.475000 0.592500 0.478000 0.591500 0.482000 0.587750 0.483000 0.584500 0.483000 0.579250 0.482333 0.575750 0.480000 0.571500 0.474667 0.568250
0 0.383000 0.578750 0.380000 0.579500 0.377333 0.583000 0.376333 0.587000 0.376667 0.592750 0.378000 0.596750 0.380333 0.600250 0.384333 0.602750 0.388333 0.603500 0.393000 0.600750 0.394667 0.596750 0.394333 0.588250 0.389667 0.580000 0.387333 0.579000
0 0.369000 0.605250 0.365000 0.606250 0.361000 0.609000 0.355000 0.619750 0.354333 0.622750 0.354667 0.627000 0.357667 0.631500 0.360667 0.632500 0.362333 0.632500 0.366000 0.631250 0.370667 0.626750 0.373667 0.621000 0.374667 0.610500 0.373333 0.607250 0.371000 0.605750
0 0.389333 0.609500 0.385000 0.609250 0.381667 0.610250 0.378000 0.614250 0.375333 0.619000 0.375333 0.631000 0.377000 0.634500 0.380667 0.637250 0.385333 0.637500 0.389000 0.635750 0.392667 0.630750 0.396333 0.623000 0.396333 0.618500 0.395000 0.613750 0.393667 0.611500
0 0.384667 0.650250 0.382000 0.653500 0.381333 0.657000 0.382000 0.661750 0.384000 0.667750 0.385667 0.670250 0.388333 0.672500 0.396333 0.673250 0.398667 0.671500 0.399667 0.668750 0.399667 0.664000 0.398000 0.657250 0.395667 0.653750 0.392333 0.651250 0.389000 0.649750
0 0.420000 0.681000 0.416667 0.679000 0.413000 0.678500 0.407667 0.678500 0.400000 0.679500 0.393333 0.682000 0.390000 0.684250 0.388667 0.686250 0.388333 0.689750 0.391333 0.692000 0.395000 0.692750 0.404000 0.692500 0.412000 0.691000 0.417667 0.688000 0.419667 0.686250 0.420333 0.685000
0 0.434000 0.676250 0.430667 0.676000 0.427000 0.676750 0.423333 0.679500 0.422000 0.681750 0.421333 0.687750 0.421667 0.694000 0.423000 0.697000 0.426667 0.698500 0.428667 0.698250 0.433333 0.694750 0.436333 0.690250 0.437667 0.686000 0.438000 0.681500 0.436667 0.677500
0 0.458333 0.657000 0.455333 0.656000 0.447667 0.656500 0.444333 0.658500 0.439667 0.664000 0.438000 0.667500 0.437333 0.674000 0.439000 0.676750 0.441667 0.678500 0.444667 0.678750 0.449333 0.677250 0.452333 0.675000 0.456000 0.670500 0.458667 0.666250 0.460000 0.662000 0.459667 0.658250
0 0.418000 0.712250 0.417667 0.716500 0.419000 0.718750 0.423333 0.723000 0.428333 0.725250 0.434667 0.726500 0.443000 0.726500 0.447333 0.725250 0.448667 0.724250 0.449667 0.721000 0.448000 0.718750 0.436333 0.712250 0.429000 0.710500 0.420333 0.710750
0 0.488000 0.699000 0.486667 0.699750 0.485667 0.701500 0.485667 0.705750 0.489333 0.711500 0.493000 0.715250 0.497667 0.718250 0.501000 0.719000 0.505667 0.718250 0.507000 0.716750 0.507333 0.712000 0.503667 0.705500 0.497333 0.700500 0.491667 0.698500
