0 0.325750 0.501333 0.325000 0.505333 0.325500 0.509000 0.328000 0.513667 0.330750 0.515000 0.337250 0.515333 0.341250 0.514333 0.343250 0.512333 0.345750 0.506333 0.345250 0.502000 0.341750 0.498333 0.339250 0.497333 0.330750 0.497333 0.329000 0.498000
0 0.466750 0.521000 0.463500 0.519000 0.459000 0.519333 0.450250 0.524333 0.446250 0.529333 0.446000 0.533000 0.446750 0.536667 0.447750 0.537667 0.450250 0.538333 0.454750 0.538333 0.459250 0.536667 0.463750 0.533000 0.466750 0.528667 0.467500 0.526000
0 0.540000 0.586667 0.540250 0.590000 0.541750 0.592333 0.546500 0.595333 0.552000 0.596333 0.559750 0.593333 0.560750 0.592000 0.561500 0.589000 0.561250 0.586333 0.560000 0.584333 0.552750 0.580333 0.550000 0.580000 0.545250 0.581000 0.541250 0.584000
0 0.566000 0.540667 0.564250 0.538333 0.561000 0.536667 0.555500 0.536667 0.547750 0.539333 0.544500 0.541333 0.540500 0.547000 0.540000 0.548667 0.540250 0.553000 0.541750 0.554667 0.547000 0.556667 0.552750 0.556667 0.560750 0.554000 0.562750 0.551667 0.566000 0.545333
0 0.616000 0.603667 0.616000 0.609667 0.618000 0.615000 0.625750 0.624333 0.630750 0.627667 0.634250 0.628667 0.638000 0.628000 0.639500 0.626667 0.640250 0.624000 0.640250 0.621333 0.638500 0.615000 0.636500 0.611000 0.630750 0.604667 0.627000 0.602000 0.623000 0.600667 0.618500 0.601333
0 0.612000 0.564000 0.613000 0.569000 0.615500 0.571667 0.619000 0.573667 0.627500 0.574333 0.631750 0.572667 0.635750 0.568333 0.637000 0.565000 0.636750 0.563333 0.634500 0.560000 0.630750 0.557000 0.627750 0.556000 0.622000 0.556000 0.616000 0.558000 0.613250 0.561000
0 0.644500 0.650000 0.643250 0.646667 0.641000 0.644667 0.638750 0.643667 0.634250 0.643667 0.626500 0.647000 0.623000 0.651000 0.621750 0.653667 0.621750 0.656333 0.622500 0.659000 0.626500 0.662000 0.629000 0.662667 0.634250 0.662333 0.639250 0.660000 0.643000 0.656667 0.644500 0.654333
0 0.547750 0.613000 0.548000 0.617333 0.549250 0.620000 0.553000 0.622000 0.560500 0.622000 0.564750 0.620667 0.568250 0.618000 0.570250 0.615000 0.570750 0.609000 0.569250 0.605000 0.568000 0.603667 0.565250 0.602667 0.557750 0.602667 0.554500 0.603667 0.550750 0.606667 0.548500 0.609667
0 0.356250 0.611667 0.356000 0.616000 0.358000 0.620667 0.360500 0.623667 0.366250 0.625667 0.372750 0.625667 0.379000 0.623667 0.381000 0.622333 0.382750 0.620000 0.383750 0.616333 0.383500 0.611667 0.381250 0.607667 0.378500 0.606000 0.373250 0.604333 0.369250 0.604000 0.362000 0.606000 0.358000 0.609000
0 0.388250 0.607667 0.388250 0.612000 0.391000 0.617333 0.395500 0.620667 0.399750 0.622333 0.405250 0.622667 0.408500 0.621667 0.412000 0.619000 0.413500 0.616333 0.414250 0.613000 0.414250 0.610667 0.413000 0.607333 0.411500 0.605333 0.408250 0.603000 0.403750 0.601667 0.398250 0.601667 0.392500 0.603000 0.390500 0.604333
0 0.527750 0.716000 0.528500 0.720000 0.529750 0.721667 0.534250 0.725333 0.539750 0.727333 0.546000 0.727000 0.549250 0.725000 0.552000 0.721333 0.551500 0.717333 0.549250 0.713333 0.546000 0.711000 0.541750 0.709667 0.535500 0.709333 0.532750 0.710000 0.529500 0.712000 0.528500 0.713333
0 0.440750 0.531000 0.439000 0.530000 0.435750 0.529667 0.430750 0.532667 0.426750 0.541667 0.425750 0.546333 0.426250 0.553000 0.428000 0.556333 0.432250 0.557333 0.436000 0.555000 0.437500 0.553000 0.441250 0.545000 0.442750 0.537333 0.442750 0.533667
0 0.631500 0.538000 0.628250 0.536000 0.625500 0.536000 0.618750 0.538333 0.614250 0.541333 0.610750 0.547667 0.610750 0.549667 0.612500 0.553333 0.615000 0.555000 0.623000 0.554333 0.626500 0.552667 0.630500 0.549333 0.632000 0.546333 0.632500 0.541000
0 0.588000 0.540333 0.588250 0.545667 0.590750 0.549667 0.595250 0.553333 0.604000 0.554000 0.607000 0.552667 0.608500 0.550000 0.608250 0.545333 0.606250 0.541667 0.600250 0.537667 0.593250 0.537000 0.591000 0.537667
0 0.603750 0.520667 0.605000 0.525333 0.606250 0.527000 0.611250 0.529667 0.615750 0.530000 0.618250 0.529333 0.621000 0.527667 0.622500 0.525333 0.622500 0.521333 0.621250 0.518333 0.617750 0.516000 0.614250 0.515333 0.606750 0.515667 0.604500 0.517667
0 0.557500 0.521333 0.557500 0.525333 0.560000 0.529667 0.564500 0.532000 0.570250 0.532333 0.576500 0.531000 0.579500 0.529333 0.581250 0.525333 0.580750 0.520667 0.579000 0.517667 0.576500 0.516000 0.573500 0.515333 0.565250 0.515333 0.560000 0.517000
0 0.470000 0.521667 0.470250 0.525333 0.473000 0.530000 0.474750 0.531333 0.483500 0.533000 0.489750 0.532667 0.493250 0.530333 0.495250 0.526000 0.494750 0.521667 0.492000 0.517000 0.490000 0.515667 0.485500 0.514333 0.481500 0.514000 0.474000 0.515667 0.471000 0.518333
0 0.492500 0.544333 0.491500 0.542000 0.489500 0.540000 0.483000 0.538667 0.478250 0.539000 0.474250 0.540333 0.472000 0.542000 0.470000 0.545000 0.469750 0.550000 0.470500 0.553000 0.474250 0.556667 0.477500 0.557667 0.482500 0.557667 0.490500 0.553667 0.492500 0.549333
0 0.532500 0.475000 0.532000 0.477333 0.532500 0.482000 0.533500 0.483667 0.537250 0.487000 0.541250 0.488667 0.547750 0.488667 0.552250 0.487000 0.553500 0.485000 0.554000 0.482000 0.553500 0.477333 0.548000 0.473000 0.542750 0.471333 0.539250 0.471333 0.533750 0.473333
0 0.578000 0.500667 0.576750 0.497000 0.575000 0.495000 0.572250 0.493333 0.567000 0.492667 0.562000 0.493333 0.556750 0.495667 0.554750 0.498667 0.554500 0.502667 0.555500 0.506000 0.557000 0.507333 0.563500 0.509667 0.569250 0.510000 0.576500 0.507333 0.577750 0.505000
0 0.597500 0.498000 0.597500 0.502333 0.599750 0.506667 0.607500 0.510333 0.615250 0.509333 0.618250 0.507000 0.621250 0.502000 0.621000 0.498000 0.618500 0.493667 0.616250 0.492333 0.612000 0.491333 0.606750 0.491333 0.602750 0.492333 0.599000 0.494667
0 0.635000 0.466333 0.634500 0.471333 0.636250 0.475000 0.644250 0.482667 0.649250 0.484333 0.654250 0.484667 0.657500 0.483000 0.659000 0.479667 0.659000 0.476000 0.658250 0.473333 0.654750 0.469000 0.647750 0.465333 0.643500 0.464000 0.638500 0.464000
0 0.559500 0.455000 0.559000 0.459667 0.560750 0.463667 0.563750 0.466667 0.568250 0.468000 0.575000 0.467667 0.578000 0.466667 0.582000 0.462667 0.583250 0.459000 0.583000 0.455000 0.580500 0.451667 0.577500 0.449333 0.573250 0.448000 0.568000 0.448333 0.564250 0.449667
0 0.548250 0.517667 0.545000 0.515333 0.533250 0.515667 0.529750 0.517667 0.525750 0.523000 0.525000 0.526000 0.526250 0.529000 0.529500 0.531000 0.536750 0.531000 0.542500 0.529667 0.545500 0.528000 0.546750 0.526333 0.548500 0.522000
0 0.493750 0.479000 0.492500 0.477667 0.490500 0.477000 0.483750 0.477000 0.481250 0.477667 0.476250 0.481667 0.475500 0.486000 0.478000 0.488667 0.482250 0.488667 0.489750 0.486333 0.493250 0.482667
0 0.500750 0.543000 0.500750 0.546000 0.502250 0.550000 0.506250 0.553333 0.512250 0.554667 0.517750 0.554333 0.521250 0.553333 0.526000 0.549667 0.528000 0.545333 0.527500 0.541667 0.526250 0.539667 0.521500 0.537000 0.518000 0.536333 0.513500 0.536333 0.505500 0.538000 0.502250 0.539667
0 0.498750 0.564000 0.497250 0.561667 0.494500 0.559667 0.486500 0.560333 0.479750 0.564000 0.478000 0.567333 0.478000 0.570000 0.478500 0.572000 0.481750 0.575000 0.484500 0.576000 0.489500 0.575667 0.497000 0.570667 0.498250 0.569000
