0 0.375667 0.347500 0.372667 0.348750 0.369333 0.352500 0.367667 0.361500 0.368333 0.365750 0.371667 0.371000 0.373667 0.372750 0.377333 0.373500 0.380333 0.372000 0.382333 0.369750 0.385000 0.362750 0.385333 0.356750 0.384667 0.353000 0.382000 0.349000 0.380000 0.347750
0 0.369333 0.532500 0.367667 0.533500 0.367000 0.535500 0.367333 0.540000 0.369000 0.544250 0.375333 0.552750 0.377333 0.554000 0.381667 0.554500 0.385333 0.552250 0.386333 0.548500 0.385333 0.544250 0.383667 0.541000 0.380667 0.537500 0.375333 0.533250 0.373667 0.532500
0 0.286000 0.632500 0.282667 0.633500 0.281000 0.635250 0.279000 0.641750 0.279000 0.647500 0.282000 0.655000 0.286333 0.657250 0.288333 0.657500 0.292000 0.656750 0.295333 0.654250 0.296333 0.650000 0.296333 0.642750 0.295667 0.639250 0.292667 0.634500 0.290667 0.633250
0 0.444000 0.722250 0.442000 0.722000 0.438667 0.722750 0.430667 0.728500 0.425333 0.736750 0.425333 0.741250 0.427667 0.744000 0.432333 0.744250 0.435333 0.743250 0.443667 0.737000 0.446333 0.729250 0.446333 0.725000
0 0.557000 0.672250 0.551667 0.672750 0.549333 0.674250 0.547000 0.680000 0.547000 0.685000 0.548000 0.690000 0.549333 0.692000 0.553000 0.694000 0.556667 0.693750 0.558667 0.692500 0.561000 0.689750 0.562000 0.685750 0.562000 0.677750 0.560667 0.674000
0 0.536333 0.651250 0.533333 0.650750 0.530000 0.651750 0.524667 0.658000 0.522000 0.666250 0.521667 0.673000 0.523333 0.676000 0.525667 0.677750 0.529333 0.677250 0.534000 0.673500 0.538000 0.668500 0.539333 0.662750 0.539333 0.657000 0.538000 0.652750
0 0.510333 0.621750 0.505333 0.622750 0.502000 0.625250 0.500667 0.628000 0.499667 0.634000 0.500000 0.638250 0.502333 0.642000 0.505333 0.643500 0.509000 0.643250 0.511000 0.642500 0.513000 0.640750 0.514667 0.637250 0.514667 0.626250 0.513333 0.624000
0 0.482667 0.589250 0.479000 0.591500 0.478000 0.593000 0.476667 0.600000 0.477000 0.604750 0.478000 0.607750 0.481333 0.611250 0.483000 0.612250 0.486333 0.612750 0.490333 0.611000 0.493000 0.607500 0.494333 0.602250 0.494000 0.595750 0.492000 0.592000 0.489667 0.590000 0.486667 0.589250
0 0.459000 0.564750 0.456667 0.567000 0.455333 0.570250 0.455333 0.575500 0.457333 0.580500 0.462333 0.585250 0.465333 0.586000 0.467333 0.587250 0.470667 0.587500 0.473667 0.585250 0.475000 0.581750 0.475000 0.579250 0.472000 0.572250 0.466333 0.566000 0.463333 0.564750
0 0.451333 0.584750 0.449000 0.587500 0.448667 0.593000 0.453667 0.602000 0.460333 0.608000 0.465000 0.609000 0.470000 0.608500 0.471667 0.607000 0.472333 0.602000 0.470000 0.595500 0.466667 0.590500 0.463000 0.587500 0.459667 0.585750 0.456000 0.584500
0 0.438333 0.596250 0.435667 0.597250 0.432000 0.601000 0.431000 0.603750 0.431000 0.608500 0.432000 0.612750 0.434000 0.616500 0.438333 0.620250 0.441333 0.620500 0.444000 0.619750 0.448000 0.615500 0.449333 0.612000 0.448333 0.603000 0.444333 0.597750 0.443000 0.596750
0 0.399667 0.592750 0.398333 0.594750 0.399333 0.600000 0.408667 0.607500 0.413000 0.609000 0.419000 0.609750 0.422667 0.609500 0.426000 0.608000 0.427333 0.605250 0.427333 0.602500 0.424333 0.597500 0.420333 0.594750 0.416333 0.593000 0.412333 0.592500 0.408667 0.590750 0.403667 0.591000
0 0.424333 0.573500 0.420333 0.573500 0.416667 0.575250 0.412333 0.580500 0.409333 0.587250 0.409667 0.589250 0.412333 0.592000 0.414667 0.592500 0.419667 0.592000 0.426000 0.584500 0.427667 0.580750 0.427667 0.577250 0.427000 0.575250
0 0.459333 0.361750 0.457333 0.364500 0.457333 0.369750 0.459333 0.374250 0.462000 0.377750 0.467000 0.382000 0.470333 0.383000 0.474000 0.382250 0.475667 0.379750 0.475667 0.375750 0.471667 0.369500 0.466667 0.363750 0.463333 0.362000
0 0.509667 0.342000 0.506000 0.343250 0.503667 0.345500 0.502000 0.351750 0.502000 0.356250 0.503333 0.361250 0.507000 0.365500 0.510000 0.367000 0.513667 0.367000 0.517333 0.364750 0.519000 0.362000 0.519667 0.353000 0.518333 0.346250 0.517333 0.344750 0.513000 0.342000
0 0.576667 0.334750 0.573000 0.336500 0.571000 0.338250 0.568667 0.344500 0.568667 0.349750 0.570000 0.354500 0.572333 0.358250 0.576333 0.361000 0.581333 0.361500 0.583333 0.361000 0.586333 0.357750 0.587667 0.350250 0.587333 0.345250 0.584667 0.337500 0.580000 0.335000
0 0.524333 0.399000 0.521667 0.400750 0.520333 0.405000 0.521000 0.408000 0.524667 0.415250 0.530667 0.420500 0.532333 0.421000 0.537333 0.421000 0.539000 0.419250 0.540000 0.416500 0.539667 0.408750 0.537000 0.404000 0.530333 0.399000
0 0.413000 0.404500 0.411333 0.407500 0.412333 0.411750 0.414000 0.413750 0.420333 0.417750 0.425333 0.419500 0.433000 0.420250 0.439000 0.418750 0.441333 0.417000 0.441667 0.414750 0.440667 0.411500 0.438333 0.408750 0.435000 0.406500 0.428000 0.403750 0.423667 0.403000 0.415667 0.403000
0 0.357333 0.419500 0.353000 0.420000 0.347000 0.423500 0.343000 0.430750 0.341667 0.437000 0.341667 0.442000 0.342333 0.444250 0.346000 0.447500 0.349667 0.447750 0.356667 0.443500 0.361000 0.435250 0.362333 0.429750 0.362333 0.424000 0.361667 0.422500
0 0.532333 0.430750 0.530000 0.431250 0.528667 0.432250 0.525667 0.437000 0.524667 0.439500 0.524667 0.447750 0.526333 0.451000 0.530000 0.455000 0.533000 0.457000 0.536667 0.457000 0.538333 0.456250 0.541667 0.451500 0.542667 0.448250 0.542667 0.441000 0.542000 0.438000 0.538333 0.432000 0.536333 0.431000
0 0.622667 0.444750 0.617667 0.444500 0.614333 0.445500 0.612000 0.447500 0.610667 0.449750 0.609667 0.454500 0.609667 0.463500 0.610667 0.466750 0.614667 0.469250 0.618667 0.469250 0.622667 0.468000 0.624667 0.466000 0.627000 0.460250 0.627667 0.456500 0.627000 0.451250 0.625667 0.447500
0 0.586000 0.510250 0.585333 0.514750 0.586667 0.517000 0.594667 0.522250 0.600000 0.524000 0.606667 0.524750 0.610667 0.524000 0.612667 0.523000 0.613667 0.521000 0.613000 0.517000 0.607000 0.512500 0.592333 0.508750 0.587667 0.509000
0 0.457000 0.533250 0.453667 0.535000 0.450667 0.540250 0.450667 0.542750 0.453667 0.552750 0.458333 0.556500 0.459667 0.556500 0.462667 0.555250 0.465667 0.552250 0.466667 0.549500 0.466333 0.540750 0.462667 0.535500 0.460333 0.533500
0 0.441000 0.541250 0.438000 0.542250 0.435000 0.545000 0.433667 0.548500 0.433333 0.556250 0.434667 0.561500 0.439000 0.566500 0.441667 0.567500 0.444000 0.567500 0.447667 0.565250 0.450333 0.561000 0.451000 0.551250 0.450333 0.548250 0.448333 0.544750 0.444333 0.541500
