0 0.471667 0.282500 0.470000 0.282750 0.467333 0.284750 0.462667 0.290250 0.461333 0.298250 0.462333 0.307250 0.465333 0.311000 0.469000 0.312500 0.471667 0.312500 0.475333 0.310500 0.479333 0.303500 0.480667 0.298750 0.479667 0.290000 0.475000 0.283750
0 0.444000 0.357250 0.444333 0.361000 0.447333 0.363500 0.453000 0.365000 0.459000 0.365000 0.467000 0.363500 0.471667 0.361000 0.472667 0.358750 0.472333 0.356000 0.470333 0.353750 0.466667 0.352500 0.463000 0.352000 0.451000 0.352500 0.447000 0.354000
0 0.395333 0.380000 0.392333 0.381250 0.391333 0.383500 0.391000 0.386000 0.392000 0.391750 0.394333 0.396500 0.397667 0.401000 0.399667 0.402500 0.404333 0.403000 0.407333 0.400250 0.408333 0.396000 0.408000 0.392000 0.404333 0.383500 0.401000 0.381250 0.397333 0.380000
0 0.486667 0.408000 0.485333 0.408500 0.482667 0.411250 0.480333 0.414750 0.479000 0.418500 0.478667 0.423500 0.480000 0.428250 0.483333 0.432000 0.486333 0.433750 0.490000 0.433750 0.494667 0.430250 0.496667 0.427250 0.498000 0.421750 0.498000 0.415250 0.497000 0.412750 0.494000 0.409250 0.491000 0.408000
0 0.398667 0.422750 0.394000 0.423000 0.391333 0.424250 0.388000 0.430000 0.387333 0.432750 0.387333 0.437750 0.388667 0.442000 0.392000 0.445750 0.395333 0.446500 0.398000 0.446000 0.402000 0.443750 0.404333 0.440250 0.405000 0.437750 0.405000 0.430500 0.404000 0.426250 0.401333 0.423250
0 0.416000 0.430750 0.412667 0.432500 0.411000 0.435000 0.409667 0.439250 0.409667 0.447500 0.411000 0.451000 0.413000 0.453250 0.415333 0.454250 0.419333 0.454250 0.422667 0.451750 0.424667 0.448500 0.426000 0.444000 0.426333 0.439250 0.425333 0.435000 0.423333 0.432250 0.420000 0.430750
0 0.483000 0.452500 0.481667 0.453250 0.480333 0.456250 0.480333 0.460000 0.481667 0.464750 0.485667 0.470000 0.487333 0.471250 0.491000 0.472000 0.494000 0.470250 0.495333 0.467500 0.495333 0.462250 0.492333 0.455750 0.490000 0.453250 0.487333 0.452250
0 0.400000 0.461500 0.396667 0.461500 0.393333 0.462500 0.392000 0.463500 0.387667 0.470750 0.386667 0.476750 0.387000 0.482000 0.389333 0.486500 0.392667 0.489000 0.396667 0.489250 0.401000 0.487500 0.403000 0.486000 0.405000 0.482750 0.406667 0.474250 0.406333 0.467500 0.404333 0.463750 0.402333 0.462250
0 0.453667 0.477750 0.452333 0.478750 0.452000 0.482750 0.455333 0.488500 0.460667 0.491750 0.466333 0.493250 0.471333 0.496250 0.474333 0.496250 0.475333 0.495750 0.477000 0.492000 0.477000 0.489250 0.475333 0.485750 0.470333 0.483750 0.467333 0.480500 0.462333 0.477750 0.460000 0.477250 0.455333 0.477250
0 0.443667 0.489750 0.439333 0.490250 0.436000 0.493000 0.433667 0.498500 0.434333 0.506000 0.437333 0.510500 0.439667 0.512250 0.443000 0.512250 0.444667 0.511250 0.448333 0.506250 0.449000 0.503500 0.448333 0.494000 0.446667 0.491750
0 0.462000 0.496500 0.458667 0.498500 0.457333 0.500500 0.456667 0.506500 0.457667 0.510500 0.462000 0.517500 0.463333 0.518500 0.467000 0.519750 0.471000 0.519750 0.475000 0.517250 0.475667 0.515000 0.475333 0.508000 0.472000 0.501750 0.468667 0.498500 0.466000 0.496750
0 0.490333 0.492000 0.485667 0.492250 0.482667 0.493750 0.478000 0.502250 0.478000 0.510500 0.479333 0.513000 0.483000 0.515000 0.486333 0.515000 0.489667 0.513750 0.491000 0.512750 0.495000 0.506250 0.495667 0.503500 0.495333 0.497500 0.493667 0.494000
0 0.533000 0.516750 0.530667 0.518250 0.528667 0.521250 0.528333 0.527500 0.531000 0.534000 0.532667 0.535500 0.534000 0.535750 0.536667 0.535250 0.538667 0.533500 0.540000 0.529750 0.540000 0.524500 0.539333 0.521250 0.537667 0.518000 0.535667 0.517000
0 0.553333 0.510250 0.549000 0.510750 0.544667 0.513250 0.541333 0.520750 0.541667 0.526000 0.542667 0.529250 0.544667 0.531500 0.548667 0.533750 0.552333 0.533000 0.556333 0.530000 0.558667 0.525250 0.559333 0.521250 0.559000 0.516000 0.557000 0.512500
0 0.494000 0.539750 0.490000 0.539500 0.486333 0.540750 0.483333 0.543750 0.478667 0.551000 0.477333 0.556000 0.477667 0.560500 0.479000 0.561750 0.482333 0.563000 0.487000 0.563000 0.490333 0.562250 0.492333 0.560750 0.495667 0.555500 0.497000 0.552250 0.497333 0.546500 0.496000 0.541500
0 0.462333 0.586000 0.458667 0.587250 0.455000 0.591500 0.454000 0.595000 0.454000 0.603000 0.455333 0.607750 0.457667 0.610750 0.462000 0.613000 0.465000 0.613000 0.468333 0.611500 0.471333 0.608000 0.472667 0.602250 0.472667 0.595000 0.471333 0.591000 0.469333 0.588000 0.466667 0.586250
0 0.393000 0.600750 0.390333 0.602750 0.389000 0.606500 0.388667 0.612000 0.390333 0.616500 0.392000 0.619250 0.396000 0.623250 0.399667 0.624500 0.405000 0.624250 0.407333 0.621750 0.408333 0.619000 0.408333 0.614500 0.405000 0.605750 0.401000 0.602000 0.397333 0.600750
0 0.377000 0.608500 0.374000 0.607500 0.369333 0.607750 0.364000 0.610250 0.361333 0.612750 0.356667 0.622000 0.357333 0.626500 0.360667 0.629750 0.365000 0.630500 0.370000 0.628750 0.374000 0.626250 0.377000 0.623250 0.381333 0.616000 0.381000 0.611250
0 0.348667 0.562250 0.346667 0.564250 0.346333 0.568750 0.349333 0.576500 0.352333 0.580500 0.357333 0.584000 0.361667 0.585500 0.365000 0.584750 0.367333 0.580750 0.367333 0.575750 0.365333 0.570000 0.361333 0.565000 0.358333 0.562750 0.354000 0.562000
0 0.463333 0.649000 0.459333 0.649000 0.456333 0.650000 0.454667 0.651250 0.450667 0.658250 0.449667 0.662000 0.450333 0.669500 0.451667 0.671500 0.455000 0.673750 0.459000 0.673250 0.462667 0.671250 0.464667 0.669500 0.467333 0.665250 0.468333 0.660000 0.468000 0.653750 0.466667 0.651000
0 0.444000 0.692500 0.440667 0.692750 0.438667 0.693750 0.435000 0.697500 0.431000 0.705250 0.429333 0.712500 0.430000 0.716500 0.431667 0.718250 0.434667 0.719000 0.439000 0.718250 0.441667 0.716500 0.444333 0.713250 0.447333 0.706750 0.448333 0.702750 0.448333 0.697750 0.447000 0.695000
0 0.387000 0.694750 0.383000 0.696750 0.382000 0.699000 0.382000 0.705000 0.383667 0.709250 0.391667 0.717250 0.396000 0.718500 0.401000 0.718750 0.404333 0.717250 0.405333 0.714750 0.405333 0.708500 0.404333 0.705000 0.401000 0.701000 0.396333 0.697250 0.389333 0.694500
0 0.373667 0.680000 0.370667 0.681000 0.368000 0.683000 0.365333 0.689500 0.365000 0.697500 0.368000 0.703500 0.371000 0.705000 0.374333 0.704750 0.379000 0.701500 0.381000 0.698250 0.382667 0.690750 0.381000 0.682000 0.379000 0.681000
0 0.357333 0.667250 0.351333 0.668500 0.345000 0.673500 0.343000 0.680250 0.342667 0.685500 0.344000 0.690000 0.346000 0.691500 0.350333 0.691500 0.354000 0.690000 0.359000 0.684750 0.362000 0.677500 0.362333 0.673000 0.360667 0.670000
0 0.325000 0.638250 0.322667 0.639500 0.321333 0.642000 0.322000 0.647250 0.327667 0.654750 0.330333 0.656500 0.334333 0.658000 0.339333 0.657750 0.341667 0.655500 0.342333 0.652750 0.342333 0.649750 0.340667 0.645750 0.338333 0.642750 0.333333 0.639750 0.328667 0.638250
0 0.346333 0.643750 0.345000 0.645250 0.345000 0.648500 0.348000 0.654750 0.355667 0.659750 0.358000 0.660500 0.361333 0.660500 0.363333 0.658250 0.363333 0.654250 0.361667 0.650000 0.356333 0.646000 0.350000 0.643000
0 0.678333 0.326250 0.676667 0.325750 0.673000 0.326000 0.668000 0.329750 0.661667 0.337250 0.659333 0.341500 0.659333 0.346000 0.661667 0.348000 0.666667 0.348750 0.670333 0.347500 0.678000 0.341750 0.680333 0.335750 0.680333 0.329500
