0 0.567333 0.336000 0.564333 0.336000 0.560667 0.338000 0.556000 0.346500 0.555333 0.353750 0.557333 0.358000 0.560333 0.360250 0.564333 0.360000 0.569000 0.357750 0.572000 0.350250 0.573000 0.346000 0.572667 0.341250 0.571000 0.337750 0.569333 0.336500
0 0.635667 0.363250 0.634000 0.363250 0.630667 0.364500 0.626333 0.367250 0.622667 0.373500 0.621667 0.377250 0.622000 0.381750 0.623000 0.383250 0.626333 0.385500 0.630000 0.385250 0.632333 0.383750 0.639000 0.377250 0.641000 0.373750 0.640667 0.368250 0.639667 0.365500
0 0.643333 0.363750 0.641667 0.364500 0.641000 0.365750 0.641000 0.370250 0.642000 0.373500 0.644333 0.377500 0.648333 0.381750 0.649667 0.382500 0.654000 0.382250 0.656000 0.380250 0.656667 0.377750 0.656667 0.373250 0.655000 0.368750 0.647333 0.363500
0 0.639333 0.345750 0.639333 0.349500 0.641667 0.351750 0.648000 0.354000 0.653667 0.354750 0.658667 0.354250 0.664000 0.351500 0.666667 0.350750 0.668333 0.349250 0.669000 0.346500 0.668667 0.345250 0.666667 0.343500 0.661667 0.341750 0.654667 0.340750 0.643333 0.342000 0.641333 0.343250
0 0.614667 0.396000 0.610667 0.395500 0.607667 0.396250 0.602333 0.399500 0.599000 0.404000 0.597000 0.409250 0.596667 0.416000 0.597667 0.418000 0.599667 0.419750 0.604333 0.419500 0.607333 0.418250 0.613333 0.413000 0.616000 0.409250 0.617667 0.404000 0.617667 0.399750 0.616333 0.397000
0 0.630000 0.426500 0.626667 0.428250 0.623333 0.432250 0.622333 0.435750 0.622333 0.439250 0.624000 0.444000 0.626333 0.448000 0.630667 0.450250 0.634000 0.450250 0.637333 0.448750 0.639333 0.446750 0.640667 0.442750 0.640667 0.434750 0.639000 0.430250 0.635333 0.427750 0.631667 0.426500
0 0.568667 0.440750 0.564667 0.442250 0.563333 0.444250 0.562333 0.447500 0.563000 0.457750 0.563667 0.460000 0.566667 0.462500 0.569667 0.464000 0.573333 0.464500 0.576333 0.463500 0.578667 0.459250 0.579000 0.454000 0.578000 0.447500 0.576667 0.444250 0.574667 0.442250 0.572667 0.441250
0 0.547000 0.438750 0.543667 0.438750 0.541000 0.439750 0.536000 0.447000 0.535333 0.450000 0.536000 0.457000 0.537333 0.459250 0.541000 0.460750 0.544667 0.460250 0.550667 0.456000 0.552333 0.452750 0.552333 0.445250 0.549667 0.439750
0 0.537333 0.464250 0.533333 0.467000 0.532000 0.470500 0.533000 0.477500 0.536000 0.483250 0.538000 0.484750 0.541333 0.486000 0.545000 0.486250 0.548333 0.485000 0.550667 0.482750 0.551000 0.478000 0.549667 0.473500 0.545333 0.466500 0.541333 0.464500
0 0.517333 0.468500 0.515333 0.470250 0.514667 0.472750 0.514667 0.480000 0.516333 0.485000 0.517333 0.486500 0.521000 0.488750 0.525000 0.490250 0.529000 0.489750 0.531667 0.485750 0.531667 0.480000 0.530000 0.474250 0.528000 0.471250 0.526000 0.469750 0.522000 0.468500
0 0.739667 0.483750 0.737000 0.485500 0.736000 0.488250 0.736000 0.492250 0.738000 0.497500 0.744333 0.505750 0.748000 0.507000 0.752000 0.506500 0.755667 0.504500 0.757000 0.502250 0.756667 0.498000 0.755333 0.494750 0.753667 0.493250 0.749000 0.485500 0.744333 0.484000
0 0.622000 0.523000 0.620333 0.524750 0.620333 0.528500 0.626333 0.538250 0.634000 0.542500 0.637667 0.542500 0.640000 0.541750 0.641333 0.540500 0.642333 0.537250 0.640667 0.533250 0.636667 0.528250 0.630667 0.523750 0.626000 0.522750
0 0.709667 0.510250 0.707667 0.513750 0.708000 0.517000 0.712667 0.525000 0.720333 0.530750 0.729000 0.531250 0.731000 0.530250 0.731667 0.529250 0.731667 0.525000 0.724333 0.514250 0.717000 0.509500 0.712333 0.509250
0 0.595667 0.508000 0.591000 0.507500 0.588000 0.508750 0.580333 0.516750 0.579333 0.520000 0.579333 0.526250 0.580667 0.528500 0.583333 0.530250 0.585333 0.530250 0.589000 0.529000 0.592667 0.526000 0.596333 0.519250 0.598000 0.513250 0.597667 0.510000
0 0.616333 0.551000 0.614000 0.551000 0.611000 0.552250 0.607000 0.557250 0.606000 0.560000 0.605667 0.565250 0.606333 0.568750 0.608000 0.572250 0.610667 0.575000 0.612000 0.575500 0.615667 0.575500 0.618000 0.574250 0.620333 0.572250 0.622667 0.568000 0.622667 0.556750 0.620667 0.553250
0 0.634667 0.560500 0.631667 0.561750 0.629333 0.564000 0.628333 0.568250 0.628333 0.573250 0.629667 0.576750 0.633667 0.581750 0.635667 0.583000 0.639333 0.583500 0.642333 0.582250 0.644333 0.580000 0.646000 0.573250 0.645667 0.568000 0.644667 0.564500 0.642333 0.562000 0.639000 0.560500
0 0.723333 0.580500 0.721333 0.581250 0.718667 0.584000 0.717000 0.587250 0.716667 0.592250 0.720667 0.601750 0.724667 0.604500 0.729000 0.604750 0.732667 0.603000 0.734333 0.600000 0.734333 0.589250 0.732333 0.585000 0.726000 0.580750
0 0.591333 0.554500 0.586667 0.557000 0.583667 0.560750 0.582667 0.563750 0.582667 0.569000 0.583667 0.572500 0.586333 0.577000 0.588333 0.578000 0.592667 0.578250 0.597000 0.576750 0.599333 0.573500 0.600333 0.569250 0.600333 0.563500 0.597667 0.557000 0.595667 0.555500
0 0.563667 0.560250 0.560333 0.561000 0.557000 0.564500 0.556333 0.567500 0.556667 0.572250 0.558667 0.579000 0.561667 0.583500 0.564333 0.585500 0.568333 0.585750 0.572000 0.583750 0.573667 0.581250 0.574667 0.577000 0.574667 0.571750 0.573000 0.567250 0.570667 0.564000 0.568000 0.561750
0 0.549000 0.569000 0.545000 0.569500 0.540667 0.571500 0.536000 0.577250 0.534333 0.582250 0.534333 0.586750 0.536000 0.590250 0.538000 0.591500 0.542333 0.591750 0.544667 0.591000 0.549667 0.586500 0.553333 0.581250 0.553333 0.572500 0.552333 0.571000
0 0.530000 0.597250 0.525333 0.597000 0.517667 0.600000 0.513333 0.604000 0.508667 0.611250 0.509000 0.616000 0.513000 0.619250 0.515333 0.619500 0.520000 0.618250 0.529667 0.612250 0.533333 0.603500 0.532667 0.599250
0 0.530000 0.615000 0.528000 0.615000 0.524000 0.616500 0.518667 0.620250 0.516667 0.623250 0.517000 0.634500 0.518000 0.636250 0.522000 0.639250 0.526667 0.639250 0.529667 0.638000 0.534667 0.627750 0.535000 0.621500 0.534333 0.619000 0.533000 0.617000
0 0.596667 0.616500 0.594667 0.616500 0.591333 0.617500 0.586000 0.621750 0.583000 0.626500 0.582667 0.634750 0.584333 0.638250 0.587333 0.640000 0.592667 0.639250 0.595667 0.635750 0.600333 0.628250 0.601000 0.625500 0.600667 0.619250 0.599000 0.617250
0 0.657000 0.647500 0.652667 0.649000 0.649000 0.652750 0.647667 0.657250 0.647667 0.662750 0.649333 0.670250 0.651667 0.674000 0.654333 0.676250 0.657333 0.677250 0.659667 0.677250 0.662667 0.676500 0.665000 0.674750 0.667667 0.671250 0.669000 0.666750 0.669333 0.660750 0.668333 0.655250 0.664667 0.649750 0.661667 0.648000
0 0.635000 0.625750 0.632667 0.627500 0.631000 0.632250 0.631000 0.637750 0.632000 0.642250 0.634333 0.646500 0.638667 0.649000 0.642667 0.649000 0.645000 0.647750 0.647333 0.644000 0.648333 0.639000 0.648000 0.633750 0.646000 0.630250 0.642333 0.626750 0.639667 0.625750
0 0.591667 0.666000 0.592333 0.669500 0.593333 0.670750 0.606000 0.675500 0.611667 0.676250 0.621333 0.676500 0.623333 0.676000 0.625667 0.673500 0.625667 0.670250 0.623333 0.666500 0.616667 0.664000 0.607000 0.662500 0.602333 0.662750 0.595667 0.663750
0 0.587333 0.670750 0.584667 0.673000 0.584000 0.674750 0.584000 0.679000 0.586667 0.688000 0.588667 0.690750 0.592667 0.694250 0.596000 0.695250 0.599333 0.694750 0.600667 0.694000 0.603000 0.689750 0.603000 0.684250 0.601333 0.679000 0.599000 0.675250 0.596000 0.672750 0.591667 0.671000
0 0.564000 0.656250 0.561667 0.657750 0.561000 0.659250 0.561000 0.663500 0.563000 0.670750 0.568000 0.675750 0.571000 0.676750 0.573000 0.676750 0.576000 0.674750 0.576667 0.673500 0.576333 0.665750 0.570333 0.658000 0.568000 0.656750
0 0.529000 0.656500 0.525333 0.656500 0.522000 0.657750 0.517667 0.661750 0.515667 0.666250 0.516333 0.679250 0.518000 0.682500 0.522000 0.685250 0.526333 0.685250 0.530000 0.683750 0.534000 0.677500 0.535000 0.674500 0.535667 0.665750 0.532667 0.658500
0 0.544000 0.708500 0.540333 0.710250 0.538000 0.713250 0.536667 0.716500 0.536333 0.720500 0.540333 0.731000 0.544333 0.733750 0.546667 0.733750 0.550333 0.732750 0.553333 0.730250 0.554333 0.725750 0.554333 0.719000 0.553667 0.716500 0.550667 0.712750 0.545667 0.708750
0 0.541000 0.735500 0.540000 0.736000 0.538333 0.739250 0.538667 0.745250 0.540333 0.751750 0.545000 0.756500 0.548667 0.758000 0.552667 0.758000 0.555000 0.756500 0.555667 0.754500 0.555667 0.748250 0.553667 0.742750 0.546000 0.736500
0 0.573333 0.734000 0.569000 0.734250 0.566333 0.735750 0.564333 0.738500 0.562667 0.743000 0.562333 0.748250 0.563667 0.754000 0.564667 0.755750 0.568000 0.757750 0.572667 0.757750 0.575000 0.756750 0.577333 0.754500 0.579333 0.747750 0.578667 0.738750 0.577000 0.735250
0 0.587000 0.741750 0.584000 0.744000 0.583000 0.748000 0.587333 0.759500 0.591000 0.763750 0.595333 0.767250 0.599333 0.768750 0.603333 0.768250 0.605000 0.766750 0.607000 0.760500 0.604000 0.752250 0.599667 0.747250 0.594333 0.743000 0.591333 0.741500
0 0.662667 0.724750 0.658333 0.726250 0.653667 0.731750 0.652667 0.735000 0.652667 0.740500 0.655333 0.748750 0.657333 0.751750 0.661000 0.753000 0.666333 0.752500 0.670333 0.750500 0.672000 0.747250 0.673000 0.741750 0.672667 0.735250 0.670333 0.728250 0.667000 0.725750
