0 0.498667 0.305500 0.497667 0.305000 0.492667 0.304750 0.485667 0.306250 0.473333 0.314750 0.470667 0.318500 0.471000 0.322750 0.474333 0.324500 0.479333 0.324750 0.485667 0.323250 0.490667 0.321000 0.498667 0.314500 0.499667 0.311250
0 0.549000 0.388500 0.546333 0.391750 0.545333 0.395750 0.547667 0.404750 0.552000 0.409500 0.557333 0.411000 0.560000 0.410000 0.561333 0.408250 0.561333 0.399500 0.558333 0.392250 0.553000 0.388250
0 0.415667 0.444750 0.413000 0.445750 0.411333 0.447500 0.410667 0.450000 0.411000 0.458750 0.412667 0.462750 0.414667 0.465250 0.416333 0.466250 0.420333 0.466500 0.424333 0.462250 0.425333 0.459750 0.425667 0.454500 0.424667 0.450750 0.422333 0.446750 0.419667 0.445000
0 0.439000 0.481250 0.436333 0.483750 0.434667 0.487000 0.434333 0.492250 0.435000 0.497750 0.437000 0.502000 0.440000 0.505250 0.443000 0.506500 0.448000 0.506500 0.450667 0.504500 0.452000 0.502500 0.452667 0.496500 0.451667 0.491750 0.448000 0.485000 0.443667 0.481750
0 0.464667 0.476000 0.463333 0.476250 0.461000 0.478750 0.460333 0.487250 0.462667 0.495500 0.466000 0.498500 0.469000 0.498750 0.471333 0.498250 0.474333 0.494750 0.474333 0.485500 0.469667 0.478000 0.467667 0.476250
0 0.485000 0.474250 0.482667 0.475000 0.480000 0.478000 0.479667 0.484250 0.481667 0.494750 0.485667 0.499000 0.489000 0.499250 0.491667 0.497750 0.493333 0.495000 0.494333 0.491250 0.494333 0.486750 0.491000 0.476750 0.487667 0.474500
0 0.524667 0.497500 0.521667 0.495250 0.517333 0.494250 0.509667 0.494250 0.505333 0.495750 0.500000 0.496750 0.492667 0.500250 0.490333 0.502250 0.490000 0.505750 0.490667 0.506750 0.493667 0.508000 0.500000 0.509000 0.504333 0.509000 0.513333 0.507750 0.517000 0.506500 0.522667 0.503250 0.524667 0.499250
0 0.557333 0.489250 0.555667 0.489250 0.553333 0.490250 0.549000 0.493500 0.546667 0.498000 0.546000 0.502750 0.547333 0.509250 0.549000 0.511250 0.551333 0.512000 0.553333 0.512000 0.559000 0.506500 0.561000 0.502250 0.561667 0.497500 0.561333 0.492000 0.560000 0.490250
0 0.589000 0.514250 0.586667 0.513000 0.583000 0.512250 0.575000 0.512250 0.570667 0.513000 0.564000 0.515500 0.557000 0.519250 0.554333 0.521750 0.553000 0.524750 0.553333 0.526000 0.555667 0.527500 0.559333 0.528250 0.568667 0.528250 0.576667 0.526500 0.579667 0.524750 0.584000 0.523250 0.587333 0.521000 0.589667 0.518250
0 0.569000 0.529250 0.567333 0.530750 0.567000 0.533750 0.568667 0.536750 0.571333 0.539250 0.580333 0.545500 0.588333 0.548000 0.591667 0.548250 0.593000 0.547250 0.594333 0.544750 0.593667 0.541750 0.592000 0.539000 0.585000 0.532500 0.579333 0.529000 0.571667 0.528250
0 0.552667 0.535500 0.549667 0.537500 0.548000 0.540250 0.548000 0.553500 0.552000 0.558000 0.556667 0.558750 0.560333 0.557000 0.562000 0.553750 0.562333 0.548000 0.561333 0.541000 0.557333 0.536250
0 0.471000 0.531750 0.466667 0.531750 0.464667 0.532500 0.463000 0.533750 0.461333 0.537500 0.461333 0.542750 0.462333 0.547250 0.463333 0.549000 0.466333 0.550500 0.471333 0.549500 0.474000 0.545500 0.475333 0.541750 0.475333 0.537500 0.474333 0.534000
0 0.369000 0.514500 0.368333 0.516250 0.369000 0.519000 0.373333 0.522750 0.376000 0.523750 0.383333 0.525250 0.392667 0.525750 0.396333 0.524500 0.398333 0.522000 0.398000 0.517000 0.396333 0.515750 0.389333 0.513000 0.377333 0.512250 0.371667 0.513000
0 0.401000 0.580500 0.396333 0.581500 0.393000 0.584000 0.390333 0.588750 0.390000 0.596000 0.391000 0.603250 0.392000 0.605250 0.396000 0.607500 0.399333 0.607250 0.402667 0.606000 0.405000 0.603750 0.406667 0.599500 0.407333 0.595000 0.407000 0.587750 0.404667 0.582750
0 0.465667 0.586500 0.462000 0.588250 0.461000 0.591250 0.461000 0.597250 0.462000 0.603250 0.465667 0.608000 0.470333 0.611500 0.473333 0.611500 0.475000 0.611000 0.477000 0.607250 0.477333 0.600500 0.476333 0.594750 0.475333 0.592250 0.472667 0.589000 0.468667 0.586750
0 0.525667 0.584000 0.522333 0.583250 0.518000 0.583500 0.509333 0.586250 0.502000 0.591750 0.498333 0.596000 0.498333 0.603250 0.499667 0.604500 0.501333 0.605000 0.506667 0.605000 0.513333 0.602250 0.522000 0.596000 0.523667 0.593500 0.525667 0.592000 0.527333 0.589000 0.527667 0.587250
0 0.495000 0.594750 0.490000 0.595000 0.487667 0.596000 0.485667 0.597750 0.482000 0.603500 0.480667 0.612000 0.482667 0.615750 0.486667 0.616000 0.488667 0.615000 0.493333 0.611500 0.496333 0.607750 0.498000 0.602750 0.498333 0.599000 0.497333 0.596000
0 0.508000 0.616000 0.505333 0.616750 0.503667 0.618500 0.502667 0.624750 0.503000 0.630750 0.504333 0.634250 0.508000 0.638250 0.509667 0.639250 0.513333 0.639250 0.515333 0.638000 0.518000 0.634000 0.518333 0.627750 0.515667 0.622500 0.514333 0.617750 0.511000 0.616000
0 0.407667 0.613000 0.403667 0.612750 0.400667 0.614250 0.396667 0.618500 0.395000 0.621750 0.394000 0.625500 0.394000 0.631250 0.395667 0.635250 0.397000 0.636250 0.401000 0.637000 0.404667 0.635250 0.409333 0.627500 0.411000 0.623250 0.411000 0.618250 0.410000 0.615250
0 0.382000 0.637000 0.379000 0.637500 0.376333 0.639000 0.374333 0.642250 0.372667 0.649000 0.372667 0.655500 0.374000 0.658750 0.376333 0.661000 0.379667 0.661750 0.384333 0.660500 0.387667 0.658250 0.389333 0.656000 0.390333 0.652250 0.390667 0.646500 0.389333 0.641250 0.386333 0.638000
0 0.341333 0.607750 0.337667 0.608250 0.333667 0.609750 0.329333 0.615000 0.328000 0.618750 0.327333 0.625000 0.327667 0.631000 0.329333 0.633000 0.333667 0.633250 0.336000 0.632000 0.341000 0.627250 0.342667 0.624750 0.344333 0.618500 0.344667 0.612500 0.343667 0.609500
0 0.529000 0.654500 0.526000 0.657500 0.526333 0.662000 0.528667 0.668500 0.532667 0.675000 0.536333 0.677000 0.540000 0.678250 0.541667 0.678250 0.544333 0.674500 0.543667 0.666250 0.540000 0.661750 0.538000 0.657750 0.533000 0.655000
0 0.451000 0.662750 0.448000 0.661250 0.439667 0.661250 0.431000 0.663750 0.427333 0.665500 0.423333 0.668750 0.423000 0.672000 0.423667 0.673750 0.427333 0.675000 0.434000 0.675000 0.436667 0.674500 0.438667 0.673250 0.447000 0.670500 0.452000 0.666500
0 0.539667 0.681250 0.537667 0.679750 0.534667 0.679000 0.529333 0.679000 0.523333 0.681000 0.512667 0.689000 0.510333 0.692750 0.510333 0.694250 0.512333 0.697500 0.517000 0.699000 0.522667 0.698500 0.529667 0.695500 0.536667 0.690000 0.540333 0.685250
0 0.489333 0.696000 0.486000 0.697500 0.485000 0.700000 0.484000 0.713500 0.485667 0.718500 0.487667 0.720750 0.490333 0.722500 0.494667 0.722750 0.497667 0.721000 0.499000 0.718250 0.499333 0.710500 0.498667 0.705250 0.497333 0.700750 0.495000 0.697750 0.492000 0.696250
0 0.445667 0.693250 0.442667 0.693250 0.438667 0.695750 0.436667 0.700250 0.435667 0.709750 0.436333 0.713500 0.438333 0.717500 0.439667 0.718500 0.442667 0.719250 0.444333 0.719000 0.450333 0.715000 0.452667 0.709750 0.453000 0.704000 0.452000 0.697500 0.450333 0.695250
0 0.420667 0.718250 0.418000 0.719250 0.415333 0.722250 0.414667 0.726250 0.415333 0.734000 0.417667 0.739250 0.419333 0.741250 0.423667 0.742750 0.427667 0.742500 0.430667 0.740000 0.432333 0.737000 0.433000 0.733750 0.432667 0.726000 0.429667 0.720750 0.428000 0.719250 0.424333 0.718250
0 0.372667 0.715250 0.370333 0.717250 0.370000 0.721500 0.371333 0.725250 0.376000 0.732750 0.381667 0.736250 0.384333 0.737000 0.389000 0.736750 0.391000 0.733000 0.391000 0.729250 0.388333 0.721500 0.380333 0.715750 0.376667 0.714750
0 0.458000 0.716500 0.454333 0.716000 0.451333 0.717750 0.447000 0.719000 0.442667 0.723500 0.440000 0.728250 0.440667 0.734000 0.442667 0.737250 0.444667 0.737250 0.451000 0.734500 0.452667 0.733000 0.459000 0.721500 0.459000 0.717750
0 0.513667 0.720250 0.510000 0.720500 0.508000 0.721750 0.503000 0.728000 0.502000 0.732000 0.501667 0.736750 0.503000 0.740500 0.505667 0.743750 0.509667 0.745750 0.513333 0.745250 0.514667 0.744250 0.518333 0.739500 0.520000 0.733750 0.520333 0.728500 0.518667 0.723750 0.515667 0.721000
0 0.533667 0.741750 0.528667 0.742250 0.525667 0.744750 0.523667 0.748500 0.522667 0.760500 0.524000 0.764000 0.526000 0.765750 0.529333 0.766000 0.533000 0.763500 0.536000 0.759750 0.537667 0.756250 0.538333 0.752250 0.538000 0.744000 0.536667 0.742500
0 0.505667 0.751500 0.503000 0.753500 0.501333 0.756250 0.501000 0.761750 0.501667 0.765250 0.505667 0.772250 0.509333 0.775000 0.513333 0.775500 0.515667 0.773500 0.516667 0.771250 0.517000 0.766500 0.515667 0.758750 0.514333 0.755250 0.510333 0.751500
0 0.485667 0.754000 0.483333 0.755500 0.482333 0.757500 0.482000 0.760750 0.482667 0.763250 0.487000 0.771000 0.490667 0.773250 0.494333 0.773500 0.496667 0.771500 0.497667 0.768250 0.496333 0.763000 0.494333 0.759250 0.490333 0.755250
0 0.447333 0.741250 0.443667 0.743000 0.441000 0.748000 0.441000 0.752500 0.442333 0.758000 0.444667 0.762250 0.446667 0.763750 0.449000 0.763750 0.451000 0.763250 0.453333 0.760750 0.455000 0.755750 0.455333 0.750500 0.452667 0.743500 0.450667 0.741750
0 0.427667 0.755750 0.424000 0.758250 0.423000 0.760000 0.422333 0.763250 0.422667 0.768750 0.423667 0.772250 0.426667 0.775250 0.428333 0.776000 0.431333 0.776250 0.435000 0.774250 0.436333 0.772000 0.437000 0.768250 0.436667 0.760750 0.435333 0.758000 0.432000 0.755750
0 0.552333 0.755500 0.549000 0.757250 0.547667 0.759500 0.547667 0.771750 0.549333 0.776750 0.551667 0.779750 0.557000 0.780750 0.560000 0.780000 0.562000 0.777750 0.563000 0.772750 0.563000 0.766750 0.560667 0.759250 0.556667 0.756750
0 0.639000 0.644250 0.635333 0.646750 0.634000 0.649250 0.634000 0.656750 0.636000 0.662750 0.639333 0.668000 0.642333 0.670500 0.646000 0.670750 0.648000 0.669750 0.649667 0.667250 0.650667 0.662750 0.650333 0.657750 0.647000 0.648750 0.643000 0.645250
0 0.442667 0.401250 0.440000 0.402750 0.438667 0.405750 0.438667 0.417250 0.440667 0.421750 0.442667 0.423500 0.444333 0.423500 0.448000 0.421750 0.451000 0.416750 0.451333 0.411250 0.450667 0.407500 0.449000 0.404000 0.446333 0.402000
0 0.393000 0.439750 0.391667 0.442250 0.391667 0.444750 0.393333 0.450750 0.396000 0.454750 0.399667 0.458250 0.404000 0.458500 0.405000 0.457750 0.406000 0.455000 0.405667 0.448000 0.404000 0.443500 0.401667 0.441000 0.399333 0.439750
