0 0.446250 0.427000 0.443750 0.431667 0.443500 0.436333 0.446500 0.449000 0.450000 0.455000 0.453750 0.459667 0.456250 0.460667 0.459500 0.460667 0.461000 0.457667 0.461250 0.451667 0.460750 0.445667 0.459000 0.438667 0.456000 0.433667 0.451750 0.428333 0.448250 0.426667
0 0.376750 0.510000 0.376500 0.513333 0.377500 0.517333 0.382000 0.522000 0.385500 0.523667 0.389750 0.524667 0.396250 0.524000 0.399500 0.521667 0.402000 0.517333 0.401750 0.514000 0.400250 0.509667 0.396750 0.506333 0.392500 0.504000 0.388000 0.503000 0.381500 0.504000 0.378500 0.506667
0 0.422750 0.486333 0.420250 0.483000 0.416250 0.481333 0.407500 0.481333 0.404750 0.482333 0.400250 0.485333 0.399500 0.486667 0.399500 0.489667 0.400250 0.491000 0.405750 0.495000 0.407500 0.495667 0.413000 0.495667 0.421250 0.491333 0.422250 0.490000
0 0.644500 0.442333 0.645000 0.444667 0.647500 0.447667 0.651000 0.449667 0.657500 0.451667 0.662500 0.451333 0.667750 0.447667 0.670000 0.443333 0.669250 0.439667 0.667500 0.437667 0.662000 0.435000 0.658750 0.434333 0.652500 0.434667 0.649000 0.435667 0.645000 0.439000
0 0.672500 0.446333 0.672500 0.448333 0.674000 0.452000 0.678500 0.455000 0.683250 0.456000 0.686250 0.455667 0.691000 0.453000 0.693000 0.451333 0.693750 0.448000 0.693500 0.446667 0.690000 0.442667 0.684500 0.440333 0.681000 0.440333 0.676250 0.441667 0.674250 0.443000
0 0.657500 0.461333 0.657250 0.465000 0.657750 0.467333 0.661500 0.471333 0.665500 0.474333 0.669000 0.475333 0.673750 0.475000 0.675750 0.474000 0.677750 0.471667 0.677750 0.469667 0.675000 0.463333 0.669750 0.458667 0.662250 0.457333 0.659000 0.458667
0 0.718000 0.489333 0.719000 0.494000 0.721000 0.496000 0.724750 0.497667 0.731500 0.497333 0.736750 0.495667 0.741000 0.492667 0.742750 0.489667 0.743000 0.486000 0.741500 0.483333 0.738750 0.481333 0.733000 0.480000 0.729250 0.480000 0.724250 0.481667 0.720500 0.484000 0.718500 0.486667
0 0.701000 0.483667 0.696750 0.482333 0.692250 0.484333 0.688750 0.487667 0.687250 0.491333 0.685000 0.494333 0.683500 0.499333 0.683500 0.505000 0.685250 0.508333 0.689500 0.508333 0.693000 0.506333 0.699000 0.498333 0.702250 0.490000 0.702250 0.486000
0 0.680250 0.508667 0.679500 0.506333 0.677250 0.504000 0.672500 0.502667 0.666250 0.503000 0.662500 0.504333 0.658500 0.507333 0.657500 0.509000 0.657500 0.514000 0.658500 0.516000 0.662250 0.518667 0.665500 0.519667 0.672750 0.519000 0.677000 0.517000 0.679500 0.514000
0 0.662000 0.576000 0.662250 0.580333 0.664750 0.583667 0.667000 0.584667 0.671500 0.585000 0.674500 0.584333 0.677000 0.582667 0.678500 0.580667 0.677750 0.575667 0.674750 0.572667 0.673000 0.572000 0.665750 0.572000 0.664000 0.573000
0 0.608250 0.708333 0.608500 0.712667 0.611250 0.716333 0.614750 0.718000 0.622750 0.718000 0.627750 0.716333 0.631250 0.713667 0.633000 0.709667 0.633000 0.705667 0.631500 0.703000 0.627500 0.701000 0.623500 0.700000 0.618500 0.700000 0.615750 0.700667 0.610750 0.703333
0 0.548000 0.728000 0.547250 0.730667 0.547250 0.734000 0.548250 0.737667 0.551250 0.742000 0.555500 0.746333 0.560000 0.748667 0.563250 0.749333 0.568000 0.748333 0.569500 0.746333 0.570250 0.744000 0.570250 0.740333 0.569000 0.736000 0.563250 0.730667 0.561000 0.727667 0.556250 0.726000 0.552750 0.725667 0.549500 0.726667
0 0.556250 0.614667 0.553500 0.611333 0.548250 0.610667 0.541500 0.614333 0.536750 0.618000 0.535500 0.620000 0.535000 0.623667 0.536500 0.626000 0.539750 0.627667 0.545750 0.627667 0.553250 0.623333 0.556000 0.618667
0 0.495000 0.665000 0.495000 0.667000 0.496500 0.670333 0.501000 0.674333 0.507000 0.677333 0.514500 0.677333 0.518000 0.675667 0.519750 0.673000 0.520000 0.670333 0.518750 0.666667 0.514000 0.662000 0.510250 0.660333 0.502500 0.658667 0.500500 0.659000 0.497750 0.660333
0 0.458250 0.622333 0.459750 0.626667 0.462250 0.629667 0.470250 0.634000 0.475000 0.634333 0.480500 0.632667 0.482750 0.630667 0.483250 0.628333 0.483000 0.625667 0.481000 0.623000 0.475750 0.618667 0.471500 0.617333 0.464750 0.617000 0.459750 0.618667
0 0.435750 0.562000 0.432750 0.560333 0.430250 0.560333 0.426250 0.562333 0.423500 0.565000 0.419500 0.579333 0.419500 0.584333 0.420250 0.587667 0.422500 0.590667 0.423500 0.591333 0.428250 0.591000 0.434000 0.583667 0.436500 0.576000 0.437250 0.569667 0.437250 0.564667
0 0.437500 0.559667 0.437500 0.561667 0.439000 0.564667 0.442750 0.567667 0.446500 0.568667 0.451500 0.568000 0.456250 0.565667 0.458500 0.564000 0.460000 0.561333 0.459750 0.557000 0.459000 0.555667 0.454500 0.553000 0.448000 0.552000 0.444000 0.553000 0.439250 0.555667 0.438250 0.557000
0 0.576250 0.598667 0.574750 0.595667 0.572250 0.594000 0.565000 0.592000 0.558500 0.592667 0.553500 0.594000 0.549750 0.596000 0.548250 0.598667 0.547750 0.603333 0.549000 0.606667 0.550500 0.608667 0.552250 0.609667 0.560000 0.611000 0.564500 0.610667 0.569250 0.609333 0.573500 0.606000 0.575750 0.603333
0 0.624750 0.594667 0.625000 0.599667 0.625750 0.601333 0.630500 0.606667 0.634250 0.608667 0.642250 0.609333 0.646750 0.608333 0.650750 0.605000 0.652000 0.602667 0.652250 0.599667 0.650250 0.595333 0.643000 0.591000 0.638750 0.589333 0.631500 0.589000 0.626000 0.591333
0 0.597750 0.580333 0.598500 0.584333 0.602000 0.588667 0.603750 0.590000 0.608500 0.591667 0.616250 0.592000 0.622750 0.590000 0.624000 0.588667 0.624500 0.587000 0.624250 0.579667 0.622750 0.577667 0.619500 0.575667 0.613250 0.574667 0.606250 0.574667 0.602750 0.575667 0.598500 0.578667
0 0.595750 0.560333 0.592250 0.558667 0.588250 0.559000 0.586250 0.560333 0.582250 0.565000 0.581000 0.568333 0.581000 0.572667 0.583500 0.578667 0.587500 0.579000 0.592250 0.577000 0.597500 0.571667 0.598500 0.569000 0.598250 0.564667
0 0.561250 0.546333 0.556500 0.547000 0.554750 0.548333 0.549000 0.556000 0.547500 0.564000 0.547500 0.568333 0.548500 0.570333 0.553250 0.571000 0.557250 0.568333 0.560250 0.565000 0.562250 0.560333 0.563750 0.553667 0.563500 0.549000
0 0.521500 0.532667 0.521750 0.537333 0.525000 0.542000 0.532000 0.545667 0.537000 0.546000 0.539750 0.545000 0.544000 0.542000 0.545250 0.540333 0.545750 0.538333 0.545750 0.534667 0.544750 0.531667 0.536750 0.527000 0.532250 0.525667 0.529000 0.525333 0.525750 0.526667 0.523000 0.529667
0 0.505750 0.489000 0.505750 0.494333 0.507250 0.498000 0.509500 0.500000 0.516750 0.502667 0.522000 0.502667 0.526250 0.500333 0.527750 0.497667 0.527500 0.494333 0.526500 0.492000 0.522500 0.487000 0.521000 0.486000 0.517500 0.485000 0.510000 0.484667 0.506500 0.486667
0 0.552750 0.486000 0.550750 0.484667 0.546500 0.483667 0.540250 0.484333 0.536000 0.486333 0.533250 0.488667 0.531750 0.491667 0.531500 0.495333 0.533250 0.499000 0.535750 0.500333 0.538250 0.500667 0.544250 0.499667 0.546000 0.498667 0.551250 0.491667 0.552250 0.489667
0 0.534250 0.512667 0.534750 0.516333 0.536500 0.519333 0.540000 0.522000 0.544000 0.523333 0.549250 0.523333 0.552500 0.522333 0.556500 0.518667 0.558250 0.514667 0.558000 0.511333 0.556750 0.508667 0.553500 0.506667 0.549500 0.505333 0.543750 0.505667 0.536500 0.508333 0.535000 0.510000
0 0.564750 0.521000 0.563500 0.524333 0.563250 0.529667 0.565000 0.536667 0.568000 0.543667 0.573000 0.550333 0.575750 0.551667 0.580500 0.551333 0.582250 0.548333 0.581500 0.542000 0.579500 0.537000 0.579000 0.533333 0.576250 0.527000 0.574500 0.524667 0.569000 0.520333 0.567750 0.520000
0 0.582750 0.529667 0.582000 0.532000 0.582750 0.536667 0.587500 0.543333 0.590000 0.545333 0.594500 0.547333 0.600250 0.548333 0.604000 0.545000 0.604750 0.542000 0.604500 0.540333 0.597750 0.532333 0.595250 0.531333 0.591500 0.528333 0.585500 0.528333
0 0.587250 0.510333 0.587000 0.514000 0.588000 0.515667 0.596000 0.521000 0.604500 0.521000 0.608000 0.519333 0.609250 0.517000 0.609250 0.513667 0.608000 0.510667 0.607000 0.509333 0.603500 0.507667 0.600250 0.507000 0.593500 0.507333 0.588250 0.509000
0 0.587500 0.493667 0.588250 0.498000 0.591000 0.501000 0.595250 0.502667 0.600000 0.502667 0.607250 0.500667 0.610250 0.498667 0.612250 0.495000 0.612500 0.490000 0.611000 0.487000 0.608000 0.485667 0.604500 0.485000 0.595750 0.485333 0.592500 0.487000
0 0.563000 0.469333 0.563250 0.473333 0.564500 0.475667 0.568500 0.478667 0.571250 0.479667 0.579750 0.479000 0.584500 0.475333 0.585750 0.471333 0.585000 0.468667 0.582750 0.466000 0.579750 0.464000 0.575750 0.462667 0.572000 0.462667 0.567750 0.464000 0.563750 0.466667
0 0.553750 0.449000 0.553750 0.451667 0.555500 0.454333 0.561750 0.457667 0.565750 0.458333 0.572000 0.456667 0.576250 0.453667 0.577500 0.451333 0.578000 0.447000 0.576250 0.443667 0.574250 0.442333 0.569250 0.440667 0.564250 0.440333 0.561500 0.441000 0.556750 0.443667 0.554250 0.446667
0 0.541000 0.470000 0.541250 0.471667 0.543250 0.474333 0.545250 0.475667 0.552000 0.477000 0.557500 0.475000 0.559750 0.471333 0.559500 0.469333 0.557500 0.466000 0.550000 0.463333 0.547500 0.463667 0.543500 0.465667 0.542250 0.467000
0 0.524750 0.437333 0.523500 0.439000 0.523250 0.444667 0.525000 0.452000 0.528500 0.456667 0.532750 0.456667 0.533750 0.455000 0.534250 0.452000 0.533750 0.447333 0.529750 0.438667 0.526250 0.437000
0 0.508000 0.427333 0.508750 0.431333 0.509750 0.433000 0.513500 0.436000 0.516500 0.436667 0.522250 0.436667 0.525250 0.435333 0.529000 0.432000 0.529500 0.426667 0.528000 0.423333 0.525000 0.421667 0.520000 0.420667 0.514500 0.421000 0.510250 0.422667 0.508750 0.424333
0 0.459500 0.427000 0.460000 0.431000 0.461000 0.432667 0.466250 0.436000 0.469750 0.437000 0.475250 0.437333 0.479750 0.436333 0.483000 0.434000 0.484000 0.431333 0.483250 0.426333 0.481750 0.424333 0.478000 0.423000 0.463000 0.423333 0.461250 0.424333
0 0.310500 0.514000 0.308250 0.510667 0.305250 0.509000 0.299500 0.508333 0.293500 0.509000 0.290750 0.510000 0.286250 0.513667 0.284000 0.516667 0.284000 0.521000 0.286750 0.525333 0.290250 0.527333 0.299000 0.527333 0.302250 0.526000 0.307750 0.522000 0.310500 0.518000
0 0.632500 0.470000 0.633000 0.473667 0.634000 0.475667 0.638750 0.478000 0.644500 0.479333 0.647250 0.479333 0.651750 0.477667 0.654250 0.476000 0.655750 0.472333 0.655750 0.469333 0.654000 0.465333 0.651000 0.463000 0.647250 0.462000 0.640250 0.462333 0.635000 0.464667 0.633500 0.466333
