0 0.380333 0.641750 0.377333 0.642500 0.375000 0.645500 0.374333 0.654750 0.375333 0.658500 0.377333 0.661750 0.380667 0.663250 0.385000 0.663250 0.388333 0.661750 0.390000 0.659000 0.390333 0.650250 0.388667 0.645750 0.386667 0.643750 0.384333 0.642250
0 0.455000 0.783500 0.454667 0.787750 0.458667 0.791500 0.463000 0.793500 0.465667 0.794000 0.467667 0.793750 0.470667 0.791750 0.471000 0.790000 0.470333 0.788500 0.466667 0.785250 0.459667 0.783000
0 0.513000 0.765750 0.509667 0.766500 0.508333 0.768000 0.507333 0.771250 0.507333 0.780500 0.509667 0.788000 0.513333 0.790750 0.515667 0.791000 0.518333 0.790500 0.521667 0.787250 0.523000 0.783250 0.523000 0.778500 0.522000 0.774000 0.518333 0.768250 0.517000 0.767000
0 0.479333 0.762750 0.474333 0.763500 0.471000 0.766000 0.467000 0.776250 0.466000 0.783750 0.471333 0.787750 0.473667 0.788250 0.475333 0.787750 0.480000 0.783750 0.482333 0.780750 0.483333 0.778000 0.484000 0.771750 0.483667 0.766500 0.482667 0.764500
0 0.407667 0.770750 0.404667 0.771500 0.401667 0.774750 0.401667 0.779250 0.403000 0.784000 0.407667 0.791750 0.411333 0.794500 0.416000 0.795000 0.419667 0.792500 0.420667 0.790750 0.421667 0.786750 0.421000 0.779750 0.418000 0.775250 0.412667 0.771500
0 0.534000 0.731500 0.529667 0.729000 0.524000 0.729000 0.513667 0.731750 0.509333 0.734250 0.506000 0.737250 0.504667 0.740500 0.505667 0.744000 0.508667 0.745750 0.514000 0.746250 0.522000 0.744750 0.529000 0.741750 0.533667 0.736500 0.534333 0.734250
0 0.411333 0.732500 0.407667 0.734750 0.406667 0.736500 0.406000 0.740750 0.406667 0.748250 0.409667 0.752500 0.414333 0.756250 0.415667 0.756750 0.419333 0.756500 0.422000 0.753750 0.423333 0.750250 0.423333 0.744000 0.422333 0.740250 0.420000 0.735250 0.417333 0.733250 0.415333 0.732500
0 0.381000 0.723500 0.379333 0.724750 0.377667 0.728250 0.377667 0.732250 0.379333 0.737500 0.381333 0.740750 0.386333 0.745500 0.389000 0.747000 0.393000 0.747500 0.397000 0.745500 0.398000 0.743500 0.398667 0.737000 0.397000 0.731750 0.394667 0.728500 0.388667 0.723750 0.385667 0.723000
0 0.396000 0.688500 0.393667 0.687500 0.391000 0.687500 0.386667 0.688500 0.384000 0.690000 0.378000 0.697000 0.377333 0.702500 0.378667 0.704750 0.381667 0.705250 0.388667 0.703000 0.391000 0.701500 0.394333 0.698000 0.396333 0.694250 0.396667 0.689500
0 0.439000 0.696500 0.435667 0.696000 0.433333 0.696750 0.423000 0.704250 0.418667 0.712500 0.418667 0.717250 0.420000 0.719250 0.422000 0.720500 0.424667 0.721000 0.427667 0.720250 0.435667 0.713250 0.440000 0.703500 0.440000 0.697750
0 0.586667 0.666500 0.583333 0.667250 0.579667 0.670250 0.578333 0.674000 0.578333 0.683000 0.579333 0.686500 0.581667 0.689500 0.584000 0.690750 0.587667 0.691000 0.591333 0.689750 0.592667 0.687500 0.593667 0.682250 0.593667 0.674000 0.591667 0.668750 0.588667 0.666750
0 0.471000 0.671000 0.469000 0.671750 0.467000 0.673750 0.465333 0.682500 0.466333 0.685500 0.471000 0.689250 0.474333 0.689250 0.477000 0.684750 0.476333 0.673500 0.474667 0.671250
0 0.463667 0.669500 0.455667 0.669500 0.447333 0.673500 0.444667 0.678250 0.441667 0.681750 0.441000 0.685500 0.442000 0.688500 0.443333 0.689750 0.448333 0.690000 0.456667 0.686500 0.459667 0.684500 0.464333 0.678000 0.465667 0.674500 0.465000 0.670750
0 0.446333 0.355750 0.442667 0.356750 0.439333 0.360500 0.439333 0.372000 0.441333 0.377000 0.445000 0.381000 0.447000 0.382500 0.452000 0.383750 0.456000 0.382000 0.458667 0.378250 0.459667 0.373750 0.459333 0.369000 0.456000 0.362250 0.452000 0.357750 0.449667 0.356250
0 0.474667 0.431750 0.470667 0.431750 0.466667 0.434500 0.463333 0.439250 0.462667 0.448500 0.463333 0.450500 0.471000 0.459250 0.474333 0.458750 0.481333 0.454250 0.482667 0.451250 0.482000 0.440000 0.479333 0.435250
0 0.522333 0.437500 0.517333 0.438000 0.514000 0.440000 0.510667 0.447250 0.510333 0.452500 0.514000 0.463500 0.517000 0.465250 0.521333 0.465250 0.524000 0.463500 0.526667 0.460750 0.529000 0.456000 0.529333 0.445750 0.528667 0.442250 0.527000 0.439000
0 0.455000 0.452000 0.451000 0.454750 0.448333 0.458750 0.447000 0.461750 0.447000 0.466750 0.449333 0.474500 0.451333 0.478000 0.454667 0.480500 0.457333 0.480500 0.460667 0.479250 0.464667 0.474250 0.466667 0.468000 0.466667 0.461250 0.463667 0.454250 0.459333 0.452000
0 0.482333 0.458750 0.478000 0.459000 0.474000 0.461250 0.470000 0.465750 0.466000 0.478250 0.467000 0.481750 0.468667 0.482750 0.472000 0.483000 0.475333 0.482000 0.483333 0.474000 0.485000 0.467500 0.485000 0.464250 0.484000 0.460250
0 0.497667 0.451250 0.494000 0.452000 0.490333 0.454500 0.486000 0.462500 0.486000 0.469500 0.486667 0.471750 0.489000 0.475250 0.492667 0.476500 0.497000 0.476000 0.499000 0.474750 0.500667 0.470500 0.503333 0.468000 0.504333 0.466000 0.504667 0.460000 0.503333 0.455000 0.500333 0.452500
0 0.535000 0.476250 0.533667 0.475000 0.531000 0.474250 0.525667 0.474000 0.514000 0.477750 0.509000 0.481750 0.509333 0.487000 0.512667 0.488500 0.515333 0.488500 0.529667 0.485250 0.534667 0.481250 0.535667 0.479500
0 0.522333 0.490250 0.518333 0.490500 0.514333 0.493000 0.510000 0.499500 0.509333 0.501250 0.510000 0.506500 0.513667 0.510250 0.516667 0.510000 0.521000 0.508500 0.523333 0.506500 0.526667 0.501250 0.527667 0.498000 0.527000 0.493500 0.525000 0.491250
0 0.476000 0.502000 0.473333 0.502000 0.470333 0.503500 0.467000 0.509750 0.466000 0.517500 0.466667 0.521750 0.470000 0.526000 0.473333 0.526750 0.476000 0.526250 0.480000 0.523250 0.481667 0.520500 0.482667 0.516750 0.482667 0.509000 0.481667 0.506250 0.479667 0.503750
0 0.431667 0.479500 0.427667 0.479750 0.424000 0.481500 0.421333 0.486750 0.420667 0.491500 0.421333 0.498500 0.423333 0.502250 0.427333 0.504500 0.432000 0.504500 0.434000 0.503500 0.436333 0.501500 0.437667 0.497750 0.438333 0.492750 0.437667 0.484750 0.436333 0.481750 0.434667 0.480500
0 0.518000 0.514250 0.513000 0.514500 0.510000 0.515750 0.508333 0.518000 0.506333 0.524500 0.506333 0.530000 0.508000 0.533000 0.510667 0.534750 0.514667 0.535000 0.518000 0.534250 0.521333 0.531750 0.522333 0.530250 0.523333 0.526750 0.523667 0.520000 0.523000 0.516750 0.522000 0.515250
0 0.514000 0.540750 0.511333 0.539000 0.508333 0.538250 0.503333 0.538250 0.495000 0.540500 0.489000 0.544250 0.488000 0.547750 0.488333 0.549500 0.493333 0.552250 0.497333 0.553250 0.505333 0.552500 0.513667 0.548500 0.515000 0.545750
0 0.562333 0.539750 0.559000 0.540000 0.555667 0.541500 0.553667 0.544000 0.551333 0.549250 0.552000 0.557500 0.554000 0.560750 0.556000 0.562250 0.558333 0.562750 0.561667 0.562750 0.565667 0.561250 0.568000 0.559000 0.569333 0.556000 0.569667 0.547500 0.569000 0.544750 0.566667 0.541250 0.564333 0.540000
0 0.448000 0.548500 0.446333 0.549000 0.445000 0.550250 0.442000 0.555750 0.441667 0.566000 0.442000 0.568500 0.444667 0.573250 0.447000 0.575000 0.451000 0.575250 0.454333 0.572750 0.457333 0.568750 0.458667 0.564000 0.457667 0.556000 0.455000 0.551000 0.451333 0.548500
0 0.427000 0.536250 0.424000 0.538000 0.422667 0.540750 0.422333 0.544500 0.423000 0.549250 0.424667 0.552750 0.427000 0.554500 0.432333 0.555500 0.435000 0.554750 0.436667 0.553000 0.437000 0.544250 0.436333 0.540750 0.432333 0.537000
0 0.385000 0.528000 0.381000 0.528000 0.376667 0.530250 0.373333 0.534500 0.371667 0.538500 0.371333 0.543750 0.372333 0.548500 0.375000 0.552250 0.377333 0.553500 0.381333 0.553500 0.384667 0.551500 0.387000 0.548500 0.388333 0.544750 0.389333 0.538750 0.389333 0.532750 0.388000 0.530000
0 0.429667 0.570500 0.426667 0.571000 0.422667 0.574000 0.421333 0.578500 0.421333 0.586250 0.422333 0.590000 0.424000 0.592750 0.427667 0.594750 0.432000 0.595000 0.435667 0.594000 0.437667 0.591750 0.439667 0.584250 0.439667 0.580000 0.436667 0.572750 0.433000 0.570750
0 0.447667 0.615250 0.446333 0.616000 0.445333 0.618000 0.445333 0.623000 0.446333 0.625500 0.453333 0.632250 0.456333 0.633250 0.459000 0.633250 0.461333 0.631500 0.462667 0.628250 0.462667 0.626000 0.459667 0.620000 0.458333 0.618750 0.451667 0.615250
0 0.502333 0.616500 0.498667 0.615750 0.495333 0.616000 0.491000 0.617000 0.485667 0.619500 0.482000 0.622750 0.478667 0.627000 0.479333 0.630500 0.482333 0.633500 0.485667 0.634500 0.490000 0.633750 0.495667 0.631500 0.499333 0.629000 0.504667 0.622750 0.504667 0.618500
0 0.435333 0.643500 0.431667 0.644000 0.429333 0.645750 0.426667 0.649500 0.425000 0.655250 0.425333 0.661750 0.427000 0.666000 0.431000 0.668500 0.432333 0.668500 0.436000 0.667000 0.438667 0.662000 0.440333 0.655000 0.440000 0.647250 0.439000 0.645500
0 0.341667 0.625500 0.338000 0.627500 0.337000 0.629250 0.336333 0.632000 0.336667 0.639500 0.337333 0.642250 0.339667 0.646250 0.342000 0.647750 0.345667 0.648000 0.349333 0.646000 0.350667 0.644000 0.351667 0.634500 0.349333 0.627750 0.346667 0.626000
