0 0.412667 0.328500 0.408000 0.328500 0.406000 0.329500 0.403667 0.332250 0.400333 0.339000 0.400333 0.345750 0.401667 0.349000 0.403333 0.351250 0.407333 0.354000 0.409667 0.354000 0.411667 0.353250 0.415667 0.350000 0.418333 0.346250 0.419333 0.342500 0.419333 0.337250 0.418000 0.333500 0.416000 0.330250
0 0.411667 0.368750 0.408667 0.369000 0.407333 0.369750 0.401667 0.377250 0.400667 0.380000 0.400667 0.384500 0.402667 0.390250 0.404333 0.393000 0.408000 0.395000 0.412000 0.394250 0.413333 0.393250 0.416667 0.386750 0.418000 0.380750 0.418000 0.375500 0.417333 0.373750 0.413333 0.369500
0 0.478667 0.396250 0.474000 0.397250 0.471000 0.399500 0.469333 0.403250 0.469333 0.414250 0.470333 0.416500 0.474000 0.418250 0.477333 0.417750 0.479667 0.416750 0.482000 0.414750 0.483667 0.411750 0.484333 0.407750 0.484000 0.400500 0.482333 0.397750
0 0.573333 0.367250 0.571333 0.367250 0.566667 0.369750 0.564000 0.372000 0.560667 0.377250 0.559667 0.379750 0.559667 0.382250 0.560667 0.384000 0.563333 0.385500 0.565667 0.385500 0.569000 0.384250 0.575333 0.377500 0.576667 0.374250 0.576667 0.370750 0.576000 0.368750
0 0.522000 0.460000 0.518333 0.461000 0.517000 0.462000 0.514000 0.469500 0.514000 0.474750 0.515667 0.479000 0.517000 0.481000 0.521000 0.483250 0.522667 0.483000 0.525333 0.481000 0.527333 0.477500 0.528333 0.473750 0.528333 0.466750 0.527000 0.463000 0.526000 0.461750
0 0.476333 0.459750 0.474000 0.460000 0.471000 0.462250 0.470000 0.463750 0.468333 0.470250 0.468000 0.479000 0.469000 0.483000 0.471000 0.485500 0.473667 0.485750 0.475000 0.485500 0.479333 0.482500 0.482000 0.478750 0.482667 0.476250 0.482333 0.467500 0.481333 0.463250 0.479000 0.460250
0 0.415667 0.439000 0.411667 0.438750 0.407667 0.439750 0.402667 0.447250 0.402333 0.451500 0.403667 0.458500 0.404667 0.460250 0.408333 0.463500 0.411667 0.463500 0.415667 0.461000 0.418667 0.458500 0.420667 0.454750 0.420667 0.445250 0.419333 0.442000 0.417667 0.440000
0 0.438000 0.470750 0.434667 0.470750 0.431000 0.472750 0.427000 0.478500 0.426000 0.482500 0.426000 0.487500 0.427000 0.490500 0.430000 0.494250 0.432667 0.495500 0.435667 0.495500 0.440000 0.492750 0.442000 0.490250 0.444000 0.485750 0.444000 0.476750 0.440333 0.471750
0 0.407333 0.470500 0.404333 0.473000 0.402000 0.477500 0.402000 0.486250 0.404000 0.492250 0.405667 0.493750 0.407667 0.494750 0.409000 0.494750 0.411667 0.492750 0.414667 0.487000 0.415000 0.481000 0.414667 0.477250 0.412667 0.472500 0.411333 0.471250 0.409333 0.470500
0 0.420333 0.493250 0.415667 0.494000 0.410000 0.499250 0.408333 0.502000 0.407333 0.508500 0.407667 0.512750 0.409667 0.517250 0.412000 0.519000 0.415667 0.518750 0.420333 0.516000 0.424667 0.507000 0.424667 0.497750
0 0.420333 0.523250 0.417333 0.523500 0.414667 0.524500 0.409333 0.529250 0.407000 0.532500 0.404667 0.541750 0.406000 0.545500 0.408667 0.547750 0.411667 0.547750 0.416000 0.545750 0.420000 0.542000 0.423333 0.530250 0.422667 0.525500
0 0.395333 0.478750 0.393333 0.478000 0.388333 0.478500 0.384333 0.480500 0.378667 0.485750 0.377000 0.488500 0.375333 0.494500 0.375667 0.498000 0.377000 0.500000 0.380000 0.500750 0.382000 0.500500 0.388000 0.498500 0.390000 0.497000 0.392000 0.493750 0.394667 0.491250 0.397000 0.486750 0.397000 0.481500
0 0.385000 0.419500 0.380667 0.423750 0.379333 0.428000 0.379333 0.434250 0.380667 0.439500 0.383333 0.444000 0.384667 0.445000 0.389333 0.446250 0.393333 0.445250 0.397000 0.441500 0.398667 0.436250 0.398667 0.430000 0.396333 0.423250 0.392000 0.419750 0.389667 0.419000
0 0.361667 0.443750 0.358667 0.446250 0.356667 0.450000 0.356333 0.457500 0.360667 0.466750 0.364333 0.468500 0.366333 0.468500 0.370333 0.467000 0.372667 0.463250 0.373333 0.459750 0.373000 0.455000 0.372000 0.451250 0.369667 0.447000 0.365667 0.444000
0 0.326667 0.437250 0.322000 0.437250 0.317667 0.438750 0.313667 0.442750 0.311000 0.448750 0.310667 0.454500 0.312333 0.458750 0.314333 0.460250 0.318000 0.460000 0.323000 0.457500 0.327000 0.454500 0.329333 0.451000 0.330667 0.447250 0.330667 0.440000 0.329000 0.438250
0 0.330000 0.470000 0.325000 0.469750 0.321667 0.471000 0.317667 0.480000 0.316667 0.485250 0.317667 0.490250 0.322667 0.494250 0.326667 0.493750 0.331000 0.490750 0.334667 0.484250 0.335333 0.479750 0.334667 0.474500 0.332333 0.471250
0 0.283333 0.456500 0.280000 0.456500 0.276333 0.458250 0.272667 0.462000 0.270667 0.466000 0.269667 0.470750 0.270000 0.475250 0.271667 0.477750 0.275333 0.480000 0.278000 0.480000 0.280333 0.479250 0.284000 0.475500 0.286667 0.471000 0.288333 0.464250 0.288000 0.460500 0.287000 0.458500
0 0.329333 0.516750 0.330000 0.519000 0.333333 0.522000 0.337333 0.523500 0.352000 0.526500 0.357000 0.526500 0.359667 0.525000 0.359667 0.520500 0.358000 0.518000 0.353667 0.515750 0.341667 0.512750 0.333000 0.513000 0.330667 0.514000
0 0.326000 0.527750 0.321667 0.528750 0.317667 0.532500 0.314000 0.539250 0.313333 0.545750 0.314667 0.548500 0.317333 0.549750 0.322667 0.549000 0.327000 0.546000 0.331333 0.538750 0.331333 0.531750 0.330333 0.530250 0.327667 0.528250
0 0.249333 0.529750 0.247333 0.530000 0.243333 0.532500 0.241667 0.538500 0.242000 0.549000 0.243000 0.552000 0.244333 0.553750 0.247667 0.555000 0.249667 0.554750 0.252667 0.553250 0.255667 0.549250 0.257667 0.542750 0.257667 0.536250 0.256667 0.532750 0.253333 0.530750
0 0.306333 0.562000 0.302000 0.564750 0.300333 0.568750 0.300000 0.573000 0.303333 0.581500 0.306000 0.584500 0.310333 0.585500 0.312333 0.584250 0.315000 0.580500 0.316000 0.576500 0.316000 0.571250 0.315000 0.567500 0.312667 0.563500 0.310333 0.562000
0 0.291000 0.586250 0.289333 0.587500 0.288333 0.591000 0.289000 0.596250 0.291000 0.600250 0.295000 0.604000 0.298667 0.606000 0.302667 0.606750 0.307667 0.606000 0.310000 0.604500 0.310667 0.603250 0.310667 0.598500 0.307333 0.592250 0.302333 0.587750 0.296333 0.585750
0 0.380333 0.556750 0.378667 0.559750 0.378667 0.564000 0.380667 0.569250 0.384667 0.573000 0.389333 0.575000 0.393000 0.575500 0.396333 0.574500 0.398000 0.572750 0.398667 0.569250 0.397333 0.563500 0.388333 0.557000 0.386000 0.556500
0 0.412000 0.577000 0.408333 0.578250 0.407000 0.580000 0.405667 0.586500 0.405667 0.593500 0.406333 0.596500 0.408000 0.599500 0.410667 0.601000 0.413000 0.601500 0.416667 0.600750 0.420333 0.597000 0.421333 0.593500 0.421333 0.584750 0.419667 0.579250 0.416000 0.577500
0 0.506667 0.583000 0.502333 0.583750 0.498000 0.587250 0.494667 0.596000 0.494667 0.600500 0.496667 0.606250 0.499000 0.608750 0.502333 0.609750 0.505667 0.609250 0.507667 0.607750 0.512667 0.600500 0.513333 0.598500 0.513333 0.588000 0.511333 0.585250
0 0.447333 0.626000 0.447000 0.627750 0.449667 0.631250 0.456333 0.636000 0.460333 0.637250 0.463667 0.637250 0.466667 0.635500 0.467000 0.633250 0.466000 0.630250 0.459667 0.625750 0.450000 0.625250
0 0.439667 0.613500 0.438000 0.615500 0.437667 0.619000 0.438667 0.620750 0.447333 0.626500 0.450667 0.630750 0.455667 0.632250 0.456333 0.630000 0.454000 0.627250 0.455000 0.626250 0.459000 0.626750 0.463667 0.622250 0.465000 0.620000 0.465000 0.618250 0.463667 0.616250 0.459333 0.613250 0.455000 0.611750 0.447000 0.611500
0 0.434667 0.627000 0.431000 0.629000 0.428000 0.634250 0.426667 0.638750 0.426667 0.643750 0.427667 0.647000 0.430667 0.651750 0.432333 0.652500 0.436000 0.652750 0.439667 0.649750 0.441667 0.646250 0.442333 0.643750 0.442333 0.635000 0.439000 0.629000 0.436333 0.627000
0 0.474000 0.632250 0.470667 0.633250 0.468667 0.636000 0.468333 0.643250 0.470000 0.649250 0.472333 0.654000 0.473667 0.655250 0.477667 0.656750 0.482667 0.656750 0.485667 0.654750 0.487000 0.651250 0.485667 0.643000 0.483000 0.637750 0.480667 0.635000 0.478667 0.633500
0 0.529333 0.640000 0.525667 0.639750 0.522333 0.641000 0.520333 0.642750 0.517000 0.649250 0.517000 0.655250 0.518667 0.658250 0.521333 0.660250 0.526000 0.659750 0.529333 0.657250 0.531000 0.654250 0.532000 0.649000 0.532000 0.643750 0.531333 0.641750
0 0.462667 0.644750 0.457333 0.649250 0.456333 0.655500 0.458333 0.662250 0.461333 0.666750 0.463000 0.667750 0.464333 0.667750 0.467667 0.666500 0.470333 0.658750 0.470333 0.653750 0.469333 0.649250 0.467333 0.645750 0.466000 0.645000
0 0.525333 0.664500 0.521667 0.666250 0.519333 0.670250 0.519333 0.674500 0.520000 0.677750 0.522667 0.682750 0.525000 0.684250 0.529000 0.684250 0.532000 0.681750 0.533333 0.678000 0.533667 0.674250 0.530000 0.665750 0.529000 0.665000
0 0.326000 0.642500 0.321667 0.642500 0.315000 0.648000 0.313667 0.650250 0.313333 0.658000 0.314000 0.662250 0.315667 0.664750 0.318333 0.666750 0.322333 0.666500 0.326000 0.664500 0.327333 0.663000 0.331000 0.654250 0.331333 0.650750 0.330667 0.647250 0.329667 0.645250
0 0.351000 0.671000 0.349000 0.670750 0.346667 0.671250 0.342667 0.673750 0.337667 0.681250 0.337667 0.689250 0.340667 0.693250 0.342667 0.694000 0.346000 0.694000 0.349333 0.692750 0.352667 0.689750 0.356000 0.684500 0.357000 0.681000 0.356667 0.676500 0.355000 0.673000
0 0.435333 0.697000 0.430667 0.701000 0.429667 0.704250 0.429333 0.713500 0.430000 0.716750 0.431667 0.719250 0.435667 0.721500 0.439000 0.721500 0.442000 0.719750 0.444333 0.717000 0.446000 0.710250 0.446000 0.704250 0.445000 0.701250 0.442667 0.698250 0.439667 0.697000
0 0.454000 0.673500 0.451333 0.674250 0.450000 0.676000 0.449333 0.682500 0.449667 0.685500 0.451333 0.689000 0.454333 0.691500 0.455667 0.691750 0.458667 0.691000 0.460000 0.690000 0.461667 0.686000 0.461667 0.680500 0.459333 0.675000 0.456000 0.673500
0 0.502333 0.678500 0.498000 0.681500 0.496667 0.685000 0.496333 0.690250 0.498333 0.694250 0.501333 0.696500 0.502667 0.696750 0.505667 0.696000 0.507667 0.694250 0.510000 0.689750 0.510000 0.685750 0.507333 0.680250 0.505333 0.679000
