0 0.431667 0.554000 0.429000 0.556250 0.428000 0.559500 0.428667 0.563750 0.430667 0.568250 0.434667 0.572000 0.438667 0.574500 0.443333 0.574250 0.446000 0.572750 0.448000 0.570250 0.448333 0.565250 0.447667 0.563250 0.443667 0.557250 0.442333 0.556250 0.435667 0.553500
0 0.431667 0.518500 0.429333 0.520750 0.428667 0.524750 0.431000 0.534500 0.433000 0.537250 0.436333 0.539750 0.439667 0.541000 0.443000 0.540750 0.445000 0.538500 0.445667 0.535750 0.445333 0.529500 0.444000 0.525000 0.436333 0.518750 0.435000 0.518250
0 0.467000 0.532250 0.464000 0.533750 0.461667 0.536750 0.461000 0.539500 0.461333 0.547000 0.463667 0.552000 0.466333 0.554000 0.471333 0.554250 0.474000 0.552250 0.475667 0.549000 0.476000 0.539500 0.473333 0.534000 0.470667 0.532250
0 0.481667 0.511750 0.478000 0.513250 0.476333 0.516250 0.475333 0.523000 0.475667 0.528500 0.476333 0.530500 0.477667 0.531750 0.482000 0.534000 0.486667 0.534500 0.490000 0.532750 0.491333 0.530250 0.492000 0.526500 0.491333 0.517250 0.490000 0.515000 0.487000 0.512500
0 0.356333 0.471000 0.353333 0.469500 0.338000 0.469500 0.331333 0.470750 0.328667 0.471750 0.324667 0.474750 0.322667 0.478000 0.323000 0.479250 0.326333 0.482500 0.330333 0.483500 0.338667 0.483750 0.344000 0.483000 0.349667 0.481250 0.355333 0.477750 0.357000 0.475250
0 0.368000 0.478000 0.365333 0.479250 0.363333 0.482250 0.362667 0.485000 0.363333 0.490750 0.364667 0.494750 0.367333 0.498500 0.368667 0.499250 0.373667 0.499250 0.375667 0.497250 0.376667 0.494000 0.376667 0.487250 0.372667 0.479750 0.370333 0.478250
0 0.442667 0.476750 0.438667 0.479750 0.437667 0.483500 0.437667 0.489500 0.438333 0.495250 0.439667 0.498000 0.442333 0.499250 0.444333 0.499250 0.448000 0.497250 0.450333 0.494000 0.451333 0.490000 0.451000 0.482250 0.449000 0.478250 0.447000 0.477000
0 0.421000 0.464500 0.419000 0.464500 0.415667 0.466250 0.413333 0.471250 0.412000 0.479250 0.413333 0.482500 0.415333 0.483750 0.419333 0.483750 0.421333 0.483000 0.424000 0.480250 0.426000 0.474750 0.425667 0.468500 0.424667 0.466250
0 0.381000 0.420500 0.379667 0.421750 0.379000 0.423750 0.379333 0.428250 0.383667 0.435750 0.389333 0.439750 0.393000 0.441500 0.397667 0.441750 0.399667 0.441000 0.401000 0.439500 0.401333 0.435000 0.400000 0.432000 0.393667 0.424750 0.389000 0.421500 0.384333 0.420500
0 0.408000 0.439250 0.407000 0.439750 0.405667 0.443500 0.406333 0.452000 0.407667 0.456500 0.411000 0.460250 0.415667 0.463000 0.419667 0.462750 0.421667 0.460750 0.422333 0.458250 0.422000 0.452250 0.420333 0.446500 0.413333 0.439750 0.412000 0.439250
0 0.482667 0.459000 0.478000 0.460000 0.474667 0.462500 0.472000 0.466750 0.471667 0.471750 0.473000 0.478000 0.474667 0.480500 0.478333 0.482750 0.483000 0.482750 0.486667 0.480250 0.489000 0.475750 0.490000 0.471500 0.489667 0.466500 0.488333 0.462250 0.486333 0.460250
0 0.457667 0.448500 0.454667 0.449250 0.453000 0.451250 0.452667 0.457750 0.453333 0.462500 0.455000 0.466250 0.457000 0.467750 0.459000 0.468500 0.462667 0.468500 0.464333 0.468000 0.466667 0.465500 0.467333 0.463750 0.467000 0.458000 0.466000 0.455000 0.463667 0.452000 0.459333 0.448500
0 0.553333 0.497750 0.551667 0.497750 0.548333 0.499000 0.544333 0.502250 0.543000 0.505250 0.543000 0.510500 0.544000 0.513750 0.546000 0.517250 0.548333 0.519000 0.552667 0.518750 0.554333 0.517750 0.557000 0.513750 0.558333 0.509500 0.558667 0.504750 0.558000 0.502000 0.556333 0.499500
0 0.576000 0.485750 0.570667 0.485750 0.562667 0.493500 0.561000 0.498250 0.560667 0.502500 0.561667 0.507500 0.564000 0.509750 0.568000 0.509250 0.572000 0.506000 0.576000 0.501250 0.578000 0.493750 0.578000 0.489250 0.577000 0.486500
0 0.538000 0.470000 0.536667 0.470750 0.535333 0.473500 0.535333 0.478750 0.536333 0.482250 0.540333 0.488250 0.545333 0.492000 0.548333 0.493000 0.552333 0.493000 0.555333 0.490250 0.556000 0.487250 0.555333 0.482500 0.553667 0.478000 0.545333 0.470250 0.542000 0.469500
0 0.561000 0.454000 0.559667 0.455500 0.559333 0.459750 0.563000 0.467500 0.568333 0.471250 0.572333 0.473250 0.575333 0.473750 0.580000 0.473250 0.581667 0.471500 0.581667 0.467750 0.577000 0.460750 0.569333 0.454500 0.565000 0.453500
0 0.610667 0.408500 0.606667 0.410250 0.603333 0.414500 0.602333 0.418750 0.602667 0.425250 0.603667 0.428500 0.607333 0.433500 0.611000 0.435500 0.615000 0.435500 0.620000 0.432500 0.621667 0.429500 0.622333 0.427000 0.622000 0.418500 0.621333 0.415500 0.616333 0.409750 0.614000 0.408750
0 0.549667 0.435750 0.544333 0.435750 0.541000 0.437500 0.539333 0.440250 0.538333 0.446250 0.538667 0.451000 0.540000 0.453500 0.544000 0.455000 0.545667 0.455000 0.551000 0.452500 0.554000 0.448000 0.554000 0.438500 0.552000 0.436500
0 0.506333 0.431250 0.502333 0.431500 0.500667 0.432500 0.495333 0.440000 0.495000 0.445250 0.495667 0.448500 0.497667 0.451750 0.500333 0.452500 0.504000 0.452250 0.506667 0.450750 0.510333 0.443750 0.510667 0.435750 0.508667 0.432500
0 0.372333 0.654750 0.369667 0.655750 0.367333 0.658500 0.366333 0.662500 0.366333 0.670250 0.367000 0.673750 0.369000 0.677750 0.372333 0.680000 0.373667 0.680250 0.376667 0.679250 0.378333 0.678000 0.381333 0.674000 0.382333 0.669750 0.382333 0.663750 0.381667 0.661000 0.379667 0.657500 0.377333 0.655750
0 0.494667 0.644000 0.489667 0.644500 0.482667 0.649000 0.478000 0.653000 0.476000 0.657500 0.476000 0.662750 0.478333 0.666750 0.483000 0.667000 0.485667 0.666000 0.491000 0.663000 0.495333 0.658250 0.498000 0.653750 0.498667 0.649500 0.497667 0.646000
0 0.463000 0.609750 0.460333 0.611250 0.458667 0.614500 0.458333 0.620750 0.463000 0.630500 0.466667 0.633000 0.470333 0.633500 0.474333 0.631500 0.476000 0.628000 0.475333 0.618250 0.469333 0.611000 0.467000 0.610000
0 0.514333 0.601500 0.509667 0.601750 0.507667 0.603250 0.505000 0.607500 0.503333 0.613000 0.503000 0.620000 0.504333 0.623500 0.506667 0.625500 0.510000 0.626500 0.513333 0.626000 0.516333 0.623500 0.518333 0.620250 0.519667 0.615500 0.519667 0.609750 0.518333 0.604500 0.517333 0.603000
0 0.551333 0.608500 0.549333 0.609250 0.547333 0.611500 0.546333 0.615000 0.546000 0.620750 0.548000 0.628250 0.550667 0.630000 0.553667 0.630500 0.558333 0.629000 0.560667 0.626750 0.561333 0.624500 0.561333 0.617750 0.560000 0.613250 0.557667 0.610000 0.554000 0.608500
0 0.581000 0.610750 0.579000 0.610750 0.573667 0.613500 0.571333 0.615250 0.568000 0.619500 0.566667 0.623500 0.566667 0.627750 0.568333 0.630250 0.571000 0.631500 0.574333 0.631500 0.576667 0.630750 0.582667 0.623000 0.584000 0.619750 0.584000 0.614750 0.582333 0.611750
0 0.593333 0.594750 0.590333 0.596000 0.587333 0.600000 0.586000 0.604000 0.585667 0.609750 0.587000 0.615750 0.589667 0.619750 0.592000 0.621250 0.595667 0.621250 0.599333 0.619500 0.602333 0.615500 0.604000 0.610000 0.604000 0.603000 0.600667 0.596000 0.597333 0.594750
0 0.661333 0.559750 0.658667 0.561000 0.656333 0.564750 0.655333 0.570250 0.655333 0.575750 0.656667 0.581000 0.658333 0.583500 0.662000 0.585750 0.666333 0.586250 0.670000 0.585250 0.671667 0.583500 0.673333 0.576000 0.672667 0.569750 0.671333 0.564250 0.669667 0.561750 0.665667 0.559750
0 0.537333 0.555250 0.536000 0.556500 0.535333 0.561250 0.536333 0.564750 0.540667 0.573250 0.545667 0.577500 0.551000 0.579000 0.554667 0.578500 0.557333 0.576750 0.558000 0.571250 0.553667 0.563750 0.547333 0.556750 0.545000 0.555000 0.540000 0.554500
0 0.443000 0.592000 0.439000 0.592000 0.435000 0.594500 0.433667 0.596250 0.432333 0.601750 0.432667 0.607000 0.434667 0.613750 0.435667 0.615250 0.439667 0.617500 0.443667 0.617000 0.446000 0.615000 0.448333 0.611500 0.449667 0.605250 0.449333 0.600000 0.448000 0.595500
0 0.349333 0.561750 0.346000 0.562250 0.344000 0.563750 0.341667 0.571000 0.342333 0.579250 0.344333 0.582750 0.345667 0.583750 0.350333 0.583250 0.354667 0.579750 0.356333 0.576250 0.356667 0.571500 0.355000 0.565000 0.353000 0.563000
0 0.394000 0.549250 0.391667 0.550250 0.388000 0.555750 0.387667 0.564250 0.389000 0.568000 0.392333 0.572000 0.396000 0.573750 0.398000 0.573750 0.401333 0.573000 0.404000 0.569750 0.404667 0.566500 0.404333 0.558000 0.403333 0.554500 0.401000 0.551000 0.397333 0.549250
0 0.463000 0.446500 0.463000 0.448000 0.465000 0.450500 0.470333 0.454000 0.474333 0.455000 0.480333 0.455000 0.486000 0.454000 0.490000 0.451000 0.490000 0.447750 0.489333 0.446750 0.483333 0.443000 0.474000 0.441250 0.469000 0.441500 0.465000 0.443750
0 0.447667 0.414750 0.445333 0.416000 0.443333 0.419500 0.443000 0.427250 0.444667 0.435500 0.446667 0.438750 0.450333 0.440500 0.453333 0.440500 0.457000 0.438500 0.458667 0.436250 0.459667 0.432250 0.459333 0.427250 0.458333 0.423500 0.454667 0.418000 0.451333 0.415000
0 0.432000 0.382000 0.427667 0.383250 0.425667 0.385000 0.424000 0.388250 0.424000 0.395750 0.425667 0.400500 0.428000 0.403750 0.431667 0.405750 0.436667 0.405750 0.439000 0.405000 0.441667 0.402250 0.442667 0.398750 0.442667 0.393000 0.440667 0.387500 0.439000 0.385000 0.435667 0.382500
0 0.388000 0.359000 0.384667 0.359750 0.382667 0.361250 0.380000 0.366500 0.379333 0.371250 0.379667 0.376500 0.381667 0.381500 0.384000 0.385250 0.388000 0.388000 0.389333 0.388250 0.392667 0.387500 0.395000 0.385750 0.397000 0.383000 0.398667 0.378000 0.399000 0.372750 0.398000 0.367500 0.394667 0.361750 0.392667 0.360250
