0 0.388000 0.531750 0.384333 0.533500 0.382667 0.536250 0.382333 0.542500 0.383000 0.545250 0.384000 0.547000 0.391667 0.554250 0.397333 0.554750 0.401000 0.553250 0.402667 0.550000 0.403000 0.545750 0.402000 0.541250 0.397000 0.533500 0.393333 0.532250
0 0.525667 0.675000 0.524000 0.678000 0.524000 0.685750 0.524667 0.688250 0.528667 0.693750 0.529667 0.694250 0.532667 0.694250 0.534333 0.693250 0.535333 0.690500 0.534667 0.682500 0.530000 0.675250 0.529000 0.674750
0 0.478000 0.444250 0.475667 0.445250 0.474333 0.446750 0.474333 0.450500 0.475667 0.455250 0.477667 0.459000 0.482333 0.462500 0.485333 0.464000 0.487667 0.464000 0.489667 0.462750 0.490000 0.461750 0.489333 0.455250 0.483667 0.446000 0.481667 0.444750
0 0.397000 0.704500 0.394333 0.704500 0.392000 0.705250 0.387333 0.712000 0.384333 0.719750 0.384667 0.724250 0.385333 0.725250 0.388000 0.726500 0.389667 0.726500 0.394667 0.723750 0.396667 0.722000 0.399333 0.717000 0.400333 0.709250 0.398667 0.705500
0 0.423667 0.702750 0.417000 0.702750 0.413667 0.705250 0.410000 0.714000 0.410333 0.718000 0.412333 0.720750 0.415667 0.720750 0.420000 0.719250 0.423333 0.716500 0.425333 0.713750 0.426667 0.709750 0.426667 0.705500 0.426000 0.704250
0 0.417000 0.669250 0.412667 0.669500 0.408667 0.671250 0.407000 0.674750 0.406667 0.683500 0.407333 0.686750 0.409000 0.689750 0.411667 0.691750 0.416333 0.691750 0.418000 0.691000 0.420667 0.688750 0.423667 0.683250 0.424000 0.676750 0.423000 0.672750 0.420333 0.670250
0 0.392333 0.675250 0.387667 0.675750 0.385000 0.677750 0.383000 0.682000 0.382667 0.690000 0.383333 0.692500 0.384667 0.694750 0.388000 0.696250 0.389667 0.696250 0.394000 0.694000 0.397000 0.689250 0.397000 0.681000 0.394667 0.677000
0 0.458333 0.651250 0.454667 0.652250 0.450333 0.657750 0.450000 0.663750 0.451000 0.667500 0.454667 0.674750 0.458333 0.677000 0.459667 0.677000 0.464333 0.675250 0.466333 0.673250 0.467333 0.669250 0.467333 0.662750 0.466333 0.658250 0.464333 0.655000
0 0.450000 0.637750 0.450333 0.641000 0.453333 0.644000 0.455333 0.645000 0.462333 0.646250 0.472333 0.646000 0.479000 0.644500 0.483000 0.642750 0.484667 0.639250 0.483667 0.636000 0.482000 0.634250 0.478000 0.633000 0.471333 0.632000 0.463000 0.632250 0.455000 0.634000 0.452667 0.635000
0 0.403333 0.649250 0.402000 0.651000 0.401667 0.654250 0.407667 0.663500 0.409000 0.664500 0.416333 0.667250 0.423667 0.667250 0.424667 0.665750 0.424333 0.661000 0.423333 0.658500 0.419667 0.653500 0.412667 0.649500 0.409000 0.648750 0.404667 0.648750
0 0.330333 0.659500 0.326333 0.659750 0.322667 0.662250 0.321000 0.664500 0.319667 0.668500 0.319333 0.674500 0.320333 0.678250 0.321667 0.680500 0.325667 0.683000 0.329333 0.682500 0.331333 0.681250 0.334333 0.677750 0.335667 0.674250 0.336000 0.665000 0.335333 0.662500 0.333333 0.660250
0 0.346667 0.656500 0.342667 0.658500 0.340000 0.665000 0.340333 0.674250 0.344000 0.681250 0.345667 0.682500 0.350000 0.683250 0.353667 0.681500 0.357667 0.677500 0.359000 0.670500 0.358667 0.665000 0.357000 0.660500 0.354333 0.657250 0.351667 0.656500
0 0.340333 0.635000 0.338000 0.636750 0.337667 0.639750 0.343000 0.647000 0.345333 0.649250 0.349333 0.651500 0.354000 0.651750 0.355333 0.651250 0.356667 0.650000 0.356667 0.645500 0.354667 0.641250 0.342667 0.634750
0 0.390667 0.641500 0.388333 0.639000 0.384667 0.638250 0.376667 0.638250 0.367667 0.640250 0.364000 0.641500 0.361000 0.644000 0.359667 0.646250 0.359333 0.650750 0.361333 0.652250 0.365667 0.653750 0.374000 0.653750 0.381000 0.652250 0.387333 0.649500 0.389667 0.647750 0.390667 0.646000
0 0.348667 0.611500 0.345333 0.613000 0.342000 0.618000 0.341667 0.623500 0.345333 0.631250 0.349333 0.633750 0.352667 0.633750 0.356000 0.632500 0.358000 0.629750 0.358667 0.626750 0.358667 0.619000 0.355333 0.614000 0.353000 0.612250
0 0.415333 0.620500 0.411333 0.622250 0.409333 0.625250 0.408667 0.630250 0.409000 0.635000 0.410333 0.639000 0.412000 0.641250 0.416000 0.642750 0.419667 0.643250 0.423000 0.641500 0.425333 0.639250 0.426333 0.635500 0.426333 0.630250 0.424667 0.626000 0.420000 0.621750
0 0.411667 0.594250 0.408000 0.596000 0.405667 0.602750 0.405667 0.611250 0.407667 0.616250 0.410333 0.617000 0.413000 0.616750 0.416667 0.614250 0.419333 0.610500 0.421000 0.605000 0.420667 0.599250 0.419333 0.597250 0.416333 0.594750
0 0.369667 0.596500 0.367000 0.597000 0.364333 0.598750 0.361667 0.601750 0.360667 0.604250 0.360333 0.612250 0.361333 0.616000 0.363333 0.618750 0.366333 0.620250 0.370000 0.620250 0.373000 0.619000 0.375333 0.615250 0.376333 0.605750 0.375333 0.601500 0.374000 0.598750
0 0.446333 0.578750 0.444333 0.578000 0.440333 0.578250 0.437333 0.579250 0.431000 0.584750 0.429333 0.587750 0.429333 0.591500 0.430000 0.592500 0.431000 0.593000 0.434000 0.593000 0.440333 0.591250 0.443667 0.589000 0.447333 0.583000 0.447667 0.580000
0 0.416000 0.562750 0.412667 0.563250 0.410333 0.564750 0.407333 0.571500 0.407000 0.576750 0.407667 0.580750 0.409333 0.583000 0.412000 0.584500 0.415000 0.583500 0.419000 0.580500 0.421333 0.575750 0.421333 0.568000 0.420667 0.565250 0.419333 0.563750
0 0.439333 0.550250 0.436333 0.551000 0.431000 0.555500 0.429333 0.560000 0.429333 0.565750 0.430333 0.569750 0.431667 0.572250 0.436000 0.575000 0.440333 0.574750 0.443667 0.573000 0.446333 0.566000 0.446667 0.560500 0.445667 0.556000 0.443333 0.552250
0 0.368333 0.543750 0.365667 0.544750 0.362667 0.548000 0.361667 0.552250 0.362000 0.557500 0.364000 0.562500 0.368000 0.567750 0.369667 0.569000 0.373667 0.570000 0.376667 0.569000 0.379000 0.566000 0.380667 0.560750 0.380667 0.556250 0.378000 0.548500 0.372667 0.544250
0 0.330000 0.546000 0.325667 0.546000 0.321667 0.547250 0.320000 0.548750 0.315333 0.556500 0.314667 0.560750 0.315000 0.565000 0.317667 0.569000 0.321000 0.570250 0.324333 0.570000 0.326667 0.568750 0.328667 0.565500 0.332667 0.561750 0.334667 0.558750 0.335333 0.556250 0.334667 0.549750 0.333667 0.548000
0 0.356667 0.564500 0.353667 0.563000 0.347333 0.563500 0.344333 0.564500 0.335000 0.571750 0.332333 0.576000 0.332333 0.580500 0.333667 0.581250 0.338000 0.581250 0.349667 0.576750 0.354000 0.573000 0.357000 0.568750
0 0.399667 0.559250 0.395667 0.557750 0.389333 0.559750 0.386000 0.562250 0.384000 0.564500 0.383000 0.567500 0.383000 0.572250 0.384000 0.573500 0.390000 0.573500 0.397000 0.570000 0.401000 0.564750 0.401000 0.560750
0 0.403000 0.532750 0.402333 0.537500 0.405667 0.542000 0.410333 0.545500 0.413667 0.546500 0.423333 0.547750 0.427667 0.547750 0.430333 0.545750 0.430667 0.544500 0.428667 0.540000 0.419667 0.532750 0.412000 0.531750 0.405000 0.531750
0 0.396667 0.518000 0.396667 0.521750 0.399333 0.525250 0.405667 0.530000 0.412333 0.531500 0.419667 0.531750 0.421333 0.531000 0.422667 0.529000 0.422333 0.524750 0.420333 0.521750 0.414333 0.517500 0.404667 0.514750 0.400333 0.515500
0 0.443000 0.499500 0.435000 0.500500 0.432333 0.501500 0.430333 0.503750 0.427000 0.510000 0.427000 0.515750 0.428000 0.518000 0.431000 0.519750 0.435667 0.518750 0.440667 0.515250 0.443333 0.512250 0.445333 0.506250 0.445333 0.501500
0 0.406667 0.503250 0.404667 0.504750 0.404333 0.506500 0.407667 0.513500 0.419333 0.518500 0.423667 0.518750 0.424667 0.517500 0.424333 0.513500 0.421667 0.509250 0.413000 0.503750 0.409000 0.502750
0 0.326000 0.456750 0.322333 0.456750 0.321000 0.457500 0.316667 0.462500 0.316000 0.465250 0.316000 0.470750 0.319000 0.476250 0.322000 0.479000 0.326333 0.478250 0.330333 0.472500 0.331667 0.467500 0.331333 0.462750 0.330333 0.460250 0.328667 0.458250
0 0.359333 0.502250 0.357667 0.500500 0.348667 0.498000 0.344333 0.497750 0.328667 0.500250 0.326000 0.502000 0.324667 0.505500 0.325333 0.507000 0.328333 0.509250 0.333667 0.511500 0.340000 0.512500 0.347667 0.512500 0.354333 0.511000 0.358000 0.509000 0.359667 0.506250
0 0.317667 0.482000 0.316000 0.483250 0.315333 0.486250 0.318000 0.490750 0.322000 0.493750 0.330000 0.498000 0.333333 0.498000 0.335667 0.497250 0.338667 0.494750 0.338667 0.493000 0.337667 0.490000 0.334667 0.487000 0.330333 0.484250 0.325667 0.482250 0.321333 0.481750
0 0.288000 0.434000 0.285667 0.433500 0.281000 0.434000 0.278667 0.435000 0.273333 0.439000 0.271000 0.443250 0.267667 0.447000 0.267000 0.449250 0.266667 0.455000 0.267667 0.457000 0.269333 0.458000 0.272667 0.458500 0.279000 0.456500 0.287000 0.450750 0.292000 0.440750 0.292000 0.438250 0.291000 0.436000
0 0.341333 0.337750 0.338333 0.339000 0.335667 0.341750 0.334000 0.345250 0.333667 0.350250 0.334333 0.353500 0.336667 0.357750 0.341000 0.359750 0.343000 0.360000 0.346667 0.359500 0.350333 0.357250 0.352000 0.353250 0.352333 0.346000 0.350000 0.341750 0.346000 0.339000
0 0.567333 0.371750 0.563667 0.372750 0.561333 0.376500 0.561000 0.383500 0.562000 0.389250 0.563667 0.393500 0.566000 0.395750 0.569000 0.397500 0.573667 0.398000 0.577000 0.396750 0.579667 0.393000 0.581333 0.388250 0.581000 0.384750 0.576333 0.375750 0.571667 0.372500
0 0.339333 0.424250 0.337667 0.426500 0.337333 0.429000 0.338000 0.432500 0.341333 0.438250 0.346000 0.443000 0.349333 0.444250 0.354667 0.444000 0.356000 0.443000 0.357667 0.440000 0.357333 0.435500 0.355333 0.431000 0.349333 0.425750 0.346000 0.424250 0.342667 0.423500
0 0.296000 0.398750 0.294333 0.399500 0.292667 0.403750 0.294333 0.413500 0.297000 0.418750 0.299000 0.421000 0.302667 0.422750 0.307667 0.423000 0.311000 0.420750 0.311667 0.418250 0.311667 0.410750 0.310333 0.406250 0.307333 0.402000 0.303667 0.399000 0.299667 0.398250
