0 0.439333 0.329500 0.435000 0.329500 0.433333 0.330250 0.430333 0.332750 0.428000 0.337750 0.427667 0.343500 0.430000 0.350250 0.431667 0.351250 0.436333 0.351750 0.440333 0.350250 0.443333 0.346500 0.445000 0.342250 0.444333 0.334750 0.442667 0.332000
0 0.432333 0.354250 0.430667 0.355000 0.429333 0.357500 0.429667 0.365750 0.432000 0.372500 0.435667 0.377750 0.439000 0.380500 0.443000 0.381750 0.447667 0.381750 0.449333 0.380250 0.451000 0.376000 0.451000 0.372250 0.449333 0.367500 0.444000 0.359750 0.436333 0.354500
0 0.443000 0.384000 0.437333 0.382500 0.434333 0.382500 0.428333 0.384500 0.423333 0.388250 0.419667 0.393000 0.418667 0.397250 0.420000 0.399750 0.424333 0.401750 0.428333 0.401750 0.435333 0.399750 0.439000 0.397250 0.443333 0.393250 0.444000 0.391750 0.444333 0.387000 0.444000 0.385000
0 0.385000 0.372500 0.383667 0.373250 0.381333 0.377500 0.381333 0.385000 0.383000 0.391000 0.385000 0.394000 0.388667 0.397000 0.391333 0.398000 0.396333 0.397750 0.398667 0.395750 0.400333 0.389750 0.400000 0.384000 0.396667 0.377250 0.388333 0.372250
0 0.360333 0.374500 0.356667 0.375500 0.354667 0.377500 0.354333 0.381750 0.356333 0.389000 0.360667 0.396750 0.365000 0.399750 0.368000 0.400750 0.370333 0.400750 0.373667 0.399500 0.375667 0.396250 0.376000 0.391500 0.374667 0.385000 0.372667 0.381500 0.367667 0.376000 0.365000 0.374500
0 0.400333 0.418500 0.398000 0.418000 0.392667 0.418250 0.389333 0.421000 0.384667 0.423500 0.379000 0.431750 0.378667 0.435250 0.381000 0.439250 0.383667 0.440250 0.385667 0.440250 0.396000 0.437250 0.397667 0.436000 0.401333 0.429250 0.402333 0.425000 0.402000 0.420750
0 0.388000 0.415500 0.385333 0.413750 0.382000 0.413000 0.371333 0.414000 0.366000 0.415500 0.361000 0.418250 0.356333 0.422500 0.355333 0.426250 0.355667 0.428250 0.357333 0.429500 0.363667 0.430000 0.374000 0.429000 0.387333 0.420500 0.388333 0.418250
0 0.439333 0.400250 0.437667 0.400750 0.435000 0.403500 0.432000 0.405000 0.430333 0.408500 0.430333 0.417000 0.431000 0.419250 0.432000 0.420500 0.436000 0.422000 0.440000 0.421750 0.443667 0.419750 0.445667 0.413000 0.446000 0.408500 0.445000 0.405500 0.443000 0.402250
0 0.424000 0.424250 0.422667 0.426750 0.422667 0.429750 0.423333 0.432000 0.426333 0.436250 0.433667 0.440000 0.438667 0.441250 0.443000 0.440500 0.444333 0.439250 0.444667 0.436750 0.443333 0.431750 0.432333 0.423750 0.427000 0.423250
0 0.399333 0.439000 0.395333 0.438500 0.391667 0.439250 0.384333 0.446000 0.383667 0.448500 0.384000 0.453750 0.385000 0.455750 0.388000 0.457750 0.392667 0.457750 0.395333 0.456750 0.397333 0.455250 0.400333 0.451000 0.401333 0.448250 0.401667 0.442750 0.401000 0.440500
0 0.415000 0.429750 0.412333 0.430250 0.410667 0.431250 0.408667 0.434750 0.408333 0.437000 0.409000 0.441750 0.411667 0.449500 0.414000 0.452500 0.417000 0.453250 0.419333 0.452500 0.420667 0.451000 0.422000 0.441250 0.422000 0.435750 0.420333 0.432000 0.417667 0.430250
0 0.374333 0.462500 0.372000 0.462500 0.369000 0.463500 0.361333 0.470000 0.360000 0.472500 0.358333 0.477750 0.359000 0.482000 0.361000 0.487000 0.364333 0.488500 0.366000 0.488500 0.370667 0.487000 0.372667 0.485750 0.375333 0.482000 0.378000 0.474750 0.378667 0.467750 0.377333 0.464250
0 0.342000 0.427500 0.340000 0.428750 0.337667 0.431750 0.336667 0.436000 0.336667 0.440000 0.338333 0.443750 0.341000 0.445750 0.343000 0.446000 0.345667 0.445500 0.347667 0.444000 0.349667 0.439750 0.349000 0.435250 0.349333 0.432000 0.346667 0.431500 0.345000 0.428500
0 0.298000 0.390750 0.294333 0.392500 0.292667 0.396250 0.291667 0.403500 0.292000 0.407750 0.293333 0.413000 0.296333 0.416500 0.299333 0.418500 0.303333 0.419000 0.307333 0.416500 0.309667 0.412750 0.309667 0.400750 0.307333 0.395250 0.305333 0.392750 0.303000 0.391000
0 0.450333 0.508250 0.444667 0.507000 0.439333 0.507750 0.430667 0.513250 0.427000 0.518000 0.426333 0.520500 0.426667 0.524750 0.428333 0.526500 0.432333 0.527750 0.440333 0.527750 0.444667 0.526000 0.449667 0.521500 0.451667 0.518000 0.452333 0.511500 0.452000 0.509750
0 0.416333 0.553500 0.412667 0.553250 0.408667 0.554500 0.404667 0.557000 0.401667 0.560750 0.399667 0.566500 0.399667 0.572750 0.404000 0.575750 0.408333 0.575000 0.411667 0.573750 0.418333 0.565250 0.419667 0.561750 0.419667 0.557500 0.419000 0.555750
0 0.418000 0.576000 0.415667 0.576000 0.409667 0.579500 0.406333 0.587750 0.406000 0.597000 0.406667 0.599250 0.409000 0.601500 0.412333 0.603000 0.416333 0.602500 0.420333 0.600750 0.425667 0.591250 0.426000 0.585250 0.425000 0.579500 0.423667 0.578000
0 0.381333 0.581750 0.379667 0.584750 0.379667 0.589000 0.381000 0.592750 0.388000 0.597000 0.392000 0.600500 0.395000 0.601250 0.398000 0.601250 0.401000 0.600500 0.402667 0.598750 0.403667 0.596250 0.403333 0.591250 0.401333 0.587750 0.395667 0.583750 0.388333 0.580500 0.384000 0.580500
0 0.396333 0.555250 0.392000 0.555000 0.389333 0.556000 0.384667 0.559000 0.383000 0.561250 0.381333 0.565000 0.380667 0.573250 0.382333 0.577250 0.384333 0.578500 0.389333 0.578750 0.393333 0.577250 0.397333 0.573500 0.399000 0.568250 0.399667 0.559750 0.398667 0.557000
0 0.358000 0.558500 0.353000 0.559500 0.348000 0.563250 0.346000 0.567750 0.346000 0.576500 0.348667 0.580750 0.352333 0.582000 0.355333 0.582000 0.359000 0.580500 0.363000 0.576750 0.365000 0.571750 0.365333 0.567250 0.364667 0.563750 0.362333 0.560500
0 0.333667 0.541500 0.330000 0.541750 0.326333 0.544500 0.322667 0.549500 0.320333 0.555250 0.319667 0.559000 0.320000 0.561500 0.322000 0.563250 0.326667 0.562750 0.330667 0.560750 0.334000 0.558250 0.335000 0.556750 0.336667 0.551750 0.336667 0.546250 0.336000 0.544000
0 0.275667 0.578250 0.272000 0.579750 0.269667 0.583250 0.268667 0.587000 0.269000 0.591750 0.270000 0.596250 0.274333 0.603750 0.278333 0.606000 0.280333 0.606250 0.283667 0.605250 0.286000 0.602000 0.288000 0.596500 0.288000 0.588000 0.287000 0.585750 0.283000 0.580750 0.279000 0.578500
0 0.308667 0.587250 0.305000 0.587000 0.300667 0.588250 0.297333 0.590500 0.293333 0.595500 0.291333 0.601500 0.291333 0.605750 0.292667 0.608250 0.295000 0.609750 0.299000 0.609750 0.302333 0.608500 0.311000 0.600000 0.312000 0.596750 0.312333 0.591250 0.311000 0.588500
0 0.353333 0.602000 0.349333 0.601000 0.344000 0.601750 0.341333 0.602750 0.337000 0.606250 0.332667 0.611500 0.331333 0.615250 0.331333 0.619750 0.334333 0.622750 0.338333 0.623500 0.342000 0.623250 0.348667 0.619500 0.354333 0.612000 0.355333 0.609000 0.355000 0.603500
0 0.378000 0.610500 0.373000 0.610250 0.369667 0.611250 0.361333 0.618500 0.358333 0.626250 0.358333 0.630750 0.361667 0.633750 0.366000 0.634500 0.370667 0.632750 0.374000 0.630250 0.378000 0.625250 0.380667 0.620500 0.381333 0.616500 0.380667 0.612750
0 0.388667 0.604000 0.384667 0.606750 0.382667 0.611750 0.383000 0.620500 0.384333 0.624500 0.388000 0.627500 0.393000 0.627750 0.396667 0.626750 0.400667 0.622750 0.401667 0.619750 0.401333 0.612250 0.399667 0.608000 0.396000 0.604500
0 0.407667 0.608750 0.405667 0.609750 0.404667 0.611500 0.405000 0.619000 0.406667 0.623250 0.410333 0.627250 0.415333 0.630750 0.419667 0.631250 0.422000 0.629500 0.424000 0.626250 0.424333 0.621500 0.423667 0.618250 0.420667 0.613000 0.418000 0.610250 0.416000 0.609250 0.413000 0.608750
0 0.268333 0.650750 0.263000 0.650250 0.259000 0.651000 0.252667 0.653750 0.244000 0.659500 0.241667 0.664250 0.241667 0.667500 0.243667 0.670500 0.246667 0.671250 0.253000 0.671000 0.256667 0.669750 0.264667 0.663750 0.269333 0.657750 0.270000 0.653500
0 0.412000 0.641750 0.409000 0.640000 0.405667 0.639250 0.402333 0.639250 0.393000 0.642000 0.383667 0.651000 0.382667 0.653750 0.383667 0.657500 0.385667 0.658500 0.390000 0.658750 0.396000 0.657500 0.403667 0.654750 0.411333 0.647250 0.412333 0.644000
0 0.164667 0.667500 0.162000 0.670250 0.161667 0.675250 0.164333 0.681750 0.166333 0.684500 0.169333 0.686750 0.174000 0.688500 0.180667 0.689000 0.183333 0.688250 0.185333 0.685500 0.185333 0.680750 0.181000 0.672750 0.177333 0.669250 0.170333 0.666500
0 0.460000 0.543250 0.455333 0.544750 0.452333 0.548750 0.451333 0.551750 0.451333 0.557750 0.452333 0.561000 0.454667 0.564750 0.458333 0.566250 0.463667 0.565750 0.466667 0.564000 0.468000 0.561000 0.468333 0.557750 0.467333 0.547500 0.464333 0.544250
