0 0.580750 0.408667 0.580250 0.410667 0.580750 0.416333 0.583750 0.423000 0.587250 0.428000 0.595250 0.433000 0.599000 0.432000 0.600750 0.430000 0.601750 0.427667 0.601750 0.423333 0.597000 0.415333 0.592250 0.409333 0.587500 0.407000 0.582750 0.407333
0 0.403000 0.501333 0.400500 0.499000 0.397250 0.499000 0.392000 0.500333 0.388750 0.502333 0.382750 0.509333 0.381500 0.513000 0.382000 0.518000 0.385000 0.520333 0.389250 0.520333 0.396750 0.516667 0.402000 0.509667 0.403250 0.506333
0 0.364000 0.548000 0.364250 0.552000 0.367000 0.556667 0.368750 0.558333 0.373000 0.560333 0.382000 0.560667 0.384000 0.560000 0.387750 0.557667 0.389250 0.554333 0.389250 0.551333 0.388000 0.548000 0.381750 0.544000 0.377500 0.542667 0.372500 0.542333 0.369000 0.543000 0.366250 0.544667
0 0.335000 0.545667 0.335000 0.549333 0.337250 0.553667 0.344750 0.558333 0.354500 0.560000 0.357750 0.559333 0.359750 0.558000 0.360750 0.556333 0.361000 0.551000 0.359750 0.547000 0.357750 0.544333 0.353250 0.541667 0.347750 0.540333 0.341000 0.540333 0.337250 0.542000 0.335750 0.543667
0 0.487000 0.473000 0.486000 0.472000 0.481750 0.472000 0.478250 0.474000 0.474000 0.478000 0.470750 0.482333 0.470000 0.484333 0.469750 0.487667 0.470250 0.490333 0.471250 0.491333 0.475500 0.491667 0.478750 0.490000 0.483250 0.486000 0.487000 0.480000 0.487500 0.477667
0 0.405500 0.564333 0.405500 0.567667 0.407250 0.572667 0.410000 0.576667 0.412500 0.578667 0.418250 0.579667 0.424750 0.579333 0.428000 0.578000 0.429250 0.575667 0.429500 0.570667 0.427750 0.565333 0.420500 0.560333 0.417250 0.559333 0.411500 0.559333 0.407500 0.561000
0 0.399000 0.592000 0.399000 0.595667 0.400000 0.598000 0.408500 0.602000 0.413250 0.602333 0.419250 0.601000 0.421000 0.599333 0.421750 0.597000 0.421750 0.594333 0.419750 0.590333 0.415750 0.587000 0.413000 0.586333 0.403750 0.587000 0.400750 0.588667
0 0.392500 0.604000 0.391500 0.607333 0.392000 0.612000 0.395750 0.617667 0.400250 0.622667 0.403500 0.624667 0.407000 0.625667 0.415000 0.625000 0.416500 0.624333 0.417750 0.622667 0.418250 0.618000 0.416000 0.611333 0.412000 0.605667 0.407250 0.603000 0.402250 0.601333 0.396500 0.601667
0 0.577250 0.513000 0.575250 0.511333 0.571250 0.510667 0.565000 0.512333 0.560000 0.515667 0.557500 0.518000 0.556000 0.521000 0.555250 0.524333 0.555500 0.529667 0.557000 0.531333 0.560250 0.532333 0.567000 0.532000 0.571750 0.529667 0.576250 0.525000 0.578000 0.521000 0.578250 0.516667
0 0.513750 0.520333 0.513750 0.522000 0.517000 0.527333 0.520000 0.529333 0.522500 0.530000 0.530500 0.529000 0.533250 0.526333 0.534250 0.522333 0.533750 0.518333 0.533000 0.517000 0.530000 0.515000 0.526750 0.514000 0.521250 0.514000 0.517750 0.515000 0.515500 0.516667
0 0.610500 0.517000 0.610750 0.521333 0.612000 0.523333 0.615750 0.526667 0.619500 0.528000 0.627250 0.527333 0.629500 0.525667 0.631750 0.521667 0.631000 0.517000 0.626500 0.514000 0.623000 0.512667 0.618000 0.512667 0.614000 0.513667 0.611750 0.515000
0 0.686750 0.493667 0.685000 0.492000 0.682500 0.491333 0.676750 0.491333 0.672750 0.492667 0.666250 0.498000 0.664000 0.501667 0.664250 0.507000 0.666250 0.510667 0.669250 0.512000 0.673500 0.512000 0.677250 0.510667 0.683500 0.506333 0.686250 0.502667 0.687250 0.499000
0 0.697750 0.473667 0.698500 0.478000 0.701000 0.482667 0.709000 0.487333 0.712500 0.488333 0.717750 0.488000 0.722000 0.486000 0.724500 0.482333 0.724250 0.478000 0.719500 0.471000 0.716250 0.469000 0.709500 0.468000 0.701500 0.468667 0.699250 0.470000
0 0.680250 0.540333 0.680750 0.544667 0.681750 0.546333 0.686750 0.549333 0.692250 0.551000 0.697500 0.550667 0.701500 0.549333 0.706250 0.546000 0.707500 0.542333 0.707500 0.540667 0.705000 0.537000 0.700750 0.533667 0.697750 0.532667 0.691250 0.532667 0.686000 0.533667 0.682000 0.536000 0.681000 0.537333
0 0.685750 0.560333 0.682250 0.556667 0.677750 0.556333 0.674250 0.557000 0.666250 0.562000 0.664750 0.564333 0.664750 0.568667 0.665500 0.570333 0.669500 0.573000 0.674000 0.573333 0.677250 0.572333 0.682500 0.568667 0.685250 0.565000
0 0.693000 0.559667 0.694250 0.563000 0.697250 0.566000 0.701000 0.567000 0.704500 0.567000 0.710250 0.565333 0.715750 0.561333 0.716500 0.559000 0.716500 0.556000 0.714000 0.553000 0.709250 0.550667 0.704250 0.550667 0.696000 0.554333 0.694000 0.556333
0 0.666250 0.536333 0.664500 0.533333 0.661500 0.532000 0.652000 0.531667 0.647000 0.532667 0.642500 0.535667 0.638750 0.541333 0.638250 0.546000 0.639500 0.549667 0.643000 0.552333 0.650750 0.552667 0.653750 0.552000 0.662750 0.546667 0.666000 0.540667
0 0.634750 0.585333 0.634750 0.588667 0.636750 0.592000 0.646000 0.595667 0.654500 0.594667 0.658000 0.592333 0.660000 0.588667 0.659500 0.584667 0.658250 0.582333 0.655000 0.579667 0.651750 0.579000 0.643000 0.579000 0.639000 0.580000 0.635750 0.583000
0 0.651750 0.606667 0.652750 0.611333 0.658000 0.618333 0.661750 0.620667 0.666250 0.622000 0.670750 0.622000 0.674500 0.621000 0.676750 0.619000 0.677250 0.614000 0.676250 0.611000 0.667500 0.603000 0.663000 0.601667 0.655500 0.602000 0.653250 0.603000
0 0.635250 0.628667 0.635250 0.631333 0.638000 0.636000 0.642500 0.638000 0.647500 0.638333 0.654250 0.636667 0.656250 0.635333 0.659250 0.631000 0.659750 0.625333 0.658250 0.622000 0.655250 0.619667 0.646000 0.619000 0.642250 0.620333 0.639750 0.622333 0.635750 0.626667
0 0.616000 0.653667 0.617000 0.658333 0.619500 0.661333 0.622750 0.663000 0.629750 0.663000 0.637500 0.661333 0.640000 0.660000 0.643250 0.653667 0.643500 0.649667 0.642000 0.646667 0.638750 0.644333 0.635500 0.643667 0.626750 0.643667 0.617500 0.649667
0 0.666750 0.587667 0.667500 0.591333 0.668750 0.592667 0.672750 0.594333 0.678250 0.594333 0.682500 0.593333 0.685750 0.591667 0.688250 0.587667 0.688750 0.583333 0.687250 0.581333 0.685000 0.580000 0.682250 0.579333 0.675250 0.579333 0.671500 0.581333 0.668500 0.584333
0 0.492750 0.588667 0.492750 0.592333 0.494750 0.595000 0.497750 0.597333 0.504250 0.599333 0.510000 0.599000 0.513750 0.597667 0.515750 0.595667 0.517500 0.591667 0.517250 0.587333 0.514750 0.583667 0.506750 0.581333 0.501250 0.581667 0.498250 0.583000 0.493750 0.586333
0 0.522500 0.584333 0.522250 0.588000 0.523000 0.590333 0.524500 0.593000 0.528500 0.596333 0.533500 0.598667 0.538000 0.598667 0.541000 0.597667 0.542500 0.596333 0.541250 0.591667 0.538500 0.587333 0.533250 0.583333 0.529000 0.581333 0.525250 0.581333 0.523750 0.582333
0 0.546750 0.583333 0.547250 0.586000 0.549250 0.589333 0.551750 0.591667 0.556500 0.594333 0.560250 0.595667 0.565250 0.595667 0.567750 0.594667 0.569250 0.592333 0.569250 0.588000 0.568000 0.586000 0.565000 0.583333 0.560250 0.580667 0.557250 0.580000 0.550500 0.580333 0.547750 0.581667
0 0.591750 0.583333 0.589750 0.580667 0.588000 0.579667 0.584250 0.579333 0.580000 0.580000 0.575000 0.583667 0.572500 0.587000 0.572250 0.592000 0.576000 0.594667 0.584250 0.594000 0.588000 0.592000 0.591500 0.587333
0 0.431750 0.518667 0.431750 0.522333 0.435250 0.527000 0.439000 0.529000 0.445250 0.529333 0.451500 0.526333 0.454000 0.521667 0.454250 0.518000 0.453250 0.516000 0.450500 0.513667 0.447000 0.512667 0.440500 0.512667 0.433500 0.516000
0 0.411000 0.502000 0.411250 0.505333 0.413250 0.509333 0.416250 0.512667 0.419250 0.514333 0.422500 0.515000 0.428000 0.514333 0.430750 0.511333 0.431500 0.509333 0.431500 0.505000 0.430750 0.502667 0.428250 0.500000 0.423500 0.497667 0.421000 0.497000 0.415750 0.497333 0.412500 0.499667
0 0.491250 0.475000 0.491250 0.479667 0.492000 0.482667 0.493250 0.484333 0.497250 0.487000 0.501000 0.488000 0.506500 0.487667 0.509250 0.486000 0.511500 0.482667 0.511500 0.479000 0.510500 0.477000 0.506500 0.473333 0.502500 0.471333 0.495000 0.471333 0.492250 0.473000
0 0.535750 0.477667 0.536000 0.479667 0.537500 0.483000 0.540250 0.485000 0.547750 0.487000 0.552500 0.487000 0.559500 0.483667 0.561250 0.480667 0.561500 0.475667 0.560250 0.472667 0.557500 0.471000 0.547000 0.470333 0.539500 0.472000 0.536500 0.474667
