0 0.361000 0.379750 0.357333 0.380000 0.353000 0.382250 0.350667 0.385250 0.348333 0.391000 0.347333 0.397000 0.347667 0.401750 0.349000 0.404750 0.353000 0.406750 0.357667 0.406500 0.360000 0.405250 0.366000 0.396250 0.367000 0.390500 0.366667 0.384000 0.365667 0.382250
0 0.397000 0.403500 0.395667 0.404250 0.394333 0.407000 0.394667 0.411750 0.399667 0.421250 0.403000 0.424500 0.406667 0.425750 0.409000 0.425750 0.411333 0.423750 0.411333 0.417500 0.408000 0.408500 0.403667 0.403750 0.401333 0.403000
0 0.542000 0.391250 0.540333 0.391250 0.536667 0.393250 0.532333 0.400000 0.532333 0.406750 0.533333 0.411750 0.534333 0.413500 0.536667 0.415250 0.541667 0.414500 0.544333 0.412750 0.547333 0.404750 0.547333 0.396750 0.546000 0.393000 0.545000 0.392000
0 0.599667 0.374500 0.596000 0.376750 0.594333 0.384750 0.594667 0.392250 0.596333 0.397250 0.599667 0.400750 0.604667 0.400750 0.607000 0.400250 0.611000 0.396000 0.612333 0.390500 0.612667 0.384750 0.612000 0.381250 0.609333 0.376750 0.607000 0.375250 0.604000 0.374500
0 0.611667 0.399750 0.610333 0.399500 0.600333 0.402250 0.595000 0.405750 0.587333 0.415750 0.587000 0.420750 0.588333 0.422250 0.591000 0.423250 0.595667 0.423000 0.600333 0.421250 0.606000 0.416500 0.609333 0.412500 0.613333 0.405500 0.613667 0.403500
0 0.541333 0.420500 0.537000 0.421750 0.534667 0.423250 0.533333 0.427250 0.533000 0.432250 0.535333 0.440250 0.538333 0.444250 0.541667 0.445750 0.544667 0.445000 0.546333 0.442750 0.549333 0.436250 0.549333 0.430500 0.547000 0.423250 0.544667 0.421000
0 0.535667 0.452750 0.533333 0.453250 0.530667 0.455500 0.528333 0.459750 0.528000 0.464250 0.529000 0.467750 0.532667 0.474250 0.535667 0.475500 0.538333 0.475500 0.540667 0.474500 0.545000 0.471000 0.546000 0.467250 0.546000 0.462250 0.544667 0.456500 0.543000 0.454250 0.540333 0.453000
0 0.507333 0.451500 0.505667 0.450750 0.502000 0.451000 0.494333 0.454250 0.492667 0.455500 0.489667 0.459250 0.485667 0.462250 0.484667 0.466000 0.485667 0.468500 0.486667 0.469000 0.490667 0.469000 0.498333 0.466750 0.505667 0.461500 0.507667 0.459500 0.509667 0.455750 0.509667 0.454500
0 0.393667 0.469500 0.393667 0.471250 0.399000 0.475250 0.404333 0.476750 0.408000 0.477250 0.417333 0.477250 0.419667 0.476750 0.421000 0.475250 0.420667 0.471250 0.419333 0.470000 0.406333 0.466250 0.400000 0.466000 0.397000 0.466500 0.394667 0.467750
0 0.458667 0.501250 0.453667 0.501000 0.450667 0.501750 0.446333 0.504750 0.444667 0.507000 0.441333 0.509500 0.439333 0.512750 0.439667 0.516750 0.441333 0.518250 0.442667 0.518750 0.448333 0.518500 0.450667 0.517500 0.456333 0.513250 0.458333 0.510500 0.459667 0.506750 0.459667 0.502250
0 0.471000 0.528000 0.469000 0.529000 0.465000 0.533250 0.463333 0.538500 0.463333 0.542250 0.466333 0.548000 0.470000 0.550500 0.472333 0.550750 0.475667 0.549500 0.478667 0.545500 0.480000 0.541000 0.480000 0.537500 0.479000 0.532750 0.474667 0.528250
0 0.532667 0.498750 0.530000 0.500000 0.528333 0.501750 0.528333 0.510250 0.530667 0.517250 0.533000 0.521000 0.536333 0.522750 0.538000 0.522750 0.541333 0.521000 0.543333 0.517750 0.543000 0.509250 0.538333 0.500750 0.536000 0.499250
0 0.487667 0.552000 0.485667 0.552500 0.481667 0.555750 0.481000 0.559250 0.481333 0.562000 0.486000 0.573000 0.490000 0.576500 0.494667 0.577000 0.497000 0.575750 0.499000 0.572750 0.499000 0.562750 0.495000 0.555500 0.490667 0.552250
0 0.470667 0.560000 0.464667 0.564000 0.462333 0.567500 0.462333 0.573000 0.464000 0.576750 0.467000 0.581000 0.470000 0.582750 0.475000 0.582250 0.478000 0.579250 0.479667 0.573500 0.479667 0.568500 0.478333 0.564500 0.475333 0.560750
0 0.446333 0.547000 0.443667 0.548250 0.442667 0.550500 0.442667 0.554500 0.445000 0.560750 0.447000 0.563250 0.450333 0.565500 0.454667 0.565500 0.456333 0.564000 0.456667 0.556250 0.452333 0.548250 0.448333 0.547000
0 0.454667 0.580500 0.450667 0.581250 0.447667 0.583500 0.444667 0.586750 0.442667 0.591000 0.442667 0.599250 0.444333 0.603250 0.447000 0.605750 0.451000 0.605750 0.453333 0.604250 0.456667 0.600250 0.458667 0.594500 0.458667 0.586000 0.456333 0.581500
0 0.423333 0.577750 0.419667 0.579500 0.418333 0.582250 0.418333 0.591250 0.423333 0.600250 0.427000 0.602000 0.429000 0.602000 0.432333 0.601250 0.434333 0.599000 0.435333 0.595750 0.434667 0.588250 0.430333 0.580000 0.427333 0.578000
0 0.411667 0.588000 0.408333 0.587750 0.405000 0.588500 0.400333 0.591500 0.397000 0.595250 0.392667 0.603000 0.393000 0.607500 0.395667 0.610000 0.400333 0.609750 0.404333 0.608500 0.407333 0.605500 0.413000 0.595750 0.413333 0.591250
0 0.443667 0.611500 0.442000 0.613250 0.441333 0.616750 0.442667 0.622750 0.445333 0.627750 0.447333 0.630250 0.449667 0.631750 0.452333 0.632750 0.455667 0.633000 0.458333 0.631250 0.459333 0.627750 0.456667 0.619750 0.450667 0.612500 0.448000 0.611250
0 0.513667 0.584250 0.509000 0.587750 0.507333 0.593500 0.507333 0.598250 0.509333 0.604500 0.513333 0.607250 0.518000 0.606750 0.522000 0.603250 0.523333 0.599500 0.523667 0.592000 0.522000 0.586750 0.517333 0.584500
0 0.607000 0.623250 0.603667 0.623500 0.600000 0.625750 0.599000 0.627000 0.597000 0.634000 0.597000 0.640000 0.598000 0.644000 0.601000 0.647250 0.603667 0.648000 0.607000 0.647500 0.608667 0.646250 0.612000 0.639500 0.613000 0.635250 0.613000 0.630250 0.612000 0.626750
0 0.599667 0.659000 0.596000 0.661500 0.595000 0.663000 0.594000 0.666500 0.594333 0.678250 0.596000 0.681750 0.598667 0.683500 0.600333 0.683750 0.603667 0.682750 0.607667 0.678500 0.608667 0.674750 0.609000 0.668750 0.608667 0.665500 0.607000 0.662250 0.604000 0.660000
0 0.549000 0.650250 0.545667 0.647500 0.541000 0.645750 0.536000 0.644750 0.531667 0.644750 0.524667 0.645750 0.517000 0.648250 0.514000 0.651000 0.513667 0.654500 0.516333 0.658000 0.518667 0.659000 0.523000 0.659500 0.537000 0.659250 0.545333 0.656750 0.548333 0.654000
0 0.552000 0.687750 0.549000 0.689000 0.547667 0.692250 0.547000 0.697750 0.548333 0.705500 0.550667 0.709500 0.552667 0.711250 0.557000 0.713000 0.560000 0.712750 0.562667 0.710500 0.564333 0.706750 0.564667 0.699250 0.562667 0.692500 0.560000 0.689500 0.556333 0.688000
0 0.575667 0.688500 0.572667 0.689750 0.570667 0.693000 0.570000 0.702000 0.571333 0.707000 0.572667 0.709250 0.575667 0.711500 0.579333 0.711750 0.583000 0.709500 0.584667 0.706250 0.585000 0.696750 0.584000 0.692750 0.582333 0.690000 0.580000 0.688500
0 0.627333 0.712250 0.623333 0.712250 0.619000 0.716750 0.617667 0.720250 0.616667 0.728000 0.617000 0.735000 0.618333 0.738500 0.622000 0.740000 0.623333 0.740000 0.626667 0.737250 0.631667 0.727000 0.632333 0.722750 0.631667 0.717000 0.629000 0.713250
0 0.541000 0.723250 0.537000 0.723500 0.534667 0.725750 0.533000 0.728750 0.532333 0.732500 0.532667 0.740250 0.534000 0.741750 0.536333 0.742500 0.538333 0.742000 0.541000 0.740000 0.544667 0.735000 0.545333 0.727750 0.544333 0.725250
0 0.426667 0.670250 0.424000 0.671250 0.423000 0.672750 0.422667 0.677250 0.424000 0.685250 0.428000 0.690000 0.430667 0.691000 0.433333 0.693000 0.435667 0.693250 0.439000 0.689250 0.439333 0.684750 0.437333 0.677000 0.435667 0.673750 0.434333 0.672750 0.429333 0.670500
0 0.415667 0.640500 0.413333 0.639750 0.411000 0.639750 0.403000 0.641250 0.398667 0.643250 0.392667 0.649250 0.390667 0.653250 0.390333 0.658500 0.392000 0.661250 0.397000 0.662000 0.403333 0.659250 0.411667 0.652500 0.416333 0.644500 0.416667 0.641750
0 0.368667 0.640250 0.366333 0.639500 0.362000 0.639500 0.357333 0.640250 0.352667 0.642000 0.343667 0.650000 0.341000 0.653750 0.341000 0.657500 0.342000 0.659500 0.345333 0.661250 0.349667 0.660750 0.356000 0.658250 0.363333 0.654250 0.366000 0.652000 0.370000 0.646250 0.370333 0.642000
0 0.377000 0.670000 0.376000 0.670750 0.375000 0.673750 0.375000 0.677250 0.376667 0.683750 0.381000 0.688750 0.384667 0.690750 0.388333 0.691500 0.391667 0.689250 0.393333 0.686500 0.393333 0.681250 0.390000 0.674000 0.388333 0.672500 0.381333 0.669750
0 0.409000 0.692750 0.409000 0.694250 0.411000 0.697250 0.416667 0.700750 0.420333 0.702250 0.432333 0.704250 0.435333 0.703500 0.436667 0.702000 0.436667 0.700250 0.435000 0.697500 0.427667 0.693250 0.423333 0.691750 0.420667 0.689750 0.414000 0.689750
0 0.438667 0.710500 0.434333 0.710250 0.431333 0.711000 0.427000 0.713000 0.423667 0.715750 0.421333 0.720750 0.420333 0.727750 0.421333 0.730500 0.423000 0.731500 0.428333 0.731750 0.436333 0.724750 0.440333 0.716750 0.440333 0.712250
0 0.407667 0.706000 0.404667 0.707500 0.403333 0.709500 0.402667 0.712000 0.403000 0.716750 0.405667 0.721000 0.407333 0.725500 0.411333 0.728000 0.412667 0.728250 0.416667 0.724000 0.417667 0.721000 0.417667 0.716250 0.416333 0.712250 0.412667 0.707500 0.410667 0.706500
0 0.383333 0.698500 0.381000 0.699500 0.378667 0.703250 0.377667 0.707750 0.377667 0.714000 0.378333 0.716750 0.380000 0.719000 0.382000 0.720250 0.385333 0.720750 0.388333 0.719500 0.389667 0.717250 0.390000 0.705750 0.388333 0.700000 0.385667 0.698500
0 0.373333 0.709000 0.369667 0.709000 0.365000 0.710000 0.360667 0.711750 0.357333 0.714500 0.352000 0.720500 0.351333 0.724500 0.353333 0.727000 0.355667 0.727500 0.358667 0.727250 0.365000 0.724250 0.373333 0.718500 0.375000 0.714750 0.375000 0.711500
0 0.369000 0.728500 0.366000 0.729000 0.360667 0.732250 0.357667 0.735500 0.353667 0.743250 0.354000 0.748500 0.357333 0.752500 0.361667 0.752500 0.365333 0.750250 0.371000 0.740250 0.372000 0.736250 0.372000 0.731750 0.370333 0.729250
0 0.376333 0.738500 0.375333 0.740250 0.375333 0.745750 0.376333 0.748750 0.384000 0.754500 0.387667 0.755500 0.389333 0.755250 0.392000 0.752750 0.391667 0.748750 0.389333 0.743750 0.380333 0.738250
0 0.403000 0.739750 0.400000 0.740750 0.398000 0.743750 0.398000 0.749500 0.399000 0.755500 0.403000 0.760500 0.407667 0.764000 0.409333 0.764000 0.411667 0.763250 0.413333 0.761000 0.413667 0.751500 0.412667 0.748000 0.410333 0.743750 0.405000 0.739750
