0 0.302333 0.462000 0.298000 0.461500 0.294667 0.462500 0.282667 0.470500 0.280667 0.474750 0.278000 0.477500 0.276000 0.481500 0.276667 0.485500 0.278667 0.487750 0.282667 0.488750 0.286667 0.488000 0.296000 0.482750 0.302333 0.474250 0.303333 0.471250 0.303667 0.464250 0.303333 0.462750
0 0.387333 0.450500 0.386333 0.452000 0.386333 0.456000 0.388333 0.459000 0.397667 0.467250 0.404000 0.469250 0.410333 0.469250 0.413000 0.468250 0.413667 0.467250 0.413000 0.462000 0.410000 0.459750 0.405000 0.454000 0.395000 0.450000 0.389333 0.449750
0 0.490333 0.400250 0.489000 0.401000 0.486333 0.404500 0.485667 0.409250 0.486667 0.414250 0.489333 0.420250 0.492667 0.423750 0.494667 0.424750 0.498667 0.425250 0.502000 0.423500 0.503333 0.420500 0.503333 0.408250 0.502667 0.406750 0.497333 0.401500 0.494667 0.400250
0 0.529333 0.382500 0.525667 0.384500 0.523667 0.388500 0.523333 0.401500 0.524667 0.406750 0.526333 0.408750 0.529333 0.410500 0.533000 0.410750 0.537000 0.408500 0.538333 0.406000 0.539667 0.400500 0.540000 0.392000 0.539333 0.388750 0.537333 0.385250 0.533000 0.382750
0 0.478333 0.465000 0.474000 0.465500 0.468000 0.471000 0.463000 0.479000 0.463000 0.482250 0.464667 0.483750 0.466000 0.484250 0.470000 0.483750 0.474667 0.480500 0.479000 0.470500 0.479333 0.466250
0 0.450667 0.490000 0.452333 0.494250 0.455333 0.496250 0.461667 0.498500 0.469000 0.499750 0.480667 0.500000 0.484000 0.499000 0.485333 0.497500 0.485000 0.494000 0.481667 0.490500 0.473667 0.487250 0.469000 0.486000 0.462333 0.485500 0.459667 0.486250 0.455000 0.486250 0.452333 0.488000
0 0.423333 0.484750 0.420333 0.486250 0.419333 0.488750 0.419333 0.496000 0.421667 0.503500 0.423333 0.507000 0.427000 0.509500 0.431000 0.510750 0.432667 0.510500 0.435333 0.508750 0.437000 0.506000 0.437333 0.501000 0.435667 0.493250 0.431333 0.487000 0.427667 0.484750
0 0.438667 0.502250 0.440333 0.505500 0.442000 0.506500 0.450000 0.507750 0.458667 0.507500 0.466000 0.506500 0.467333 0.505750 0.468333 0.502750 0.467333 0.500750 0.463333 0.499750 0.455333 0.499500 0.450667 0.498250 0.443000 0.498750 0.439000 0.501250
0 0.510000 0.500000 0.507667 0.501500 0.506000 0.505250 0.505667 0.512000 0.506333 0.515500 0.509333 0.522500 0.513667 0.524000 0.517333 0.524250 0.518667 0.523250 0.521667 0.518000 0.522000 0.513000 0.521333 0.510000 0.517000 0.501750 0.514333 0.500000
0 0.498333 0.525750 0.497667 0.527750 0.498333 0.530250 0.500667 0.532000 0.501667 0.533750 0.508333 0.538000 0.513333 0.539500 0.517333 0.540000 0.521333 0.539750 0.523000 0.538750 0.524000 0.536500 0.522667 0.532750 0.513667 0.526750 0.506667 0.525000 0.501000 0.525000
0 0.429000 0.530250 0.425667 0.530500 0.422333 0.532250 0.419000 0.540500 0.418333 0.547000 0.418667 0.553250 0.421000 0.557250 0.423667 0.558750 0.428333 0.558250 0.432333 0.555000 0.434333 0.552000 0.435333 0.547750 0.435333 0.538500 0.434333 0.533500 0.432333 0.531250
0 0.403333 0.526000 0.399333 0.528000 0.397333 0.533500 0.397000 0.541000 0.399333 0.547000 0.403000 0.549500 0.405333 0.550000 0.409000 0.549250 0.412333 0.545750 0.413333 0.542500 0.413333 0.536750 0.412667 0.532250 0.410000 0.528500 0.406333 0.526500
0 0.521333 0.547250 0.517000 0.548000 0.515000 0.550000 0.512667 0.553500 0.510667 0.559500 0.510667 0.564750 0.512000 0.567750 0.514000 0.569750 0.516667 0.570500 0.518333 0.570500 0.522333 0.568750 0.524667 0.565000 0.526333 0.560500 0.526000 0.551750 0.524667 0.549000
0 0.400667 0.559250 0.399000 0.560250 0.396000 0.564500 0.395333 0.573000 0.396667 0.577000 0.398333 0.579500 0.400667 0.581000 0.404333 0.581000 0.409333 0.576000 0.410000 0.573500 0.410000 0.567000 0.409000 0.564000 0.405000 0.560000 0.403000 0.559250
0 0.442667 0.598250 0.441000 0.600000 0.440667 0.604500 0.442000 0.607750 0.445667 0.612500 0.452000 0.617000 0.454667 0.618000 0.458667 0.617750 0.460333 0.614750 0.460333 0.610750 0.456333 0.604000 0.450667 0.599250 0.448000 0.598250
0 0.499333 0.592500 0.495333 0.593000 0.492333 0.594750 0.489333 0.602750 0.489333 0.613250 0.490667 0.616250 0.493667 0.618500 0.497333 0.618250 0.499333 0.617000 0.504333 0.608250 0.505000 0.602250 0.504000 0.595500 0.502667 0.593750
0 0.520000 0.613500 0.516333 0.614000 0.513000 0.616250 0.510000 0.619250 0.508000 0.623500 0.507333 0.628500 0.507667 0.635250 0.509333 0.638000 0.513667 0.639750 0.517333 0.638750 0.518667 0.637750 0.522667 0.632500 0.525333 0.624000 0.525000 0.619000 0.522333 0.614500
0 0.447667 0.625750 0.446667 0.626500 0.447333 0.631500 0.454667 0.641000 0.457667 0.643250 0.462333 0.644750 0.466000 0.643500 0.467000 0.642250 0.467000 0.638000 0.464333 0.633750 0.461000 0.631250 0.459333 0.629000 0.455333 0.626250 0.452000 0.625250
0 0.376333 0.612000 0.373000 0.615000 0.373000 0.620500 0.376333 0.629500 0.378000 0.631500 0.383667 0.634750 0.388667 0.636000 0.391333 0.634250 0.393000 0.630500 0.392667 0.626750 0.389667 0.619000 0.385333 0.614500 0.380667 0.611750
0 0.413333 0.649750 0.409667 0.648750 0.405333 0.648750 0.402000 0.649500 0.388667 0.657500 0.385333 0.661250 0.383667 0.665000 0.383667 0.667000 0.385000 0.669500 0.389000 0.671250 0.395333 0.671000 0.403000 0.667000 0.413333 0.656750 0.414333 0.654750
0 0.403333 0.675750 0.399333 0.677500 0.397667 0.680750 0.398333 0.689250 0.399667 0.693000 0.406333 0.701250 0.408667 0.702500 0.412333 0.703000 0.415000 0.701500 0.417333 0.697500 0.418000 0.689750 0.413000 0.681000 0.408333 0.677000 0.406000 0.676000
0 0.451000 0.696250 0.447333 0.696750 0.445333 0.698000 0.443000 0.701500 0.441667 0.705250 0.440667 0.711500 0.441333 0.717250 0.442667 0.719750 0.444000 0.720750 0.446333 0.721250 0.450333 0.720750 0.452333 0.719500 0.455667 0.715750 0.456667 0.712500 0.457000 0.705250 0.455667 0.700500 0.454000 0.697750
0 0.542000 0.676500 0.539667 0.676500 0.535333 0.679000 0.533667 0.680750 0.532667 0.684250 0.532333 0.690250 0.533000 0.694500 0.535000 0.698250 0.537667 0.700250 0.541000 0.700000 0.544333 0.697750 0.546667 0.692500 0.547000 0.685000 0.546333 0.680500 0.545000 0.678250
0 0.435000 0.713250 0.432667 0.712500 0.430333 0.712750 0.424333 0.716000 0.416000 0.722750 0.413667 0.728000 0.414333 0.730500 0.415667 0.732250 0.418333 0.732750 0.420667 0.732500 0.430667 0.725000 0.436333 0.717500 0.436333 0.715750
0 0.412000 0.724000 0.409333 0.723250 0.407333 0.723500 0.403667 0.726500 0.399667 0.731250 0.397667 0.735750 0.398000 0.739750 0.399333 0.740750 0.401333 0.741000 0.403667 0.740500 0.409667 0.736000 0.412667 0.730500 0.413000 0.728000
0 0.444000 0.734500 0.442333 0.736500 0.442333 0.740250 0.447000 0.748250 0.451667 0.751250 0.453667 0.751750 0.457000 0.751500 0.459667 0.749000 0.459667 0.744250 0.454333 0.736500 0.451000 0.734500 0.447667 0.734000
0 0.469667 0.731750 0.466667 0.732500 0.464667 0.735250 0.464000 0.738750 0.464667 0.744750 0.466333 0.748000 0.469333 0.751500 0.471667 0.753000 0.475333 0.753500 0.477333 0.752500 0.479333 0.750000 0.480333 0.745000 0.479333 0.740500 0.475333 0.734000 0.472333 0.732250
0 0.587667 0.724750 0.583333 0.725500 0.579333 0.728750 0.576667 0.739500 0.577000 0.744000 0.579333 0.746000 0.583333 0.745500 0.585000 0.744250 0.591000 0.735750 0.591667 0.733500 0.591333 0.728000
0 0.523000 0.751500 0.517000 0.751500 0.509000 0.758500 0.505333 0.767000 0.505667 0.768500 0.507333 0.770000 0.511000 0.770250 0.514000 0.769250 0.522000 0.763500 0.525000 0.756250 0.524667 0.753250
0 0.466333 0.766000 0.464333 0.767250 0.463000 0.770250 0.463000 0.773000 0.464333 0.777000 0.469000 0.784000 0.471000 0.785250 0.475333 0.785250 0.477667 0.783750 0.478333 0.782250 0.478333 0.779500 0.476667 0.774000 0.475000 0.771000 0.472000 0.768000 0.467667 0.766000
0 0.400333 0.791250 0.397000 0.793750 0.395667 0.797250 0.396333 0.801750 0.398667 0.806000 0.400667 0.808500 0.407667 0.814250 0.412333 0.815750 0.415667 0.815500 0.417667 0.814500 0.419667 0.810000 0.419667 0.806000 0.417667 0.802250 0.414667 0.798250 0.409667 0.794000 0.405000 0.791250
