0 0.455333 0.432000 0.453667 0.434000 0.452667 0.437500 0.453000 0.442250 0.455000 0.447750 0.458000 0.452250 0.462000 0.456000 0.466333 0.456000 0.467333 0.455500 0.469667 0.451250 0.470000 0.448000 0.467667 0.437500 0.465667 0.435500 0.461000 0.433750 0.459000 0.432000
0 0.409333 0.431750 0.408000 0.431250 0.404000 0.431500 0.399667 0.433250 0.391000 0.438500 0.386333 0.446500 0.387000 0.450750 0.388333 0.452250 0.391333 0.453250 0.396000 0.453000 0.401667 0.451000 0.405000 0.448750 0.409667 0.444000 0.412667 0.439250 0.412667 0.435000
0 0.386000 0.421000 0.382667 0.420750 0.377000 0.422250 0.367000 0.431000 0.364000 0.438000 0.364667 0.442250 0.367000 0.444500 0.368333 0.445000 0.372333 0.445000 0.375667 0.444000 0.381333 0.440250 0.385333 0.435500 0.389333 0.427750 0.389000 0.423250
0 0.433333 0.449500 0.430333 0.450750 0.428000 0.455000 0.427667 0.460500 0.429667 0.467500 0.432000 0.471000 0.435000 0.473250 0.438667 0.474500 0.440333 0.474500 0.443333 0.473250 0.444667 0.470750 0.444667 0.462500 0.442333 0.455250 0.440333 0.453000 0.436333 0.449750
0 0.364667 0.470500 0.361333 0.473250 0.359667 0.477500 0.359667 0.489250 0.361333 0.495000 0.365000 0.497500 0.368667 0.497500 0.372333 0.495250 0.373667 0.492500 0.374667 0.486500 0.374667 0.479750 0.374000 0.476250 0.372667 0.473750 0.369000 0.471000
0 0.322000 0.481000 0.320667 0.482500 0.320667 0.486750 0.322667 0.490250 0.330333 0.498000 0.337000 0.500000 0.339333 0.499500 0.340667 0.498000 0.340667 0.494250 0.335000 0.485750 0.330000 0.482500 0.326333 0.481000
0 0.506333 0.470500 0.502333 0.472750 0.500667 0.476000 0.500333 0.489750 0.501333 0.494000 0.504000 0.497500 0.506000 0.498750 0.510667 0.499000 0.513667 0.497500 0.515333 0.493750 0.516000 0.490750 0.515333 0.479000 0.513000 0.472750 0.510000 0.470500
0 0.482333 0.508500 0.479000 0.510750 0.477000 0.514250 0.476667 0.518750 0.477667 0.524000 0.480667 0.529000 0.483667 0.532250 0.486000 0.534000 0.490333 0.534000 0.491333 0.533500 0.493667 0.529250 0.494000 0.524250 0.492667 0.517500 0.491000 0.513250 0.488000 0.510000 0.486333 0.509000
0 0.418667 0.516250 0.416000 0.517250 0.414667 0.519750 0.414000 0.523500 0.414333 0.529500 0.415333 0.532500 0.419000 0.536750 0.421333 0.537750 0.424333 0.538000 0.427333 0.536250 0.428667 0.533500 0.428333 0.525250 0.423667 0.518000 0.420667 0.516250
0 0.546333 0.576500 0.545667 0.575500 0.542000 0.574250 0.532333 0.574750 0.525667 0.576250 0.517000 0.579500 0.512667 0.584000 0.512667 0.587500 0.514000 0.588750 0.517333 0.590000 0.521000 0.590500 0.525000 0.590250 0.532333 0.588500 0.542333 0.584750 0.545333 0.583000 0.547000 0.580750
0 0.505000 0.527250 0.503000 0.528750 0.503667 0.534000 0.509000 0.541750 0.513000 0.545500 0.515667 0.546250 0.518333 0.546250 0.520333 0.544750 0.521000 0.541250 0.516667 0.533750 0.513333 0.530250 0.506667 0.527250
0 0.460333 0.562500 0.458667 0.561500 0.452333 0.561750 0.442333 0.564000 0.439333 0.565250 0.432333 0.572500 0.431667 0.577250 0.433000 0.579000 0.435000 0.580250 0.440333 0.580250 0.444000 0.579250 0.452000 0.575750 0.459667 0.569500 0.460667 0.568000 0.461333 0.564250
0 0.466667 0.583750 0.461333 0.587250 0.459667 0.591500 0.459333 0.596750 0.461333 0.604750 0.463333 0.606750 0.467667 0.608000 0.471000 0.607250 0.474000 0.604000 0.475333 0.600250 0.475667 0.591750 0.474000 0.587250 0.470333 0.584750
0 0.486667 0.623000 0.483000 0.625000 0.481333 0.627000 0.480667 0.630250 0.481000 0.637000 0.482000 0.642000 0.484667 0.647250 0.489667 0.651250 0.491000 0.651250 0.495333 0.648750 0.497333 0.646000 0.498333 0.643250 0.498000 0.636250 0.496000 0.630750 0.493667 0.627000 0.490000 0.623750
0 0.395667 0.605750 0.392667 0.607250 0.390333 0.611250 0.389000 0.618500 0.389667 0.627250 0.391000 0.630500 0.392667 0.632000 0.395667 0.633000 0.397667 0.633000 0.401333 0.632000 0.404667 0.628000 0.406000 0.622250 0.406000 0.614500 0.405000 0.611000 0.401667 0.607500 0.397667 0.605750
0 0.366333 0.586000 0.364667 0.587250 0.364667 0.591250 0.369333 0.599250 0.377000 0.604500 0.382000 0.604750 0.383667 0.604250 0.385000 0.603250 0.385667 0.600750 0.384667 0.595250 0.373667 0.586250 0.371000 0.585500
0 0.361333 0.593750 0.357333 0.593500 0.352667 0.594500 0.346333 0.601250 0.344667 0.605500 0.344667 0.610250 0.346000 0.612750 0.349000 0.613750 0.354333 0.613000 0.358000 0.610750 0.362333 0.604750 0.363333 0.601250 0.363333 0.596000
0 0.368667 0.571250 0.364667 0.570500 0.358333 0.571750 0.352333 0.574250 0.346333 0.578000 0.344333 0.580250 0.342667 0.584250 0.342667 0.587750 0.343667 0.589000 0.346333 0.590500 0.349667 0.591000 0.358000 0.587750 0.365667 0.581250 0.369333 0.576500 0.369667 0.572000
0 0.230667 0.525750 0.231333 0.529500 0.234333 0.531250 0.240333 0.533000 0.245333 0.533500 0.251667 0.533000 0.255333 0.530000 0.255333 0.528750 0.253333 0.526500 0.248333 0.524250 0.244667 0.523750 0.233667 0.524000 0.231667 0.524500
0 0.438667 0.669250 0.438333 0.674500 0.439000 0.675750 0.446667 0.680750 0.454667 0.684000 0.462000 0.684000 0.466333 0.682250 0.466667 0.678000 0.462667 0.673250 0.455000 0.669750 0.448333 0.667750 0.442667 0.667500 0.440000 0.668250
0 0.448333 0.682750 0.444333 0.683500 0.439667 0.687000 0.438333 0.689000 0.436333 0.698000 0.437000 0.700750 0.439667 0.703500 0.443667 0.703750 0.449667 0.698750 0.452333 0.694250 0.452667 0.685500 0.450333 0.683250
0 0.388000 0.372500 0.384667 0.374000 0.383333 0.376500 0.383333 0.383750 0.384333 0.388000 0.388000 0.395500 0.390333 0.398250 0.393000 0.400250 0.394667 0.400750 0.399000 0.400750 0.401667 0.399750 0.403667 0.396250 0.404000 0.389000 0.403333 0.384500 0.401667 0.380750 0.398333 0.376500 0.393000 0.373750
0 0.415667 0.376250 0.412667 0.378000 0.410333 0.382250 0.410000 0.389250 0.411667 0.397000 0.415000 0.402500 0.419000 0.404750 0.421333 0.404750 0.424667 0.403750 0.427667 0.400500 0.428667 0.396750 0.428333 0.388750 0.427000 0.384250 0.421667 0.377500 0.420000 0.376500
0 0.458000 0.382500 0.455333 0.383250 0.454000 0.384250 0.452333 0.388000 0.452000 0.394750 0.453000 0.400000 0.454667 0.404500 0.458000 0.407500 0.461667 0.408500 0.465333 0.408500 0.467333 0.407500 0.468333 0.405250 0.468333 0.398750 0.467000 0.389000 0.464333 0.384750 0.462667 0.383500 0.460000 0.382500
0 0.438333 0.311000 0.435333 0.312000 0.432667 0.314750 0.431000 0.318750 0.430333 0.327000 0.431000 0.331000 0.432667 0.333750 0.435333 0.335750 0.439333 0.336500 0.443000 0.335000 0.444667 0.332250 0.445667 0.321750 0.444000 0.313500 0.440667 0.311250
0 0.509667 0.410500 0.505333 0.410500 0.501333 0.413000 0.499000 0.416000 0.497667 0.420250 0.497667 0.427750 0.500333 0.435750 0.502667 0.438250 0.505000 0.439000 0.509667 0.438250 0.512667 0.436500 0.514667 0.431250 0.515333 0.425750 0.514667 0.415250 0.513333 0.412750
0 0.624000 0.438750 0.618667 0.439500 0.613333 0.444500 0.611000 0.447750 0.610333 0.452250 0.610667 0.459500 0.613333 0.462500 0.615333 0.463500 0.619333 0.463750 0.622000 0.462750 0.623667 0.461500 0.627667 0.454250 0.629000 0.449000 0.628667 0.443500 0.627000 0.440000
0 0.513667 0.441500 0.509000 0.442500 0.505000 0.445000 0.501333 0.449250 0.500000 0.454750 0.499333 0.462750 0.500333 0.466250 0.502000 0.468000 0.506667 0.468000 0.512333 0.463500 0.515333 0.459250 0.518000 0.451500 0.518000 0.446250 0.517000 0.443500
0 0.455333 0.411250 0.454333 0.412250 0.453333 0.415500 0.453667 0.422000 0.455000 0.426250 0.457000 0.429000 0.462667 0.433500 0.467333 0.434500 0.469667 0.432750 0.470667 0.429750 0.470333 0.425250 0.467333 0.415750 0.466000 0.414250 0.460000 0.411250
0 0.450667 0.817500 0.447000 0.818500 0.444000 0.821250 0.442667 0.823750 0.442000 0.827250 0.442667 0.833250 0.445333 0.839000 0.447333 0.841000 0.450667 0.842250 0.455667 0.841500 0.458333 0.838500 0.459333 0.830500 0.457333 0.822500 0.456000 0.820750 0.452333 0.818000
0 0.341333 0.747500 0.338000 0.750000 0.336667 0.752250 0.335667 0.758000 0.336000 0.764500 0.337000 0.767500 0.341000 0.772000 0.343333 0.773500 0.346667 0.773750 0.350000 0.772250 0.352000 0.768500 0.352333 0.758750 0.350333 0.750500 0.348667 0.749000 0.345000 0.747500
0 0.423333 0.748500 0.419333 0.749750 0.416333 0.752500 0.415000 0.756000 0.414667 0.762500 0.415333 0.766500 0.418000 0.771500 0.420667 0.773750 0.423667 0.775000 0.425333 0.775000 0.428333 0.774250 0.431333 0.771000 0.433000 0.766000 0.433333 0.760000 0.432333 0.755500 0.430333 0.751500 0.427667 0.749250
0 0.451000 0.703750 0.447667 0.703500 0.445333 0.704500 0.439000 0.711500 0.437000 0.718500 0.437333 0.726000 0.438667 0.729500 0.442667 0.731750 0.444333 0.731750 0.448000 0.730250 0.451000 0.727750 0.453000 0.724250 0.455333 0.716000 0.455333 0.708500 0.453667 0.705250
