0 0.468000 0.326250 0.468000 0.329750 0.469667 0.332000 0.473000 0.333750 0.478000 0.335000 0.490667 0.335250 0.496667 0.334500 0.502333 0.330250 0.502333 0.326500 0.501667 0.325500 0.498000 0.323500 0.490667 0.322250 0.479000 0.321500 0.470667 0.324000
0 0.492333 0.339750 0.489000 0.340750 0.485333 0.343750 0.484333 0.355500 0.485667 0.359750 0.487333 0.361000 0.490000 0.362000 0.494667 0.362250 0.497667 0.361500 0.500000 0.358750 0.500667 0.357000 0.501000 0.348750 0.500333 0.345250 0.497667 0.340500 0.495000 0.339750
0 0.451333 0.372500 0.447000 0.372750 0.442667 0.375500 0.439667 0.382500 0.439000 0.386000 0.439667 0.392750 0.441667 0.396000 0.443667 0.397250 0.448000 0.397250 0.451000 0.395250 0.456000 0.387750 0.456667 0.383500 0.456333 0.376250
0 0.351000 0.369750 0.349000 0.370500 0.346667 0.373500 0.346667 0.381000 0.348333 0.386000 0.352333 0.392750 0.354667 0.394500 0.357333 0.395750 0.362000 0.396000 0.365000 0.394250 0.366333 0.390500 0.366333 0.384500 0.364000 0.377750 0.357000 0.370750 0.353333 0.369500
0 0.494000 0.394750 0.490333 0.395000 0.486333 0.397500 0.484667 0.400000 0.484000 0.403250 0.484667 0.416750 0.486667 0.420500 0.489667 0.421750 0.495667 0.421000 0.498000 0.419250 0.499667 0.416000 0.499667 0.399750 0.498667 0.397500
0 0.512667 0.382000 0.509000 0.383500 0.507000 0.388250 0.508333 0.399500 0.510000 0.403750 0.513000 0.406500 0.520333 0.406500 0.522333 0.405500 0.523667 0.401500 0.523000 0.389000 0.521000 0.385000 0.514333 0.382000
0 0.545000 0.376250 0.539333 0.375750 0.534000 0.376750 0.532667 0.377500 0.528000 0.384500 0.526333 0.390250 0.526333 0.396750 0.528333 0.402000 0.532333 0.404250 0.534667 0.404250 0.538333 0.403000 0.545000 0.397750 0.547333 0.389250 0.547333 0.381000 0.546333 0.377500
0 0.545667 0.402500 0.544333 0.402250 0.541333 0.403000 0.538333 0.405250 0.535000 0.406500 0.532667 0.409000 0.529333 0.416250 0.529667 0.424500 0.530667 0.427500 0.532667 0.429250 0.537667 0.428750 0.543333 0.424250 0.545333 0.421500 0.548333 0.409750 0.548333 0.404750
0 0.509667 0.419250 0.505000 0.423500 0.503667 0.429750 0.503667 0.433750 0.505000 0.438500 0.508667 0.443000 0.510000 0.443750 0.513667 0.443750 0.515333 0.442750 0.518333 0.439000 0.519667 0.435000 0.519667 0.430250 0.518333 0.424000 0.517000 0.422250 0.513667 0.419500
0 0.486333 0.440750 0.484333 0.442750 0.483667 0.447500 0.485000 0.456250 0.487000 0.459500 0.493000 0.462750 0.494667 0.463000 0.497333 0.461250 0.498333 0.458250 0.498333 0.454250 0.496333 0.447750 0.490667 0.441000
0 0.474333 0.425500 0.470000 0.426500 0.465667 0.431500 0.464667 0.435000 0.465333 0.443250 0.467000 0.447000 0.470000 0.450250 0.473333 0.451000 0.475333 0.450500 0.480000 0.444000 0.481667 0.437750 0.481000 0.431000 0.478333 0.427750
0 0.463000 0.451500 0.461333 0.454250 0.461333 0.459750 0.462333 0.463250 0.467333 0.469000 0.473000 0.472750 0.475667 0.473000 0.479000 0.470500 0.479000 0.465250 0.476000 0.458250 0.473667 0.455250 0.471333 0.453750 0.466333 0.451500
0 0.458333 0.470000 0.457000 0.472000 0.457000 0.475250 0.462333 0.482250 0.471333 0.488500 0.475667 0.488750 0.478000 0.488000 0.479333 0.486750 0.479333 0.485250 0.475000 0.477750 0.468667 0.473000 0.466333 0.470250 0.463333 0.469500
0 0.524667 0.443500 0.524667 0.448500 0.529667 0.452500 0.536667 0.455750 0.541667 0.457000 0.549667 0.458000 0.555333 0.456250 0.557000 0.454750 0.557000 0.450500 0.553000 0.447000 0.544667 0.443000 0.537000 0.441250 0.530333 0.441250 0.526000 0.442500
0 0.552000 0.458750 0.549000 0.460750 0.548000 0.462750 0.547667 0.468250 0.548333 0.471250 0.551000 0.475750 0.554000 0.477750 0.557333 0.478250 0.560333 0.476250 0.561333 0.474500 0.561667 0.466500 0.560000 0.460000 0.557000 0.458000
0 0.540333 0.468750 0.536333 0.470000 0.535333 0.471000 0.532667 0.477500 0.532667 0.483250 0.533667 0.486750 0.536333 0.490500 0.540333 0.493500 0.541667 0.493750 0.544333 0.493000 0.547333 0.489750 0.549000 0.486000 0.549333 0.478000 0.546667 0.470500 0.545333 0.469500
0 0.432000 0.495750 0.428333 0.496250 0.424333 0.498250 0.420333 0.502500 0.418000 0.509250 0.418333 0.516500 0.420000 0.520000 0.423333 0.522000 0.427667 0.521500 0.432000 0.518250 0.435000 0.512500 0.436000 0.506750 0.436000 0.501000 0.435000 0.497750
0 0.428333 0.535750 0.423333 0.537250 0.419667 0.540750 0.418000 0.544500 0.417667 0.553750 0.418333 0.557750 0.420667 0.561750 0.424000 0.564000 0.427667 0.564000 0.433000 0.561000 0.435333 0.557750 0.436333 0.554250 0.436333 0.543250 0.435667 0.540250 0.432333 0.536750
0 0.409000 0.551750 0.404333 0.552250 0.399333 0.555250 0.396000 0.561750 0.394667 0.567750 0.395000 0.571250 0.396333 0.574250 0.400000 0.577000 0.403333 0.576750 0.405667 0.575500 0.411000 0.569250 0.412333 0.566500 0.413333 0.561000 0.413000 0.556000 0.412000 0.554000
0 0.386000 0.544500 0.382333 0.542000 0.376000 0.540750 0.367000 0.540750 0.358667 0.541500 0.353333 0.542750 0.349333 0.545000 0.348333 0.547250 0.348333 0.549500 0.352000 0.553000 0.356333 0.554250 0.361000 0.554750 0.373667 0.554500 0.384333 0.549250 0.385667 0.547250
0 0.287667 0.514000 0.285000 0.516000 0.283667 0.519000 0.283333 0.526000 0.284667 0.531500 0.287667 0.537000 0.289667 0.538500 0.295333 0.539250 0.299333 0.537750 0.302000 0.534250 0.303000 0.530000 0.303000 0.524750 0.300333 0.518250 0.298000 0.516250 0.293667 0.514000
0 0.451333 0.567750 0.446333 0.568750 0.442667 0.571250 0.440000 0.579500 0.440667 0.587500 0.442667 0.592250 0.445333 0.594750 0.450333 0.595500 0.451667 0.595250 0.454667 0.592750 0.457333 0.588750 0.458333 0.585500 0.458333 0.580250 0.456667 0.572250 0.454667 0.569500
0 0.572667 0.533500 0.570333 0.535000 0.567667 0.540500 0.568000 0.549500 0.571333 0.557250 0.575667 0.559250 0.580333 0.559250 0.583667 0.557250 0.584667 0.554500 0.585000 0.546750 0.584000 0.541500 0.580667 0.537250 0.576667 0.534000
0 0.362000 0.581000 0.357667 0.581500 0.354000 0.583750 0.350667 0.588500 0.349667 0.592000 0.349333 0.599250 0.350667 0.604000 0.354000 0.606500 0.358000 0.606750 0.361000 0.605250 0.365000 0.600750 0.366000 0.598500 0.366667 0.587000 0.365000 0.583000
0 0.438000 0.602250 0.438333 0.605500 0.441000 0.608000 0.444667 0.609000 0.454333 0.610250 0.462667 0.610500 0.467000 0.610000 0.471333 0.608000 0.472333 0.605750 0.472000 0.602500 0.467667 0.599750 0.456000 0.597250 0.447000 0.597250 0.440000 0.599250
0 0.497667 0.645000 0.493667 0.644750 0.487333 0.649750 0.486333 0.651250 0.485333 0.655000 0.485333 0.662500 0.486667 0.664500 0.489667 0.665750 0.495000 0.664250 0.497000 0.662750 0.498667 0.659750 0.500000 0.649750 0.499000 0.646250
0 0.423333 0.649250 0.420333 0.651000 0.419333 0.653000 0.419000 0.661500 0.420667 0.665500 0.423333 0.669000 0.426667 0.670250 0.428333 0.670250 0.430333 0.669500 0.433333 0.666750 0.434333 0.663500 0.434333 0.658500 0.432667 0.654250 0.430000 0.651000 0.427667 0.649500
0 0.334333 0.661500 0.330667 0.663750 0.329333 0.666250 0.329333 0.679250 0.330000 0.681250 0.332667 0.684750 0.334667 0.686000 0.338667 0.686500 0.342000 0.685000 0.343667 0.681500 0.344333 0.674000 0.343333 0.666750 0.342000 0.663750 0.338333 0.661500
0 0.380000 0.702000 0.377000 0.702750 0.375000 0.704750 0.372333 0.712000 0.372333 0.718000 0.375000 0.725500 0.377333 0.727500 0.380000 0.728500 0.381667 0.728500 0.385000 0.727000 0.387000 0.725250 0.389000 0.719750 0.389333 0.711500 0.387000 0.704750 0.385000 0.703250
0 0.451667 0.710000 0.446667 0.710500 0.443667 0.713250 0.442000 0.716750 0.441667 0.725750 0.442333 0.728750 0.443667 0.730750 0.446667 0.732000 0.448333 0.731750 0.452000 0.728250 0.456000 0.717500 0.455333 0.713000
0 0.497667 0.688250 0.494000 0.688750 0.492333 0.689750 0.486667 0.697750 0.486000 0.704750 0.486667 0.706250 0.489667 0.708250 0.491333 0.708000 0.495667 0.705750 0.498667 0.701500 0.499667 0.697750 0.500000 0.691750 0.499333 0.689000
0 0.516000 0.733000 0.513667 0.731500 0.509000 0.731250 0.502333 0.732250 0.498333 0.734000 0.492000 0.735750 0.485667 0.741750 0.485000 0.744750 0.486333 0.748000 0.491000 0.749250 0.496000 0.748500 0.501667 0.746500 0.506667 0.745500 0.514667 0.740250 0.517000 0.736250
0 0.544667 0.616250 0.541333 0.617250 0.540000 0.618250 0.537667 0.623000 0.537000 0.626250 0.538333 0.636000 0.539667 0.639250 0.541333 0.640250 0.545000 0.640250 0.546667 0.639250 0.549333 0.631750 0.549333 0.622000 0.547667 0.618250
