0 0.495333 0.267000 0.492333 0.268500 0.489667 0.273250 0.489333 0.281250 0.493333 0.290750 0.497000 0.293000 0.500000 0.293250 0.502667 0.292500 0.506667 0.288250 0.507333 0.285000 0.506667 0.275750 0.501000 0.268500 0.498667 0.267000
0 0.568667 0.324500 0.564333 0.324500 0.562000 0.326000 0.559000 0.329250 0.555667 0.337250 0.555667 0.342750 0.557000 0.347250 0.560333 0.351000 0.563667 0.352000 0.567333 0.351500 0.569667 0.350250 0.572667 0.345500 0.575000 0.338500 0.574000 0.329750
0 0.629667 0.330250 0.626667 0.328750 0.618667 0.328500 0.611667 0.329500 0.607333 0.331000 0.596000 0.338250 0.594333 0.341000 0.594667 0.346250 0.596667 0.347500 0.602667 0.348250 0.611667 0.348000 0.616667 0.346750 0.622333 0.344000 0.628333 0.338500 0.630333 0.334750
0 0.609667 0.353000 0.607667 0.353500 0.606000 0.354750 0.603667 0.357750 0.602667 0.360750 0.602667 0.369750 0.604000 0.373000 0.607000 0.375250 0.611000 0.376000 0.615000 0.375750 0.617667 0.374000 0.618667 0.372000 0.619333 0.366500 0.619000 0.361000 0.617667 0.357000 0.615667 0.354250 0.612667 0.353000
0 0.548667 0.371500 0.545333 0.373500 0.543333 0.376000 0.542333 0.379250 0.542333 0.384000 0.544000 0.390500 0.546000 0.393250 0.549000 0.395250 0.553000 0.395250 0.556333 0.392750 0.558667 0.388750 0.558667 0.381500 0.557333 0.376500 0.552667 0.372000
0 0.540000 0.391750 0.536667 0.393250 0.535000 0.396250 0.534667 0.404250 0.536000 0.408250 0.539333 0.412500 0.541333 0.413500 0.545000 0.413750 0.549333 0.411250 0.550667 0.408750 0.550000 0.401000 0.545000 0.393500 0.542000 0.391750
0 0.471000 0.354250 0.469333 0.355000 0.466333 0.358250 0.465333 0.360500 0.465000 0.365000 0.465333 0.369500 0.467333 0.373750 0.470000 0.375500 0.472333 0.375750 0.474333 0.375500 0.476333 0.373500 0.477667 0.366500 0.477000 0.360500 0.475667 0.356250 0.474333 0.354750
0 0.642333 0.390000 0.638000 0.389250 0.633667 0.390500 0.631000 0.392750 0.626667 0.399500 0.626000 0.402500 0.626333 0.408250 0.627333 0.409750 0.630000 0.411500 0.634000 0.411250 0.637667 0.409750 0.643667 0.404250 0.645000 0.401000 0.645333 0.394500 0.644667 0.392000
0 0.696333 0.374000 0.693333 0.375000 0.690667 0.377250 0.688000 0.384500 0.688000 0.389500 0.688667 0.393750 0.690667 0.397250 0.693667 0.399250 0.698000 0.399500 0.702000 0.397250 0.703667 0.394000 0.704333 0.391250 0.704333 0.384000 0.703667 0.380000 0.701667 0.375500 0.698333 0.374000
0 0.723667 0.371750 0.720333 0.371500 0.718333 0.372250 0.712333 0.377250 0.711000 0.382750 0.711000 0.389250 0.713000 0.393250 0.716000 0.394250 0.721000 0.393250 0.724667 0.390250 0.726000 0.387750 0.727000 0.377250 0.725667 0.373250
0 0.814333 0.407250 0.811000 0.409250 0.808667 0.413750 0.807667 0.418500 0.808000 0.424750 0.809000 0.428250 0.811667 0.432000 0.814333 0.433750 0.818333 0.434250 0.821667 0.432250 0.825333 0.428250 0.826667 0.423750 0.826667 0.416750 0.826000 0.414750 0.821667 0.409250 0.819000 0.407500
0 0.819333 0.469500 0.813000 0.469250 0.806667 0.470750 0.799000 0.477500 0.797333 0.481750 0.797667 0.486500 0.799000 0.488500 0.802333 0.490000 0.807000 0.489750 0.811000 0.488000 0.817333 0.483000 0.819667 0.480000 0.821333 0.474750 0.821000 0.471000
0 0.756000 0.489250 0.751333 0.489000 0.748333 0.490250 0.743333 0.493500 0.739333 0.499250 0.738000 0.502750 0.737667 0.507250 0.738333 0.510500 0.740333 0.513000 0.744000 0.512500 0.748333 0.510500 0.753667 0.506750 0.757000 0.503000 0.759000 0.494500 0.758000 0.491250
0 0.663000 0.436750 0.658667 0.437000 0.656667 0.438250 0.650333 0.447250 0.650000 0.452750 0.650667 0.455250 0.652000 0.457000 0.654333 0.458500 0.658000 0.458750 0.662000 0.457000 0.663667 0.455500 0.667667 0.449000 0.668667 0.445250 0.668333 0.440500 0.666333 0.438000
0 0.622667 0.438750 0.617667 0.438000 0.612000 0.439500 0.604000 0.446750 0.602000 0.449750 0.600667 0.454250 0.601333 0.459250 0.603000 0.460750 0.608333 0.461000 0.615667 0.458750 0.620000 0.455250 0.622333 0.451750 0.624000 0.446500 0.624333 0.442500 0.623667 0.439750
0 0.652333 0.501500 0.650333 0.500250 0.647333 0.499750 0.642000 0.500000 0.633000 0.501500 0.627000 0.505500 0.624000 0.509000 0.623000 0.512500 0.623333 0.514250 0.627000 0.515750 0.634667 0.515750 0.642667 0.514000 0.652000 0.507250 0.652667 0.506250
0 0.720333 0.537250 0.717000 0.539250 0.715000 0.541750 0.714000 0.544000 0.714333 0.549250 0.716000 0.553250 0.720333 0.558500 0.723667 0.560750 0.725333 0.561000 0.728667 0.560250 0.732333 0.557000 0.733000 0.554250 0.732667 0.548750 0.731000 0.544250 0.728333 0.540500 0.724667 0.537750
0 0.778000 0.571750 0.775000 0.574750 0.774667 0.577250 0.778000 0.584000 0.780333 0.586250 0.783667 0.591250 0.786333 0.593000 0.794333 0.595750 0.799333 0.595750 0.801333 0.595000 0.803333 0.592250 0.803000 0.587500 0.796000 0.578750 0.787333 0.572500 0.782667 0.571250
0 0.678000 0.584750 0.674667 0.586750 0.673667 0.588500 0.673000 0.591250 0.673333 0.599250 0.675000 0.603250 0.678000 0.607500 0.681667 0.609750 0.686000 0.610250 0.689000 0.608500 0.691333 0.604250 0.691000 0.596000 0.686333 0.586500 0.682333 0.584500
0 0.607333 0.566250 0.605333 0.567750 0.604000 0.570750 0.604333 0.575750 0.607000 0.581250 0.610667 0.586500 0.615667 0.589000 0.620000 0.589250 0.622667 0.588000 0.624000 0.585000 0.624000 0.576500 0.622667 0.572000 0.620667 0.569750 0.616000 0.566750 0.612667 0.566000
0 0.592667 0.553250 0.591000 0.553500 0.586667 0.555750 0.583000 0.560750 0.581333 0.564750 0.581000 0.569750 0.581667 0.573250 0.583333 0.575750 0.584667 0.576750 0.587333 0.577500 0.591667 0.576750 0.593333 0.575500 0.597667 0.569000 0.599333 0.564250 0.599333 0.558750 0.598667 0.556750 0.596000 0.554000
0 0.568333 0.551750 0.565333 0.554000 0.563667 0.556750 0.563000 0.569000 0.564667 0.573000 0.568000 0.575250 0.571000 0.575250 0.573000 0.574750 0.575333 0.573250 0.577000 0.571250 0.578333 0.567500 0.578333 0.559750 0.576333 0.554250 0.572333 0.551750
0 0.710000 0.626250 0.707000 0.626250 0.704667 0.627000 0.701333 0.629250 0.696333 0.634000 0.696000 0.643250 0.697333 0.647000 0.701667 0.649500 0.706000 0.649500 0.709333 0.648750 0.711333 0.647000 0.714333 0.642250 0.715667 0.637000 0.715333 0.631500 0.713000 0.627750
0 0.687667 0.652750 0.684667 0.652750 0.680333 0.654750 0.676667 0.658250 0.673000 0.664500 0.672667 0.671250 0.673333 0.673750 0.674333 0.675250 0.677667 0.677000 0.681333 0.676500 0.685000 0.674750 0.688667 0.669500 0.690333 0.663500 0.690667 0.657000 0.689667 0.653750
0 0.614333 0.668250 0.611000 0.669500 0.609000 0.673250 0.608000 0.685750 0.611333 0.694250 0.616000 0.697500 0.618000 0.698250 0.620667 0.698250 0.624000 0.696500 0.627667 0.690500 0.628667 0.685250 0.628333 0.680750 0.626333 0.674250 0.623000 0.669500 0.619667 0.668250
0 0.591333 0.658000 0.590333 0.658500 0.588333 0.662000 0.588333 0.666000 0.590333 0.673500 0.593000 0.677250 0.595333 0.679250 0.600000 0.680000 0.602667 0.677250 0.604000 0.673500 0.602667 0.666500 0.599333 0.661000 0.596000 0.658500
0 0.532333 0.621500 0.532000 0.624000 0.533333 0.626750 0.541667 0.631500 0.551667 0.632750 0.560000 0.632750 0.564000 0.631250 0.565000 0.630000 0.565333 0.626750 0.562000 0.623500 0.559667 0.622000 0.552333 0.620000 0.544333 0.618500 0.540333 0.618500 0.534000 0.620000
0 0.530333 0.694750 0.526333 0.695000 0.524000 0.696000 0.517000 0.703750 0.517000 0.713250 0.521667 0.716750 0.525333 0.716000 0.529000 0.713250 0.533667 0.704250 0.534333 0.697500 0.533333 0.696000
0 0.526333 0.742250 0.521667 0.743000 0.519667 0.744500 0.517000 0.749500 0.516333 0.755750 0.516667 0.760750 0.518000 0.763750 0.521667 0.767000 0.524667 0.767500 0.527667 0.766750 0.530333 0.765000 0.533667 0.756500 0.533667 0.751000 0.531333 0.744500 0.530000 0.743000
0 0.631667 0.724500 0.629667 0.725500 0.628000 0.728000 0.627667 0.737000 0.628333 0.739750 0.634000 0.747750 0.635667 0.749000 0.638667 0.749750 0.640667 0.748500 0.642667 0.744250 0.643333 0.735500 0.641000 0.729000 0.639333 0.726500 0.635333 0.724500
