0 0.563333 0.640000 0.561667 0.639500 0.556333 0.640000 0.552333 0.642750 0.548667 0.646750 0.547333 0.649750 0.547000 0.654250 0.548000 0.657750 0.549000 0.658750 0.553333 0.659000 0.561333 0.654750 0.565000 0.647250 0.565333 0.645250 0.565000 0.641500
0 0.583000 0.711250 0.579333 0.712000 0.575667 0.715750 0.574000 0.720000 0.573667 0.724500 0.575000 0.729500 0.580333 0.736250 0.583000 0.737250 0.584667 0.737250 0.588000 0.735500 0.590333 0.733000 0.592000 0.728000 0.592000 0.721750 0.591333 0.717500 0.589333 0.713500 0.586333 0.711750
0 0.499667 0.721250 0.499333 0.724750 0.503667 0.729000 0.508333 0.731250 0.514333 0.732500 0.520333 0.732500 0.522333 0.732000 0.523333 0.731000 0.524000 0.728250 0.523000 0.726750 0.515667 0.721250 0.510333 0.719750 0.501667 0.720000
0 0.533667 0.670750 0.529667 0.673500 0.528000 0.679000 0.528333 0.685500 0.532333 0.692000 0.533667 0.693000 0.537667 0.693500 0.541667 0.690500 0.543000 0.688750 0.544000 0.685250 0.544000 0.680750 0.541333 0.673250 0.537333 0.670750
0 0.498333 0.687250 0.494000 0.687500 0.490000 0.689000 0.486667 0.693250 0.485333 0.696500 0.486000 0.706000 0.488000 0.709500 0.490667 0.711000 0.496000 0.710500 0.499000 0.708750 0.501667 0.701000 0.502667 0.692250 0.501667 0.689250
0 0.423667 0.675250 0.421667 0.676500 0.420333 0.679000 0.420000 0.686750 0.423333 0.696500 0.426333 0.698750 0.428667 0.699000 0.432333 0.697250 0.434333 0.694250 0.435000 0.691000 0.434667 0.684750 0.433667 0.681250 0.430000 0.677000 0.427667 0.675250
0 0.428333 0.646500 0.424333 0.647500 0.422333 0.649000 0.418667 0.654500 0.418000 0.657750 0.418333 0.662750 0.420333 0.666250 0.423000 0.667500 0.427000 0.667000 0.428667 0.666000 0.432000 0.662750 0.434000 0.658500 0.434667 0.654250 0.434000 0.649750 0.432000 0.647500
0 0.407333 0.594250 0.404667 0.595250 0.403333 0.597250 0.402667 0.599500 0.403000 0.607000 0.404667 0.611750 0.407000 0.615750 0.408667 0.616750 0.413000 0.617250 0.416667 0.615250 0.418333 0.612000 0.418333 0.602750 0.415000 0.596250 0.412333 0.594500
0 0.467333 0.619250 0.463000 0.619750 0.460667 0.621250 0.457333 0.627250 0.457333 0.630500 0.456333 0.633250 0.457000 0.638500 0.458667 0.641750 0.462333 0.643750 0.464667 0.643500 0.467333 0.642250 0.471333 0.638250 0.473333 0.634000 0.473667 0.627250 0.472333 0.622500 0.470333 0.620250
0 0.442000 0.608750 0.439667 0.609500 0.438000 0.611750 0.437000 0.616750 0.437000 0.623000 0.438667 0.628250 0.440667 0.630500 0.443000 0.632250 0.447333 0.633250 0.450667 0.632000 0.452667 0.630000 0.454667 0.623750 0.454667 0.618500 0.451667 0.611250 0.447667 0.609000
0 0.451333 0.580750 0.448000 0.581000 0.446000 0.581750 0.441333 0.586000 0.439333 0.589000 0.438333 0.595000 0.438667 0.597500 0.440000 0.600750 0.442667 0.602250 0.447000 0.601750 0.451000 0.599750 0.456000 0.591500 0.456333 0.586750 0.455000 0.583000
0 0.516667 0.634250 0.513000 0.635000 0.510333 0.639000 0.509333 0.642000 0.509333 0.647500 0.513000 0.654500 0.516333 0.655750 0.518333 0.655750 0.521667 0.653750 0.523000 0.651500 0.523333 0.642250 0.521667 0.637250 0.518667 0.634750
0 0.572333 0.652250 0.571000 0.654000 0.570667 0.659250 0.571333 0.662500 0.576000 0.670750 0.579667 0.672750 0.583667 0.672500 0.585333 0.671250 0.586333 0.668750 0.586333 0.662500 0.585333 0.658000 0.583667 0.655750 0.581000 0.653750 0.576333 0.651250
0 0.530000 0.635750 0.528333 0.636500 0.526333 0.638750 0.525000 0.642750 0.524667 0.647000 0.527333 0.654000 0.528667 0.655500 0.532333 0.657000 0.536667 0.657000 0.539333 0.655250 0.540333 0.653000 0.540667 0.648250 0.540000 0.643000 0.538667 0.640250 0.534000 0.635750
0 0.566000 0.627750 0.561333 0.625750 0.555333 0.625500 0.548000 0.626250 0.540333 0.630250 0.537333 0.634250 0.537333 0.635250 0.540333 0.638500 0.544000 0.639750 0.550333 0.640000 0.554000 0.639500 0.561333 0.637250 0.567000 0.631750 0.567000 0.629750
0 0.564667 0.587750 0.560333 0.587500 0.556000 0.589250 0.552333 0.592250 0.550000 0.595500 0.548667 0.604000 0.550000 0.607250 0.552667 0.609000 0.558333 0.609250 0.561000 0.608750 0.563000 0.607250 0.565333 0.603750 0.568000 0.597500 0.568000 0.593250 0.566667 0.589750
0 0.541000 0.563750 0.534667 0.563500 0.532000 0.564250 0.529333 0.566500 0.526333 0.571750 0.525667 0.576500 0.526667 0.580750 0.528667 0.584500 0.532000 0.586000 0.534000 0.586250 0.537667 0.585500 0.542333 0.581500 0.543667 0.579500 0.544667 0.574750 0.544667 0.568750 0.542667 0.564750
0 0.491333 0.558500 0.488667 0.559000 0.485667 0.561250 0.483667 0.564500 0.482000 0.570750 0.482000 0.575000 0.484000 0.580500 0.486667 0.583500 0.489667 0.584500 0.493667 0.583250 0.497000 0.580500 0.499000 0.576000 0.499667 0.570250 0.499333 0.564500 0.498000 0.561750 0.494667 0.559250
0 0.446667 0.548500 0.443667 0.549000 0.442000 0.551000 0.440667 0.557000 0.441000 0.560750 0.442333 0.565250 0.445000 0.569000 0.446667 0.570250 0.451667 0.571500 0.454667 0.570250 0.456333 0.568500 0.457000 0.565750 0.456667 0.559750 0.455667 0.556250 0.452000 0.550750 0.450333 0.549500
0 0.424333 0.554250 0.421000 0.556250 0.420000 0.559750 0.423000 0.568250 0.424667 0.569750 0.428000 0.571250 0.432667 0.571500 0.435333 0.569750 0.436000 0.568000 0.436000 0.563500 0.434333 0.559000 0.431333 0.555250 0.427667 0.554000
0 0.402333 0.544500 0.400000 0.544750 0.396333 0.547750 0.393333 0.556250 0.393667 0.561250 0.395000 0.565000 0.400000 0.568500 0.402000 0.568250 0.404667 0.566750 0.408000 0.561000 0.409000 0.557250 0.409000 0.552750 0.408000 0.548250 0.404333 0.544750
0 0.314333 0.587500 0.313000 0.588750 0.311667 0.592250 0.311667 0.597000 0.313000 0.601000 0.317333 0.607000 0.322333 0.612000 0.325333 0.613000 0.330000 0.612750 0.331667 0.611750 0.332333 0.610500 0.332667 0.606250 0.331667 0.602750 0.329333 0.599750 0.327667 0.595250 0.325000 0.591750 0.319667 0.587750 0.318333 0.587250
0 0.288000 0.532500 0.284667 0.531250 0.278333 0.531000 0.269333 0.533250 0.261667 0.539500 0.261000 0.542000 0.262000 0.543750 0.264000 0.545000 0.269000 0.545750 0.275333 0.545500 0.279000 0.544500 0.287667 0.538500 0.288333 0.537500
0 0.482000 0.511500 0.479667 0.514000 0.479333 0.518000 0.481333 0.522500 0.486667 0.528750 0.490000 0.530500 0.495000 0.531500 0.498667 0.531500 0.501333 0.530250 0.502333 0.529000 0.502667 0.525250 0.498667 0.517000 0.490000 0.511750 0.486000 0.511000
0 0.422333 0.470750 0.419333 0.472000 0.417000 0.475000 0.416000 0.478000 0.416000 0.483000 0.418333 0.487500 0.420333 0.488750 0.424000 0.489000 0.428333 0.485500 0.429667 0.482500 0.430000 0.477500 0.429333 0.474500 0.427667 0.471750 0.426333 0.471000
0 0.446333 0.470500 0.443000 0.470000 0.438667 0.471250 0.433333 0.478250 0.431333 0.482750 0.431000 0.486000 0.432333 0.489750 0.435667 0.492000 0.439333 0.491750 0.442333 0.490250 0.445667 0.487500 0.448000 0.483750 0.449667 0.479500 0.449667 0.473750 0.448000 0.471250
0 0.450667 0.493500 0.447667 0.495750 0.446000 0.498000 0.444667 0.504750 0.444667 0.511000 0.446667 0.517500 0.450333 0.519250 0.454667 0.519250 0.457333 0.518000 0.459667 0.514250 0.460667 0.509750 0.460333 0.500500 0.459667 0.498000 0.456000 0.494000 0.454667 0.493500
0 0.474667 0.491250 0.471000 0.492000 0.468333 0.494000 0.466000 0.498500 0.465667 0.509750 0.466667 0.511000 0.469667 0.512000 0.472000 0.511750 0.474667 0.510000 0.479000 0.502250 0.479667 0.498750 0.479000 0.495750 0.477667 0.493250
0 0.552000 0.515250 0.548000 0.517750 0.546333 0.521500 0.545667 0.526500 0.546333 0.529500 0.549000 0.534750 0.552000 0.537250 0.557333 0.538000 0.560333 0.537000 0.562333 0.534500 0.564000 0.529750 0.564000 0.525500 0.561667 0.517250 0.560333 0.516000 0.556667 0.514750
0 0.532667 0.504000 0.530000 0.506250 0.530000 0.510000 0.532000 0.518500 0.533667 0.522250 0.536333 0.523750 0.538000 0.523750 0.541667 0.521750 0.541667 0.516250 0.537333 0.505500 0.534000 0.504000
0 0.532333 0.477500 0.530333 0.478000 0.528667 0.479500 0.526333 0.485750 0.526333 0.490250 0.527000 0.494250 0.529000 0.498000 0.530333 0.499000 0.533667 0.499750 0.537000 0.498250 0.539000 0.494750 0.539333 0.485250 0.537333 0.478500 0.535667 0.477750
0 0.484000 0.465000 0.481000 0.466250 0.478000 0.470500 0.478333 0.478500 0.481667 0.484250 0.484000 0.486250 0.485667 0.487000 0.490000 0.487000 0.491333 0.486250 0.494667 0.482250 0.495333 0.479500 0.495000 0.471250 0.494333 0.470000 0.489667 0.466250 0.487000 0.465000
0 0.450000 0.445000 0.446667 0.445750 0.442667 0.450250 0.441667 0.454000 0.441667 0.459500 0.442667 0.463000 0.445333 0.468000 0.447000 0.469000 0.451000 0.469500 0.456000 0.467500 0.458667 0.464250 0.459333 0.455500 0.455333 0.447250 0.452667 0.445500
0 0.645667 0.456750 0.642000 0.458000 0.638333 0.462250 0.637000 0.468000 0.637000 0.473500 0.638000 0.477250 0.641333 0.482500 0.643000 0.483500 0.647333 0.483750 0.650667 0.481750 0.654000 0.477250 0.655000 0.474250 0.655000 0.464250 0.654000 0.461000 0.651667 0.458250 0.649667 0.457250
0 0.575333 0.435250 0.572667 0.436250 0.570667 0.438750 0.570000 0.447500 0.570333 0.451000 0.572000 0.455000 0.574667 0.456250 0.576667 0.456500 0.580333 0.454500 0.582333 0.451750 0.584000 0.447000 0.584000 0.442750 0.583333 0.439500 0.581667 0.437250 0.579333 0.435750
0 0.306000 0.437250 0.306000 0.439500 0.307000 0.440500 0.314333 0.443750 0.317667 0.444250 0.326333 0.444500 0.332000 0.444000 0.337667 0.442000 0.340667 0.439750 0.339667 0.435750 0.337667 0.434000 0.333667 0.432250 0.329667 0.431750 0.319333 0.431500 0.314667 0.432000 0.307333 0.435250
0 0.333333 0.407750 0.330333 0.408500 0.328333 0.411000 0.327000 0.415750 0.327000 0.421750 0.329333 0.430500 0.333333 0.432250 0.334667 0.432250 0.338333 0.431000 0.341333 0.427750 0.342667 0.423750 0.342667 0.415250 0.341667 0.411500 0.339333 0.408750 0.338000 0.408000
0 0.395667 0.381000 0.392000 0.382250 0.390667 0.384250 0.390333 0.391750 0.391000 0.396750 0.392000 0.399750 0.396000 0.404500 0.399667 0.406000 0.402667 0.406000 0.405333 0.405000 0.407000 0.401000 0.407000 0.394750 0.405667 0.388750 0.403333 0.384000 0.400333 0.382000
0 0.414000 0.391750 0.412667 0.393500 0.412333 0.397750 0.416000 0.405000 0.419667 0.408000 0.425333 0.410500 0.430333 0.411500 0.432667 0.411500 0.436000 0.410500 0.437333 0.409250 0.436667 0.403500 0.435667 0.400750 0.433000 0.397750 0.424667 0.391750 0.421000 0.390750 0.416333 0.390750
0 0.452000 0.413000 0.449000 0.411500 0.443333 0.410500 0.438667 0.410500 0.435667 0.411750 0.431667 0.412500 0.423000 0.418000 0.422333 0.419000 0.423000 0.423500 0.425333 0.424750 0.433000 0.425750 0.439000 0.425000 0.451000 0.421250 0.452667 0.419500 0.453000 0.415000
0 0.471333 0.406250 0.467333 0.406750 0.464333 0.408500 0.461667 0.414750 0.461333 0.423000 0.462333 0.428000 0.466667 0.431750 0.471000 0.431000 0.474667 0.428250 0.477333 0.423500 0.478333 0.419000 0.478333 0.415750 0.475333 0.407750
0 0.509000 0.379750 0.504667 0.381000 0.502000 0.383500 0.502000 0.392500 0.504333 0.398500 0.507667 0.402750 0.509667 0.404500 0.514333 0.405750 0.518333 0.404750 0.521333 0.401250 0.522000 0.393250 0.518333 0.384250 0.514000 0.380500
0 0.482333 0.256250 0.478667 0.257750 0.477333 0.259500 0.478000 0.267500 0.480333 0.272000 0.484000 0.276500 0.487000 0.278750 0.490667 0.279500 0.493333 0.278250 0.496000 0.275750 0.496667 0.273500 0.496333 0.266750 0.491000 0.259500 0.487333 0.257500
0 0.485667 0.240000 0.485000 0.243750 0.486000 0.245500 0.492667 0.248500 0.497667 0.249500 0.507000 0.249750 0.513333 0.249000 0.515667 0.247500 0.518333 0.243500 0.518333 0.239750 0.517667 0.238750 0.514667 0.236500 0.511000 0.235500 0.503000 0.235000 0.493667 0.235250 0.490333 0.236500
