0 0.368667 0.352500 0.365667 0.353500 0.364667 0.355000 0.362667 0.360500 0.362333 0.365750 0.363667 0.370000 0.366667 0.373500 0.369333 0.375250 0.373333 0.375750 0.377333 0.374000 0.378333 0.373000 0.380000 0.368750 0.380000 0.361250 0.378333 0.357000 0.376667 0.354750 0.373000 0.352500
0 0.416000 0.377250 0.412667 0.378250 0.408333 0.381500 0.406333 0.384750 0.405667 0.387750 0.405333 0.396000 0.406667 0.400250 0.408333 0.402250 0.411000 0.403000 0.413667 0.402750 0.419667 0.399250 0.422000 0.393500 0.422667 0.387500 0.421333 0.380750 0.419000 0.378250
0 0.428667 0.423500 0.427333 0.422750 0.423000 0.422000 0.415000 0.423750 0.411333 0.426500 0.408000 0.428000 0.405333 0.430500 0.404000 0.434000 0.404333 0.436500 0.408000 0.438500 0.415000 0.438250 0.420667 0.437000 0.424667 0.434500 0.428333 0.430500 0.429333 0.428250
0 0.420333 0.402250 0.415667 0.403250 0.409333 0.407500 0.407667 0.410250 0.406000 0.416500 0.406000 0.421500 0.406667 0.424000 0.408000 0.425500 0.413000 0.424750 0.415000 0.423250 0.419667 0.421500 0.421000 0.420000 0.424000 0.412500 0.424667 0.407250 0.423667 0.404250
0 0.396333 0.418750 0.391667 0.418500 0.388000 0.419500 0.383333 0.423750 0.380667 0.431250 0.380667 0.435750 0.382000 0.439750 0.384000 0.442750 0.388000 0.444250 0.392333 0.443500 0.395333 0.442000 0.397667 0.440250 0.400667 0.435000 0.401667 0.429500 0.401333 0.424750 0.400000 0.422250
0 0.342000 0.386500 0.338333 0.388750 0.337000 0.391250 0.336667 0.397500 0.337333 0.400500 0.344667 0.412250 0.349333 0.415250 0.353667 0.416250 0.356667 0.415250 0.359000 0.412500 0.359667 0.403500 0.358000 0.397000 0.355333 0.392250 0.349667 0.388000 0.345667 0.386750
0 0.344333 0.432500 0.341333 0.433500 0.337333 0.437750 0.336667 0.439750 0.336667 0.448750 0.337333 0.452000 0.339333 0.454250 0.342000 0.456000 0.346000 0.456250 0.349333 0.454250 0.351333 0.451250 0.353667 0.443250 0.353667 0.439000 0.351000 0.434500 0.349333 0.433250
0 0.367667 0.471000 0.364667 0.472500 0.363000 0.476250 0.362667 0.479500 0.363667 0.486500 0.365667 0.490750 0.368333 0.494000 0.372667 0.494750 0.373667 0.494250 0.376667 0.489500 0.377667 0.482750 0.376333 0.478250 0.373333 0.473250 0.370333 0.471250
0 0.338000 0.483000 0.335000 0.486250 0.334000 0.489250 0.334333 0.494250 0.335667 0.498750 0.338667 0.504500 0.345333 0.510250 0.349667 0.510250 0.353000 0.506250 0.354000 0.503250 0.353000 0.494500 0.350333 0.489000 0.348333 0.486750 0.342000 0.483000
0 0.376333 0.499750 0.371667 0.499750 0.368667 0.500500 0.363000 0.507750 0.361667 0.513500 0.362667 0.516750 0.365333 0.519250 0.369333 0.519500 0.373667 0.517250 0.377333 0.513250 0.379333 0.507500 0.379333 0.503250 0.378333 0.501000
0 0.377333 0.523250 0.369000 0.523250 0.360667 0.527750 0.353667 0.536250 0.353667 0.540000 0.354667 0.541750 0.357667 0.543250 0.362000 0.543500 0.365667 0.542500 0.373000 0.537750 0.379333 0.529750 0.379333 0.525500
0 0.341333 0.516500 0.338333 0.518500 0.337333 0.521000 0.337000 0.531000 0.338000 0.533750 0.341000 0.537750 0.342667 0.538750 0.346667 0.539250 0.349667 0.537500 0.351000 0.534750 0.351667 0.531000 0.351000 0.524000 0.350000 0.521250 0.346000 0.517000
0 0.458333 0.513500 0.454667 0.514750 0.453333 0.516750 0.453000 0.521500 0.453667 0.525750 0.455000 0.529000 0.458000 0.532750 0.462000 0.534750 0.464000 0.534750 0.467333 0.533250 0.469000 0.529750 0.469333 0.522000 0.467000 0.517000 0.463667 0.514750
0 0.487000 0.512750 0.484000 0.512750 0.478667 0.514750 0.476333 0.517000 0.473667 0.525000 0.473667 0.528000 0.474333 0.530500 0.478000 0.533000 0.482333 0.532500 0.487000 0.529000 0.489333 0.525250 0.490667 0.521250 0.490667 0.517250 0.489667 0.514750
0 0.461333 0.469500 0.457667 0.469750 0.455000 0.471000 0.451667 0.477750 0.451667 0.481500 0.453667 0.486250 0.455333 0.488000 0.458000 0.488500 0.459667 0.488250 0.464000 0.483250 0.465667 0.479000 0.466000 0.474000 0.465000 0.471500 0.463667 0.470000
0 0.443667 0.546500 0.438667 0.546250 0.436333 0.546750 0.431333 0.549250 0.429333 0.552500 0.425667 0.556000 0.424333 0.559500 0.425000 0.564250 0.426667 0.566000 0.432333 0.566250 0.434333 0.565500 0.444000 0.558000 0.446000 0.552000 0.445667 0.548750
0 0.413000 0.558500 0.408667 0.560000 0.407333 0.561500 0.406000 0.564750 0.405667 0.572750 0.408333 0.578750 0.411000 0.580750 0.415333 0.582250 0.417333 0.582250 0.420667 0.581250 0.422000 0.579750 0.423333 0.576250 0.424333 0.567500 0.423000 0.564000 0.420667 0.560750 0.416667 0.558500
0 0.388667 0.542500 0.385333 0.543500 0.383333 0.545500 0.381667 0.550500 0.381667 0.556250 0.383333 0.561250 0.385000 0.563250 0.388667 0.566000 0.391667 0.567250 0.394333 0.567250 0.396667 0.566750 0.398000 0.565750 0.400667 0.561250 0.400667 0.552000 0.399333 0.548250 0.396667 0.545000 0.393667 0.543500
0 0.220000 0.560250 0.219000 0.562750 0.220000 0.568750 0.229333 0.576500 0.239333 0.579750 0.244000 0.580000 0.247667 0.578500 0.248667 0.576750 0.248333 0.571500 0.245667 0.568000 0.240667 0.564000 0.232000 0.560750 0.225333 0.559500
0 0.177333 0.582000 0.173000 0.581500 0.170000 0.582500 0.165333 0.586500 0.163000 0.590500 0.161667 0.594500 0.161667 0.599000 0.163667 0.603750 0.166000 0.605750 0.171000 0.605500 0.174667 0.602500 0.178333 0.596750 0.180000 0.590250 0.180000 0.586250 0.179333 0.583750
0 0.314000 0.612750 0.310333 0.612000 0.307000 0.613000 0.298333 0.618250 0.294333 0.626750 0.294667 0.630500 0.298000 0.633000 0.303333 0.633250 0.307333 0.631250 0.311333 0.628000 0.315000 0.622750 0.315667 0.620750 0.315667 0.616250
0 0.358667 0.615500 0.357667 0.618500 0.358000 0.620000 0.360333 0.623000 0.364667 0.625250 0.372333 0.626250 0.382333 0.626250 0.388667 0.625250 0.390667 0.623500 0.391000 0.618500 0.390000 0.616750 0.387667 0.614750 0.380667 0.611750 0.375667 0.610750 0.369000 0.610500 0.361333 0.613000
0 0.431000 0.613750 0.427000 0.616000 0.424667 0.619500 0.424333 0.626000 0.425000 0.630250 0.427000 0.635250 0.429333 0.638500 0.431667 0.640000 0.436667 0.640500 0.438667 0.639750 0.440333 0.638250 0.441667 0.634000 0.442333 0.626500 0.439333 0.618250 0.435333 0.614250
0 0.492000 0.607500 0.490667 0.606000 0.487000 0.605000 0.479667 0.604750 0.475667 0.605250 0.468667 0.607250 0.465667 0.609500 0.465000 0.612250 0.467000 0.614500 0.470333 0.615500 0.483333 0.615500 0.486667 0.614750 0.491000 0.612000
0 0.505667 0.607250 0.502000 0.607000 0.496667 0.610500 0.492333 0.618250 0.492000 0.623750 0.492667 0.625500 0.494333 0.627500 0.497000 0.628500 0.499000 0.628500 0.502333 0.627000 0.506667 0.624000 0.507667 0.622250 0.509000 0.617000 0.509000 0.612000 0.507000 0.608000
0 0.524333 0.597750 0.522000 0.598250 0.520333 0.599500 0.518667 0.602250 0.518667 0.610750 0.520000 0.615250 0.523333 0.620000 0.525333 0.621500 0.529000 0.622500 0.530667 0.622000 0.533667 0.619000 0.535000 0.614750 0.535000 0.611750 0.531667 0.603250 0.529667 0.600250 0.526333 0.598000
0 0.502333 0.634750 0.498000 0.634750 0.494667 0.638500 0.493333 0.642250 0.493333 0.653250 0.494333 0.655250 0.497333 0.657250 0.500667 0.657000 0.503667 0.655750 0.506000 0.653750 0.507333 0.650750 0.508000 0.647500 0.507667 0.640250 0.505667 0.636500
0 0.428000 0.569750 0.426667 0.571000 0.425000 0.575750 0.425000 0.579750 0.427333 0.585000 0.430667 0.588750 0.434333 0.590500 0.437667 0.591500 0.443000 0.591000 0.445333 0.588750 0.446333 0.584500 0.445667 0.579750 0.444000 0.576250 0.435333 0.569250 0.431000 0.569000
0 0.401333 0.626500 0.398667 0.626500 0.396000 0.627250 0.392000 0.630500 0.389000 0.635250 0.387667 0.641500 0.388000 0.646500 0.389000 0.648000 0.392000 0.649750 0.396000 0.649500 0.401333 0.646000 0.404333 0.642000 0.405333 0.638750 0.405000 0.630000 0.404000 0.628000
0 0.352667 0.627750 0.351667 0.629500 0.351667 0.631500 0.357000 0.638250 0.361667 0.641750 0.366333 0.643250 0.372000 0.644000 0.375667 0.643750 0.378000 0.642750 0.378000 0.638000 0.372667 0.633000 0.365667 0.629500 0.358000 0.627250 0.353667 0.627250
0 0.297667 0.654000 0.295333 0.654750 0.291667 0.658250 0.291000 0.661000 0.291333 0.666500 0.293000 0.670500 0.296000 0.674000 0.299000 0.675750 0.302667 0.676250 0.307000 0.675000 0.308667 0.673500 0.309667 0.670500 0.310000 0.665750 0.306667 0.658500 0.302333 0.655000 0.299667 0.654000
0 0.241000 0.659500 0.236667 0.660250 0.234667 0.661750 0.231667 0.665250 0.230000 0.669250 0.229667 0.674750 0.230333 0.678500 0.232333 0.682000 0.235667 0.683750 0.240667 0.683000 0.246000 0.678750 0.248667 0.674250 0.249000 0.665000 0.248333 0.663250 0.246667 0.661500
0 0.215333 0.682500 0.212333 0.683000 0.209667 0.685000 0.208667 0.690000 0.210333 0.696750 0.212000 0.700250 0.213333 0.701750 0.217333 0.703000 0.220333 0.701500 0.222000 0.698250 0.222000 0.690500 0.221333 0.687750 0.219333 0.684500 0.217333 0.682750
0 0.177667 0.682750 0.173667 0.682500 0.170333 0.684000 0.165333 0.688750 0.164000 0.692000 0.163667 0.695250 0.165000 0.701250 0.166333 0.703000 0.170333 0.705500 0.174333 0.705250 0.178333 0.703250 0.183000 0.694000 0.183333 0.688000 0.182667 0.686000
0 0.195667 0.715500 0.193333 0.716000 0.191667 0.717250 0.190000 0.720250 0.188333 0.727750 0.188333 0.733500 0.189000 0.737000 0.191667 0.740750 0.194333 0.742250 0.198000 0.743000 0.202333 0.742000 0.205000 0.740000 0.207000 0.736250 0.207000 0.728500 0.205333 0.722000 0.202667 0.717750 0.200667 0.716000
0 0.311333 0.712000 0.305667 0.712250 0.302000 0.716250 0.299667 0.720250 0.299000 0.724000 0.299333 0.728000 0.302000 0.732750 0.304000 0.733500 0.307333 0.733500 0.310667 0.731750 0.315000 0.723750 0.315667 0.721000 0.315333 0.716000 0.313667 0.713250
0 0.383667 0.730000 0.380667 0.732000 0.379333 0.735750 0.379667 0.741000 0.383000 0.747750 0.388333 0.752250 0.392000 0.753250 0.396000 0.752750 0.398000 0.751250 0.399667 0.748500 0.399667 0.743250 0.398333 0.740000 0.395667 0.736250 0.389000 0.730500 0.386000 0.729750
