0 0.564667 0.388500 0.560000 0.392500 0.558667 0.399750 0.558667 0.408000 0.560333 0.412500 0.564333 0.415250 0.568000 0.415750 0.573000 0.413250 0.575667 0.409000 0.575667 0.400250 0.573667 0.392750 0.572667 0.391250 0.568333 0.388500
0 0.482333 0.354500 0.478667 0.355000 0.476000 0.356750 0.472333 0.360750 0.471000 0.363500 0.469333 0.369500 0.469667 0.374750 0.471000 0.378000 0.474000 0.379500 0.478333 0.379000 0.481000 0.377750 0.484667 0.374250 0.486667 0.370250 0.487667 0.365000 0.487333 0.360250 0.485667 0.357000
0 0.270667 0.441000 0.268000 0.442500 0.266333 0.446500 0.267000 0.455250 0.274000 0.465000 0.275333 0.465750 0.279000 0.465500 0.281000 0.463500 0.282333 0.458500 0.282333 0.454500 0.280667 0.446750 0.279000 0.444250 0.276000 0.442250 0.272333 0.441000
0 0.291667 0.414500 0.288000 0.413250 0.282667 0.413250 0.275667 0.414250 0.271000 0.415750 0.263667 0.420250 0.262333 0.422750 0.263000 0.426500 0.266000 0.428250 0.269667 0.428750 0.275333 0.428500 0.280000 0.427500 0.285000 0.424750 0.290667 0.419500 0.292333 0.416750
0 0.322667 0.356750 0.320000 0.360000 0.316667 0.368250 0.316333 0.372500 0.317333 0.376750 0.321333 0.381500 0.326333 0.382250 0.331333 0.379000 0.333667 0.376000 0.335000 0.372500 0.335333 0.368250 0.333667 0.361000 0.329667 0.357250 0.327000 0.356250
0 0.219333 0.355250 0.216667 0.356000 0.215333 0.357000 0.213333 0.360000 0.212333 0.366750 0.214000 0.373500 0.217333 0.377000 0.220000 0.378250 0.221667 0.378250 0.224333 0.377500 0.228000 0.373750 0.229000 0.371000 0.229000 0.367500 0.227333 0.361750 0.224667 0.357250 0.222000 0.355500
0 0.227667 0.559750 0.225667 0.561000 0.224333 0.563500 0.224333 0.565500 0.227000 0.573250 0.229333 0.576500 0.235667 0.582250 0.240333 0.583000 0.242667 0.581000 0.244000 0.576750 0.244000 0.572000 0.239667 0.565000 0.233000 0.560250
0 0.255000 0.570000 0.253000 0.571000 0.252000 0.572750 0.252000 0.577000 0.254333 0.582500 0.260000 0.589750 0.263667 0.591500 0.268333 0.591250 0.271333 0.589250 0.272000 0.587750 0.270667 0.580500 0.263333 0.571750 0.258333 0.570250
0 0.287000 0.631750 0.283000 0.632250 0.280000 0.633500 0.274000 0.639250 0.270667 0.647500 0.271000 0.652250 0.273000 0.654250 0.276667 0.654500 0.279667 0.653500 0.283000 0.651000 0.287333 0.646250 0.289000 0.641750 0.289667 0.634250 0.288333 0.632250
0 0.310333 0.581750 0.306333 0.581500 0.303000 0.582500 0.299333 0.584250 0.295000 0.588250 0.293000 0.594750 0.293000 0.600250 0.295000 0.603500 0.299333 0.604250 0.302333 0.603250 0.307333 0.599500 0.310667 0.595500 0.312333 0.592250 0.312667 0.586750 0.312000 0.583500
0 0.315000 0.593250 0.313333 0.595000 0.314333 0.599250 0.321667 0.608000 0.326333 0.610250 0.333333 0.609250 0.334333 0.608000 0.334333 0.603500 0.327333 0.595500 0.318333 0.592500
0 0.331000 0.613000 0.329333 0.612750 0.326667 0.613500 0.321333 0.617750 0.317667 0.622750 0.316333 0.626500 0.316333 0.631000 0.317333 0.633250 0.318667 0.634250 0.322000 0.634750 0.326000 0.633500 0.330667 0.630500 0.334667 0.625750 0.335667 0.623000 0.335333 0.617750 0.334000 0.615000
0 0.341333 0.620000 0.338333 0.622000 0.336667 0.626000 0.336667 0.632000 0.337667 0.636750 0.341000 0.642250 0.345333 0.646000 0.350000 0.648000 0.354333 0.648250 0.356667 0.646750 0.358333 0.642500 0.358333 0.636000 0.357000 0.631250 0.353000 0.625500 0.346000 0.621750
0 0.368333 0.647500 0.363667 0.650000 0.361333 0.653250 0.360333 0.659750 0.361667 0.665750 0.364000 0.669500 0.365667 0.670750 0.370000 0.671000 0.373000 0.669000 0.374333 0.666750 0.376000 0.657000 0.375333 0.653000 0.373667 0.649000 0.371000 0.647750
0 0.333333 0.645000 0.332667 0.646000 0.333333 0.649500 0.338333 0.655000 0.348667 0.657250 0.353333 0.657250 0.356000 0.656750 0.357000 0.656000 0.357333 0.653500 0.355000 0.650000 0.353333 0.648750 0.346000 0.647250 0.340333 0.644500 0.336667 0.644250
0 0.329333 0.658000 0.329000 0.662500 0.329667 0.663750 0.333000 0.666500 0.338000 0.668750 0.347667 0.670250 0.353333 0.670000 0.356333 0.668750 0.358667 0.666750 0.358667 0.661750 0.357000 0.658500 0.353667 0.656250 0.349333 0.657000 0.345667 0.656000 0.337333 0.655250 0.331333 0.656750
0 0.248000 0.737750 0.244000 0.736500 0.240667 0.737000 0.232000 0.743000 0.228000 0.747500 0.228000 0.752250 0.229000 0.756000 0.232667 0.758000 0.237000 0.758000 0.240333 0.757000 0.247667 0.751000 0.251000 0.744750 0.251000 0.740500
0 0.244000 0.716750 0.241000 0.716250 0.236000 0.716750 0.231333 0.720000 0.228667 0.723500 0.227000 0.728500 0.227333 0.733750 0.228667 0.736000 0.232000 0.738750 0.235000 0.738500 0.240667 0.736500 0.245667 0.732250 0.247000 0.729000 0.247667 0.724000 0.246667 0.719250
0 0.397000 0.715500 0.391000 0.716250 0.385000 0.720250 0.384333 0.721500 0.383333 0.726750 0.383667 0.732250 0.385000 0.734750 0.389000 0.737500 0.392333 0.737750 0.397000 0.736000 0.401333 0.729500 0.402667 0.725500 0.402667 0.720000 0.401000 0.717250
0 0.385000 0.392000 0.381000 0.394000 0.379667 0.396250 0.378667 0.399750 0.379000 0.407750 0.380000 0.411750 0.383000 0.416750 0.387333 0.419750 0.389667 0.420250 0.393000 0.419500 0.396667 0.416250 0.398000 0.411750 0.398000 0.405500 0.397000 0.401000 0.393333 0.396000 0.389333 0.392750
0 0.386333 0.656500 0.384000 0.657000 0.382000 0.659000 0.380000 0.664750 0.380000 0.669000 0.381000 0.673250 0.383667 0.677500 0.385000 0.678500 0.387667 0.679250 0.390000 0.679250 0.395000 0.677500 0.397333 0.674750 0.398000 0.671000 0.397667 0.666500 0.396667 0.663750 0.393000 0.658750 0.389333 0.656500
0 0.385000 0.632750 0.383333 0.634000 0.382000 0.637250 0.382000 0.642000 0.384000 0.647500 0.387667 0.651500 0.391667 0.654500 0.395333 0.655500 0.400667 0.654750 0.404000 0.651750 0.404667 0.647500 0.404000 0.642750 0.401000 0.637750 0.397000 0.634250 0.389667 0.632000
0 0.457667 0.667500 0.454333 0.667500 0.450667 0.668750 0.447000 0.673500 0.446333 0.676000 0.446000 0.685750 0.446667 0.688250 0.450000 0.692750 0.451667 0.694000 0.453667 0.694500 0.456333 0.694250 0.459333 0.692000 0.463667 0.685000 0.464000 0.680000 0.462667 0.673000 0.459667 0.668250
0 0.462667 0.623000 0.458333 0.622750 0.455333 0.623250 0.453000 0.624750 0.450667 0.627500 0.449333 0.632250 0.449667 0.638250 0.451667 0.642500 0.454667 0.644500 0.458000 0.644000 0.460333 0.642750 0.464000 0.639500 0.466333 0.634750 0.466333 0.627250 0.465333 0.625250
0 0.494333 0.609250 0.492667 0.611000 0.493000 0.619750 0.494000 0.623500 0.497667 0.627500 0.500000 0.628250 0.503000 0.628250 0.505667 0.627250 0.507333 0.624250 0.507667 0.622250 0.506667 0.617000 0.502333 0.610750 0.497667 0.608750
0 0.462667 0.595000 0.454667 0.595000 0.451667 0.597750 0.449333 0.602500 0.449000 0.609000 0.450000 0.615500 0.451667 0.618750 0.454667 0.621250 0.458667 0.621000 0.460000 0.620250 0.464000 0.615250 0.466333 0.610000 0.466667 0.600750 0.464333 0.596000
0 0.361667 0.597000 0.359667 0.599500 0.359333 0.602750 0.360667 0.608500 0.363667 0.612000 0.368667 0.615750 0.372333 0.616750 0.376000 0.615750 0.377667 0.614000 0.378000 0.610250 0.376000 0.607250 0.374333 0.602250 0.371667 0.600000 0.366333 0.597000
0 0.396000 0.580250 0.392000 0.580250 0.389000 0.581750 0.384333 0.586250 0.383000 0.588500 0.381000 0.595000 0.380333 0.600500 0.381000 0.604250 0.382667 0.606750 0.384667 0.608000 0.388333 0.608250 0.390333 0.607500 0.396000 0.603000 0.399000 0.599250 0.401333 0.591750 0.401000 0.586000 0.399667 0.582750
0 0.419667 0.579250 0.415333 0.578750 0.412000 0.579500 0.408333 0.582750 0.405667 0.587250 0.405000 0.589500 0.405333 0.596000 0.407333 0.600500 0.409000 0.601250 0.412667 0.601500 0.415333 0.600250 0.420333 0.595500 0.421667 0.591000 0.422000 0.583750 0.421000 0.580250
0 0.342333 0.573000 0.341333 0.575500 0.341667 0.576750 0.345333 0.580750 0.352000 0.584500 0.357000 0.585500 0.360667 0.585250 0.362333 0.584750 0.364667 0.582750 0.365667 0.581000 0.365667 0.579500 0.364667 0.578000 0.357667 0.573250 0.349667 0.571750 0.344667 0.572000
0 0.341333 0.543500 0.340000 0.545500 0.339667 0.549250 0.341000 0.553250 0.344333 0.557750 0.346000 0.559250 0.349000 0.560500 0.354667 0.559750 0.357000 0.556750 0.354667 0.548500 0.349000 0.544250 0.346000 0.543250
0 0.352667 0.516250 0.350000 0.517250 0.348667 0.519500 0.347667 0.523500 0.347667 0.529000 0.349333 0.532250 0.351000 0.533750 0.353333 0.535000 0.356333 0.535000 0.358000 0.534250 0.359667 0.530500 0.359667 0.522000 0.358000 0.517500 0.357000 0.516750
0 0.361667 0.537500 0.360667 0.539750 0.361000 0.542250 0.362667 0.544500 0.366000 0.546750 0.371000 0.548250 0.377000 0.551000 0.385333 0.551750 0.388667 0.551000 0.390333 0.549750 0.391000 0.548500 0.390667 0.545500 0.389333 0.543000 0.386000 0.540500 0.382000 0.538750 0.375667 0.537000 0.364667 0.536250
0 0.377333 0.516250 0.376000 0.517750 0.375667 0.522000 0.376667 0.525500 0.379333 0.529500 0.382000 0.531750 0.388000 0.535250 0.391667 0.538500 0.397000 0.538750 0.399000 0.537250 0.400333 0.534500 0.400333 0.531750 0.397333 0.525250 0.387333 0.517250 0.382000 0.515750
0 0.440333 0.539500 0.437000 0.539250 0.432333 0.540500 0.430333 0.542000 0.425667 0.548000 0.424667 0.556250 0.426333 0.559500 0.428000 0.560750 0.433000 0.561000 0.435667 0.560250 0.439000 0.557250 0.443000 0.552250 0.444333 0.549000 0.444667 0.544250 0.443667 0.541000
0 0.478667 0.531500 0.476000 0.533500 0.475000 0.537500 0.475000 0.542750 0.476333 0.549000 0.478000 0.551750 0.482333 0.554000 0.487000 0.554250 0.490333 0.552750 0.491667 0.550000 0.492333 0.545500 0.491667 0.540000 0.490000 0.537250 0.486000 0.533000 0.483000 0.531750
0 0.416667 0.492250 0.413000 0.493250 0.411333 0.494500 0.407000 0.500000 0.405667 0.506250 0.405667 0.510250 0.408333 0.514000 0.413333 0.514000 0.418000 0.510250 0.420667 0.506750 0.421333 0.503250 0.420667 0.494500 0.419667 0.493250
0 0.291333 0.475250 0.288000 0.477500 0.286000 0.481750 0.286000 0.487750 0.286667 0.490500 0.289333 0.495500 0.291667 0.497000 0.295000 0.497500 0.299000 0.494500 0.300667 0.489250 0.300667 0.485000 0.300000 0.481750 0.297667 0.477500 0.294333 0.475250
0 0.389667 0.462500 0.387333 0.463000 0.383333 0.465750 0.381000 0.470250 0.380333 0.474500 0.380667 0.479750 0.382333 0.485000 0.384333 0.487500 0.387333 0.488250 0.389333 0.488250 0.392667 0.487000 0.396000 0.484000 0.397333 0.481500 0.398333 0.476000 0.398333 0.471750 0.397000 0.467000 0.393000 0.463250
0 0.353000 0.443500 0.349667 0.443250 0.344333 0.446750 0.338333 0.455750 0.336667 0.463500 0.338000 0.466000 0.340667 0.467500 0.343000 0.467500 0.346667 0.465750 0.349667 0.463500 0.354000 0.457500 0.356000 0.450500 0.355667 0.447000 0.354000 0.444000
