0 0.561667 0.300750 0.559667 0.300750 0.556000 0.303000 0.551667 0.310750 0.551667 0.318250 0.552667 0.320000 0.556000 0.322000 0.559667 0.321500 0.561333 0.320500 0.565667 0.314750 0.567000 0.311000 0.567000 0.306500 0.565667 0.303500 0.563667 0.301500
0 0.540333 0.324750 0.536333 0.327250 0.535000 0.329250 0.533667 0.335750 0.533667 0.339750 0.534333 0.342750 0.536333 0.346500 0.540333 0.349500 0.543000 0.349750 0.545667 0.348750 0.548667 0.342000 0.549333 0.334000 0.548000 0.329500 0.545667 0.326000 0.542333 0.324750
0 0.493333 0.331500 0.489667 0.332500 0.487000 0.334750 0.485667 0.337500 0.486000 0.341500 0.487667 0.346000 0.491000 0.351000 0.494333 0.353500 0.498333 0.354000 0.502667 0.350000 0.503333 0.344250 0.498667 0.334000 0.496333 0.332250
0 0.494000 0.354750 0.491000 0.356750 0.489667 0.360250 0.489667 0.366250 0.491667 0.373000 0.492667 0.374500 0.497667 0.377750 0.502667 0.378500 0.505333 0.377000 0.507000 0.373750 0.507333 0.367250 0.506667 0.364000 0.505333 0.361000 0.502333 0.357500 0.498333 0.354750
0 0.498000 0.384250 0.493667 0.384750 0.492000 0.386000 0.489667 0.389000 0.488000 0.393000 0.487000 0.399500 0.487667 0.404500 0.489333 0.407250 0.493667 0.409500 0.497667 0.408750 0.502333 0.404750 0.504000 0.401250 0.504333 0.393250 0.503333 0.389750 0.501667 0.387000
0 0.453333 0.359500 0.450667 0.359500 0.447667 0.361750 0.445667 0.365750 0.444667 0.371500 0.446000 0.377500 0.447667 0.379750 0.451000 0.382000 0.454000 0.381500 0.456000 0.380500 0.459667 0.376500 0.460667 0.373250 0.460667 0.367000 0.459667 0.363500 0.458333 0.361500 0.455667 0.360000
0 0.520667 0.399750 0.517000 0.400500 0.514667 0.403250 0.513000 0.408500 0.513000 0.412250 0.516000 0.421250 0.518000 0.423000 0.522333 0.424500 0.526333 0.423500 0.529333 0.420500 0.530000 0.411000 0.529333 0.407500 0.527667 0.404000 0.525333 0.401750 0.522333 0.400000
0 0.554000 0.376250 0.551000 0.377750 0.549333 0.380500 0.548667 0.383000 0.549000 0.389000 0.551000 0.393250 0.554667 0.397000 0.557000 0.398250 0.560667 0.398250 0.562333 0.397000 0.563667 0.393750 0.563667 0.384750 0.562333 0.380500 0.560333 0.377250 0.557667 0.376250
0 0.575667 0.401250 0.575667 0.405250 0.579333 0.408500 0.588667 0.411250 0.596000 0.411250 0.601667 0.409750 0.605667 0.407750 0.607000 0.405000 0.605667 0.402000 0.603333 0.400000 0.593000 0.397250 0.587333 0.397000 0.581000 0.397500 0.577333 0.399250
0 0.603333 0.373000 0.599667 0.375000 0.597667 0.377250 0.596667 0.380500 0.597000 0.388000 0.599667 0.391750 0.603000 0.393000 0.607333 0.393250 0.612333 0.388500 0.612667 0.379750 0.611333 0.376250 0.608000 0.373500
0 0.588667 0.374500 0.584333 0.375000 0.582000 0.376000 0.580333 0.377750 0.579333 0.380500 0.579000 0.385000 0.579667 0.388250 0.580667 0.390000 0.584333 0.392750 0.588667 0.392750 0.592667 0.391750 0.595000 0.388250 0.595000 0.381500 0.593667 0.377250 0.592000 0.375500
0 0.572000 0.356750 0.571333 0.361250 0.572333 0.363500 0.574333 0.365750 0.580667 0.369750 0.584000 0.371250 0.590000 0.372250 0.594000 0.371750 0.597333 0.369750 0.597667 0.368250 0.596667 0.364000 0.591667 0.357750 0.579000 0.355250 0.575333 0.355250
0 0.629333 0.356250 0.626333 0.356250 0.622667 0.359250 0.621000 0.361500 0.619000 0.367250 0.619667 0.374250 0.622333 0.377750 0.626000 0.379000 0.630333 0.377750 0.634333 0.372750 0.636000 0.366750 0.635333 0.361750 0.632000 0.357250
0 0.657667 0.347500 0.653667 0.347000 0.650333 0.348000 0.641667 0.353250 0.639000 0.360000 0.639667 0.365250 0.641333 0.366750 0.646333 0.367000 0.651667 0.365000 0.655333 0.362000 0.659333 0.354250 0.659333 0.350250
0 0.704667 0.348750 0.702333 0.348250 0.697333 0.348750 0.689000 0.353750 0.685333 0.360750 0.685333 0.363750 0.686333 0.366000 0.688667 0.366750 0.694000 0.366250 0.701000 0.362500 0.705000 0.357500 0.706333 0.354250 0.706000 0.350250
0 0.699333 0.431500 0.699000 0.435250 0.699667 0.436500 0.704667 0.440000 0.712333 0.442250 0.719667 0.442750 0.724333 0.442250 0.729333 0.440250 0.731000 0.439000 0.732000 0.436750 0.732000 0.435000 0.729333 0.432000 0.718000 0.428750 0.709333 0.428500 0.702000 0.430000
0 0.643667 0.411750 0.641333 0.412750 0.638667 0.415750 0.637333 0.419500 0.637333 0.424500 0.638333 0.428250 0.642000 0.434250 0.644667 0.435750 0.647000 0.436250 0.650333 0.435500 0.653333 0.432250 0.654667 0.428500 0.654667 0.420000 0.652667 0.415250 0.647667 0.412250
0 0.631333 0.397250 0.627333 0.397500 0.624333 0.399500 0.619000 0.407750 0.619000 0.411500 0.621000 0.416750 0.622667 0.418750 0.626000 0.420000 0.628333 0.419750 0.631667 0.417500 0.635667 0.408750 0.636000 0.403000 0.635333 0.400500
0 0.604667 0.415500 0.601000 0.416750 0.598000 0.419500 0.598000 0.428000 0.602000 0.435250 0.604000 0.436750 0.608000 0.438000 0.612000 0.437000 0.613667 0.435500 0.615000 0.431750 0.615000 0.424000 0.613667 0.421500 0.607667 0.415500
0 0.622333 0.445000 0.620000 0.447500 0.619333 0.452250 0.621000 0.458500 0.623000 0.462750 0.626667 0.467500 0.630667 0.468750 0.637000 0.468250 0.639000 0.466750 0.639667 0.464000 0.639333 0.456750 0.638333 0.453250 0.636667 0.450750 0.631667 0.446750 0.626667 0.445250
0 0.600000 0.437750 0.597667 0.439000 0.595667 0.443250 0.595667 0.448750 0.597000 0.453250 0.599000 0.456250 0.603000 0.459500 0.607000 0.460000 0.611000 0.459500 0.613000 0.458250 0.614667 0.455250 0.613333 0.446250 0.607333 0.438750 0.603333 0.437500
0 0.599000 0.462250 0.597000 0.463500 0.595667 0.466000 0.596000 0.470750 0.597667 0.476750 0.603333 0.482750 0.607333 0.484500 0.611333 0.484750 0.613667 0.483250 0.615000 0.480000 0.613667 0.470750 0.606667 0.463500 0.603667 0.462500
0 0.572333 0.436750 0.569667 0.438750 0.568667 0.440500 0.567333 0.445500 0.567333 0.449750 0.569333 0.455500 0.571333 0.458500 0.573000 0.459500 0.576667 0.460000 0.580667 0.458250 0.582667 0.455250 0.583333 0.451750 0.583000 0.443750 0.582000 0.440250 0.579667 0.438000 0.576667 0.436750
0 0.594667 0.481000 0.592000 0.482500 0.591000 0.484000 0.590667 0.488250 0.596000 0.498500 0.600333 0.501750 0.603667 0.503250 0.611333 0.503500 0.612667 0.503000 0.614333 0.501500 0.614667 0.495000 0.609667 0.487000 0.607667 0.485250 0.601667 0.482750 0.599667 0.481250 0.598000 0.480750
0 0.651333 0.481500 0.649000 0.481500 0.646667 0.482250 0.642000 0.485250 0.639667 0.491250 0.639333 0.498750 0.640000 0.502500 0.642000 0.506250 0.645333 0.507500 0.650000 0.507000 0.654333 0.504250 0.657000 0.498250 0.657000 0.489250 0.656333 0.486250 0.654333 0.483250
0 0.692333 0.526250 0.689000 0.528000 0.687000 0.532750 0.687333 0.543250 0.688667 0.547250 0.690000 0.549000 0.692667 0.551000 0.698000 0.552000 0.701000 0.551250 0.703333 0.548750 0.704000 0.546000 0.704000 0.535500 0.703333 0.532750 0.701333 0.529250 0.696000 0.526750
0 0.724667 0.539500 0.720000 0.539250 0.717000 0.540500 0.712000 0.545000 0.710333 0.550000 0.709333 0.559000 0.710667 0.562500 0.713000 0.564250 0.717667 0.564250 0.721333 0.562250 0.725000 0.558000 0.727333 0.551500 0.727667 0.545000 0.726333 0.541250
0 0.627333 0.561250 0.622000 0.564000 0.621333 0.566000 0.622000 0.572750 0.625000 0.580250 0.627333 0.584000 0.631333 0.586250 0.635333 0.586750 0.638000 0.584750 0.639333 0.581750 0.640000 0.578000 0.639667 0.571500 0.638667 0.569000 0.634667 0.564000 0.631000 0.561750
0 0.604333 0.568250 0.602000 0.565250 0.599333 0.563750 0.592667 0.562250 0.588000 0.562000 0.582333 0.562500 0.575667 0.563750 0.572000 0.566250 0.571000 0.568000 0.571000 0.572000 0.573000 0.574000 0.578667 0.576000 0.582333 0.576500 0.591667 0.576500 0.595333 0.575750 0.600000 0.573750 0.603333 0.570750
0 0.560667 0.549000 0.556000 0.552000 0.552000 0.560250 0.552000 0.565250 0.556000 0.573000 0.560000 0.575750 0.562000 0.575750 0.564000 0.575000 0.565667 0.573250 0.569000 0.567000 0.570000 0.562750 0.570000 0.555250 0.568000 0.551250 0.564333 0.549250
0 0.611000 0.595750 0.608667 0.597750 0.606333 0.601750 0.605000 0.607500 0.605333 0.611500 0.606667 0.616500 0.609333 0.620250 0.611333 0.621500 0.615667 0.621500 0.618000 0.619500 0.620333 0.615500 0.621000 0.612000 0.621000 0.603000 0.619000 0.598500 0.616000 0.596000
0 0.587333 0.598000 0.583333 0.598250 0.579667 0.601000 0.578000 0.603750 0.577333 0.606500 0.577000 0.615750 0.577667 0.619750 0.579333 0.622750 0.583333 0.624500 0.586667 0.624000 0.589667 0.622250 0.592000 0.619250 0.593667 0.614000 0.593667 0.605500 0.593000 0.602500 0.591333 0.600000
0 0.561000 0.616000 0.555667 0.617750 0.552333 0.622750 0.551667 0.625250 0.552000 0.631000 0.553667 0.635000 0.556333 0.638000 0.560000 0.639250 0.562667 0.638000 0.565667 0.635500 0.568000 0.631500 0.569000 0.628000 0.569000 0.625000 0.567667 0.620500 0.565000 0.617750
0 0.558333 0.643000 0.557000 0.641750 0.551667 0.641250 0.540333 0.642000 0.532333 0.646000 0.530000 0.649750 0.530333 0.651750 0.532667 0.654000 0.535333 0.654500 0.545333 0.654000 0.552333 0.652250 0.559000 0.647250
0 0.616333 0.669500 0.614000 0.668000 0.606667 0.666750 0.603000 0.666750 0.595333 0.668000 0.592000 0.669250 0.586000 0.673000 0.585333 0.674000 0.585333 0.677750 0.587667 0.679250 0.595000 0.681000 0.599333 0.681000 0.611333 0.678750 0.614667 0.677250 0.617000 0.674750 0.617333 0.673250
0 0.676000 0.630750 0.673333 0.631500 0.670333 0.634500 0.670333 0.643000 0.671333 0.646750 0.674000 0.651750 0.677667 0.654250 0.682000 0.654250 0.685333 0.651750 0.686667 0.647500 0.686333 0.638750 0.684000 0.633750 0.678667 0.630750
0 0.599333 0.722250 0.594667 0.722000 0.588000 0.723750 0.579000 0.728250 0.575667 0.732500 0.574333 0.736250 0.574333 0.740750 0.576000 0.742250 0.585333 0.741000 0.591333 0.738500 0.600333 0.730500 0.601000 0.724250
0 0.563667 0.730250 0.560333 0.730250 0.558000 0.731750 0.555333 0.735750 0.555333 0.743250 0.556000 0.745750 0.557333 0.748000 0.560667 0.751000 0.564000 0.750750 0.568000 0.748250 0.569667 0.745250 0.570333 0.741750 0.570000 0.736500 0.569000 0.733750 0.567333 0.731750
0 0.528667 0.731000 0.526000 0.733000 0.524667 0.735250 0.524667 0.740500 0.528333 0.748750 0.534333 0.755500 0.538333 0.757000 0.540667 0.757250 0.543000 0.756750 0.544667 0.755500 0.546000 0.752250 0.546000 0.747000 0.544000 0.741250 0.541000 0.736750 0.536667 0.733250 0.533333 0.731750
