0 0.409000 0.697250 0.404333 0.697750 0.400333 0.700500 0.397333 0.704500 0.394667 0.712250 0.395333 0.717000 0.397333 0.720500 0.400333 0.722250 0.403333 0.721750 0.405333 0.720750 0.408333 0.717500 0.413000 0.709500 0.413667 0.706000 0.413000 0.700500 0.411667 0.698500
0 0.417000 0.533250 0.415333 0.534250 0.414667 0.536000 0.415000 0.541000 0.416333 0.544250 0.422000 0.553000 0.424333 0.554250 0.428333 0.554750 0.431000 0.552750 0.432000 0.549250 0.432000 0.545250 0.430333 0.540250 0.427667 0.536500 0.423000 0.533750 0.420333 0.532750
0 0.419333 0.556750 0.417000 0.558500 0.415667 0.560500 0.415667 0.568750 0.416667 0.572000 0.419333 0.576750 0.421000 0.578250 0.423333 0.579250 0.427333 0.579250 0.430333 0.576750 0.431667 0.573250 0.431000 0.564500 0.429333 0.560750 0.427333 0.558250 0.424000 0.557250
0 0.400333 0.558250 0.398000 0.559750 0.395333 0.563750 0.395333 0.572000 0.399000 0.581000 0.401000 0.582500 0.403667 0.583500 0.405333 0.583500 0.408000 0.582750 0.410667 0.580000 0.411667 0.573000 0.411000 0.567000 0.409333 0.562750 0.405000 0.558750
0 0.423000 0.583500 0.419667 0.584000 0.416000 0.587000 0.414667 0.591250 0.414667 0.596250 0.415667 0.600250 0.418667 0.603750 0.421000 0.605250 0.424667 0.605750 0.428667 0.603750 0.431333 0.599500 0.432000 0.590500 0.431000 0.587250 0.429333 0.585500 0.427333 0.584250
0 0.317000 0.643250 0.314000 0.644000 0.310333 0.648250 0.309667 0.649750 0.309667 0.655500 0.313333 0.662750 0.317000 0.664000 0.320000 0.664000 0.324000 0.662750 0.325667 0.660250 0.326333 0.658250 0.326333 0.651000 0.323333 0.646500 0.319000 0.643500
0 0.538000 0.671500 0.533333 0.671750 0.531000 0.673250 0.528000 0.680500 0.528000 0.689750 0.530667 0.694000 0.533333 0.695250 0.536333 0.695000 0.539000 0.693500 0.542667 0.690250 0.545000 0.686000 0.545333 0.681750 0.543333 0.674000 0.540667 0.672000
0 0.489333 0.657750 0.486667 0.659000 0.485000 0.661750 0.484333 0.670000 0.485667 0.674250 0.489000 0.678250 0.491333 0.679250 0.494667 0.679250 0.497000 0.677750 0.499000 0.674750 0.499333 0.665250 0.498333 0.662500 0.495333 0.659000 0.493667 0.658000
0 0.489667 0.609500 0.487000 0.610250 0.485333 0.611750 0.483000 0.619000 0.483000 0.623250 0.485667 0.631500 0.489333 0.634000 0.491000 0.634250 0.495000 0.632750 0.498000 0.628750 0.498667 0.627000 0.499000 0.617750 0.498333 0.614500 0.496000 0.610750 0.493667 0.609750
0 0.506333 0.579250 0.504667 0.580250 0.503333 0.583750 0.503333 0.587500 0.504333 0.591500 0.509000 0.598750 0.510667 0.600000 0.514333 0.600750 0.517333 0.598750 0.518667 0.596000 0.518333 0.587750 0.514333 0.581000 0.512667 0.579750 0.510667 0.579000
0 0.531667 0.588750 0.528667 0.590000 0.527333 0.592250 0.527000 0.600000 0.528667 0.607000 0.532000 0.611750 0.533333 0.612750 0.537667 0.613250 0.540000 0.611750 0.542333 0.608000 0.543000 0.602500 0.542000 0.596000 0.537667 0.589750 0.534667 0.588750
0 0.537333 0.628500 0.535000 0.628750 0.532333 0.630250 0.528667 0.634500 0.527000 0.639000 0.527000 0.646250 0.528000 0.649500 0.530000 0.651750 0.532000 0.652250 0.534333 0.652000 0.537667 0.649750 0.541333 0.642250 0.542000 0.638250 0.541667 0.633500 0.540000 0.630750
0 0.556667 0.621750 0.552000 0.623250 0.548667 0.626750 0.547667 0.636500 0.548333 0.639750 0.550667 0.643750 0.554667 0.647000 0.558000 0.647500 0.560333 0.646750 0.561333 0.645750 0.564667 0.639000 0.565333 0.636500 0.565333 0.629000 0.564667 0.626750 0.561333 0.623000 0.560000 0.622250
0 0.580000 0.580000 0.577000 0.580500 0.575333 0.581500 0.571667 0.585000 0.570333 0.588250 0.570000 0.594500 0.570667 0.600000 0.571667 0.602000 0.575667 0.604250 0.580333 0.603500 0.583667 0.601000 0.585667 0.595750 0.586000 0.586500 0.584333 0.582250
0 0.638000 0.569000 0.634667 0.570750 0.632333 0.576750 0.632333 0.582750 0.633333 0.587250 0.634667 0.589000 0.637667 0.589750 0.639667 0.589500 0.644000 0.586000 0.646333 0.579750 0.645000 0.572000 0.642333 0.569500
0 0.661667 0.629000 0.658000 0.630500 0.655667 0.634250 0.655333 0.640000 0.656000 0.643500 0.657667 0.647750 0.661333 0.651750 0.665333 0.654500 0.669667 0.655000 0.673000 0.653000 0.674333 0.651250 0.675667 0.647000 0.675667 0.641500 0.673000 0.634250 0.671000 0.631500 0.666333 0.629000
0 0.649667 0.652750 0.646000 0.652500 0.643333 0.653500 0.642000 0.654500 0.640333 0.657500 0.639333 0.664750 0.640333 0.670250 0.643000 0.672750 0.647000 0.672250 0.650000 0.669500 0.652000 0.666000 0.653333 0.658250 0.652333 0.654750
0 0.611000 0.663250 0.607000 0.663750 0.604000 0.665500 0.602333 0.667250 0.601000 0.671000 0.598667 0.674000 0.598333 0.678500 0.599000 0.682000 0.601333 0.684500 0.604000 0.685500 0.607667 0.685500 0.612000 0.682000 0.615000 0.676750 0.616000 0.670500 0.614667 0.666000
0 0.604667 0.649750 0.602333 0.649750 0.600000 0.651000 0.596000 0.655250 0.594333 0.658000 0.592000 0.666750 0.592667 0.670500 0.595667 0.673000 0.598667 0.673000 0.600333 0.672000 0.603667 0.666500 0.608000 0.662250 0.608667 0.658750 0.608000 0.653500 0.607000 0.651250
0 0.572000 0.672250 0.569000 0.674250 0.565000 0.681000 0.565000 0.688750 0.567667 0.694750 0.571667 0.697000 0.575000 0.697000 0.579000 0.694250 0.582000 0.690000 0.583333 0.686000 0.583667 0.682000 0.581667 0.677000 0.579667 0.674250 0.577000 0.672500
0 0.604667 0.705500 0.603000 0.705250 0.600000 0.706000 0.594667 0.709250 0.591000 0.713000 0.586667 0.720250 0.587333 0.728000 0.588667 0.729500 0.592000 0.731250 0.595333 0.731250 0.600000 0.728500 0.608000 0.718250 0.608667 0.714500 0.608333 0.709500 0.607333 0.707250
0 0.575667 0.735750 0.573333 0.737500 0.571667 0.740000 0.571667 0.743000 0.573000 0.747250 0.576000 0.752000 0.578333 0.753750 0.580667 0.754750 0.584333 0.754750 0.586333 0.753250 0.588000 0.749250 0.587333 0.743250 0.583333 0.737500 0.579667 0.735750
0 0.621667 0.546500 0.619333 0.547250 0.617667 0.549250 0.616333 0.555250 0.617000 0.560500 0.620000 0.565000 0.623000 0.566250 0.626667 0.566250 0.629000 0.564750 0.630667 0.562250 0.631333 0.555500 0.627667 0.548500 0.623667 0.546500
0 0.591667 0.540500 0.590667 0.541500 0.589333 0.545250 0.591000 0.553500 0.596667 0.560500 0.599333 0.561500 0.603333 0.561250 0.604333 0.560500 0.605333 0.557250 0.603333 0.549750 0.597667 0.542500 0.595333 0.541000
0 0.599333 0.526000 0.596667 0.528500 0.596000 0.530750 0.596667 0.538250 0.601667 0.546250 0.606667 0.549250 0.608333 0.549250 0.612000 0.547000 0.613000 0.545000 0.613333 0.539500 0.612000 0.534500 0.607667 0.528250 0.606000 0.527000 0.603333 0.526000
0 0.575333 0.513750 0.572667 0.514500 0.570000 0.517500 0.569000 0.521500 0.569000 0.527500 0.571667 0.534750 0.575667 0.537750 0.579000 0.538000 0.580333 0.537750 0.584667 0.533750 0.586000 0.529250 0.586000 0.523750 0.584667 0.518250 0.583667 0.516750 0.579333 0.514000
0 0.556000 0.520750 0.553000 0.522750 0.551000 0.525500 0.550333 0.529500 0.550667 0.533750 0.552667 0.537750 0.555667 0.540750 0.559000 0.541250 0.560333 0.541000 0.563333 0.536250 0.564333 0.533250 0.563333 0.524250 0.561333 0.521500 0.559000 0.520750
0 0.490667 0.526750 0.489333 0.526750 0.486000 0.528500 0.485000 0.530000 0.480333 0.533000 0.478000 0.536500 0.477000 0.541000 0.477667 0.548000 0.478667 0.549750 0.481667 0.551250 0.487000 0.550500 0.489000 0.548750 0.491333 0.544500 0.494667 0.534500 0.494667 0.531250 0.493667 0.528750
0 0.445667 0.507750 0.443333 0.507750 0.439333 0.509250 0.435000 0.516750 0.434333 0.519750 0.434667 0.525000 0.436667 0.529500 0.439000 0.531750 0.442333 0.532500 0.447333 0.530750 0.449667 0.529000 0.452000 0.525500 0.453000 0.521250 0.453000 0.515500 0.451667 0.510250 0.449667 0.508750
0 0.290000 0.543500 0.289667 0.546500 0.290667 0.549250 0.294333 0.552250 0.298667 0.554250 0.310333 0.556500 0.315667 0.556750 0.322333 0.554750 0.324000 0.553250 0.324333 0.548500 0.323333 0.547000 0.318667 0.544000 0.310333 0.541250 0.304667 0.540250 0.298000 0.540000 0.292667 0.541250
0 0.337000 0.529000 0.333333 0.529000 0.330000 0.531500 0.329000 0.533750 0.327667 0.543250 0.328000 0.549250 0.329667 0.552250 0.332667 0.553500 0.335333 0.553250 0.341333 0.549250 0.343000 0.545000 0.343000 0.539250 0.342000 0.533250 0.340333 0.530750
0 0.303333 0.448250 0.299000 0.449500 0.297000 0.451750 0.295000 0.457250 0.294333 0.462000 0.294667 0.467250 0.296667 0.472250 0.298667 0.474250 0.301667 0.475000 0.303333 0.475000 0.306000 0.473750 0.309333 0.471000 0.311000 0.468000 0.312000 0.463250 0.312000 0.455250 0.311000 0.452250 0.308333 0.449750
0 0.377000 0.459500 0.372333 0.462500 0.370000 0.467000 0.369000 0.471250 0.369333 0.474750 0.372333 0.480500 0.375000 0.483250 0.377000 0.484000 0.381000 0.483750 0.382667 0.482750 0.386333 0.478250 0.388000 0.474250 0.388333 0.469000 0.388000 0.466500 0.386000 0.462000 0.381333 0.459750
0 0.419333 0.460250 0.416333 0.461500 0.415000 0.463500 0.414333 0.466250 0.415000 0.473750 0.419333 0.480250 0.422667 0.481750 0.425000 0.481750 0.427667 0.481000 0.429667 0.478750 0.431000 0.473250 0.430667 0.469250 0.428000 0.462750 0.423000 0.460500
0 0.482667 0.493000 0.478667 0.492250 0.473000 0.494250 0.469667 0.496500 0.468000 0.499000 0.465000 0.501000 0.462667 0.503500 0.461333 0.506250 0.461333 0.510250 0.463000 0.512000 0.466333 0.513250 0.471000 0.513000 0.474333 0.511750 0.477000 0.508750 0.481333 0.505750 0.483333 0.503000 0.484333 0.498750 0.483667 0.494500
0 0.464667 0.473250 0.462333 0.473750 0.459667 0.478000 0.458667 0.481250 0.458667 0.486750 0.462333 0.494250 0.467000 0.496000 0.472000 0.491250 0.473000 0.484750 0.472000 0.478750 0.470667 0.476500 0.467333 0.473500
0 0.645667 0.492000 0.641333 0.494250 0.640000 0.496500 0.638667 0.501000 0.639000 0.506250 0.642000 0.513750 0.646333 0.516250 0.650000 0.516250 0.653667 0.514750 0.655000 0.512750 0.656000 0.507500 0.656000 0.500250 0.653667 0.494500 0.650333 0.492250
0 0.579667 0.476500 0.576667 0.478000 0.575333 0.481000 0.575333 0.490500 0.579667 0.498000 0.582333 0.499500 0.584667 0.500000 0.588333 0.498750 0.590000 0.495500 0.590333 0.486500 0.588667 0.481750 0.586000 0.477750 0.583667 0.476500
0 0.529667 0.455500 0.525667 0.458500 0.523667 0.463500 0.524000 0.470000 0.525667 0.474500 0.528667 0.477750 0.531333 0.479250 0.534000 0.479500 0.537000 0.478250 0.539667 0.475000 0.541333 0.470250 0.541000 0.465750 0.540000 0.462250 0.537667 0.458750 0.533333 0.455750
0 0.497000 0.446250 0.494000 0.446250 0.491333 0.448000 0.488667 0.450750 0.486333 0.455000 0.486333 0.463750 0.487000 0.466500 0.489000 0.469750 0.490667 0.470750 0.495000 0.471000 0.498667 0.469250 0.500333 0.466250 0.502000 0.459000 0.502000 0.455500 0.498667 0.447000
0 0.450667 0.445750 0.446667 0.445500 0.443333 0.446750 0.439000 0.450250 0.435667 0.454750 0.433667 0.458750 0.433333 0.463750 0.436000 0.466750 0.439333 0.467250 0.444000 0.466250 0.451667 0.460250 0.453000 0.450250 0.452333 0.447250
0 0.501667 0.370750 0.498333 0.369250 0.495333 0.369500 0.486667 0.374000 0.482000 0.377250 0.477667 0.383000 0.477333 0.387000 0.477667 0.388750 0.478667 0.389750 0.482333 0.390250 0.487000 0.389500 0.489667 0.388500 0.499000 0.382250 0.503667 0.376000 0.504000 0.373250
0 0.447667 0.402000 0.443000 0.402000 0.440333 0.403250 0.439000 0.404750 0.438000 0.407750 0.437667 0.417000 0.438333 0.420000 0.440000 0.422750 0.442667 0.424500 0.445000 0.424500 0.447667 0.423500 0.451000 0.420750 0.452000 0.418000 0.452333 0.412250 0.451667 0.407250 0.450333 0.404000
0 0.396000 0.381500 0.392000 0.383500 0.388333 0.388250 0.387333 0.391750 0.387000 0.397000 0.388000 0.402000 0.389333 0.404500 0.393333 0.406500 0.396667 0.406500 0.401000 0.405000 0.404000 0.401750 0.405000 0.398500 0.405333 0.391250 0.404000 0.385500 0.400667 0.382000
0 0.333667 0.342000 0.329667 0.341500 0.322000 0.343500 0.317667 0.346250 0.314333 0.349750 0.312000 0.353500 0.312000 0.358000 0.314667 0.360500 0.318667 0.361000 0.321333 0.359750 0.326000 0.358750 0.330333 0.355500 0.335000 0.349000 0.335333 0.344750
