0 0.426000 0.275250 0.424333 0.274000 0.420667 0.273250 0.413667 0.273250 0.403667 0.274250 0.399667 0.275750 0.396000 0.278750 0.394667 0.282250 0.395000 0.283750 0.399667 0.287250 0.401667 0.287750 0.409667 0.287750 0.414667 0.286750 0.420667 0.284500 0.425000 0.281250 0.426333 0.279250
0 0.346000 0.375750 0.342667 0.377500 0.339000 0.384000 0.339000 0.389000 0.341333 0.396750 0.344000 0.399750 0.346333 0.400500 0.350333 0.398750 0.353333 0.394000 0.354667 0.389750 0.354667 0.383750 0.353333 0.380000 0.351000 0.376750 0.349333 0.376000
0 0.349333 0.411750 0.345333 0.412250 0.342000 0.413750 0.339667 0.415500 0.337000 0.419750 0.336333 0.422250 0.336333 0.432500 0.338000 0.436750 0.341000 0.438500 0.347667 0.437250 0.349667 0.436000 0.354000 0.431000 0.356000 0.427000 0.356667 0.422000 0.355667 0.416250 0.352667 0.413250
0 0.378333 0.419000 0.378333 0.421250 0.380333 0.424500 0.385000 0.427000 0.390667 0.428500 0.398667 0.429500 0.404333 0.429500 0.409333 0.427750 0.412000 0.424500 0.412000 0.423000 0.410333 0.420500 0.403667 0.416500 0.400333 0.415750 0.391333 0.415000 0.384667 0.415250 0.380333 0.416500
0 0.338333 0.438500 0.336333 0.441500 0.336333 0.445750 0.337667 0.449750 0.341667 0.456000 0.346000 0.460000 0.350667 0.461000 0.354000 0.461000 0.356667 0.460000 0.358000 0.458500 0.358333 0.450750 0.356333 0.446500 0.349000 0.440750 0.346333 0.439500 0.342333 0.438500
0 0.415667 0.441250 0.413000 0.443000 0.410333 0.446500 0.409000 0.452750 0.409000 0.457250 0.411667 0.464000 0.415333 0.467000 0.420333 0.467500 0.425333 0.462500 0.427000 0.456250 0.426667 0.451500 0.425333 0.446750 0.422667 0.443500 0.419667 0.441500
0 0.530000 0.432000 0.528667 0.432250 0.524333 0.435500 0.521667 0.440250 0.520333 0.446000 0.520333 0.448000 0.522000 0.452250 0.524667 0.454250 0.528333 0.455000 0.530000 0.454750 0.532667 0.452000 0.535000 0.447500 0.536000 0.443750 0.536000 0.438750 0.535000 0.435250 0.533333 0.433000
0 0.438667 0.469250 0.436667 0.470000 0.434667 0.471750 0.432000 0.478000 0.432000 0.480000 0.435000 0.487750 0.438000 0.490250 0.440000 0.490750 0.442667 0.490000 0.445000 0.487500 0.446333 0.482000 0.446333 0.477250 0.445667 0.473750 0.444000 0.470250 0.442333 0.469500
0 0.408667 0.471750 0.407000 0.473000 0.406333 0.474500 0.406000 0.479250 0.407000 0.487000 0.410000 0.490750 0.415000 0.493250 0.416667 0.493500 0.420000 0.491000 0.420000 0.485000 0.418000 0.479000 0.413667 0.472500 0.412333 0.471500
0 0.404333 0.458500 0.401333 0.456500 0.397333 0.456500 0.392667 0.457250 0.384000 0.461000 0.376333 0.467500 0.374667 0.471750 0.374667 0.475500 0.376667 0.477500 0.381000 0.477500 0.387667 0.475750 0.396333 0.471750 0.403000 0.466250 0.404333 0.463750
0 0.401667 0.477500 0.399667 0.476500 0.392667 0.476250 0.388000 0.477500 0.384333 0.477750 0.376667 0.480000 0.374333 0.482000 0.373667 0.487000 0.376667 0.490250 0.380000 0.491000 0.387000 0.490750 0.393667 0.489000 0.398000 0.487250 0.402333 0.484000 0.403000 0.480750
0 0.416667 0.503000 0.412667 0.504000 0.408667 0.507000 0.407000 0.509250 0.406333 0.512250 0.407333 0.523500 0.408333 0.525250 0.412667 0.527750 0.416667 0.527750 0.420000 0.525750 0.422000 0.522000 0.423000 0.512750 0.422000 0.508250 0.420333 0.505000
0 0.440000 0.512750 0.435000 0.512750 0.431667 0.514750 0.429667 0.517750 0.427667 0.524500 0.428000 0.528500 0.430000 0.534000 0.432000 0.536000 0.434333 0.537000 0.436333 0.537000 0.440000 0.535250 0.443000 0.532250 0.444667 0.529000 0.445667 0.517250 0.444333 0.514750
0 0.393667 0.508250 0.392000 0.508250 0.388333 0.510250 0.384000 0.517000 0.383000 0.522750 0.383333 0.529000 0.385333 0.531250 0.387333 0.531750 0.389667 0.531750 0.393000 0.530500 0.395000 0.529000 0.397000 0.526500 0.399000 0.519000 0.398667 0.512750 0.397333 0.509500
0 0.353333 0.516500 0.350333 0.516500 0.347333 0.517500 0.345000 0.519750 0.341000 0.525750 0.340000 0.528750 0.340000 0.533250 0.341333 0.536250 0.344333 0.537750 0.346667 0.537750 0.349333 0.536750 0.352667 0.533750 0.356667 0.528750 0.357333 0.525250 0.357000 0.520750 0.355667 0.518000
0 0.275667 0.503250 0.274000 0.504250 0.270000 0.509000 0.268667 0.513000 0.268667 0.518250 0.270667 0.522250 0.274333 0.526000 0.279000 0.527000 0.284000 0.523250 0.287000 0.518250 0.287000 0.509750 0.283000 0.504750 0.279667 0.503250
0 0.287333 0.482750 0.283333 0.482750 0.278667 0.486000 0.274667 0.490750 0.271000 0.498250 0.271333 0.501750 0.272000 0.502500 0.276000 0.502500 0.279000 0.501750 0.283667 0.497500 0.288000 0.489250 0.288333 0.485500
0 0.311333 0.535250 0.309667 0.537250 0.309667 0.541500 0.315000 0.550500 0.318667 0.553750 0.322000 0.555500 0.326333 0.556750 0.331000 0.556500 0.333333 0.552500 0.333000 0.548500 0.327000 0.540000 0.318333 0.534500 0.314667 0.534000
0 0.352667 0.552000 0.352333 0.556750 0.353000 0.558000 0.356667 0.560500 0.359667 0.561250 0.366667 0.561500 0.373333 0.561000 0.377333 0.559500 0.379667 0.556750 0.377333 0.552250 0.373333 0.549250 0.369333 0.548250 0.357333 0.548250 0.354000 0.550250
0 0.420667 0.535750 0.419333 0.535500 0.415667 0.536500 0.409333 0.540750 0.407667 0.543000 0.404667 0.552250 0.404667 0.556750 0.408333 0.559250 0.413000 0.559250 0.420333 0.554250 0.424333 0.546250 0.424667 0.542750 0.423667 0.539000
0 0.376667 0.588000 0.372667 0.588000 0.368667 0.590000 0.363667 0.595250 0.361667 0.603250 0.362667 0.607500 0.364667 0.611000 0.365667 0.611500 0.370333 0.610500 0.374000 0.608250 0.379333 0.600000 0.380000 0.591750 0.378000 0.588750
0 0.342333 0.599000 0.341333 0.600000 0.340667 0.603750 0.345333 0.610750 0.354333 0.615750 0.357333 0.616000 0.359000 0.615250 0.360667 0.613750 0.362000 0.610750 0.358333 0.603000 0.350333 0.598500 0.345333 0.598250
0 0.342333 0.574500 0.340667 0.577500 0.340667 0.582750 0.345333 0.590000 0.350333 0.593500 0.352667 0.594000 0.357667 0.593750 0.359667 0.591750 0.360000 0.587250 0.356333 0.579250 0.349333 0.574000 0.345000 0.573500
0 0.339000 0.614500 0.338000 0.615500 0.338333 0.620500 0.340000 0.623750 0.343000 0.626500 0.345667 0.631000 0.353667 0.636750 0.357333 0.636750 0.359667 0.635750 0.361000 0.634250 0.361333 0.629250 0.359333 0.622750 0.357333 0.619500 0.354000 0.617250 0.346333 0.614250 0.342000 0.613500
0 0.390333 0.610000 0.387333 0.610750 0.385000 0.613750 0.384000 0.617250 0.384000 0.622500 0.385000 0.625500 0.387333 0.628750 0.389333 0.629750 0.393333 0.630000 0.396000 0.629000 0.397667 0.627250 0.399333 0.622750 0.399333 0.619000 0.398333 0.615250 0.396333 0.611750 0.393667 0.610250
0 0.412000 0.623500 0.410667 0.624500 0.409333 0.627000 0.411000 0.636500 0.414667 0.643250 0.418333 0.645500 0.420667 0.645750 0.423667 0.644000 0.425000 0.641500 0.425667 0.635000 0.424667 0.631500 0.422000 0.626500 0.419667 0.624500 0.416667 0.623500
0 0.383333 0.657500 0.383667 0.662750 0.389000 0.667500 0.393667 0.669750 0.399667 0.671250 0.402667 0.671000 0.404667 0.670000 0.405667 0.667000 0.405000 0.663000 0.404000 0.661250 0.401000 0.659250 0.397000 0.657500 0.390000 0.656250 0.386000 0.656250
0 0.334333 0.627250 0.332333 0.627250 0.329333 0.628250 0.326667 0.630500 0.322000 0.636250 0.320000 0.642500 0.320000 0.650500 0.322333 0.653000 0.326667 0.652750 0.334667 0.646000 0.336333 0.641500 0.337000 0.631750 0.336333 0.629500
0 0.291667 0.638000 0.289333 0.641500 0.289333 0.646000 0.290333 0.649250 0.294333 0.654500 0.296667 0.656250 0.303000 0.659000 0.307333 0.659250 0.310000 0.658500 0.311667 0.655250 0.311333 0.649750 0.306667 0.642250 0.302333 0.638750 0.298667 0.637250 0.295000 0.636750
0 0.310000 0.667500 0.306000 0.667000 0.299333 0.669250 0.294333 0.673500 0.291667 0.678250 0.291000 0.682250 0.292000 0.685500 0.294667 0.687750 0.298667 0.688250 0.302333 0.687500 0.304333 0.686250 0.311000 0.678250 0.311667 0.675000 0.311667 0.669750
0 0.261333 0.623500 0.259000 0.623500 0.254000 0.625750 0.252000 0.627250 0.250000 0.631250 0.249333 0.634000 0.249667 0.639250 0.251333 0.642750 0.255333 0.644250 0.259667 0.643500 0.261667 0.642500 0.264333 0.639000 0.265000 0.636000 0.265000 0.627250 0.263333 0.624250
0 0.278333 0.687500 0.275667 0.688250 0.274333 0.690500 0.274333 0.695000 0.275667 0.699500 0.278667 0.705500 0.281667 0.709250 0.283000 0.710250 0.287333 0.710750 0.290667 0.709000 0.292667 0.705500 0.291333 0.697750 0.286667 0.690750 0.283667 0.688750 0.280000 0.687500
0 0.329000 0.721000 0.325333 0.723000 0.322333 0.727000 0.321000 0.732750 0.321000 0.737250 0.321667 0.740000 0.325667 0.744500 0.328667 0.746000 0.331333 0.746000 0.334667 0.744500 0.336667 0.739750 0.337000 0.728500 0.334667 0.722750 0.331000 0.721000
0 0.392000 0.716500 0.388333 0.718250 0.386667 0.720000 0.386000 0.722250 0.386333 0.729000 0.388000 0.733250 0.392000 0.739500 0.396000 0.741750 0.400333 0.741500 0.403333 0.739250 0.405000 0.735750 0.405000 0.727750 0.403000 0.721250 0.401000 0.719000 0.396667 0.716750
0 0.566667 0.691750 0.563667 0.692500 0.559667 0.696750 0.558667 0.700250 0.558333 0.706500 0.559000 0.709750 0.563333 0.716000 0.568000 0.717750 0.571667 0.716000 0.574667 0.711750 0.576000 0.706750 0.576000 0.699500 0.575333 0.697000 0.573000 0.694250 0.569333 0.692000
