0 0.432000 0.573750 0.427000 0.573250 0.424000 0.574000 0.416000 0.579500 0.412333 0.586750 0.412333 0.590250 0.413667 0.592750 0.415333 0.593500 0.420333 0.593250 0.428333 0.588500 0.432000 0.584500 0.434000 0.580000 0.434000 0.576000
0 0.518667 0.439750 0.518333 0.443000 0.519000 0.444000 0.521667 0.445500 0.528667 0.447250 0.534000 0.447500 0.544333 0.446000 0.545667 0.445250 0.547000 0.443000 0.546000 0.440000 0.540667 0.438000 0.528667 0.437500 0.520667 0.438500
0 0.508667 0.449750 0.505667 0.451000 0.504333 0.453250 0.504333 0.462000 0.505667 0.466250 0.509000 0.471000 0.513333 0.471500 0.515333 0.469250 0.517000 0.463500 0.515667 0.455500 0.513333 0.450500 0.511000 0.449750
0 0.529333 0.472250 0.525667 0.475000 0.525000 0.477500 0.525667 0.482750 0.531667 0.492000 0.533333 0.493250 0.537000 0.494000 0.542000 0.490250 0.542333 0.485250 0.538000 0.476500 0.533333 0.473250
0 0.560333 0.504750 0.558000 0.503500 0.555667 0.503250 0.549000 0.504500 0.545667 0.506000 0.539000 0.510500 0.538000 0.514250 0.539667 0.516750 0.541000 0.517500 0.545000 0.517750 0.552000 0.516000 0.555333 0.514500 0.560667 0.510000 0.561000 0.506250
0 0.553000 0.524000 0.549667 0.525500 0.548000 0.528500 0.548000 0.537250 0.552000 0.544750 0.556000 0.547500 0.561000 0.548750 0.565000 0.544500 0.565667 0.541500 0.565000 0.535000 0.560667 0.526250 0.557000 0.524250
0 0.525667 0.512000 0.524000 0.513250 0.523333 0.516250 0.523333 0.523250 0.524667 0.528000 0.531333 0.534250 0.533000 0.535000 0.537000 0.534750 0.539000 0.532750 0.540333 0.529250 0.540333 0.524250 0.537667 0.517250 0.532333 0.512500 0.529000 0.511500
0 0.506000 0.494000 0.502667 0.496500 0.501333 0.499500 0.501333 0.506500 0.502333 0.509500 0.504667 0.513750 0.506667 0.515500 0.510333 0.517000 0.514000 0.517000 0.516333 0.515000 0.517333 0.513000 0.517333 0.507750 0.515667 0.501500 0.513000 0.497250 0.509333 0.494750
0 0.487333 0.431000 0.485333 0.431250 0.482000 0.433500 0.479000 0.438250 0.478333 0.441000 0.478333 0.446000 0.479667 0.451250 0.482333 0.455000 0.485667 0.456500 0.488667 0.456000 0.491000 0.454750 0.494667 0.448250 0.495333 0.444250 0.494667 0.437750 0.491000 0.432750
0 0.493667 0.459250 0.491000 0.458500 0.486667 0.459000 0.481333 0.461250 0.477333 0.464000 0.475000 0.466250 0.473000 0.470250 0.473000 0.474750 0.475333 0.476750 0.478000 0.478000 0.482000 0.478000 0.486333 0.476500 0.490000 0.474250 0.495000 0.468500 0.496333 0.466000 0.496667 0.462500
0 0.442667 0.455500 0.440000 0.458500 0.439333 0.460750 0.439333 0.466500 0.440333 0.469750 0.443000 0.474500 0.444333 0.475500 0.447000 0.476500 0.451000 0.476250 0.452333 0.475250 0.453000 0.473250 0.453333 0.464500 0.452667 0.461750 0.451333 0.459250 0.449667 0.458000 0.444333 0.455500
0 0.466333 0.554250 0.462667 0.555500 0.461000 0.557000 0.459000 0.561750 0.458667 0.566250 0.461333 0.573250 0.463333 0.574750 0.467333 0.575750 0.471333 0.573750 0.474333 0.570000 0.475333 0.567000 0.475333 0.561250 0.473000 0.556250 0.470667 0.554750
0 0.497333 0.586250 0.493667 0.586000 0.491667 0.586750 0.489333 0.588500 0.485667 0.593250 0.484333 0.598000 0.484000 0.604000 0.485333 0.606250 0.486667 0.607000 0.490667 0.606500 0.497667 0.600000 0.499333 0.595250 0.499667 0.590750 0.499000 0.587500
0 0.459333 0.582500 0.457667 0.584000 0.456667 0.586250 0.457000 0.591250 0.459000 0.594750 0.463333 0.598750 0.465667 0.599500 0.469667 0.602250 0.475000 0.603250 0.478667 0.600000 0.479333 0.596250 0.475000 0.587000 0.466667 0.582000 0.461667 0.581750
0 0.447667 0.570250 0.443333 0.570750 0.441333 0.572000 0.438667 0.577500 0.439000 0.587250 0.441000 0.591500 0.444000 0.593500 0.447667 0.593500 0.451667 0.591250 0.454000 0.583250 0.454000 0.579000 0.452000 0.572500 0.451000 0.571500
0 0.469000 0.605000 0.465667 0.605500 0.462333 0.608750 0.461000 0.611750 0.460333 0.616750 0.460667 0.623000 0.462000 0.625250 0.465667 0.626750 0.467667 0.626750 0.473000 0.623500 0.474667 0.621250 0.475667 0.618250 0.476000 0.611000 0.475333 0.609000 0.471333 0.605500
0 0.427000 0.592750 0.424667 0.593500 0.422667 0.595500 0.422333 0.600500 0.424000 0.607000 0.427333 0.611500 0.431000 0.614500 0.432333 0.614750 0.435333 0.613750 0.436667 0.611250 0.437000 0.603250 0.435333 0.596000 0.433333 0.594250 0.430333 0.593000
0 0.556000 0.441750 0.554333 0.443250 0.552000 0.447250 0.551667 0.451750 0.552667 0.455250 0.555667 0.457000 0.558000 0.457000 0.560000 0.456500 0.561333 0.454750 0.562000 0.447000 0.560333 0.443000 0.557667 0.441750
0 0.370000 0.580000 0.368667 0.582000 0.368333 0.585750 0.370333 0.592500 0.376667 0.599250 0.380333 0.600750 0.384333 0.601000 0.386000 0.600500 0.388000 0.598250 0.388667 0.594750 0.385667 0.587000 0.380333 0.582250 0.376333 0.580250 0.373000 0.579250
0 0.353333 0.546250 0.350000 0.548750 0.348667 0.551750 0.348333 0.558750 0.349000 0.561250 0.352333 0.566250 0.354000 0.567500 0.358000 0.568500 0.361333 0.567250 0.364000 0.564250 0.365000 0.561000 0.365000 0.556000 0.363333 0.551500 0.361000 0.548250 0.357667 0.546250
0 0.396000 0.625250 0.393667 0.626750 0.392333 0.630250 0.392000 0.635000 0.393000 0.639250 0.394667 0.643000 0.398333 0.647250 0.400667 0.648750 0.405667 0.649500 0.408667 0.648500 0.410667 0.646000 0.411333 0.641250 0.409667 0.636000 0.405000 0.627500 0.401000 0.625500
0 0.423667 0.626250 0.420667 0.626750 0.419000 0.627750 0.416333 0.630750 0.414667 0.635000 0.414667 0.646750 0.416333 0.649500 0.419333 0.651250 0.420667 0.651250 0.424667 0.647500 0.428000 0.642250 0.429333 0.638500 0.429333 0.633500 0.428333 0.630000 0.426000 0.627250
0 0.443000 0.531750 0.439667 0.532750 0.438333 0.536500 0.438667 0.544750 0.443000 0.551250 0.446000 0.553500 0.448667 0.553750 0.451667 0.552250 0.452667 0.550000 0.453000 0.545500 0.452333 0.540250 0.448667 0.533500 0.447333 0.532500
0 0.463333 0.525500 0.459333 0.525750 0.455333 0.529500 0.454333 0.533500 0.454333 0.542000 0.456000 0.546000 0.459000 0.548750 0.462667 0.548500 0.466000 0.546250 0.468333 0.541250 0.469000 0.535750 0.468333 0.530000 0.466667 0.527250
0 0.415333 0.531500 0.412333 0.533250 0.410667 0.537250 0.410667 0.545750 0.411667 0.549250 0.414333 0.553500 0.417000 0.555000 0.420667 0.555500 0.424000 0.554500 0.426333 0.552250 0.427667 0.549250 0.427667 0.540500 0.426000 0.536500 0.423333 0.533250 0.420333 0.531750
0 0.372000 0.529500 0.371000 0.533750 0.374000 0.537000 0.377333 0.538250 0.380667 0.538750 0.392000 0.538500 0.395667 0.537250 0.398667 0.533750 0.397000 0.528500 0.393333 0.526750 0.388667 0.525750 0.377333 0.526500 0.373667 0.528000
0 0.379667 0.491500 0.377333 0.492250 0.375000 0.495000 0.374333 0.497500 0.375000 0.506750 0.376333 0.510750 0.379667 0.515000 0.383667 0.516250 0.387333 0.516000 0.390000 0.514500 0.391000 0.511250 0.390000 0.499500 0.386333 0.493250 0.384000 0.492000
0 0.396333 0.475750 0.394000 0.477000 0.392667 0.479250 0.392333 0.483500 0.393667 0.489750 0.395333 0.494000 0.398333 0.498500 0.400000 0.499750 0.404000 0.500250 0.406667 0.498500 0.408333 0.494250 0.408333 0.485500 0.405333 0.477250 0.404000 0.476250 0.400667 0.475500
0 0.430333 0.502000 0.429000 0.505250 0.429333 0.506500 0.431333 0.509250 0.437333 0.514000 0.442667 0.515500 0.452333 0.515500 0.456000 0.514250 0.456667 0.512250 0.456333 0.508750 0.454000 0.505250 0.450667 0.502750 0.447333 0.501500 0.443000 0.500750 0.432000 0.501000
0 0.416333 0.478750 0.415000 0.481750 0.415667 0.484500 0.420000 0.490250 0.423333 0.493000 0.428333 0.496000 0.432667 0.497500 0.436333 0.497750 0.439333 0.497250 0.441333 0.496250 0.443000 0.494500 0.440667 0.487750 0.434333 0.481750 0.428667 0.478750 0.423333 0.477500 0.419333 0.477250
0 0.486667 0.551750 0.485667 0.552250 0.484000 0.556500 0.484667 0.564250 0.486667 0.569500 0.489667 0.572000 0.491333 0.572250 0.494667 0.571250 0.496000 0.569000 0.496000 0.560250 0.495000 0.557250 0.490000 0.552000
0 0.545667 0.568250 0.541333 0.568000 0.537000 0.569250 0.533667 0.570750 0.529333 0.573750 0.525667 0.579500 0.526333 0.581750 0.528333 0.583250 0.531667 0.583500 0.537000 0.582750 0.544667 0.579000 0.547333 0.576000 0.548333 0.573750 0.548333 0.571250
0 0.537000 0.547250 0.532667 0.547000 0.529667 0.548250 0.524000 0.555500 0.523000 0.565250 0.524667 0.568750 0.528333 0.570500 0.530000 0.570500 0.533333 0.568000 0.534000 0.566750 0.537333 0.564250 0.538667 0.561750 0.539667 0.557250 0.539667 0.553000 0.538333 0.548250
0 0.514333 0.543500 0.512333 0.543750 0.509333 0.545750 0.507667 0.549250 0.507000 0.553250 0.507667 0.561250 0.510000 0.564000 0.513000 0.564750 0.514333 0.564500 0.517333 0.561750 0.520000 0.557000 0.519667 0.549250 0.518333 0.547000
0 0.462667 0.500000 0.461000 0.501000 0.460000 0.504000 0.460333 0.508750 0.461667 0.512750 0.466667 0.518250 0.469667 0.519000 0.472000 0.518750 0.474333 0.517750 0.475333 0.515250 0.475000 0.508750 0.470333 0.502250 0.468333 0.500750
0 0.471667 0.476500 0.470000 0.476500 0.466000 0.479000 0.462667 0.482500 0.460333 0.486750 0.459333 0.494500 0.461000 0.497000 0.463000 0.498250 0.466667 0.498500 0.470667 0.495750 0.475333 0.489500 0.476333 0.487000 0.476667 0.481750 0.474667 0.478000
0 0.665333 0.565500 0.661333 0.567000 0.657667 0.570500 0.656667 0.574000 0.656667 0.581000 0.657333 0.585000 0.659333 0.588250 0.662667 0.591000 0.666667 0.591750 0.670000 0.590500 0.672000 0.588500 0.674333 0.583750 0.675000 0.577750 0.674000 0.571750 0.671333 0.567500 0.669333 0.566250
0 0.384333 0.438750 0.381000 0.437000 0.372333 0.436750 0.361000 0.439000 0.354000 0.443500 0.352667 0.446500 0.353000 0.448000 0.357000 0.451500 0.360333 0.452250 0.366000 0.452000 0.371667 0.450750 0.376667 0.448500 0.382667 0.444000 0.384667 0.440250
0 0.422667 0.432750 0.420000 0.433500 0.418333 0.434750 0.415333 0.438500 0.414667 0.442250 0.415000 0.446750 0.416667 0.451250 0.420333 0.456500 0.423333 0.459250 0.427667 0.459500 0.431333 0.457750 0.433667 0.455250 0.435000 0.452000 0.435000 0.446750 0.433333 0.440250 0.432000 0.438000 0.428000 0.433750 0.425000 0.432750
0 0.419000 0.660250 0.415333 0.662000 0.413667 0.665750 0.413667 0.669250 0.415333 0.674500 0.418000 0.678000 0.423333 0.682250 0.426333 0.683000 0.430000 0.682750 0.433000 0.681250 0.434333 0.678750 0.434667 0.674000 0.433333 0.670250 0.432000 0.668250 0.427000 0.664000 0.421333 0.660500
0 0.475000 0.653750 0.474000 0.654750 0.474333 0.658750 0.477333 0.663750 0.481333 0.667250 0.487000 0.670500 0.493000 0.671750 0.495667 0.671250 0.497667 0.669000 0.498000 0.665500 0.491000 0.658500 0.484333 0.655750 0.481333 0.653750 0.479333 0.653250
0 0.463333 0.657250 0.461333 0.658500 0.458333 0.664250 0.458333 0.673250 0.462333 0.680250 0.466000 0.682000 0.467667 0.682000 0.471333 0.679750 0.474333 0.676000 0.475000 0.671250 0.474333 0.666250 0.472000 0.664500 0.471333 0.661500 0.469667 0.658500 0.467333 0.657000
0 0.442667 0.629500 0.439667 0.631250 0.438333 0.634250 0.438333 0.639750 0.441333 0.647000 0.447667 0.654250 0.451000 0.655500 0.455333 0.655250 0.457667 0.651000 0.456000 0.642000 0.453667 0.639000 0.451000 0.633500 0.444000 0.629500
0 0.432333 0.638500 0.431000 0.638500 0.428333 0.641750 0.423333 0.650750 0.424000 0.654500 0.427000 0.657000 0.428667 0.657000 0.432000 0.655750 0.433667 0.653750 0.434333 0.651500 0.435000 0.643000
0 0.420333 0.627750 0.416333 0.631250 0.415333 0.633750 0.414667 0.646250 0.415333 0.648250 0.418333 0.650750 0.421667 0.651250 0.426000 0.648000 0.429333 0.641750 0.430000 0.637500 0.429333 0.634000 0.427333 0.630000 0.424333 0.628000
0 0.439000 0.302000 0.434667 0.305000 0.432000 0.309250 0.431000 0.312500 0.431000 0.319250 0.432000 0.322500 0.434333 0.325750 0.436000 0.327000 0.440000 0.328000 0.444000 0.327000 0.446000 0.324250 0.448667 0.318750 0.449333 0.312750 0.448667 0.309500 0.447000 0.306250 0.444000 0.303500 0.440333 0.302000
0 0.505333 0.345500 0.502000 0.348250 0.501000 0.350500 0.500667 0.359750 0.502333 0.364500 0.505000 0.365500 0.509667 0.365000 0.513333 0.361750 0.514000 0.352750 0.513333 0.350000 0.510667 0.346250 0.508000 0.345500
0 0.513667 0.369500 0.510000 0.370000 0.508333 0.371000 0.505667 0.375500 0.505000 0.378750 0.505000 0.388250 0.507333 0.393000 0.510000 0.394750 0.512667 0.394750 0.514667 0.394000 0.519000 0.388500 0.520333 0.385000 0.519333 0.377000 0.517000 0.372750
0 0.543667 0.380750 0.544333 0.383250 0.546667 0.385500 0.549000 0.386750 0.556667 0.388500 0.568333 0.388750 0.575000 0.386750 0.577000 0.384750 0.577000 0.381250 0.576000 0.379500 0.573000 0.377500 0.568000 0.376250 0.556000 0.375750 0.550000 0.376500 0.545667 0.378000
0 0.580667 0.417750 0.577000 0.417750 0.575667 0.418250 0.570667 0.423250 0.570000 0.426250 0.570000 0.434500 0.570667 0.436750 0.572333 0.438250 0.575333 0.438750 0.580000 0.438250 0.583000 0.437000 0.584667 0.434750 0.584667 0.422750 0.583667 0.420000
