0 0.463333 0.367500 0.459333 0.369500 0.457667 0.372250 0.457000 0.375500 0.457333 0.380750 0.462000 0.389250 0.466667 0.391000 0.470667 0.390750 0.473667 0.389500 0.475333 0.387250 0.476000 0.385000 0.475667 0.376750 0.471333 0.369750 0.467000 0.367500
0 0.431333 0.642750 0.428000 0.642750 0.424667 0.643500 0.412333 0.649750 0.408000 0.654500 0.407333 0.656500 0.407667 0.659500 0.410333 0.660750 0.415667 0.660500 0.419667 0.659250 0.423000 0.656500 0.426667 0.655000 0.428667 0.653500 0.433333 0.647250 0.433333 0.645500
0 0.469000 0.645500 0.466333 0.645000 0.464000 0.645750 0.454333 0.651000 0.450333 0.657750 0.450667 0.662000 0.451667 0.663000 0.456000 0.663500 0.459000 0.662500 0.467333 0.656250 0.470333 0.650250 0.470333 0.646750
0 0.486667 0.629000 0.483000 0.629000 0.478333 0.630500 0.472000 0.635250 0.470333 0.638000 0.469333 0.642750 0.470000 0.645000 0.471667 0.647000 0.474667 0.647750 0.478667 0.646250 0.483333 0.643000 0.486667 0.639250 0.488667 0.634500 0.488000 0.630250
0 0.477667 0.604000 0.474333 0.605750 0.473000 0.608000 0.473667 0.615750 0.478000 0.622250 0.482333 0.626000 0.486333 0.627500 0.490000 0.627750 0.491000 0.627250 0.493667 0.622750 0.493667 0.618500 0.491000 0.611500 0.483000 0.604750 0.480333 0.604000
0 0.439667 0.610000 0.435667 0.610000 0.433333 0.611250 0.431000 0.613500 0.428333 0.620000 0.428000 0.624250 0.429667 0.631000 0.431000 0.632500 0.434333 0.633500 0.436333 0.633500 0.440333 0.631500 0.444000 0.627500 0.445333 0.623250 0.445333 0.616750 0.444333 0.613000 0.443000 0.611000
0 0.420667 0.603750 0.416333 0.604250 0.410667 0.608000 0.407667 0.611500 0.406333 0.617750 0.406333 0.624250 0.407000 0.626250 0.408667 0.627750 0.412667 0.628000 0.418667 0.625250 0.421333 0.622500 0.422000 0.619000 0.424000 0.614500 0.424667 0.610250 0.423667 0.606750
0 0.435333 0.586000 0.431000 0.588500 0.429667 0.590500 0.428667 0.596750 0.430000 0.602750 0.431333 0.605250 0.434667 0.608000 0.437000 0.608250 0.440000 0.607500 0.443000 0.604500 0.444000 0.600500 0.444000 0.593750 0.442000 0.588250 0.439333 0.586500
0 0.395333 0.581500 0.391667 0.581500 0.389333 0.582500 0.385000 0.586500 0.384000 0.588500 0.383000 0.594500 0.384000 0.603250 0.385333 0.605500 0.389000 0.608500 0.393333 0.608500 0.396000 0.607500 0.398667 0.604500 0.401000 0.599500 0.401667 0.596250 0.401000 0.587250 0.397333 0.582250
0 0.363333 0.548500 0.361000 0.549000 0.357667 0.552750 0.356667 0.556000 0.356667 0.560750 0.360667 0.570250 0.364667 0.573000 0.369000 0.573500 0.372000 0.571750 0.373667 0.568500 0.373000 0.557000 0.369667 0.550500 0.366000 0.548500
0 0.326000 0.505250 0.322000 0.505250 0.319333 0.506750 0.316333 0.509250 0.315000 0.513500 0.314333 0.525500 0.316000 0.530000 0.318667 0.531750 0.322667 0.532000 0.326000 0.531000 0.327333 0.530000 0.331000 0.524500 0.332333 0.521250 0.332000 0.513500 0.330000 0.509250
0 0.369667 0.480000 0.365667 0.480000 0.361667 0.482000 0.359667 0.485000 0.357667 0.486250 0.355000 0.493500 0.356667 0.497500 0.358333 0.497750 0.363333 0.495250 0.370000 0.489000 0.371333 0.486750 0.371667 0.482500
0 0.377000 0.492750 0.373667 0.492000 0.369000 0.492500 0.365667 0.494500 0.363000 0.497250 0.358333 0.499750 0.356667 0.503750 0.356667 0.506500 0.358333 0.508000 0.361333 0.508750 0.366000 0.508500 0.372000 0.506750 0.373667 0.505500 0.379333 0.498000 0.378667 0.494250
0 0.388000 0.525750 0.384667 0.527500 0.383000 0.529500 0.381667 0.533500 0.382000 0.541000 0.383333 0.545250 0.385667 0.548000 0.389000 0.550000 0.392333 0.550000 0.395333 0.548500 0.397667 0.545000 0.398333 0.542000 0.398333 0.534000 0.397667 0.531250 0.395667 0.528000 0.392667 0.525750
0 0.427000 0.549500 0.424000 0.550750 0.423000 0.553250 0.423000 0.558000 0.424000 0.561500 0.426333 0.565750 0.431667 0.571500 0.435000 0.572750 0.439000 0.572500 0.440667 0.571500 0.442000 0.568750 0.442000 0.563500 0.439667 0.557000 0.434667 0.552000 0.430000 0.550000
0 0.462000 0.570250 0.458333 0.570000 0.454333 0.571750 0.450333 0.578250 0.449333 0.583500 0.449667 0.588000 0.450667 0.591500 0.453667 0.593250 0.459000 0.592500 0.464667 0.585000 0.465667 0.580500 0.465667 0.576000 0.464667 0.572250
0 0.501000 0.564000 0.498667 0.565500 0.497333 0.568250 0.497667 0.573250 0.500667 0.581000 0.502333 0.583500 0.506333 0.586000 0.508667 0.586750 0.513000 0.586500 0.515000 0.584500 0.515667 0.582000 0.515667 0.577000 0.514333 0.570750 0.509000 0.565000 0.505000 0.563750
0 0.474667 0.546000 0.472333 0.547000 0.470333 0.549250 0.469667 0.555500 0.470333 0.560500 0.472667 0.564500 0.475000 0.566500 0.478333 0.568500 0.482333 0.568500 0.484333 0.567000 0.487000 0.562000 0.486667 0.554750 0.483000 0.547750 0.479000 0.546250
0 0.458667 0.541000 0.455000 0.541250 0.450667 0.542750 0.449667 0.544250 0.449667 0.546250 0.451333 0.549250 0.455667 0.550250 0.459667 0.548750 0.461000 0.544250 0.459667 0.541500
0 0.458667 0.519250 0.456000 0.519750 0.454333 0.520750 0.451667 0.525250 0.450333 0.529250 0.450667 0.534500 0.452000 0.538250 0.453667 0.540000 0.457667 0.541250 0.459667 0.541000 0.462667 0.538250 0.465333 0.530000 0.464333 0.523750 0.463000 0.521750
0 0.334000 0.687250 0.330000 0.687000 0.323333 0.689250 0.321333 0.691250 0.318000 0.696750 0.317000 0.700500 0.317333 0.705250 0.318667 0.707250 0.321333 0.709000 0.326000 0.708750 0.331000 0.705250 0.334667 0.700250 0.336667 0.693750 0.336667 0.690000 0.335667 0.688250
0 0.275333 0.714500 0.271000 0.714000 0.267667 0.715250 0.260000 0.721250 0.258333 0.725250 0.258000 0.729250 0.259000 0.732750 0.260333 0.733750 0.262333 0.734250 0.266333 0.734000 0.269333 0.733000 0.272333 0.730750 0.276667 0.725000 0.278000 0.721250 0.277667 0.717250
0 0.592667 0.595000 0.589667 0.595000 0.586667 0.595750 0.583667 0.598750 0.580667 0.603750 0.580000 0.608750 0.580667 0.615000 0.583000 0.618500 0.587333 0.621250 0.591000 0.621250 0.594333 0.619500 0.597333 0.616500 0.600000 0.611000 0.600333 0.603000 0.599333 0.600000 0.597000 0.596500 0.595333 0.595500
0 0.377667 0.628000 0.373000 0.628250 0.369000 0.630000 0.362667 0.635250 0.360667 0.638000 0.359000 0.642250 0.359000 0.646000 0.360667 0.649000 0.365333 0.649750 0.370667 0.647750 0.373333 0.645750 0.377667 0.640000 0.379667 0.635250 0.380000 0.631250
0 0.345667 0.641750 0.344333 0.643000 0.343667 0.645250 0.343667 0.650750 0.345000 0.656250 0.351000 0.662750 0.353667 0.663750 0.357000 0.663750 0.359000 0.662750 0.360333 0.659500 0.359667 0.650000 0.357000 0.646250 0.353000 0.642750 0.349333 0.641500
0 0.321333 0.590500 0.318667 0.591750 0.317667 0.594000 0.318000 0.601000 0.320333 0.607500 0.322333 0.610750 0.325667 0.612250 0.329000 0.612000 0.331000 0.611000 0.332333 0.608000 0.332333 0.604750 0.331000 0.599000 0.326667 0.592000 0.324333 0.590750
0 0.385333 0.622000 0.384000 0.623250 0.383000 0.626250 0.383333 0.631750 0.385333 0.635500 0.388333 0.639000 0.393333 0.642750 0.396000 0.643750 0.401333 0.643500 0.403000 0.642000 0.403333 0.635250 0.398333 0.626750 0.397000 0.625500 0.389000 0.621250
0 0.528000 0.536500 0.529000 0.541250 0.533000 0.543750 0.536333 0.544500 0.545667 0.541750 0.549667 0.537750 0.549333 0.536250 0.545667 0.533500 0.541667 0.532500 0.531667 0.532500 0.529667 0.533500
0 0.525333 0.516750 0.520667 0.516500 0.517667 0.517250 0.512667 0.525750 0.512000 0.531750 0.512667 0.535500 0.513667 0.537250 0.518000 0.539750 0.521667 0.539000 0.524333 0.537250 0.529000 0.530750 0.529000 0.521000 0.527667 0.518250
0 0.471667 0.484500 0.470000 0.486000 0.469000 0.490500 0.469000 0.495250 0.470000 0.500000 0.471000 0.502250 0.475333 0.506000 0.477333 0.506750 0.479667 0.506750 0.482667 0.505000 0.484000 0.501500 0.484333 0.497500 0.483000 0.489250 0.481667 0.486750 0.479000 0.484500
0 0.470667 0.461250 0.468000 0.462250 0.466333 0.464250 0.466333 0.471500 0.470000 0.480000 0.474000 0.482500 0.475667 0.482500 0.479000 0.481250 0.481333 0.478500 0.482000 0.476000 0.481667 0.470500 0.480000 0.467000 0.476667 0.462750 0.474667 0.461500
0 0.430333 0.454250 0.427667 0.455500 0.426000 0.458500 0.425333 0.461250 0.425667 0.466750 0.428000 0.471750 0.431333 0.474500 0.435333 0.475250 0.437000 0.474000 0.440333 0.467250 0.440000 0.463000 0.436333 0.455250 0.433667 0.454250
0 0.407333 0.454750 0.404333 0.455750 0.402000 0.459750 0.400667 0.463750 0.400333 0.471000 0.401667 0.474250 0.404333 0.478000 0.406667 0.479750 0.409333 0.480000 0.412333 0.478250 0.414667 0.474250 0.415667 0.470500 0.415667 0.465500 0.414667 0.459500 0.413333 0.456750 0.412000 0.455500
0 0.401667 0.422750 0.400000 0.424000 0.399333 0.426750 0.400333 0.431250 0.403333 0.435750 0.407667 0.439250 0.412000 0.439750 0.416333 0.435750 0.416333 0.431500 0.413000 0.426500 0.410667 0.424250 0.404667 0.422250
0 0.420667 0.394000 0.415667 0.391500 0.411333 0.391750 0.407667 0.391250 0.403333 0.394250 0.391667 0.400000 0.389667 0.404500 0.390333 0.408250 0.391333 0.409750 0.394000 0.411000 0.401333 0.411250 0.412000 0.408250 0.417667 0.404750 0.420667 0.400750 0.421667 0.397500 0.421667 0.395500
0 0.436667 0.385000 0.435000 0.383000 0.431333 0.381750 0.423667 0.380750 0.415000 0.381250 0.409667 0.382500 0.407000 0.384000 0.406333 0.385250 0.406333 0.389750 0.407333 0.391750 0.411667 0.393500 0.415000 0.393750 0.418667 0.395250 0.420667 0.395250 0.428000 0.394000 0.434667 0.391500 0.437000 0.388750
0 0.444000 0.405500 0.441000 0.407250 0.440333 0.408500 0.439333 0.414750 0.439667 0.420000 0.441000 0.423000 0.443000 0.425000 0.448000 0.426000 0.451000 0.424250 0.452000 0.421500 0.452000 0.410250 0.451333 0.408000 0.450000 0.406750 0.447333 0.405500
0 0.561000 0.443500 0.557667 0.441250 0.552667 0.440000 0.540667 0.440750 0.533000 0.443250 0.531333 0.444500 0.529333 0.447000 0.529667 0.450000 0.530667 0.451750 0.532333 0.452750 0.536333 0.453500 0.546667 0.453500 0.552333 0.452750 0.557333 0.451000 0.560333 0.449000 0.561333 0.447500
0 0.491667 0.406750 0.488667 0.408250 0.487333 0.411500 0.487000 0.417250 0.489667 0.424500 0.494000 0.429250 0.498667 0.431750 0.502000 0.431750 0.505667 0.428500 0.507000 0.423250 0.505667 0.416250 0.500667 0.408750 0.499000 0.407250 0.495333 0.406500
