0 0.627333 0.321000 0.623333 0.321250 0.621667 0.322250 0.619333 0.325500 0.617667 0.329750 0.617333 0.334750 0.618000 0.338000 0.620333 0.341750 0.623333 0.344250 0.627333 0.344000 0.630667 0.341750 0.632667 0.336250 0.633333 0.330000 0.632333 0.325000 0.631333 0.322750 0.630000 0.321750
0 0.564000 0.316000 0.561000 0.317000 0.557000 0.321250 0.556333 0.327500 0.558000 0.333000 0.560333 0.337250 0.563000 0.339500 0.566333 0.340000 0.569667 0.339000 0.573000 0.334750 0.573667 0.326250 0.572667 0.322000 0.568000 0.317000
0 0.509000 0.356250 0.505000 0.359000 0.503667 0.361500 0.503333 0.367000 0.504000 0.372250 0.505333 0.375000 0.509000 0.378500 0.514000 0.379250 0.517333 0.377250 0.518667 0.374750 0.519667 0.369750 0.519333 0.364000 0.518333 0.360750 0.514667 0.357000 0.513333 0.356250
0 0.565667 0.384750 0.562000 0.383750 0.555667 0.383750 0.548667 0.386000 0.544000 0.389250 0.542000 0.391500 0.541667 0.394000 0.542667 0.397000 0.545000 0.398750 0.548333 0.399500 0.553333 0.399250 0.560000 0.397000 0.564333 0.393250 0.566333 0.390250 0.566667 0.387000
0 0.611000 0.385000 0.606667 0.384500 0.603667 0.385750 0.601667 0.387250 0.598000 0.392000 0.596000 0.397500 0.595667 0.401750 0.596667 0.404500 0.599000 0.406250 0.604333 0.406250 0.607667 0.405250 0.612000 0.399750 0.613667 0.395000 0.613667 0.389750 0.612667 0.386750
0 0.692333 0.341000 0.689000 0.342750 0.687000 0.345250 0.685667 0.349500 0.685667 0.354250 0.688667 0.363000 0.692333 0.364750 0.694000 0.364750 0.697000 0.363500 0.699667 0.360750 0.701333 0.352750 0.701000 0.349000 0.699333 0.344750 0.694333 0.341000
0 0.721667 0.387000 0.720000 0.387000 0.716000 0.389500 0.713333 0.392000 0.712333 0.394750 0.712333 0.404000 0.713333 0.406000 0.716667 0.408500 0.720667 0.408500 0.722000 0.408000 0.724667 0.406000 0.726333 0.402000 0.726667 0.392500 0.724667 0.388250
0 0.678333 0.440000 0.673333 0.440500 0.666000 0.445750 0.664333 0.448000 0.661667 0.455000 0.661667 0.459250 0.663333 0.461500 0.666000 0.463250 0.669667 0.463750 0.674667 0.462000 0.677667 0.459500 0.680333 0.455500 0.682333 0.450250 0.682333 0.445000 0.681000 0.442000
0 0.589000 0.431000 0.589333 0.435000 0.591000 0.436500 0.595000 0.438000 0.602667 0.439500 0.609667 0.440000 0.615000 0.439500 0.620000 0.437750 0.622667 0.435000 0.622667 0.431000 0.621667 0.430000 0.617667 0.428000 0.611000 0.426250 0.602000 0.426000 0.596667 0.426750 0.591000 0.429250
0 0.573667 0.444500 0.571667 0.445000 0.568667 0.448000 0.567667 0.451500 0.568667 0.458000 0.571667 0.465000 0.575333 0.467500 0.579667 0.467750 0.583667 0.465750 0.585333 0.463000 0.585333 0.454750 0.581333 0.446750 0.577000 0.444500
0 0.566333 0.473500 0.564333 0.471250 0.560333 0.470250 0.556000 0.470250 0.549000 0.471250 0.539000 0.477000 0.537667 0.478750 0.538333 0.481750 0.540000 0.483250 0.545000 0.484250 0.553667 0.483750 0.561000 0.480750 0.566000 0.476000
0 0.534000 0.489500 0.532000 0.491000 0.530667 0.493500 0.530000 0.497000 0.532333 0.506500 0.536667 0.511750 0.540667 0.514250 0.544333 0.514000 0.547000 0.512000 0.548667 0.506250 0.548667 0.502250 0.547333 0.498250 0.543667 0.493000 0.537667 0.489500
0 0.555333 0.499000 0.552333 0.500250 0.551000 0.502500 0.550667 0.508250 0.552000 0.512000 0.554000 0.514750 0.563667 0.521250 0.568333 0.521250 0.571667 0.519000 0.573000 0.517250 0.573667 0.512750 0.572667 0.509000 0.565667 0.501500 0.560000 0.499000
0 0.661000 0.529750 0.658333 0.528250 0.655000 0.527750 0.649667 0.528000 0.642333 0.529500 0.634333 0.532750 0.632000 0.536500 0.632667 0.541750 0.634000 0.543000 0.638667 0.544250 0.646333 0.544000 0.653000 0.541750 0.659000 0.537500 0.661667 0.534250 0.662000 0.532000
0 0.697667 0.535250 0.693667 0.535250 0.690000 0.537250 0.687000 0.540250 0.684667 0.544750 0.683667 0.549250 0.684333 0.557250 0.686667 0.560500 0.689000 0.561750 0.693000 0.562000 0.695000 0.561250 0.702333 0.553000 0.703000 0.549250 0.702667 0.541000 0.701000 0.537500
0 0.733000 0.508250 0.731333 0.509250 0.730000 0.512500 0.730000 0.516000 0.731667 0.522000 0.736667 0.528000 0.740667 0.529750 0.744667 0.530000 0.747333 0.528500 0.748667 0.526500 0.749000 0.521500 0.747667 0.515750 0.745000 0.512000 0.741000 0.508500 0.737333 0.507750
0 0.626333 0.547000 0.622667 0.548500 0.619667 0.553000 0.618667 0.555750 0.618667 0.562000 0.620667 0.568250 0.622333 0.570750 0.625000 0.573000 0.628000 0.573750 0.630667 0.573250 0.631667 0.572500 0.634000 0.568500 0.635000 0.558500 0.634333 0.554500 0.631667 0.549250 0.630333 0.548000
0 0.591000 0.559000 0.587333 0.558500 0.580333 0.563000 0.575000 0.570500 0.574667 0.573750 0.576667 0.577750 0.579000 0.579000 0.580667 0.579250 0.585000 0.577750 0.591667 0.572000 0.593000 0.567500 0.593000 0.561250
0 0.584667 0.541500 0.579667 0.541750 0.571000 0.548500 0.567000 0.556500 0.566667 0.561500 0.567667 0.564000 0.571667 0.566000 0.576000 0.565250 0.585000 0.557750 0.588667 0.549250 0.588667 0.544250 0.587000 0.542500
0 0.557333 0.541250 0.553000 0.542000 0.550333 0.544000 0.548333 0.548250 0.548000 0.553500 0.549000 0.558500 0.550333 0.561000 0.552333 0.562750 0.554000 0.563250 0.557333 0.563250 0.560667 0.561750 0.562333 0.558500 0.563333 0.553000 0.563000 0.548000 0.561667 0.544000 0.560333 0.542500
0 0.531333 0.535750 0.528667 0.536750 0.526667 0.540000 0.526333 0.542750 0.527333 0.548500 0.530000 0.553250 0.533667 0.556000 0.537667 0.557250 0.541667 0.554750 0.542667 0.552750 0.543000 0.547000 0.541000 0.540500 0.536667 0.536750 0.534000 0.535750
0 0.592667 0.577000 0.588333 0.577250 0.583667 0.580500 0.580333 0.584250 0.578000 0.588250 0.577333 0.596250 0.578667 0.599250 0.580333 0.600250 0.584000 0.600000 0.592000 0.595250 0.594333 0.591750 0.597000 0.585250 0.597333 0.581500 0.596333 0.578750
0 0.556667 0.597500 0.552667 0.597500 0.549000 0.599500 0.546333 0.604250 0.545333 0.608000 0.545000 0.615000 0.546000 0.619000 0.548667 0.622250 0.551667 0.623000 0.553333 0.623000 0.558333 0.620500 0.560333 0.617750 0.562000 0.612750 0.562667 0.608750 0.562000 0.602250 0.560667 0.599750
0 0.570333 0.622500 0.568000 0.621000 0.564000 0.621000 0.554000 0.624750 0.547667 0.625750 0.541333 0.631250 0.540333 0.633250 0.540333 0.635500 0.544333 0.637500 0.550000 0.638000 0.557000 0.635500 0.561667 0.634500 0.567000 0.632000 0.570000 0.629250 0.571333 0.627000
0 0.551000 0.638250 0.550667 0.639500 0.551667 0.643250 0.555000 0.647000 0.561667 0.650750 0.572333 0.654000 0.576333 0.654000 0.580333 0.651750 0.581000 0.650250 0.580667 0.646750 0.578000 0.642750 0.575333 0.640500 0.568000 0.636250 0.560000 0.634750 0.554333 0.636000
0 0.602000 0.622250 0.598667 0.623500 0.596000 0.626000 0.594667 0.632000 0.594667 0.637000 0.596000 0.641250 0.598333 0.644750 0.602000 0.647500 0.606000 0.647750 0.608667 0.646250 0.612000 0.639500 0.612000 0.631000 0.611000 0.627250 0.608333 0.623750 0.605333 0.622250
0 0.732667 0.640500 0.728667 0.640250 0.723333 0.641750 0.720333 0.644500 0.715667 0.650750 0.713667 0.654750 0.713000 0.659000 0.713667 0.662750 0.717000 0.666500 0.721333 0.666750 0.725000 0.665250 0.728667 0.662250 0.732000 0.658250 0.733333 0.655250 0.735000 0.647250 0.735000 0.643000
0 0.598333 0.653750 0.595667 0.654750 0.593333 0.658000 0.592333 0.661250 0.592000 0.666500 0.594667 0.674500 0.597000 0.676000 0.600333 0.676500 0.604000 0.675000 0.606333 0.673000 0.608000 0.669750 0.608333 0.664500 0.607000 0.658250 0.605333 0.656250 0.603000 0.654500 0.600667 0.653750
0 0.493000 0.651250 0.488667 0.653500 0.486667 0.656500 0.485667 0.661250 0.485667 0.666500 0.486667 0.670500 0.489333 0.674500 0.494000 0.678250 0.497667 0.678250 0.500667 0.675250 0.503333 0.670500 0.504000 0.667000 0.503333 0.660000 0.502667 0.657750 0.499000 0.652500 0.497000 0.651500
0 0.545667 0.705000 0.544333 0.705000 0.540333 0.707000 0.536333 0.712750 0.535000 0.716750 0.535000 0.721500 0.537333 0.725500 0.541333 0.728250 0.544667 0.728250 0.548333 0.725000 0.550667 0.721500 0.551667 0.717500 0.551667 0.712250 0.549333 0.707000
