0 0.423667 0.539750 0.419667 0.539500 0.415667 0.540750 0.411667 0.543750 0.408667 0.547000 0.407333 0.549250 0.406333 0.556000 0.406667 0.557500 0.408333 0.559500 0.411000 0.560500 0.413333 0.560500 0.416667 0.559500 0.420000 0.557250 0.424333 0.550000 0.425667 0.546250 0.425333 0.541250
0 0.416000 0.248750 0.412333 0.248500 0.408000 0.249750 0.405667 0.252500 0.403333 0.257750 0.403000 0.262250 0.404333 0.266750 0.405333 0.268250 0.408333 0.270250 0.411000 0.269750 0.413000 0.268500 0.415000 0.264750 0.420667 0.260500 0.421000 0.255250 0.420333 0.251500
0 0.416000 0.264250 0.414667 0.266500 0.415000 0.270750 0.416000 0.272000 0.422000 0.275750 0.431667 0.279000 0.440000 0.279250 0.443000 0.278000 0.443667 0.274750 0.435667 0.267250 0.423333 0.263500 0.418667 0.263250
0 0.541333 0.308000 0.537333 0.310250 0.535333 0.313000 0.535000 0.318250 0.536333 0.322750 0.540333 0.329500 0.544333 0.332250 0.547667 0.333250 0.550000 0.333250 0.552667 0.332500 0.554667 0.330250 0.555000 0.321750 0.554000 0.318500 0.551667 0.314000 0.547333 0.310000 0.544667 0.308250
0 0.486333 0.317750 0.484333 0.319250 0.482000 0.322500 0.480333 0.329250 0.480333 0.335000 0.481667 0.340250 0.483333 0.342750 0.486333 0.345000 0.489667 0.345000 0.492667 0.342500 0.494000 0.338500 0.493667 0.325750 0.492667 0.321750 0.491000 0.319000 0.489667 0.318250
0 0.458000 0.336750 0.455000 0.338500 0.452333 0.345000 0.452000 0.355500 0.453000 0.359500 0.455333 0.363500 0.458333 0.365750 0.462667 0.366250 0.465667 0.364500 0.467667 0.360750 0.468667 0.354000 0.468667 0.346500 0.467333 0.342250 0.464000 0.338500 0.461333 0.337000
0 0.408667 0.356750 0.407000 0.358250 0.405333 0.362000 0.404667 0.365500 0.405000 0.373500 0.406667 0.377500 0.409333 0.381000 0.415333 0.385500 0.416667 0.385500 0.419667 0.384000 0.421667 0.379750 0.422000 0.372500 0.420667 0.366250 0.417333 0.360000 0.412667 0.356750
0 0.368333 0.313750 0.363667 0.313500 0.360667 0.314500 0.355667 0.321250 0.354333 0.325250 0.354333 0.330000 0.357333 0.334250 0.361000 0.334250 0.362333 0.333750 0.366000 0.331000 0.369333 0.325750 0.371000 0.321500 0.371333 0.317750 0.370000 0.314750
0 0.394000 0.255000 0.391667 0.255000 0.388000 0.256250 0.384000 0.260250 0.383000 0.265250 0.383333 0.271750 0.385000 0.274750 0.388000 0.276500 0.391000 0.276000 0.393667 0.274250 0.397667 0.268250 0.398333 0.264750 0.398000 0.258250 0.397000 0.256250
0 0.478000 0.373500 0.475000 0.374500 0.473000 0.377000 0.472000 0.383000 0.472333 0.388000 0.473667 0.392500 0.478333 0.397500 0.483000 0.399000 0.486667 0.398250 0.489000 0.396250 0.490667 0.390750 0.490333 0.383750 0.487000 0.376500 0.482000 0.373750
0 0.463000 0.376500 0.458333 0.376500 0.455333 0.377500 0.450333 0.382250 0.448000 0.386250 0.446667 0.391750 0.447000 0.397000 0.449333 0.400250 0.450667 0.401250 0.453333 0.402000 0.456333 0.402000 0.459667 0.400750 0.463333 0.397000 0.465667 0.393250 0.467000 0.387750 0.466667 0.381250 0.465000 0.378000
0 0.411333 0.435000 0.408000 0.436500 0.406333 0.439750 0.406000 0.449000 0.406667 0.452000 0.409000 0.455500 0.412667 0.458250 0.415333 0.459500 0.419667 0.459250 0.422333 0.456250 0.423667 0.452000 0.423667 0.447000 0.421000 0.439000 0.418000 0.436250 0.415667 0.435250
0 0.373667 0.438500 0.368000 0.439000 0.366000 0.440500 0.360000 0.447500 0.358333 0.454000 0.358333 0.459750 0.359333 0.462500 0.361000 0.463500 0.365000 0.463000 0.372333 0.458500 0.374333 0.455750 0.376667 0.450000 0.377333 0.443000 0.376333 0.440000
0 0.338333 0.439750 0.337000 0.440500 0.335667 0.442750 0.335667 0.448250 0.337667 0.455250 0.341333 0.460000 0.345667 0.464000 0.349667 0.465250 0.354000 0.465000 0.357000 0.463000 0.359000 0.459000 0.358000 0.454250 0.355333 0.448000 0.350667 0.442750 0.346333 0.440000 0.343000 0.439250
0 0.306000 0.423250 0.305000 0.426000 0.305000 0.428500 0.306000 0.431000 0.312333 0.436500 0.323333 0.440250 0.329667 0.440250 0.331667 0.439000 0.332667 0.436750 0.331667 0.431750 0.325000 0.425250 0.320000 0.423250 0.312333 0.422250 0.309333 0.422250
0 0.376333 0.400000 0.372333 0.399750 0.369333 0.401500 0.364667 0.408250 0.364000 0.412000 0.362333 0.415500 0.362333 0.420250 0.364667 0.423750 0.366000 0.423750 0.373000 0.421250 0.374667 0.419250 0.377667 0.412500 0.378667 0.408250 0.378333 0.402750 0.377667 0.401000
0 0.345333 0.392250 0.341667 0.395000 0.338000 0.400250 0.337000 0.403250 0.336667 0.410000 0.337333 0.413000 0.341333 0.418000 0.345000 0.419750 0.346333 0.419750 0.350000 0.417750 0.353000 0.411750 0.353667 0.409250 0.353667 0.400750 0.350333 0.393750 0.349000 0.392750
0 0.416333 0.484750 0.411667 0.484750 0.408000 0.486750 0.405333 0.494000 0.405333 0.499250 0.406333 0.503000 0.408000 0.506000 0.412333 0.508000 0.415667 0.507250 0.417667 0.506000 0.420333 0.502500 0.421333 0.498750 0.421333 0.489500 0.420667 0.487250 0.419667 0.486000
0 0.240000 0.489000 0.236333 0.489500 0.232667 0.491000 0.228000 0.494250 0.224667 0.501750 0.224667 0.506750 0.226333 0.510750 0.228667 0.512250 0.232667 0.512250 0.236000 0.510750 0.241333 0.504000 0.243000 0.498250 0.243333 0.493500 0.241667 0.490000
0 0.346000 0.500750 0.342667 0.502500 0.341333 0.505000 0.341000 0.513750 0.345000 0.525500 0.349000 0.528500 0.351000 0.528500 0.354333 0.527500 0.357667 0.523500 0.358667 0.518500 0.358333 0.512750 0.357000 0.508500 0.353333 0.502750 0.351333 0.501250
0 0.484000 0.516000 0.478333 0.516250 0.476333 0.517500 0.472000 0.525500 0.471667 0.533500 0.473667 0.537250 0.477000 0.538750 0.480000 0.538750 0.483000 0.537500 0.488667 0.529000 0.489000 0.522750 0.488000 0.518750 0.487000 0.517000
0 0.397000 0.544000 0.392000 0.544250 0.384333 0.547750 0.379000 0.555500 0.378333 0.557500 0.378333 0.564000 0.380000 0.566250 0.384333 0.568000 0.389000 0.566750 0.397333 0.561000 0.401000 0.555250 0.402000 0.552750 0.402000 0.548000 0.400667 0.545750
0 0.369667 0.548500 0.366667 0.549250 0.365333 0.550250 0.360667 0.556000 0.360667 0.564750 0.362667 0.567750 0.365667 0.569250 0.369333 0.569000 0.371333 0.567750 0.373667 0.565000 0.375000 0.560500 0.375000 0.552750 0.373333 0.550000
0 0.341000 0.539750 0.337333 0.541750 0.336000 0.544500 0.336000 0.557250 0.337333 0.561500 0.341000 0.565000 0.345000 0.566750 0.346667 0.566750 0.350000 0.565500 0.352000 0.561500 0.353333 0.556500 0.353333 0.549000 0.349333 0.542500 0.345000 0.540250
0 0.306333 0.581250 0.305333 0.582750 0.305667 0.586000 0.306667 0.587500 0.312667 0.592250 0.317667 0.594000 0.325667 0.595500 0.330667 0.595250 0.333333 0.594500 0.334667 0.593500 0.335000 0.590250 0.334333 0.588250 0.326000 0.582750 0.318333 0.580250 0.311333 0.579500 0.308667 0.580000
0 0.402667 0.587500 0.400333 0.586000 0.396667 0.585500 0.388333 0.585250 0.382000 0.586000 0.377000 0.587500 0.373000 0.591250 0.373333 0.594250 0.375333 0.596250 0.378000 0.597000 0.388667 0.597000 0.396333 0.595000 0.400667 0.593250 0.402333 0.591750
0 0.415667 0.580250 0.412667 0.582500 0.411333 0.585000 0.410333 0.591500 0.410333 0.598250 0.411333 0.601500 0.414000 0.605250 0.416667 0.607000 0.420667 0.607250 0.422667 0.605750 0.424667 0.602750 0.425667 0.594250 0.424333 0.588250 0.422000 0.583250 0.419333 0.580750
0 0.435000 0.587000 0.431000 0.589750 0.430000 0.591750 0.429667 0.597250 0.431000 0.605000 0.437333 0.612250 0.439667 0.613250 0.444000 0.613250 0.448333 0.611000 0.450000 0.607750 0.450333 0.602000 0.448667 0.595750 0.442000 0.588250 0.439000 0.587000
0 0.396000 0.597750 0.393000 0.598750 0.388667 0.602750 0.387333 0.609000 0.388667 0.615250 0.391333 0.619750 0.393000 0.620750 0.397000 0.621250 0.401000 0.618750 0.403333 0.615500 0.404333 0.606750 0.403667 0.602750 0.401333 0.599500
0 0.396333 0.628000 0.392667 0.628000 0.389333 0.629750 0.384333 0.635500 0.383333 0.640250 0.383667 0.646500 0.384667 0.648250 0.388667 0.650750 0.392333 0.651000 0.396333 0.649500 0.399667 0.646500 0.402000 0.643000 0.402667 0.639750 0.402333 0.634250 0.400333 0.630750
0 0.421333 0.627750 0.419333 0.627750 0.415333 0.630250 0.411333 0.635250 0.410000 0.638500 0.409667 0.644000 0.411333 0.647750 0.413667 0.648750 0.417000 0.648750 0.420333 0.647000 0.424667 0.638250 0.424667 0.630000 0.423333 0.628500
0 0.333000 0.625250 0.332000 0.626750 0.333000 0.631750 0.338333 0.636250 0.345000 0.639500 0.351333 0.640250 0.354667 0.640250 0.358000 0.639000 0.358667 0.637250 0.358333 0.633500 0.357000 0.631500 0.350667 0.626500 0.345667 0.625500 0.340667 0.623500 0.337000 0.623500
0 0.313333 0.619000 0.312000 0.617000 0.310667 0.616250 0.291333 0.616750 0.282333 0.619250 0.278667 0.622500 0.278667 0.624250 0.279667 0.626500 0.283333 0.628250 0.294000 0.628750 0.302000 0.627750 0.310000 0.625750 0.311667 0.624750 0.313000 0.623000
0 0.290333 0.647750 0.286333 0.647500 0.283333 0.648750 0.278667 0.653750 0.277000 0.659000 0.277667 0.661750 0.279000 0.662750 0.284000 0.662500 0.288000 0.660000 0.292000 0.653250 0.292000 0.649250
0 0.275333 0.658000 0.273333 0.656250 0.271000 0.655500 0.260333 0.656000 0.252333 0.657500 0.251000 0.658250 0.249000 0.661250 0.249333 0.665500 0.251667 0.667500 0.255333 0.668250 0.260333 0.668250 0.265667 0.667250 0.274667 0.662750 0.275333 0.662000
0 0.318000 0.696500 0.315000 0.695500 0.311000 0.695750 0.305333 0.699250 0.300000 0.704750 0.298667 0.708000 0.299000 0.710000 0.301333 0.711750 0.305000 0.712000 0.310667 0.711000 0.316000 0.707000 0.319000 0.702250 0.319000 0.697750
0 0.265000 0.677750 0.263000 0.677750 0.259333 0.680000 0.255000 0.689750 0.255000 0.693000 0.256333 0.697250 0.258667 0.700000 0.261000 0.701000 0.264333 0.701000 0.267333 0.698500 0.271333 0.692750 0.272000 0.690750 0.272000 0.684250 0.271000 0.681000 0.267667 0.678750
0 0.252333 0.616000 0.251333 0.618500 0.252333 0.621750 0.258000 0.628500 0.260333 0.630250 0.263667 0.631500 0.268333 0.631500 0.270000 0.630750 0.271667 0.628250 0.271667 0.625750 0.270000 0.622500 0.267333 0.619750 0.264333 0.617500 0.260000 0.616000 0.256333 0.615250
