0 0.626667 0.293500 0.624000 0.295250 0.622333 0.297750 0.622333 0.302250 0.625333 0.310500 0.630333 0.314250 0.636000 0.314500 0.638000 0.313250 0.639000 0.310500 0.638333 0.302250 0.635667 0.297750 0.630667 0.293750
0 0.653000 0.334500 0.650333 0.335250 0.647667 0.337500 0.646667 0.340750 0.646667 0.346250 0.650333 0.355250 0.653333 0.357250 0.655333 0.357500 0.659333 0.356500 0.662333 0.354500 0.664000 0.350500 0.664000 0.344500 0.661333 0.337750 0.657667 0.335250 0.655333 0.334500
0 0.722333 0.367250 0.719667 0.367250 0.716667 0.368500 0.712333 0.372500 0.710667 0.376000 0.711333 0.385500 0.713000 0.388500 0.716333 0.390500 0.721333 0.390500 0.724667 0.389500 0.727333 0.385000 0.728333 0.377750 0.727333 0.373000 0.725333 0.368500
0 0.666667 0.372250 0.661667 0.371750 0.658333 0.372500 0.650333 0.377500 0.646667 0.383750 0.647000 0.386750 0.649333 0.389250 0.655000 0.389250 0.662333 0.385250 0.666667 0.380750 0.668333 0.377750 0.668333 0.375250
0 0.650333 0.359500 0.647333 0.358000 0.644667 0.358000 0.638667 0.360250 0.635000 0.360750 0.630667 0.364500 0.626333 0.367000 0.625667 0.368250 0.626333 0.373000 0.627333 0.373750 0.632000 0.374000 0.638667 0.372750 0.643000 0.371000 0.645000 0.369500 0.651000 0.362000
0 0.636000 0.339500 0.633667 0.339500 0.630667 0.340750 0.627000 0.343250 0.625000 0.346250 0.622667 0.353000 0.622333 0.357000 0.623333 0.360250 0.626667 0.363750 0.630667 0.362500 0.636333 0.357500 0.639333 0.352750 0.640000 0.344000 0.639000 0.341250
0 0.582667 0.372500 0.579667 0.373750 0.578333 0.376500 0.578000 0.385250 0.578667 0.388000 0.582000 0.393000 0.584333 0.394750 0.587333 0.396000 0.588667 0.396000 0.592333 0.394500 0.594333 0.392500 0.596333 0.389250 0.596333 0.384750 0.592000 0.376500 0.584667 0.372500
0 0.613333 0.466250 0.613333 0.467250 0.615000 0.469000 0.624000 0.472750 0.628333 0.473000 0.637667 0.471750 0.639667 0.470500 0.640000 0.467000 0.639333 0.465750 0.631333 0.462750 0.624000 0.462750 0.619000 0.463500 0.615667 0.464500
0 0.604000 0.469000 0.602000 0.470750 0.601333 0.474000 0.601333 0.477750 0.602667 0.483250 0.607667 0.488250 0.610667 0.489500 0.614333 0.489250 0.617333 0.487250 0.619000 0.483250 0.618333 0.478500 0.617000 0.475000 0.614333 0.471000 0.611667 0.469250 0.609000 0.468500
0 0.588667 0.430250 0.584333 0.431000 0.583000 0.432000 0.579333 0.438750 0.579333 0.448250 0.581000 0.451250 0.584333 0.454000 0.588667 0.454000 0.593000 0.452000 0.595667 0.444250 0.595667 0.438500 0.593333 0.432250 0.592000 0.431000
0 0.542000 0.460750 0.538000 0.462000 0.536000 0.463750 0.535000 0.466500 0.535333 0.471500 0.536667 0.475250 0.540000 0.480500 0.543667 0.482750 0.546667 0.483000 0.549333 0.482250 0.552667 0.479000 0.554000 0.474250 0.554000 0.470250 0.553000 0.467500 0.550000 0.463500 0.545333 0.460750
0 0.639333 0.485500 0.633000 0.485000 0.626333 0.485750 0.624000 0.486750 0.614667 0.493750 0.614000 0.496000 0.614333 0.498750 0.617333 0.500250 0.622333 0.500500 0.630667 0.499000 0.634667 0.497500 0.639333 0.494500 0.640000 0.493250 0.640667 0.488250
0 0.649000 0.492250 0.649000 0.494250 0.650333 0.495500 0.654000 0.496750 0.661000 0.498000 0.670333 0.498000 0.675333 0.496500 0.677667 0.494750 0.677667 0.493250 0.671667 0.486750 0.667667 0.485250 0.663333 0.485250 0.657667 0.486250 0.649667 0.490500
0 0.635667 0.515250 0.633667 0.515500 0.630000 0.517250 0.626333 0.524000 0.625667 0.527500 0.626000 0.533750 0.627333 0.536500 0.630333 0.538750 0.633667 0.539250 0.635667 0.539000 0.638667 0.537250 0.642333 0.528250 0.642333 0.523750 0.640333 0.517500 0.639000 0.516000
0 0.596000 0.511250 0.591667 0.511000 0.587667 0.512250 0.581000 0.518000 0.578667 0.524750 0.578667 0.529750 0.579667 0.531250 0.581000 0.531750 0.584667 0.531750 0.591667 0.528500 0.596667 0.523500 0.599333 0.518000 0.598333 0.513250
0 0.603667 0.526750 0.599333 0.525500 0.595667 0.526500 0.593000 0.529750 0.588000 0.533000 0.584667 0.540500 0.584667 0.541750 0.585667 0.543000 0.587333 0.543750 0.591667 0.543750 0.601000 0.537750 0.604333 0.533000 0.605333 0.530000
0 0.709333 0.521250 0.705333 0.521500 0.700667 0.523750 0.696667 0.527000 0.694667 0.530500 0.692667 0.532500 0.691333 0.536500 0.691333 0.540250 0.694000 0.544000 0.697000 0.545500 0.701667 0.545750 0.704333 0.544750 0.709333 0.541000 0.713667 0.534500 0.714667 0.530500 0.714000 0.525500 0.713000 0.523750
0 0.688667 0.536500 0.686667 0.536000 0.681667 0.536500 0.674000 0.539500 0.671667 0.541250 0.665333 0.548750 0.665000 0.552750 0.666333 0.556750 0.669333 0.558250 0.675000 0.557500 0.682333 0.553750 0.686000 0.550750 0.690667 0.542000 0.690000 0.537750
0 0.747333 0.545500 0.744333 0.546750 0.742333 0.549250 0.740000 0.556000 0.740000 0.561500 0.744000 0.569500 0.748333 0.572000 0.751333 0.572000 0.755000 0.570500 0.757333 0.568250 0.759000 0.564000 0.759333 0.556250 0.756333 0.548250 0.751667 0.545750
0 0.680667 0.590500 0.675333 0.592500 0.673333 0.595000 0.673333 0.607750 0.675667 0.611750 0.679667 0.615500 0.683000 0.617250 0.686667 0.617750 0.689667 0.616750 0.693000 0.613000 0.693667 0.611250 0.693333 0.604000 0.690333 0.597250 0.688333 0.594500 0.684667 0.591250
0 0.677333 0.562750 0.673667 0.564500 0.671667 0.568750 0.671333 0.575000 0.672000 0.579750 0.673333 0.583000 0.676667 0.585750 0.682000 0.586000 0.685333 0.584500 0.687000 0.581250 0.687000 0.570500 0.686333 0.567750 0.684333 0.565000 0.681667 0.563250
0 0.661667 0.578250 0.657667 0.578500 0.653333 0.580500 0.650000 0.583250 0.646333 0.591000 0.646333 0.596250 0.648333 0.600000 0.650333 0.601250 0.654667 0.601500 0.655667 0.601000 0.662667 0.594250 0.664333 0.589000 0.664333 0.582250 0.663667 0.580000
0 0.630667 0.595250 0.629000 0.596750 0.628000 0.599000 0.629000 0.606250 0.631000 0.610500 0.634667 0.615000 0.641000 0.617250 0.643333 0.617250 0.645667 0.614750 0.646667 0.612000 0.646333 0.608250 0.644667 0.604000 0.638333 0.595750 0.636000 0.595000
0 0.657333 0.621750 0.650667 0.624750 0.649667 0.626000 0.648667 0.630000 0.648333 0.636500 0.649667 0.641500 0.652667 0.645750 0.655333 0.647750 0.660000 0.648250 0.662667 0.647500 0.667333 0.642750 0.669333 0.638750 0.669667 0.632500 0.668667 0.627000 0.667000 0.624500 0.662000 0.621750
0 0.654333 0.656250 0.653000 0.657500 0.652333 0.662250 0.653667 0.667500 0.657667 0.675750 0.662000 0.679500 0.665000 0.680500 0.669333 0.680250 0.672333 0.678250 0.673333 0.675750 0.673000 0.670250 0.669667 0.662000 0.664667 0.657500 0.660000 0.656250
0 0.724000 0.670750 0.721667 0.672250 0.720667 0.674000 0.720333 0.677500 0.721667 0.684250 0.725333 0.690000 0.728000 0.692000 0.732667 0.693000 0.737000 0.689750 0.737667 0.686250 0.737000 0.681000 0.732333 0.673500 0.728000 0.671250
0 0.611667 0.639500 0.607667 0.641250 0.605333 0.643750 0.603333 0.648750 0.603333 0.654500 0.607667 0.663500 0.611333 0.665250 0.615333 0.665500 0.619667 0.664250 0.621333 0.662250 0.623333 0.657000 0.623333 0.649750 0.619667 0.642000 0.615000 0.639750
0 0.608000 0.667750 0.605667 0.670000 0.604667 0.674250 0.605000 0.677750 0.606667 0.682250 0.611333 0.688000 0.618333 0.690500 0.622667 0.690250 0.624333 0.689000 0.626667 0.685500 0.627000 0.682500 0.626333 0.678000 0.624000 0.672750 0.620667 0.669250 0.615667 0.667250
0 0.587667 0.571500 0.584000 0.574500 0.582333 0.577250 0.580667 0.582750 0.580667 0.587750 0.583000 0.592250 0.587000 0.595500 0.588333 0.596000 0.592000 0.596000 0.596333 0.593250 0.600000 0.588250 0.600667 0.579250 0.599000 0.576000 0.596333 0.573000 0.592667 0.571500
0 0.583333 0.546500 0.581000 0.547500 0.580000 0.549000 0.580000 0.554000 0.582333 0.559750 0.588667 0.566500 0.592000 0.567500 0.595667 0.567750 0.598333 0.565250 0.598333 0.563250 0.596333 0.556500 0.594000 0.552000 0.591000 0.548250 0.588000 0.547000
0 0.540333 0.547500 0.538333 0.549000 0.537667 0.551250 0.538000 0.556000 0.539667 0.560750 0.544000 0.565500 0.548000 0.568500 0.550333 0.568500 0.553333 0.567250 0.554667 0.564500 0.554667 0.559750 0.553667 0.556000 0.546000 0.548000 0.541667 0.547250
0 0.525667 0.591250 0.522333 0.593000 0.520667 0.595500 0.521667 0.603500 0.523333 0.608500 0.525333 0.611750 0.529667 0.615500 0.532333 0.616500 0.534000 0.616500 0.537333 0.614750 0.539000 0.611250 0.539333 0.603250 0.537000 0.596000 0.529667 0.591250
0 0.477667 0.585500 0.473667 0.587250 0.471000 0.591250 0.470333 0.594250 0.470667 0.601750 0.473000 0.606250 0.475333 0.608250 0.478333 0.609250 0.483000 0.609250 0.486333 0.607250 0.487667 0.604500 0.488333 0.595000 0.487000 0.591750 0.483667 0.587500 0.481000 0.586000
0 0.525333 0.654500 0.521000 0.657500 0.520000 0.661000 0.520333 0.665500 0.524667 0.675500 0.528000 0.678750 0.530333 0.679250 0.533667 0.678500 0.535667 0.676250 0.536667 0.673750 0.536667 0.665500 0.533000 0.658250 0.529000 0.655000
