0 0.463000 0.376250 0.461667 0.377500 0.461000 0.379750 0.461000 0.384250 0.462333 0.388750 0.466667 0.394250 0.470333 0.397000 0.474000 0.396500 0.475000 0.396000 0.476333 0.393250 0.475667 0.384000 0.470667 0.378000 0.467333 0.376000
0 0.489000 0.391750 0.486000 0.392500 0.485000 0.393750 0.483667 0.400500 0.485667 0.413500 0.488000 0.416500 0.491333 0.417750 0.494000 0.417250 0.496000 0.416000 0.498000 0.412500 0.498667 0.409000 0.498333 0.400750 0.497667 0.398750 0.494000 0.393500 0.490667 0.391750
0 0.522000 0.398750 0.517333 0.399250 0.515000 0.401000 0.510000 0.408000 0.509000 0.418000 0.510000 0.421000 0.512667 0.422000 0.514333 0.422000 0.518000 0.420000 0.522667 0.413000 0.524000 0.408750 0.524333 0.404250 0.523667 0.400500
0 0.514333 0.425250 0.510333 0.426000 0.508667 0.427250 0.505333 0.434750 0.505333 0.443000 0.506667 0.448500 0.509000 0.452000 0.513000 0.452750 0.516667 0.451750 0.518333 0.450250 0.521333 0.444250 0.522333 0.440000 0.521667 0.431250 0.518000 0.427250
0 0.561333 0.470750 0.559333 0.468750 0.552667 0.467000 0.542333 0.467000 0.533333 0.468500 0.525667 0.471000 0.524000 0.473250 0.523667 0.475250 0.525667 0.477750 0.529333 0.479250 0.536333 0.480250 0.542667 0.480000 0.549333 0.479000 0.557667 0.475750 0.559667 0.474500
0 0.576667 0.458250 0.575333 0.459000 0.572667 0.463000 0.572667 0.467500 0.579333 0.479000 0.582667 0.480500 0.584667 0.480500 0.586667 0.478750 0.588333 0.475750 0.588333 0.470000 0.584333 0.461500 0.580000 0.458250
0 0.576333 0.481500 0.573000 0.484500 0.572000 0.486500 0.572333 0.491250 0.576000 0.499000 0.579667 0.505000 0.581000 0.506000 0.587333 0.508500 0.591000 0.508250 0.592333 0.507250 0.593000 0.505500 0.592667 0.496000 0.591333 0.491250 0.587333 0.485750 0.584667 0.483500 0.580000 0.481500
0 0.533667 0.483750 0.531667 0.485000 0.530667 0.487000 0.530333 0.491500 0.531333 0.498250 0.533000 0.500750 0.537333 0.504000 0.540667 0.505250 0.542000 0.504750 0.544667 0.501500 0.545000 0.494500 0.544333 0.490000 0.543000 0.486500 0.541000 0.484750 0.537667 0.483750
0 0.559667 0.499750 0.556000 0.501000 0.554000 0.504750 0.553333 0.511250 0.554333 0.518000 0.556667 0.523000 0.560667 0.525750 0.564667 0.525750 0.568333 0.523500 0.569667 0.521250 0.570333 0.517500 0.570000 0.509500 0.569000 0.505750 0.566667 0.502250 0.562000 0.500000
0 0.495000 0.450750 0.493333 0.450750 0.487000 0.454500 0.485000 0.458750 0.484333 0.462000 0.484667 0.468750 0.486333 0.472500 0.489333 0.473750 0.492000 0.473000 0.495000 0.470500 0.498000 0.466750 0.499000 0.463750 0.499000 0.454000 0.498000 0.452250
0 0.477667 0.462250 0.474667 0.461750 0.471333 0.462750 0.465667 0.469250 0.464000 0.474750 0.463667 0.479250 0.464667 0.482000 0.466667 0.484000 0.472000 0.483500 0.473667 0.482500 0.475333 0.480250 0.479667 0.468250 0.479333 0.464250
0 0.446333 0.445500 0.442333 0.446500 0.439333 0.450500 0.438333 0.456250 0.438667 0.463750 0.439667 0.466250 0.443333 0.469500 0.447333 0.471250 0.451333 0.471250 0.455000 0.468750 0.456667 0.466000 0.457333 0.463500 0.457333 0.454500 0.456000 0.451000 0.453333 0.447500 0.450667 0.446000
0 0.385667 0.436750 0.380667 0.437000 0.376667 0.438500 0.372333 0.445000 0.371333 0.450500 0.372000 0.458750 0.373333 0.461500 0.376333 0.464000 0.380667 0.464000 0.386333 0.461500 0.389333 0.458500 0.391333 0.449250 0.391000 0.442250 0.389333 0.438250
0 0.459667 0.483250 0.458667 0.482750 0.451667 0.483250 0.447333 0.484250 0.441667 0.486500 0.434333 0.493750 0.434333 0.498500 0.436000 0.499250 0.440333 0.499250 0.444667 0.498250 0.450333 0.496000 0.457000 0.491250 0.460667 0.486750
0 0.491000 0.479000 0.489667 0.479000 0.485333 0.481000 0.482667 0.486250 0.481667 0.490750 0.481667 0.498250 0.482333 0.500750 0.486000 0.506750 0.490000 0.506500 0.495333 0.501500 0.497000 0.496750 0.497000 0.489500 0.495333 0.482250 0.494333 0.480750
0 0.525667 0.510000 0.522667 0.509000 0.519000 0.509000 0.512000 0.510000 0.508333 0.511250 0.502000 0.515000 0.496333 0.520250 0.495333 0.521750 0.495333 0.525000 0.496000 0.526000 0.500000 0.527750 0.505000 0.527750 0.517000 0.522750 0.522667 0.518750 0.526333 0.513500
0 0.587000 0.541250 0.583000 0.541000 0.580333 0.542250 0.576333 0.548750 0.575333 0.552000 0.575000 0.557250 0.575667 0.558750 0.577667 0.560250 0.581333 0.560500 0.583667 0.559750 0.588333 0.553500 0.589667 0.549000 0.589667 0.545000 0.588333 0.542250
0 0.599667 0.528000 0.597667 0.529500 0.596000 0.533250 0.596333 0.540750 0.597333 0.544250 0.600000 0.548250 0.603667 0.550500 0.607333 0.550500 0.609333 0.548500 0.611000 0.542750 0.610333 0.537500 0.608667 0.532500 0.605667 0.528750 0.604000 0.528000
0 0.642333 0.562500 0.640000 0.564000 0.638667 0.567500 0.639000 0.573000 0.640333 0.577000 0.642667 0.580750 0.647000 0.583250 0.651000 0.583750 0.653667 0.582250 0.655000 0.580500 0.655333 0.575500 0.654333 0.569750 0.651000 0.564000 0.647000 0.562500
0 0.490333 0.538250 0.488000 0.539250 0.485667 0.541750 0.484667 0.546250 0.485667 0.557000 0.487667 0.560750 0.490000 0.563250 0.494667 0.564750 0.498000 0.563750 0.499667 0.560500 0.500333 0.553250 0.500000 0.547250 0.497667 0.540750 0.493667 0.538500
0 0.435333 0.547750 0.431000 0.547000 0.425667 0.548250 0.423000 0.549750 0.418333 0.554750 0.415667 0.559250 0.414667 0.564000 0.415000 0.568750 0.416333 0.570000 0.420333 0.571000 0.424667 0.570250 0.428333 0.568000 0.435000 0.559750 0.436333 0.556000 0.436667 0.551500
0 0.380333 0.527250 0.376667 0.529250 0.375333 0.531750 0.373667 0.540500 0.373667 0.547000 0.375667 0.553250 0.377000 0.554000 0.381667 0.554500 0.385000 0.553250 0.388333 0.549500 0.390000 0.544750 0.390333 0.536000 0.389333 0.532000 0.386333 0.528750 0.384333 0.527750
0 0.355333 0.567500 0.353667 0.566250 0.347667 0.566250 0.334000 0.571250 0.330667 0.573000 0.328000 0.576000 0.327000 0.579000 0.327000 0.581250 0.328000 0.583250 0.330333 0.584750 0.334667 0.584500 0.342667 0.582000 0.349667 0.577500 0.355000 0.572750 0.355667 0.571000
0 0.337333 0.585000 0.333667 0.587000 0.332000 0.591250 0.332667 0.599500 0.335667 0.607750 0.338000 0.609500 0.342000 0.610000 0.346000 0.608750 0.348000 0.606750 0.349000 0.603000 0.349000 0.596000 0.347333 0.591250 0.344333 0.587250 0.341333 0.585250
0 0.388333 0.587000 0.386333 0.586500 0.381333 0.587000 0.378667 0.588250 0.376333 0.590250 0.374333 0.594000 0.372333 0.596000 0.369667 0.602750 0.370333 0.607000 0.372333 0.609250 0.375000 0.609500 0.379333 0.608250 0.387000 0.600250 0.389000 0.596750 0.389667 0.593750 0.389333 0.588250
0 0.390667 0.615000 0.388333 0.614500 0.384667 0.615750 0.376667 0.621750 0.373667 0.626500 0.373000 0.628750 0.373333 0.631750 0.376667 0.634000 0.381333 0.634000 0.389333 0.628000 0.392667 0.622750 0.393000 0.621000 0.392667 0.617000
0 0.274667 0.653500 0.271333 0.650750 0.266333 0.650000 0.257333 0.650250 0.251000 0.651500 0.245667 0.653500 0.244000 0.655000 0.243333 0.658500 0.245667 0.661000 0.248667 0.662250 0.258000 0.662500 0.263667 0.662000 0.272333 0.658500 0.274333 0.655750
0 0.499000 0.604000 0.496333 0.604000 0.493667 0.604750 0.485667 0.611250 0.483000 0.618250 0.483000 0.623750 0.484333 0.626750 0.485667 0.628000 0.490667 0.627500 0.497333 0.622750 0.499000 0.620750 0.503000 0.612500 0.502667 0.606750
0 0.557667 0.595000 0.553333 0.595750 0.551333 0.597000 0.549000 0.599750 0.547333 0.603750 0.547000 0.610250 0.548000 0.617000 0.549000 0.619000 0.551333 0.620750 0.554333 0.621500 0.557333 0.621250 0.560333 0.619500 0.563000 0.615000 0.565333 0.608000 0.565667 0.604000 0.564000 0.599000 0.560667 0.595750
0 0.559000 0.632750 0.555333 0.634000 0.553000 0.638250 0.552333 0.648000 0.555000 0.655750 0.559667 0.659000 0.562000 0.659000 0.564000 0.658500 0.568333 0.654500 0.569333 0.650500 0.569000 0.644750 0.565333 0.635250 0.561333 0.632750
0 0.517667 0.647750 0.514000 0.648250 0.512667 0.649000 0.510000 0.653000 0.509000 0.656750 0.509000 0.661750 0.510000 0.666000 0.512667 0.670000 0.514667 0.671000 0.518333 0.671000 0.522000 0.668500 0.523333 0.665500 0.524333 0.660000 0.524000 0.654250 0.522333 0.650000
0 0.516667 0.587250 0.513000 0.588250 0.510667 0.591250 0.511000 0.599000 0.514667 0.607000 0.516333 0.608500 0.519667 0.609000 0.521667 0.608750 0.523333 0.607000 0.524667 0.603250 0.525000 0.599000 0.523333 0.592250 0.521667 0.589250 0.519333 0.587750
0 0.522000 0.680750 0.517000 0.680750 0.514667 0.681750 0.508667 0.688500 0.507333 0.692500 0.506667 0.698500 0.507667 0.701750 0.509667 0.703250 0.514000 0.703250 0.517000 0.702000 0.522000 0.697000 0.524000 0.690250 0.524000 0.685500 0.523000 0.681750
0 0.466000 0.675250 0.462333 0.676500 0.461000 0.678500 0.460333 0.684000 0.461667 0.690250 0.463000 0.693000 0.468333 0.698750 0.471667 0.701000 0.476333 0.701500 0.478333 0.701000 0.481667 0.697750 0.481667 0.690250 0.475333 0.680500 0.469667 0.676500
0 0.435000 0.692750 0.432000 0.695000 0.431000 0.696750 0.431667 0.700750 0.434667 0.705750 0.438667 0.710500 0.442667 0.712750 0.446333 0.713750 0.451333 0.713000 0.454000 0.708500 0.453667 0.703500 0.452000 0.699750 0.448333 0.696250 0.443000 0.693250 0.440333 0.692250
0 0.393667 0.720000 0.392000 0.719750 0.388333 0.720750 0.383667 0.724000 0.379000 0.728500 0.376667 0.732250 0.377333 0.736500 0.379000 0.738000 0.381333 0.738250 0.384667 0.735750 0.389333 0.734500 0.395000 0.729500 0.395667 0.728000 0.395333 0.721500
0 0.401333 0.733250 0.396667 0.731500 0.391667 0.732250 0.388667 0.734000 0.385000 0.734500 0.383333 0.735500 0.380333 0.739500 0.376667 0.742250 0.375667 0.744250 0.374667 0.749500 0.375000 0.752500 0.376333 0.754500 0.378333 0.755000 0.385000 0.755000 0.392667 0.752500 0.396667 0.750000 0.400667 0.745250 0.403333 0.740750 0.403667 0.736250
0 0.392667 0.775750 0.392000 0.777750 0.392667 0.780500 0.408000 0.787750 0.414333 0.788750 0.420000 0.788500 0.424000 0.787500 0.425667 0.785750 0.426333 0.783250 0.425000 0.781250 0.420000 0.777500 0.415000 0.775750 0.404333 0.773750 0.397333 0.774000
0 0.501667 0.771000 0.497333 0.770750 0.494333 0.771500 0.487333 0.775250 0.485333 0.778000 0.484333 0.782000 0.485000 0.786500 0.486333 0.788000 0.490667 0.788750 0.494333 0.787000 0.498000 0.784250 0.500000 0.781250 0.502667 0.779000 0.503333 0.777000 0.503333 0.773750 0.502667 0.771750
0 0.589000 0.744000 0.586667 0.743000 0.582000 0.742500 0.576667 0.742750 0.572667 0.743750 0.570333 0.746000 0.569667 0.747500 0.570000 0.749500 0.572333 0.752000 0.575000 0.752750 0.583333 0.752500 0.588333 0.750000 0.589667 0.748750 0.590000 0.747250
