0 0.537333 0.252750 0.534333 0.255750 0.533667 0.258500 0.534000 0.262750 0.535667 0.267250 0.540333 0.273500 0.544000 0.275250 0.548333 0.274750 0.551000 0.272500 0.551667 0.269000 0.549667 0.260250 0.544000 0.254000 0.540667 0.252750
0 0.517667 0.361000 0.514333 0.363500 0.513000 0.365750 0.512667 0.370750 0.513667 0.374250 0.516667 0.379750 0.518667 0.381750 0.525000 0.385000 0.529000 0.385000 0.530000 0.384500 0.532667 0.380500 0.533667 0.377000 0.533333 0.373500 0.531333 0.368750 0.529000 0.365000 0.525333 0.361500 0.523000 0.360750
0 0.466667 0.362500 0.463333 0.365000 0.462000 0.367500 0.462000 0.370500 0.463667 0.373500 0.467000 0.376000 0.471000 0.380500 0.477333 0.384000 0.481333 0.385250 0.485333 0.385750 0.489000 0.384750 0.490333 0.383500 0.491000 0.381500 0.490667 0.376750 0.488000 0.372500 0.484667 0.369000 0.482333 0.367250 0.473667 0.363000 0.471000 0.362250
0 0.508333 0.391000 0.505000 0.391750 0.501667 0.395250 0.500000 0.400750 0.500333 0.408750 0.501667 0.414000 0.506000 0.416750 0.510667 0.417000 0.513667 0.415500 0.515667 0.412000 0.517333 0.405250 0.517333 0.400750 0.514000 0.393000 0.510333 0.391000
0 0.560000 0.401000 0.556000 0.400750 0.549667 0.404250 0.545000 0.409500 0.543667 0.412500 0.543667 0.416250 0.545667 0.418250 0.548000 0.419250 0.553000 0.419000 0.560667 0.412250 0.561667 0.409250 0.561667 0.404000
0 0.647333 0.380750 0.642667 0.380750 0.639333 0.382250 0.637000 0.384250 0.634000 0.388500 0.631000 0.394500 0.630000 0.399250 0.631333 0.403250 0.633667 0.404500 0.638667 0.404500 0.643333 0.402500 0.646667 0.400000 0.649333 0.396500 0.651000 0.392500 0.651333 0.385250 0.650667 0.383250
0 0.619000 0.413250 0.615000 0.413750 0.612667 0.415250 0.610667 0.419750 0.610667 0.428250 0.613333 0.432500 0.615667 0.433750 0.620000 0.433750 0.622667 0.432750 0.625000 0.428500 0.625333 0.422250 0.624000 0.415500 0.622667 0.414250
0 0.591667 0.422000 0.589667 0.423500 0.588333 0.426500 0.588333 0.431250 0.590333 0.435500 0.594333 0.440500 0.596333 0.442000 0.599000 0.443000 0.603333 0.442500 0.606000 0.440750 0.607000 0.439250 0.607333 0.434250 0.606000 0.429750 0.600000 0.423000 0.596000 0.421750
0 0.565333 0.438500 0.564000 0.439750 0.563667 0.444500 0.565667 0.451000 0.568333 0.454750 0.572000 0.457750 0.576667 0.458500 0.579000 0.457000 0.580333 0.455000 0.580000 0.447500 0.575667 0.440250 0.572333 0.438500 0.569667 0.438000
0 0.521000 0.438000 0.518333 0.439750 0.517667 0.442000 0.518000 0.446750 0.519667 0.450750 0.522667 0.454750 0.525000 0.456500 0.528000 0.457250 0.532000 0.456750 0.534000 0.455500 0.535333 0.451750 0.535000 0.446750 0.533000 0.442750 0.529667 0.438750 0.526000 0.437750
0 0.397667 0.399500 0.397000 0.400750 0.397667 0.405250 0.403333 0.410000 0.408000 0.412750 0.414000 0.414250 0.420333 0.414500 0.423667 0.413750 0.426000 0.412500 0.427000 0.409000 0.426667 0.407500 0.423333 0.403750 0.417667 0.399750 0.413000 0.398250 0.405000 0.396750 0.401000 0.397500
0 0.458333 0.438500 0.455333 0.439750 0.453667 0.442000 0.452333 0.446000 0.452333 0.451750 0.454667 0.458750 0.458333 0.460500 0.459667 0.460500 0.463667 0.458500 0.465667 0.456000 0.466667 0.452750 0.467000 0.447250 0.466000 0.442750 0.464333 0.439750 0.463000 0.438750
0 0.485000 0.461000 0.481000 0.462500 0.478000 0.466500 0.477000 0.473000 0.477333 0.478750 0.479000 0.482000 0.482333 0.484500 0.487333 0.485000 0.489333 0.484250 0.491667 0.481750 0.493000 0.476250 0.493000 0.468750 0.491000 0.462500 0.490000 0.461750
0 0.549000 0.472500 0.546667 0.474250 0.545333 0.477750 0.545667 0.482250 0.548000 0.489500 0.549000 0.491000 0.555667 0.496000 0.561333 0.496500 0.563667 0.494750 0.565333 0.491250 0.565333 0.486750 0.562667 0.481750 0.561667 0.478000 0.557333 0.474250 0.553333 0.472250
0 0.614667 0.469500 0.612000 0.468500 0.606333 0.468250 0.599333 0.470000 0.596000 0.471750 0.588000 0.479500 0.587000 0.483000 0.588333 0.486000 0.591333 0.488000 0.597000 0.488250 0.601333 0.487000 0.607333 0.484250 0.612000 0.480250 0.615333 0.475000 0.615667 0.470500
0 0.663667 0.563000 0.661000 0.563750 0.659333 0.565500 0.657667 0.570750 0.658000 0.575750 0.660000 0.579250 0.662000 0.581000 0.665000 0.582000 0.667333 0.582000 0.670000 0.581250 0.672000 0.578500 0.672667 0.576500 0.672333 0.568500 0.671333 0.565750 0.669333 0.563750 0.667000 0.563000
0 0.566333 0.529000 0.567000 0.532750 0.568333 0.533750 0.572000 0.535250 0.576667 0.536000 0.584000 0.536000 0.588667 0.535000 0.592667 0.533250 0.593333 0.531250 0.593333 0.528750 0.591000 0.526500 0.587667 0.525250 0.583000 0.524500 0.577667 0.524500 0.571333 0.525500 0.568667 0.526750
0 0.511000 0.526500 0.510333 0.529000 0.513000 0.532500 0.517000 0.535000 0.524667 0.537500 0.529000 0.538000 0.537333 0.537500 0.544667 0.534250 0.545333 0.533000 0.543667 0.529250 0.538000 0.525500 0.529667 0.523250 0.517333 0.523250 0.513000 0.524250
0 0.466000 0.496500 0.463333 0.497250 0.461333 0.500000 0.460667 0.502250 0.460667 0.509500 0.463000 0.514000 0.466333 0.515750 0.470667 0.515500 0.473000 0.513000 0.474000 0.510250 0.473000 0.502250 0.471333 0.499500 0.468667 0.497250
0 0.447667 0.486000 0.443667 0.486000 0.440667 0.487000 0.439000 0.488250 0.435333 0.494000 0.435000 0.499250 0.436333 0.503250 0.438333 0.506500 0.442333 0.508000 0.444000 0.508000 0.448333 0.505250 0.452000 0.499250 0.452000 0.490000 0.450667 0.487750
0 0.451000 0.470500 0.448000 0.469250 0.439333 0.469250 0.429333 0.470750 0.423667 0.473500 0.419667 0.476500 0.419000 0.477500 0.419333 0.481500 0.420667 0.483000 0.427000 0.484000 0.436000 0.483750 0.441000 0.482500 0.444000 0.481250 0.450667 0.476000 0.451333 0.474750
0 0.466000 0.528500 0.462667 0.530000 0.461000 0.532750 0.460667 0.542000 0.462333 0.546250 0.466000 0.549250 0.467667 0.549500 0.470333 0.548500 0.474000 0.544750 0.475000 0.542000 0.475000 0.536000 0.474333 0.533000 0.471333 0.529750 0.467667 0.528500
0 0.434667 0.510750 0.432333 0.512250 0.431667 0.514500 0.432667 0.518500 0.435000 0.523250 0.440000 0.527750 0.442333 0.528500 0.447667 0.528000 0.451000 0.525500 0.450333 0.521250 0.448333 0.517000 0.442000 0.513250 0.436333 0.510750
0 0.435000 0.528500 0.432333 0.531750 0.431667 0.533750 0.431333 0.538000 0.432000 0.541250 0.435000 0.546250 0.436667 0.547500 0.439667 0.548750 0.443000 0.549000 0.444333 0.548250 0.446000 0.545250 0.446000 0.539500 0.444333 0.533500 0.443333 0.531750 0.441000 0.530250 0.436667 0.528500
0 0.419333 0.511250 0.415333 0.512250 0.413000 0.515000 0.411667 0.518000 0.411333 0.525500 0.413667 0.530500 0.416000 0.532000 0.421000 0.532750 0.424667 0.531000 0.427333 0.527250 0.427667 0.518250 0.427000 0.516750 0.423667 0.513500 0.420667 0.511500
0 0.427000 0.547500 0.424000 0.547000 0.420000 0.547750 0.415333 0.551750 0.413667 0.556000 0.413333 0.562000 0.414333 0.565000 0.416333 0.566500 0.420333 0.566500 0.422000 0.565750 0.428333 0.560000 0.429333 0.556500 0.429333 0.551250 0.428667 0.548750
0 0.443667 0.552500 0.439667 0.553000 0.436000 0.555500 0.432000 0.563750 0.431667 0.568000 0.433333 0.573000 0.435667 0.576250 0.438667 0.577500 0.443000 0.577500 0.444333 0.576750 0.447667 0.573000 0.450000 0.568250 0.450000 0.559500 0.449333 0.556750 0.448000 0.554750
0 0.486000 0.577500 0.482000 0.579250 0.480000 0.583000 0.480000 0.589000 0.481333 0.592500 0.483333 0.595250 0.485000 0.596500 0.487667 0.597000 0.491000 0.596500 0.494333 0.593250 0.495333 0.590250 0.495333 0.587000 0.494333 0.583750 0.491333 0.579250 0.490000 0.578250
0 0.463667 0.582250 0.462000 0.583500 0.461667 0.587500 0.462667 0.591500 0.466000 0.596250 0.470000 0.599500 0.471333 0.599750 0.473000 0.599000 0.474333 0.597000 0.474333 0.594500 0.472333 0.589250 0.468333 0.583000 0.467000 0.582000
0 0.441667 0.580000 0.439000 0.580500 0.437333 0.581750 0.435000 0.587250 0.435667 0.595000 0.437333 0.600250 0.441333 0.604000 0.444000 0.604750 0.447667 0.603500 0.450333 0.600500 0.451333 0.597250 0.451333 0.590250 0.450333 0.586750 0.448000 0.583000 0.444000 0.580250
0 0.427667 0.576750 0.423333 0.577250 0.419667 0.580000 0.415333 0.586000 0.412333 0.593500 0.412333 0.596000 0.415000 0.597500 0.417333 0.597500 0.420333 0.596500 0.426000 0.593750 0.428000 0.591750 0.430000 0.584250 0.430333 0.579750
0 0.425000 0.597500 0.422667 0.597500 0.419333 0.599000 0.415333 0.605750 0.414667 0.610250 0.415333 0.615000 0.416333 0.616500 0.419667 0.618500 0.423667 0.617750 0.426333 0.615750 0.429000 0.611000 0.429667 0.607500 0.429333 0.601750 0.428333 0.599250
0 0.570667 0.644500 0.567667 0.645750 0.565667 0.649250 0.565333 0.654500 0.566000 0.657750 0.568000 0.661250 0.570000 0.662750 0.572333 0.663500 0.575667 0.663250 0.578000 0.661750 0.579333 0.658250 0.578667 0.650500 0.576667 0.646750 0.573000 0.644500
0 0.264000 0.567500 0.260000 0.569000 0.257667 0.571500 0.256667 0.575500 0.256667 0.581000 0.257667 0.584500 0.261333 0.588000 0.263667 0.589250 0.268000 0.589250 0.272000 0.587000 0.273333 0.584750 0.274000 0.576500 0.272000 0.571000 0.268000 0.568500
0 0.307000 0.549250 0.303667 0.551000 0.302000 0.553500 0.302000 0.560750 0.306000 0.568000 0.310667 0.570500 0.313333 0.570500 0.316000 0.569500 0.318333 0.565750 0.318000 0.559500 0.316333 0.555750 0.311667 0.550250 0.310333 0.549500
0 0.338667 0.578750 0.334000 0.579250 0.332333 0.580000 0.329667 0.582500 0.327333 0.587250 0.327000 0.593250 0.328333 0.596250 0.330667 0.597750 0.333667 0.597750 0.336000 0.596750 0.339333 0.594250 0.341667 0.591500 0.342667 0.588000 0.342667 0.583250 0.341667 0.580250
0 0.353667 0.711500 0.351333 0.712500 0.348333 0.716500 0.347333 0.720000 0.347333 0.724250 0.348333 0.728750 0.351000 0.733500 0.353000 0.735000 0.357667 0.736000 0.362000 0.733250 0.363333 0.731000 0.365000 0.724500 0.364667 0.720000 0.362000 0.715250 0.360000 0.713250 0.357333 0.711750
0 0.481000 0.656500 0.478000 0.657250 0.476333 0.658750 0.474667 0.662750 0.474000 0.666750 0.475333 0.673500 0.477667 0.678000 0.481667 0.680250 0.483667 0.680500 0.486667 0.679750 0.490333 0.676000 0.491667 0.672000 0.491667 0.665750 0.488000 0.658250 0.486000 0.657000
0 0.542000 0.688750 0.538333 0.687250 0.529000 0.687250 0.521667 0.689750 0.512667 0.696500 0.512000 0.702000 0.513333 0.704000 0.516667 0.705750 0.520000 0.705750 0.531000 0.702500 0.537000 0.698250 0.540667 0.694000 0.542333 0.690250
0 0.333667 0.601250 0.330333 0.603250 0.328667 0.606500 0.328333 0.612250 0.329000 0.616250 0.330667 0.619750 0.333667 0.622250 0.338667 0.622750 0.342333 0.620750 0.343333 0.618500 0.344000 0.614250 0.343333 0.606750 0.341333 0.602750 0.338000 0.601250
