0 0.454333 0.587250 0.451333 0.588000 0.448667 0.591000 0.448333 0.597000 0.449333 0.600500 0.452000 0.604750 0.454667 0.606500 0.457000 0.606500 0.459667 0.605750 0.461000 0.603750 0.461000 0.594500 0.460333 0.591500 0.458667 0.589000 0.456667 0.587750
0 0.455000 0.540750 0.451333 0.542250 0.449000 0.545000 0.447333 0.548750 0.447000 0.556000 0.448333 0.560750 0.451000 0.564750 0.455000 0.567500 0.459000 0.567750 0.462667 0.565000 0.465000 0.560750 0.465667 0.557500 0.465667 0.549250 0.464000 0.545250 0.459333 0.541000
0 0.482000 0.502000 0.478000 0.502000 0.476333 0.502750 0.473000 0.505500 0.470667 0.509250 0.470667 0.518500 0.471333 0.521000 0.473333 0.524250 0.475333 0.525750 0.477667 0.526500 0.480333 0.526250 0.483000 0.524750 0.485333 0.521000 0.487333 0.514750 0.487000 0.507500 0.485667 0.504750
0 0.327000 0.501250 0.321667 0.501250 0.320000 0.502250 0.317667 0.505750 0.316000 0.510000 0.316333 0.518250 0.318333 0.522000 0.322000 0.524250 0.325000 0.524000 0.327000 0.523000 0.331000 0.517250 0.331333 0.506000 0.329667 0.502500
0 0.417333 0.508000 0.415000 0.508000 0.412000 0.509000 0.408667 0.512250 0.407333 0.514750 0.407000 0.526500 0.408333 0.529000 0.411667 0.530500 0.416333 0.528750 0.418667 0.526250 0.421000 0.521750 0.421000 0.511000 0.420333 0.509250
0 0.388000 0.314750 0.383667 0.316500 0.380333 0.321250 0.379333 0.325500 0.379333 0.331000 0.380333 0.334750 0.383333 0.339000 0.385000 0.340250 0.388000 0.341500 0.389333 0.341500 0.393000 0.340250 0.396000 0.337500 0.397667 0.332750 0.397667 0.326250 0.396333 0.321250 0.393667 0.317500 0.392000 0.316000 0.389333 0.314750
0 0.482667 0.321000 0.478000 0.321000 0.474667 0.322750 0.472667 0.326000 0.471667 0.329750 0.471000 0.337000 0.471667 0.341750 0.474000 0.345250 0.478667 0.346750 0.482000 0.346000 0.486000 0.342250 0.488333 0.336750 0.488333 0.329750 0.485333 0.323000
0 0.368000 0.363000 0.364667 0.363250 0.361000 0.365750 0.356667 0.371500 0.354333 0.377250 0.354333 0.381500 0.356333 0.385750 0.359333 0.389250 0.362000 0.390250 0.365667 0.390250 0.369333 0.388500 0.372667 0.384750 0.374667 0.379750 0.375000 0.368750 0.374333 0.366750 0.372667 0.364500
0 0.411333 0.366250 0.408667 0.368000 0.407333 0.372250 0.407667 0.379250 0.408333 0.381250 0.411333 0.385000 0.412667 0.386000 0.415667 0.386750 0.418333 0.385750 0.423333 0.381250 0.425333 0.376250 0.424667 0.373250 0.419000 0.368500 0.413000 0.366250
0 0.430667 0.387500 0.427333 0.390000 0.426333 0.391750 0.426000 0.401000 0.427667 0.404750 0.430000 0.406500 0.432333 0.407250 0.435333 0.407250 0.437333 0.406250 0.439000 0.404250 0.439667 0.401000 0.439333 0.395500 0.438333 0.392250 0.435333 0.388250 0.433000 0.387500
0 0.452000 0.404750 0.450667 0.406750 0.450667 0.409500 0.454667 0.418000 0.458000 0.420750 0.462000 0.422250 0.466333 0.425250 0.467667 0.425250 0.470000 0.423500 0.472000 0.420750 0.472000 0.417250 0.466667 0.408750 0.455667 0.404250
0 0.480333 0.416000 0.477667 0.416500 0.475667 0.418250 0.473667 0.423000 0.472667 0.429000 0.473000 0.432250 0.475000 0.436250 0.478333 0.439500 0.482000 0.440000 0.483667 0.439000 0.487000 0.435250 0.488000 0.427000 0.487667 0.423500 0.485667 0.419000 0.483000 0.416250
0 0.449000 0.419250 0.446667 0.421750 0.446333 0.426250 0.447333 0.429250 0.451333 0.434250 0.459333 0.438000 0.466667 0.438250 0.469000 0.436000 0.469000 0.430750 0.467333 0.427250 0.461333 0.422250 0.455000 0.420250 0.451667 0.418500
0 0.436000 0.416250 0.434667 0.416250 0.430667 0.418500 0.427667 0.425250 0.427000 0.434750 0.428333 0.438000 0.431333 0.440000 0.435667 0.439500 0.438667 0.438000 0.442000 0.431250 0.441000 0.420250
0 0.408333 0.437750 0.405667 0.439000 0.403667 0.442500 0.403000 0.446250 0.403667 0.451250 0.408333 0.459500 0.411667 0.461250 0.416333 0.461250 0.419667 0.459250 0.420667 0.457000 0.421000 0.448000 0.419000 0.442750 0.415333 0.439000 0.411667 0.437750
0 0.443000 0.440250 0.440000 0.440500 0.435667 0.443000 0.431667 0.444000 0.426000 0.447750 0.424000 0.450250 0.422667 0.454500 0.423333 0.457250 0.425667 0.459500 0.428667 0.460000 0.435000 0.458250 0.443000 0.451750 0.444667 0.448250 0.445000 0.443000
0 0.464000 0.444000 0.461667 0.444000 0.457000 0.445500 0.454667 0.446750 0.453000 0.449000 0.450667 0.455000 0.450667 0.459500 0.451667 0.461000 0.453667 0.462000 0.456333 0.462250 0.459667 0.461500 0.461667 0.460000 0.465667 0.454750 0.467000 0.451000 0.467000 0.446500 0.466333 0.445250
0 0.453667 0.464250 0.451000 0.466250 0.451000 0.472000 0.454000 0.482500 0.457333 0.485750 0.462000 0.488750 0.466333 0.489250 0.468333 0.487750 0.470333 0.483250 0.470000 0.478750 0.467667 0.472250 0.463667 0.467000 0.459333 0.464250
0 0.431000 0.467250 0.427667 0.468750 0.425333 0.470750 0.424333 0.475000 0.424333 0.479750 0.426000 0.485750 0.428000 0.488750 0.431000 0.491250 0.435000 0.491250 0.437333 0.489750 0.441000 0.482000 0.441000 0.477750 0.439000 0.472000 0.437000 0.469250 0.434667 0.467750
0 0.417000 0.474000 0.415333 0.474000 0.411667 0.475750 0.408333 0.478250 0.407000 0.481250 0.406333 0.491000 0.407667 0.493750 0.411333 0.495250 0.412667 0.495000 0.417667 0.491000 0.420667 0.487000 0.421333 0.484000 0.421000 0.477000 0.420000 0.475250
0 0.416000 0.404500 0.412000 0.404750 0.408333 0.407000 0.405667 0.414500 0.405333 0.419750 0.406333 0.423500 0.408000 0.426500 0.411000 0.427750 0.414333 0.427500 0.417000 0.426250 0.420333 0.422250 0.421333 0.419250 0.420667 0.408000 0.419667 0.406500
0 0.393333 0.445250 0.389333 0.445250 0.387333 0.446250 0.384333 0.451000 0.383333 0.455000 0.384000 0.463250 0.386000 0.466250 0.389000 0.468000 0.393000 0.467500 0.394667 0.466500 0.397333 0.463750 0.399333 0.459250 0.399667 0.453750 0.399000 0.450750 0.397333 0.447250
0 0.373000 0.480000 0.371000 0.479500 0.367667 0.479750 0.361000 0.482000 0.354667 0.485500 0.350667 0.490000 0.350333 0.494750 0.352667 0.495750 0.357667 0.495250 0.370000 0.489750 0.373000 0.487500 0.373667 0.486250 0.374000 0.481500
0 0.296000 0.485750 0.294000 0.486250 0.290333 0.489750 0.289667 0.492750 0.290333 0.499750 0.294667 0.506500 0.298333 0.509000 0.303000 0.509750 0.307000 0.508250 0.309667 0.505500 0.310667 0.502000 0.309667 0.494500 0.307000 0.490500 0.302667 0.486750 0.299667 0.485750
0 0.322333 0.402750 0.320333 0.404000 0.317667 0.407750 0.317333 0.416750 0.321333 0.424500 0.325667 0.426750 0.330333 0.426750 0.333333 0.424750 0.334667 0.421500 0.334667 0.412750 0.332333 0.408000 0.325667 0.402750
0 0.446333 0.493500 0.445333 0.494750 0.444667 0.499750 0.446667 0.506250 0.454667 0.512750 0.460000 0.513250 0.462667 0.512250 0.464667 0.510250 0.464667 0.508500 0.463667 0.505250 0.460667 0.500250 0.457667 0.497250 0.452333 0.493500
0 0.341000 0.568000 0.338667 0.569500 0.337667 0.571500 0.338333 0.576500 0.340667 0.580750 0.345000 0.585500 0.349333 0.587000 0.354333 0.586250 0.356333 0.584250 0.357000 0.579500 0.354000 0.573250 0.350000 0.569750 0.346333 0.568250
0 0.284667 0.692500 0.282333 0.693500 0.280667 0.697000 0.280667 0.708750 0.282667 0.713750 0.286333 0.716750 0.288667 0.717000 0.291333 0.716500 0.294667 0.713250 0.295667 0.710000 0.295667 0.703250 0.294000 0.697750 0.292000 0.695250 0.287667 0.692500
0 0.300333 0.652250 0.298000 0.652250 0.295333 0.654000 0.293000 0.658500 0.294000 0.666500 0.298333 0.669750 0.299667 0.669250 0.302333 0.666500 0.306000 0.659250 0.306000 0.657500 0.304333 0.654500 0.302333 0.652750
0 0.299000 0.681000 0.298000 0.683000 0.298000 0.685750 0.301333 0.687750 0.302667 0.689750 0.306000 0.692000 0.313667 0.694750 0.318000 0.695000 0.319667 0.694000 0.320000 0.691250 0.319000 0.687750 0.315000 0.683750 0.311000 0.681750 0.303000 0.682000
0 0.314333 0.658250 0.309667 0.658500 0.306333 0.661000 0.301333 0.669000 0.299667 0.674750 0.300667 0.679500 0.303000 0.681750 0.306667 0.681750 0.311000 0.679750 0.312667 0.676500 0.318333 0.669250 0.319333 0.666750 0.319000 0.663000 0.318000 0.661000
0 0.364333 0.636500 0.360667 0.637750 0.358000 0.642250 0.358000 0.649250 0.359333 0.654750 0.362333 0.659000 0.367667 0.663250 0.373667 0.664250 0.377000 0.662250 0.378667 0.659000 0.378667 0.650000 0.372667 0.640000 0.369000 0.637500
0 0.344333 0.635750 0.342000 0.636250 0.339667 0.638750 0.339000 0.646750 0.340667 0.651250 0.344000 0.655500 0.345667 0.656500 0.349667 0.656750 0.352000 0.655000 0.353000 0.652500 0.353333 0.646750 0.352667 0.643750 0.350333 0.638250 0.347333 0.636250
0 0.317667 0.617250 0.314667 0.619250 0.313333 0.622500 0.313667 0.634250 0.314667 0.637000 0.317333 0.640250 0.318333 0.640750 0.322000 0.640750 0.325333 0.639000 0.327000 0.636250 0.327000 0.625000 0.324000 0.618750 0.321333 0.617250
0 0.274000 0.612500 0.271667 0.613000 0.267667 0.616750 0.267000 0.618500 0.267000 0.623500 0.268333 0.627250 0.274333 0.635000 0.276000 0.636000 0.279333 0.636250 0.281333 0.634750 0.283667 0.630750 0.283667 0.625000 0.282000 0.619750 0.279333 0.615250 0.276000 0.612750
0 0.295333 0.581250 0.292667 0.583500 0.291667 0.587250 0.291667 0.591750 0.293333 0.598250 0.297000 0.604500 0.299000 0.605750 0.303000 0.605750 0.305333 0.604500 0.308000 0.596500 0.307333 0.589500 0.306333 0.587250 0.302333 0.583000 0.299000 0.581500
0 0.335000 0.593750 0.332333 0.592250 0.326333 0.592000 0.313333 0.595250 0.308000 0.602000 0.307667 0.604000 0.309000 0.606750 0.311000 0.608000 0.319000 0.608250 0.330000 0.604750 0.334333 0.600250 0.335667 0.597000
0 0.341333 0.596000 0.337667 0.598250 0.335333 0.603750 0.335667 0.610500 0.337333 0.614500 0.341000 0.618500 0.343667 0.619750 0.346667 0.619750 0.350333 0.618000 0.352667 0.614750 0.354000 0.609750 0.353667 0.603500 0.350667 0.598000 0.349000 0.596750 0.346000 0.596000
