0 0.564000 0.290250 0.563667 0.295750 0.568000 0.302250 0.571333 0.304750 0.581000 0.308500 0.584000 0.308500 0.587667 0.307000 0.588667 0.305000 0.588667 0.302000 0.585667 0.298250 0.577000 0.291500 0.574000 0.290250 0.569000 0.289250
0 0.609333 0.307500 0.608333 0.310000 0.609333 0.313500 0.610667 0.315500 0.618667 0.317750 0.626667 0.318000 0.631333 0.316750 0.634667 0.314250 0.635000 0.310500 0.632000 0.307500 0.629667 0.306250 0.623667 0.305250 0.617667 0.305250 0.611333 0.306000
0 0.653333 0.340500 0.649333 0.341500 0.645333 0.344750 0.643667 0.349250 0.643000 0.354750 0.644000 0.359250 0.646000 0.363250 0.649667 0.367000 0.654333 0.367750 0.658000 0.365500 0.662333 0.359250 0.663333 0.352500 0.662000 0.347500 0.660333 0.344750 0.656333 0.341250
0 0.672333 0.375750 0.670667 0.373000 0.669000 0.372250 0.662000 0.370750 0.656333 0.370500 0.643000 0.373500 0.641000 0.375750 0.640667 0.377500 0.642000 0.380750 0.644000 0.382250 0.647000 0.383250 0.655333 0.383750 0.662667 0.382750 0.669333 0.381000 0.672000 0.378250
0 0.617333 0.389000 0.617333 0.392250 0.619000 0.394500 0.623667 0.397500 0.627333 0.398750 0.632333 0.399000 0.639667 0.398250 0.643333 0.396250 0.645667 0.392500 0.643667 0.388000 0.640000 0.386000 0.636667 0.385250 0.629000 0.385000 0.625333 0.385500 0.619333 0.387500
0 0.596333 0.392250 0.596333 0.397250 0.598667 0.400750 0.603333 0.404750 0.610667 0.408000 0.614333 0.409000 0.620000 0.408750 0.623000 0.407000 0.624667 0.404750 0.624667 0.399750 0.623667 0.398250 0.615000 0.391750 0.612333 0.390750 0.605333 0.390250 0.599667 0.390500
0 0.561000 0.373000 0.557333 0.373500 0.554333 0.375500 0.552333 0.378000 0.549667 0.384250 0.549333 0.390000 0.550000 0.393750 0.552000 0.397500 0.556333 0.399250 0.560667 0.399000 0.564000 0.396500 0.566000 0.393000 0.568000 0.386500 0.568000 0.382500 0.566667 0.377500 0.565667 0.376000
0 0.556000 0.407250 0.553667 0.409250 0.551333 0.413500 0.550667 0.417000 0.551667 0.423500 0.556000 0.429500 0.560667 0.431750 0.564000 0.431500 0.568000 0.428750 0.568667 0.427500 0.569333 0.423500 0.568667 0.416500 0.565333 0.411250 0.561667 0.407750 0.560333 0.407250
0 0.490333 0.385250 0.487667 0.388250 0.487667 0.392500 0.489333 0.398500 0.492667 0.403500 0.494667 0.405000 0.502000 0.407250 0.505333 0.405000 0.506000 0.399750 0.503333 0.392750 0.497667 0.386000 0.494667 0.385000
0 0.542667 0.445000 0.540000 0.445000 0.536333 0.446250 0.532333 0.451500 0.531667 0.455000 0.532000 0.466000 0.533667 0.468250 0.536667 0.469250 0.542000 0.469250 0.545667 0.467500 0.548667 0.459000 0.549000 0.453500 0.547333 0.447750 0.545000 0.445500
0 0.558000 0.481000 0.555667 0.481750 0.552667 0.485500 0.550667 0.492000 0.550667 0.496000 0.551667 0.499000 0.555667 0.504250 0.557667 0.505500 0.560667 0.505750 0.564667 0.502500 0.567667 0.498250 0.568333 0.488750 0.567667 0.485750 0.565667 0.483000 0.561333 0.481000
0 0.578667 0.454000 0.575667 0.454500 0.572333 0.458750 0.571667 0.464000 0.572667 0.467750 0.575333 0.472500 0.578667 0.476000 0.581000 0.476500 0.584000 0.476000 0.585667 0.474750 0.588333 0.470500 0.588667 0.465750 0.587667 0.461750 0.584333 0.456250 0.581667 0.454500
0 0.650333 0.436000 0.646667 0.433750 0.642333 0.433000 0.634000 0.433000 0.630333 0.434000 0.626333 0.434250 0.618000 0.438000 0.617333 0.439000 0.617667 0.443250 0.619333 0.444750 0.623333 0.446000 0.631667 0.446250 0.641333 0.445250 0.645333 0.443750 0.650333 0.440000
0 0.701333 0.375750 0.696667 0.375500 0.693667 0.376250 0.692000 0.377500 0.688333 0.383500 0.687667 0.391250 0.688667 0.396750 0.693000 0.400500 0.694000 0.400500 0.702667 0.395500 0.706000 0.390500 0.707000 0.385250 0.706333 0.379750 0.705000 0.377250
0 0.694000 0.399750 0.693667 0.401000 0.695333 0.405000 0.705667 0.412250 0.712000 0.414000 0.717333 0.414250 0.723667 0.411750 0.724667 0.409500 0.724333 0.406500 0.722333 0.403750 0.716667 0.399000 0.709000 0.396750 0.701000 0.396250 0.697000 0.397000
0 0.738333 0.402500 0.735667 0.403000 0.731667 0.407000 0.730667 0.412000 0.730667 0.418000 0.734333 0.425250 0.736333 0.426500 0.740000 0.426750 0.742333 0.425750 0.745000 0.423500 0.747000 0.416750 0.747000 0.411000 0.746333 0.407750 0.744667 0.405500 0.741000 0.402750
0 0.735667 0.376500 0.731667 0.378250 0.728333 0.382250 0.727333 0.385500 0.727333 0.389750 0.728000 0.393000 0.730333 0.397250 0.733000 0.399750 0.737333 0.401000 0.740333 0.400500 0.743667 0.396750 0.745333 0.392000 0.745333 0.386000 0.743667 0.381500 0.740667 0.377500
0 0.709000 0.432000 0.703667 0.432000 0.698000 0.433750 0.688667 0.439000 0.684000 0.446250 0.684333 0.450000 0.686333 0.452500 0.688667 0.453250 0.694333 0.453000 0.701000 0.451000 0.706333 0.447500 0.709667 0.443500 0.711000 0.440250 0.711333 0.434750
0 0.674000 0.459750 0.670000 0.462000 0.669000 0.464000 0.668333 0.468250 0.669333 0.475000 0.673000 0.483500 0.676667 0.484750 0.679667 0.484750 0.682333 0.484250 0.685000 0.481250 0.686333 0.474750 0.686000 0.468250 0.685000 0.465750 0.681000 0.461750 0.677667 0.459750
0 0.659000 0.484750 0.654333 0.484500 0.649667 0.485750 0.641333 0.493000 0.640000 0.498750 0.640667 0.502250 0.642333 0.503750 0.647000 0.504250 0.654000 0.502000 0.658000 0.498000 0.660000 0.495000 0.661333 0.491250 0.661000 0.486500
0 0.596000 0.489250 0.595333 0.490750 0.595667 0.494750 0.598000 0.498750 0.600333 0.500500 0.612333 0.506500 0.617667 0.507500 0.620333 0.507500 0.623667 0.506500 0.625667 0.502750 0.625667 0.500750 0.623667 0.496000 0.620333 0.493250 0.607000 0.487250 0.600000 0.487250
0 0.603000 0.517250 0.599667 0.518250 0.597000 0.520750 0.595000 0.524500 0.594667 0.529750 0.596000 0.538250 0.600333 0.542750 0.604333 0.543750 0.608000 0.542250 0.611667 0.536500 0.612333 0.532000 0.611333 0.526000 0.608667 0.520250 0.606333 0.518000
0 0.533000 0.534500 0.531333 0.536500 0.530333 0.541000 0.532333 0.552750 0.538000 0.557750 0.541000 0.559000 0.543667 0.558750 0.546333 0.557250 0.547667 0.553750 0.547667 0.547750 0.546000 0.541250 0.544667 0.539000 0.540667 0.535500 0.537333 0.533750
0 0.508000 0.516750 0.507667 0.520000 0.508667 0.523500 0.509667 0.525000 0.516333 0.530250 0.524333 0.532250 0.529667 0.532000 0.532667 0.530000 0.532667 0.525500 0.529333 0.520250 0.526333 0.517750 0.522667 0.516500 0.516000 0.515500 0.509667 0.515500
0 0.709333 0.470250 0.708000 0.471500 0.706000 0.477250 0.706000 0.479250 0.708667 0.485750 0.713333 0.488750 0.721333 0.489000 0.724667 0.486500 0.725000 0.482250 0.724000 0.479000 0.716667 0.470500 0.714333 0.469750
0 0.763667 0.485750 0.762667 0.484250 0.760000 0.482500 0.755333 0.481250 0.752000 0.481250 0.749000 0.480250 0.744667 0.480250 0.735333 0.481750 0.731000 0.483500 0.728333 0.485500 0.727667 0.489750 0.729333 0.491500 0.732667 0.493250 0.739667 0.494250 0.747667 0.493750 0.758333 0.490750 0.763000 0.487750
0 0.759000 0.456500 0.756000 0.457250 0.752667 0.460000 0.751667 0.462000 0.751667 0.467250 0.753000 0.470750 0.755333 0.473750 0.758667 0.475250 0.760667 0.475250 0.764333 0.472500 0.765667 0.464500 0.765333 0.462000 0.763667 0.458750 0.760667 0.456750
0 0.720000 0.445000 0.718667 0.446750 0.718667 0.451500 0.721333 0.455500 0.727667 0.460000 0.737000 0.462750 0.743667 0.462500 0.746667 0.461000 0.747667 0.459500 0.746667 0.454250 0.739333 0.447750 0.732333 0.445000 0.728333 0.444250 0.723667 0.444000
0 0.835667 0.446250 0.833667 0.445000 0.827000 0.443500 0.821000 0.443500 0.814667 0.444750 0.809333 0.447500 0.807667 0.450250 0.807667 0.452500 0.809000 0.455000 0.810667 0.456250 0.814667 0.457250 0.826667 0.456000 0.835000 0.452750 0.836333 0.450750 0.836333 0.447500
0 0.767333 0.572500 0.764000 0.573500 0.758667 0.576500 0.755333 0.580500 0.752667 0.586500 0.752333 0.592000 0.753333 0.595250 0.755333 0.597250 0.759667 0.598750 0.763333 0.598000 0.765667 0.596250 0.769333 0.592250 0.772333 0.587000 0.773000 0.584250 0.773000 0.578250 0.772333 0.576000 0.770667 0.573750
0 0.652000 0.643000 0.650667 0.641250 0.646667 0.639750 0.641667 0.639000 0.635000 0.639250 0.627000 0.640500 0.623333 0.642000 0.621000 0.645250 0.621000 0.647500 0.623667 0.650250 0.627000 0.651500 0.633667 0.652250 0.641000 0.651750 0.646000 0.650000 0.651000 0.646750
0 0.594000 0.633750 0.592667 0.631250 0.591333 0.630250 0.583667 0.629000 0.579000 0.629250 0.573000 0.630750 0.567667 0.633000 0.566333 0.634250 0.566333 0.635750 0.568000 0.638750 0.571333 0.640250 0.576667 0.641000 0.583333 0.641000 0.592000 0.639500 0.593667 0.637750
