0 0.467000 0.593750 0.463667 0.594500 0.462000 0.595750 0.461000 0.599500 0.461667 0.609250 0.465000 0.615000 0.467667 0.617000 0.470000 0.618000 0.474333 0.618000 0.476333 0.616500 0.478667 0.612000 0.478333 0.603000 0.475000 0.596000 0.471000 0.594000
0 0.505333 0.270500 0.502333 0.272250 0.500000 0.275750 0.499667 0.280000 0.500667 0.286500 0.501667 0.288750 0.506333 0.293000 0.509000 0.294000 0.511000 0.294000 0.514000 0.293250 0.516000 0.290500 0.516667 0.283500 0.514333 0.274750 0.510000 0.271750
0 0.530667 0.336250 0.527667 0.337500 0.525000 0.341500 0.524333 0.344500 0.524667 0.350500 0.526000 0.353500 0.529667 0.358250 0.533000 0.360500 0.537000 0.361250 0.540667 0.358250 0.542667 0.354250 0.542333 0.345000 0.538333 0.337750 0.534000 0.336250
0 0.665667 0.380500 0.662000 0.384500 0.660333 0.389000 0.660333 0.397750 0.661000 0.400750 0.663000 0.404500 0.666000 0.406250 0.670667 0.406500 0.674333 0.404500 0.676333 0.401250 0.678000 0.395250 0.678000 0.389750 0.676667 0.385250 0.675333 0.383500 0.670333 0.380000
0 0.506333 0.388000 0.504000 0.389250 0.502000 0.391750 0.502000 0.396250 0.504000 0.400750 0.508667 0.406750 0.514333 0.409750 0.518000 0.410000 0.521000 0.408750 0.522333 0.406750 0.523000 0.404500 0.522333 0.398250 0.518667 0.392250 0.513667 0.388250 0.510667 0.387500
0 0.505000 0.411750 0.502667 0.413750 0.501667 0.416000 0.501333 0.425250 0.502000 0.428250 0.503333 0.430250 0.505333 0.432000 0.507000 0.432000 0.511000 0.429750 0.512333 0.427750 0.513333 0.422750 0.512000 0.415750 0.511000 0.414250 0.507333 0.412000
0 0.419333 0.594500 0.417667 0.596500 0.417333 0.601000 0.418333 0.605000 0.420000 0.608000 0.424667 0.612500 0.427000 0.613250 0.432333 0.613000 0.434000 0.612000 0.435000 0.609750 0.435000 0.603750 0.433000 0.599000 0.427667 0.594500 0.424667 0.594000
0 0.373667 0.613000 0.372333 0.614000 0.371333 0.616000 0.370667 0.620750 0.372000 0.626750 0.374000 0.630750 0.376000 0.633500 0.379667 0.636250 0.383667 0.637500 0.388333 0.636750 0.390000 0.635000 0.391000 0.631000 0.390667 0.625750 0.388667 0.619750 0.386333 0.617250 0.380667 0.613250 0.377667 0.612500
0 0.339333 0.559750 0.334667 0.560000 0.331000 0.561750 0.328667 0.564250 0.327667 0.567500 0.327333 0.576750 0.328000 0.580000 0.330000 0.584250 0.333667 0.586250 0.339000 0.585750 0.342000 0.584000 0.345667 0.575750 0.346000 0.570500 0.344667 0.564500 0.342000 0.560750
0 0.466667 0.645750 0.464000 0.647000 0.462000 0.649000 0.461333 0.653750 0.462333 0.662250 0.465333 0.668250 0.467333 0.670000 0.471333 0.670500 0.475000 0.668500 0.476333 0.666250 0.477333 0.662500 0.477000 0.654000 0.476000 0.650250 0.474333 0.647750 0.471000 0.646000
0 0.447333 0.696500 0.444667 0.698000 0.442333 0.701500 0.442000 0.710000 0.443000 0.713250 0.446333 0.718000 0.449333 0.719250 0.452333 0.719500 0.456333 0.717250 0.458000 0.713750 0.458000 0.705250 0.456333 0.701750 0.453333 0.698000 0.451333 0.696750
0 0.479333 0.673000 0.475000 0.671750 0.463000 0.671750 0.457333 0.673000 0.455333 0.674000 0.452667 0.678000 0.448667 0.681000 0.448667 0.682500 0.451667 0.684500 0.460000 0.684500 0.468000 0.682750 0.478333 0.678250 0.479667 0.675500
0 0.536000 0.661500 0.533333 0.662750 0.531667 0.665500 0.530667 0.674500 0.531000 0.678250 0.532667 0.682250 0.535333 0.683250 0.537333 0.683250 0.543000 0.677500 0.544000 0.674500 0.544000 0.670250 0.542000 0.664500 0.537667 0.661500
0 0.542333 0.695250 0.540333 0.695250 0.536667 0.696750 0.532333 0.700750 0.530667 0.705250 0.530333 0.712500 0.531000 0.717500 0.532667 0.720000 0.535667 0.721250 0.540667 0.720500 0.544667 0.718250 0.546667 0.712750 0.547333 0.709000 0.546667 0.700500 0.545333 0.696750
0 0.323000 0.741000 0.319667 0.741250 0.316667 0.742500 0.314000 0.744750 0.312333 0.748250 0.313333 0.759500 0.314667 0.761500 0.317667 0.763000 0.319333 0.763000 0.323000 0.761250 0.326333 0.758000 0.327667 0.754750 0.328000 0.747250 0.327333 0.744500 0.326333 0.742750
0 0.457667 0.619750 0.457000 0.621750 0.457333 0.623750 0.470000 0.631500 0.478333 0.633500 0.483000 0.633500 0.488000 0.631750 0.488333 0.629500 0.487333 0.627000 0.481667 0.623750 0.477000 0.622500 0.474000 0.620500 0.464333 0.618250 0.459000 0.618750
0 0.508000 0.590500 0.504333 0.591750 0.501333 0.594500 0.500333 0.599750 0.500333 0.607500 0.501333 0.612000 0.503333 0.614500 0.505667 0.616000 0.509667 0.616500 0.513333 0.615000 0.515333 0.612500 0.518000 0.604250 0.518000 0.598250 0.517333 0.595750 0.514667 0.592500 0.511667 0.590750
0 0.535667 0.635750 0.532333 0.636500 0.529333 0.639500 0.528333 0.641750 0.528333 0.647500 0.532333 0.655750 0.536333 0.657500 0.538000 0.657500 0.542333 0.656250 0.544667 0.654000 0.545667 0.651000 0.545667 0.645500 0.544667 0.642000 0.542333 0.638500 0.537667 0.635750
0 0.578000 0.653500 0.576000 0.653500 0.572333 0.656750 0.570000 0.664000 0.570667 0.673500 0.572000 0.675750 0.575667 0.677500 0.580667 0.676500 0.583667 0.674250 0.585333 0.670500 0.586000 0.665500 0.585000 0.657500 0.582000 0.654750
0 0.563667 0.635500 0.560667 0.635250 0.558333 0.637000 0.556000 0.639750 0.555000 0.642250 0.554000 0.649750 0.554333 0.653500 0.555000 0.655000 0.557000 0.656250 0.561333 0.656250 0.563000 0.655500 0.565000 0.653250 0.566333 0.649750 0.567000 0.640500 0.566333 0.638000
0 0.536333 0.606750 0.532667 0.608750 0.531333 0.610750 0.530000 0.618500 0.530333 0.623000 0.531333 0.626500 0.533333 0.629750 0.536333 0.631250 0.541000 0.631250 0.543667 0.630000 0.545667 0.627750 0.546667 0.623750 0.546667 0.616250 0.545667 0.612000 0.544333 0.609750 0.541667 0.607750 0.538333 0.606750
0 0.669333 0.577750 0.666667 0.578750 0.664667 0.580500 0.662667 0.587500 0.662667 0.591500 0.663333 0.595250 0.665333 0.599750 0.669333 0.602000 0.673667 0.601500 0.675667 0.600000 0.678000 0.596750 0.679000 0.592750 0.679000 0.586250 0.678000 0.582750 0.675667 0.579500 0.673333 0.578250
0 0.329667 0.501000 0.328000 0.502250 0.327000 0.504750 0.327333 0.513250 0.329333 0.519250 0.330333 0.520750 0.334000 0.523000 0.337333 0.523500 0.341333 0.523250 0.343000 0.522250 0.344000 0.519750 0.344000 0.512750 0.342333 0.506500 0.338000 0.502000 0.334667 0.501000
0 0.424000 0.517500 0.419667 0.518000 0.416000 0.520750 0.414667 0.524250 0.414333 0.531250 0.415333 0.535250 0.416333 0.537000 0.420333 0.538500 0.423667 0.538250 0.427667 0.535750 0.429667 0.531250 0.430000 0.528500 0.429000 0.522500 0.427333 0.519750
0 0.431667 0.500250 0.428333 0.498250 0.424000 0.498250 0.415667 0.500750 0.413333 0.502250 0.410000 0.506500 0.409000 0.508750 0.409333 0.510750 0.412667 0.512750 0.420333 0.512750 0.424000 0.511500 0.431333 0.505000 0.432667 0.502500
0 0.449667 0.512000 0.446000 0.512000 0.441667 0.514000 0.438667 0.517250 0.436667 0.525000 0.437333 0.529750 0.439333 0.533750 0.441667 0.535250 0.443667 0.535750 0.448000 0.534500 0.451000 0.532500 0.454000 0.526750 0.454000 0.517250 0.452000 0.513000
0 0.552333 0.559750 0.550000 0.561250 0.548333 0.563750 0.547667 0.576000 0.549333 0.580000 0.552000 0.582000 0.556333 0.582250 0.559667 0.580000 0.561000 0.576000 0.561000 0.564250 0.560000 0.562250 0.557333 0.560250
0 0.551667 0.531750 0.549667 0.533000 0.548667 0.535750 0.549000 0.541250 0.551667 0.546750 0.557333 0.553000 0.562667 0.554750 0.565000 0.554750 0.568000 0.553000 0.569333 0.549750 0.569000 0.546000 0.567333 0.541500 0.560333 0.532750 0.555333 0.531500
0 0.505667 0.551000 0.504000 0.553250 0.503333 0.556750 0.505333 0.565250 0.508333 0.570000 0.517000 0.576750 0.521333 0.577000 0.523333 0.575750 0.525000 0.573000 0.524333 0.564250 0.521333 0.558000 0.514000 0.552750 0.509000 0.551250
0 0.505000 0.542000 0.504000 0.545500 0.505333 0.548250 0.511667 0.550750 0.516667 0.552000 0.521333 0.552250 0.526000 0.551500 0.529333 0.549500 0.529667 0.548250 0.528000 0.544750 0.521667 0.541250 0.517000 0.541000 0.514333 0.540250 0.508333 0.540250 0.506333 0.540750
0 0.504333 0.516750 0.501667 0.520750 0.501667 0.526250 0.504667 0.531250 0.508667 0.533250 0.511000 0.536250 0.513333 0.537750 0.518667 0.539250 0.521333 0.539500 0.522667 0.539000 0.525333 0.536750 0.526000 0.532250 0.522000 0.523500 0.514667 0.517000 0.510667 0.516000 0.507000 0.516000
0 0.575667 0.489750 0.571667 0.493000 0.571000 0.497250 0.571667 0.501500 0.573333 0.505500 0.577667 0.511750 0.580000 0.513500 0.583667 0.513500 0.585000 0.512750 0.586667 0.510250 0.587333 0.506250 0.585667 0.497500 0.584000 0.493750 0.579333 0.490500
0 0.528667 0.469250 0.525667 0.472250 0.524667 0.475000 0.524667 0.480750 0.525333 0.483000 0.528667 0.487500 0.532000 0.489000 0.534333 0.489000 0.538000 0.487000 0.539667 0.482250 0.540000 0.477500 0.537667 0.470500 0.533667 0.468750
0 0.486000 0.489250 0.481000 0.493250 0.480000 0.500000 0.481000 0.506000 0.482333 0.508500 0.486000 0.512250 0.490000 0.511750 0.491667 0.510500 0.494667 0.506500 0.495667 0.503250 0.495667 0.497500 0.495000 0.494000 0.491667 0.490500 0.489000 0.489250
0 0.471000 0.482000 0.466333 0.483250 0.463000 0.485500 0.462000 0.487000 0.458333 0.498000 0.458333 0.502250 0.462333 0.505250 0.464333 0.505250 0.467667 0.504000 0.472000 0.498750 0.473667 0.495250 0.474333 0.486750
0 0.448667 0.478750 0.446333 0.478750 0.443667 0.480000 0.439000 0.484000 0.438000 0.486500 0.437333 0.490500 0.437667 0.498500 0.440000 0.502250 0.443667 0.504250 0.447333 0.503750 0.452000 0.500750 0.453667 0.497000 0.454000 0.485750 0.453333 0.483250 0.451333 0.479750
0 0.451667 0.462000 0.446333 0.461500 0.440000 0.463250 0.430333 0.470250 0.428667 0.475250 0.429667 0.478500 0.431333 0.480000 0.434333 0.480500 0.437000 0.480000 0.443000 0.477000 0.450667 0.472000 0.452667 0.468000 0.452667 0.463750
0 0.393333 0.414000 0.389000 0.412500 0.385333 0.412500 0.376000 0.415250 0.370000 0.419750 0.366667 0.423500 0.365667 0.428500 0.367333 0.431500 0.370000 0.432750 0.377000 0.433000 0.381333 0.431750 0.388000 0.428500 0.394667 0.420250 0.394667 0.415750
0 0.446333 0.366250 0.442667 0.366750 0.439667 0.368750 0.438667 0.370250 0.437667 0.373500 0.437667 0.382750 0.438333 0.385500 0.440000 0.388000 0.442667 0.390000 0.448667 0.390500 0.452000 0.389250 0.453333 0.387250 0.454667 0.381750 0.454667 0.376250 0.452333 0.368500 0.451333 0.367500
0 0.471667 0.374500 0.466333 0.377000 0.463333 0.382000 0.462667 0.386250 0.465333 0.394750 0.469000 0.401000 0.471333 0.402250 0.475000 0.402250 0.479667 0.399500 0.481667 0.397000 0.483000 0.391500 0.483000 0.384500 0.482000 0.380750 0.479333 0.376250 0.475333 0.374500
