0 0.499000 0.345250 0.497333 0.347500 0.497000 0.350250 0.500333 0.357750 0.502000 0.360000 0.509667 0.366000 0.517000 0.368750 0.522333 0.369000 0.526000 0.365750 0.526000 0.360750 0.521667 0.353750 0.510333 0.345500 0.503000 0.344250
0 0.524333 0.403750 0.523667 0.409000 0.525667 0.412750 0.533000 0.417000 0.540333 0.419500 0.549333 0.419250 0.553000 0.417000 0.553333 0.413500 0.552000 0.410500 0.549667 0.407750 0.544667 0.405000 0.533333 0.402250 0.528333 0.402250 0.525667 0.402750
0 0.526000 0.420750 0.521333 0.421000 0.516667 0.423500 0.512333 0.431500 0.511667 0.437500 0.512333 0.442750 0.514000 0.445000 0.517667 0.446250 0.521667 0.446000 0.524667 0.444500 0.528667 0.440750 0.530000 0.437500 0.530667 0.434000 0.530000 0.423750 0.529000 0.422250
0 0.473667 0.391500 0.469333 0.391750 0.466667 0.393250 0.462333 0.399500 0.461333 0.403500 0.461000 0.409750 0.462000 0.414000 0.465667 0.419000 0.469000 0.420500 0.471667 0.420500 0.475333 0.418750 0.479333 0.412500 0.480333 0.409000 0.480667 0.401250 0.479333 0.396500 0.476667 0.392750
0 0.453667 0.413500 0.450667 0.413500 0.446333 0.415500 0.443667 0.419500 0.442667 0.422500 0.442667 0.435500 0.445333 0.439750 0.447667 0.440750 0.452000 0.440000 0.456333 0.436500 0.459333 0.428750 0.459667 0.422500 0.458000 0.416750 0.456333 0.414500
0 0.375333 0.420250 0.372667 0.422500 0.372333 0.426500 0.373333 0.428750 0.379000 0.434750 0.385333 0.439000 0.389667 0.441000 0.392333 0.441750 0.397333 0.441250 0.399333 0.438500 0.398667 0.432000 0.397000 0.429250 0.392667 0.424750 0.389000 0.422250 0.380667 0.419750 0.376667 0.419750
0 0.427333 0.434750 0.424000 0.436750 0.422667 0.439250 0.422000 0.444500 0.422333 0.451750 0.424333 0.456000 0.427000 0.458000 0.432000 0.459000 0.435333 0.457000 0.436333 0.454750 0.437000 0.448750 0.436333 0.439000 0.432333 0.435000
0 0.401333 0.456750 0.400000 0.457250 0.399000 0.459250 0.399000 0.472000 0.399667 0.475000 0.403667 0.480250 0.408333 0.481000 0.412000 0.478250 0.412667 0.469250 0.410000 0.463500 0.406000 0.458000 0.404333 0.456750
0 0.412000 0.483750 0.408333 0.484000 0.404667 0.486750 0.403000 0.489750 0.402333 0.493000 0.403667 0.503000 0.406667 0.508750 0.408333 0.510500 0.412667 0.509750 0.416333 0.505250 0.418333 0.499250 0.418333 0.494000 0.417000 0.489500 0.414667 0.485500
0 0.472000 0.479000 0.470333 0.479750 0.469333 0.481250 0.468667 0.484750 0.469000 0.492250 0.470000 0.496500 0.471333 0.498750 0.477667 0.502750 0.482000 0.502500 0.484667 0.498750 0.484667 0.494250 0.483000 0.486750 0.481667 0.484000 0.478667 0.481000 0.475333 0.479000
0 0.518000 0.528250 0.513000 0.529000 0.510000 0.532750 0.509000 0.537750 0.510000 0.543750 0.511000 0.545500 0.514000 0.547750 0.518333 0.547000 0.521333 0.544500 0.522667 0.541500 0.523000 0.536000 0.522333 0.532000 0.521333 0.530500
0 0.370000 0.532750 0.367333 0.532500 0.364333 0.533000 0.360667 0.536000 0.354333 0.544250 0.353333 0.548250 0.354000 0.552750 0.356000 0.555250 0.357667 0.556250 0.361000 0.556000 0.366000 0.554250 0.371667 0.548250 0.373667 0.543000 0.373667 0.536250 0.372667 0.534500
0 0.435000 0.561000 0.432333 0.559500 0.428000 0.559750 0.424333 0.560500 0.421667 0.562000 0.415000 0.564250 0.406667 0.571750 0.407000 0.576750 0.410667 0.578000 0.417000 0.577750 0.420667 0.577000 0.425333 0.574500 0.434000 0.568500 0.436000 0.565250
0 0.455000 0.554500 0.451333 0.555000 0.447000 0.558500 0.443667 0.564750 0.442333 0.573000 0.444333 0.576750 0.447000 0.578500 0.451667 0.578750 0.456333 0.576000 0.459667 0.571500 0.461000 0.565500 0.460667 0.559250 0.459667 0.556500 0.458333 0.555500
0 0.467000 0.579000 0.465333 0.581000 0.463667 0.587750 0.464333 0.595750 0.466000 0.599500 0.469667 0.602000 0.471667 0.602000 0.474333 0.600750 0.475667 0.598750 0.476667 0.594500 0.476667 0.587750 0.476000 0.583750 0.474333 0.579750 0.471333 0.578500
0 0.489667 0.578000 0.486667 0.580500 0.485667 0.585750 0.485667 0.593000 0.489000 0.599500 0.490667 0.600500 0.494667 0.600500 0.497667 0.598000 0.499000 0.595500 0.499667 0.592250 0.499333 0.585000 0.498000 0.581000 0.496333 0.579250 0.494333 0.578250
0 0.493000 0.609500 0.489000 0.611250 0.486667 0.614500 0.485667 0.617750 0.485667 0.622500 0.486667 0.626750 0.488667 0.629500 0.492000 0.632500 0.494000 0.633500 0.497667 0.633000 0.500000 0.630500 0.501667 0.624500 0.501667 0.619250 0.500667 0.615250 0.498667 0.611250 0.496667 0.610000
0 0.504667 0.652500 0.502667 0.651750 0.498333 0.651500 0.494667 0.653250 0.489333 0.657500 0.487000 0.661500 0.486000 0.666750 0.487333 0.668500 0.489667 0.670000 0.497667 0.668000 0.499667 0.666250 0.505333 0.658250 0.506000 0.653750
0 0.443000 0.628000 0.440000 0.629500 0.439000 0.631250 0.439000 0.635500 0.440333 0.639000 0.442667 0.642750 0.447333 0.647250 0.450667 0.648500 0.455333 0.648250 0.456667 0.646500 0.457000 0.642000 0.454000 0.635250 0.451667 0.632250 0.447667 0.629250
0 0.428333 0.593250 0.425667 0.593750 0.423000 0.595250 0.419333 0.603000 0.419000 0.606000 0.419333 0.610000 0.421333 0.615750 0.423000 0.617250 0.426667 0.618000 0.428333 0.617750 0.431333 0.615500 0.432667 0.613500 0.435000 0.604250 0.435000 0.599000 0.434000 0.595750 0.432000 0.594000
0 0.400333 0.601000 0.398000 0.602500 0.396333 0.606750 0.396667 0.612000 0.398333 0.618250 0.400000 0.621250 0.403000 0.624000 0.404667 0.624750 0.408667 0.625000 0.412000 0.623500 0.413333 0.621000 0.413667 0.616500 0.412667 0.610750 0.410000 0.605750 0.407333 0.602750 0.405000 0.601000
0 0.392333 0.627000 0.389000 0.626500 0.384333 0.627500 0.376000 0.633500 0.372000 0.640250 0.370333 0.645750 0.371000 0.649000 0.372667 0.651500 0.377000 0.651750 0.378667 0.651000 0.389333 0.642250 0.392000 0.638500 0.393333 0.633750 0.393667 0.630000
0 0.434667 0.687500 0.431000 0.689500 0.428333 0.696750 0.428000 0.705000 0.430667 0.711000 0.434333 0.713500 0.436333 0.713750 0.440333 0.711750 0.442333 0.708750 0.443667 0.705000 0.444000 0.697000 0.440667 0.689000 0.439000 0.688000
0 0.497000 0.679750 0.494000 0.680750 0.492667 0.682250 0.491000 0.686250 0.491000 0.690500 0.492000 0.696750 0.493667 0.701250 0.497333 0.704250 0.499000 0.704500 0.503333 0.703500 0.505667 0.701750 0.507000 0.697250 0.506667 0.689750 0.502333 0.681750 0.499333 0.680000
0 0.540333 0.685000 0.537333 0.686250 0.535000 0.688500 0.534000 0.692000 0.534000 0.698500 0.536000 0.705250 0.538667 0.709250 0.540667 0.710750 0.545000 0.711000 0.548000 0.709500 0.550000 0.707250 0.551000 0.704750 0.551333 0.697500 0.548333 0.689250 0.544667 0.685750
0 0.505000 0.709750 0.501333 0.709500 0.497667 0.710500 0.494000 0.713750 0.492333 0.716750 0.492000 0.729250 0.493000 0.733250 0.494667 0.735250 0.498667 0.735500 0.503333 0.732500 0.506333 0.729000 0.508000 0.721250 0.508000 0.714250 0.507333 0.711750
0 0.454333 0.737500 0.450667 0.737250 0.446333 0.739750 0.442667 0.744000 0.439667 0.751250 0.439333 0.758750 0.441333 0.763000 0.443333 0.764500 0.447000 0.764750 0.451000 0.763500 0.453667 0.761000 0.457667 0.755250 0.459000 0.751000 0.459333 0.744000 0.457333 0.739750
0 0.412333 0.700250 0.408000 0.700500 0.403333 0.705750 0.401333 0.713000 0.401000 0.721000 0.402333 0.724250 0.404000 0.725750 0.408000 0.725500 0.412333 0.722250 0.415000 0.717000 0.416000 0.711000 0.415667 0.705000 0.413667 0.701250
0 0.371000 0.725500 0.369000 0.725000 0.365667 0.725250 0.360667 0.726750 0.353000 0.732500 0.349667 0.736000 0.348667 0.738500 0.348667 0.741250 0.350667 0.743250 0.353667 0.744250 0.356000 0.743750 0.363000 0.740500 0.366667 0.738000 0.370667 0.734000 0.372667 0.730250 0.372667 0.727000
0 0.513000 0.737250 0.509667 0.739750 0.509333 0.743750 0.510333 0.747500 0.513000 0.752500 0.516667 0.757000 0.520667 0.758750 0.522000 0.758750 0.525000 0.756750 0.526333 0.752500 0.525667 0.748250 0.523000 0.743000 0.517333 0.738250 0.514667 0.737250
