0 0.451333 0.354750 0.447667 0.355000 0.445000 0.356750 0.442333 0.360750 0.440000 0.367750 0.440000 0.372500 0.441667 0.376500 0.446667 0.379500 0.451000 0.379000 0.454000 0.376750 0.457333 0.372750 0.458333 0.369000 0.458333 0.363750 0.457000 0.359000 0.455667 0.357000
0 0.519000 0.377000 0.518333 0.379750 0.519000 0.382000 0.528333 0.389250 0.532333 0.390750 0.538667 0.392000 0.544667 0.392250 0.545667 0.391750 0.547333 0.389250 0.546667 0.384000 0.545000 0.381750 0.538000 0.377250 0.530000 0.375250 0.521333 0.375750
0 0.409000 0.407500 0.409000 0.408750 0.411000 0.412250 0.421000 0.417250 0.424667 0.418000 0.430000 0.418000 0.434667 0.417250 0.436667 0.415750 0.437333 0.411250 0.436333 0.408750 0.431667 0.406250 0.420667 0.404250 0.415000 0.404250 0.411667 0.404750
0 0.463667 0.446750 0.459667 0.445500 0.454000 0.445250 0.447667 0.446000 0.444667 0.447000 0.438667 0.450000 0.434333 0.454000 0.433333 0.458000 0.434000 0.459750 0.436333 0.461000 0.445000 0.461250 0.454667 0.459500 0.459667 0.457000 0.463333 0.453000 0.464333 0.451250
0 0.423333 0.464750 0.419333 0.467000 0.417667 0.470000 0.418000 0.474750 0.419333 0.478250 0.422333 0.483000 0.424000 0.484250 0.430333 0.486500 0.435333 0.486250 0.437667 0.483250 0.438333 0.479500 0.438000 0.475250 0.436333 0.470250 0.432000 0.466250 0.428667 0.464750
0 0.516333 0.507250 0.513000 0.508000 0.511333 0.509250 0.509000 0.513000 0.508333 0.516750 0.509000 0.525250 0.510333 0.527750 0.513000 0.530250 0.516000 0.531000 0.521000 0.531000 0.523667 0.529500 0.525333 0.526250 0.526333 0.522000 0.526333 0.517250 0.524667 0.512500 0.522333 0.508750 0.518333 0.507250
0 0.294667 0.490250 0.290667 0.492750 0.288667 0.497000 0.288333 0.501750 0.289333 0.509000 0.291333 0.513250 0.294667 0.515750 0.300667 0.516250 0.304000 0.515000 0.306667 0.511000 0.307667 0.506500 0.307667 0.501500 0.304000 0.493500 0.299000 0.490500
0 0.381000 0.550000 0.379000 0.551250 0.377667 0.553250 0.377667 0.557250 0.379000 0.560500 0.385667 0.569000 0.389000 0.570750 0.393667 0.571250 0.396667 0.569750 0.397667 0.566750 0.397667 0.563000 0.396000 0.558500 0.393667 0.555500 0.388333 0.551250 0.385000 0.550000
0 0.342333 0.550750 0.338667 0.551000 0.336667 0.551750 0.330667 0.556250 0.328667 0.560000 0.328333 0.569000 0.330000 0.572500 0.333333 0.574250 0.337667 0.573750 0.342000 0.570750 0.344000 0.568250 0.347000 0.562000 0.347000 0.555250 0.345667 0.552750
0 0.366667 0.572250 0.364667 0.572500 0.361333 0.575000 0.359667 0.579250 0.359333 0.582750 0.360000 0.591500 0.362000 0.593750 0.364667 0.594750 0.369333 0.594250 0.372667 0.592250 0.374333 0.588500 0.375000 0.584250 0.374667 0.580000 0.372667 0.575500 0.369333 0.572500
0 0.428333 0.588250 0.425000 0.586500 0.421333 0.585750 0.414000 0.585750 0.407000 0.587000 0.400000 0.591250 0.399000 0.594500 0.399333 0.596500 0.400667 0.598000 0.406000 0.599500 0.415333 0.599250 0.420333 0.598250 0.424667 0.596500 0.428333 0.594000 0.429333 0.591750
0 0.512667 0.581500 0.510000 0.582500 0.509000 0.583750 0.507333 0.591750 0.507667 0.595750 0.509333 0.601000 0.513333 0.606250 0.516667 0.608000 0.518667 0.608000 0.522333 0.606250 0.524000 0.603250 0.523667 0.591500 0.522000 0.587000 0.517000 0.582750 0.514333 0.581500
0 0.521333 0.547250 0.516000 0.548000 0.513000 0.550500 0.509000 0.556250 0.508667 0.560500 0.510000 0.564250 0.513667 0.566250 0.517333 0.565750 0.520333 0.564250 0.523667 0.559750 0.525333 0.551750 0.524000 0.548500
0 0.471000 0.593750 0.466000 0.595000 0.465000 0.596250 0.464000 0.599000 0.464333 0.604000 0.466000 0.609750 0.469667 0.616250 0.474000 0.618500 0.476000 0.618500 0.479333 0.617750 0.482333 0.614750 0.483333 0.611750 0.483000 0.603250 0.478333 0.596250 0.474333 0.594000
0 0.439333 0.610750 0.436000 0.610000 0.431000 0.610750 0.422667 0.618250 0.418667 0.627000 0.418667 0.630500 0.419333 0.631750 0.422667 0.633500 0.427333 0.633250 0.431000 0.631500 0.435333 0.628250 0.440333 0.619500 0.441000 0.614250 0.440333 0.611750
0 0.378333 0.645750 0.378000 0.647000 0.379333 0.650750 0.385667 0.655250 0.392000 0.657250 0.402333 0.659500 0.408000 0.659000 0.411000 0.657250 0.411667 0.653250 0.410333 0.650500 0.403667 0.646000 0.400000 0.644500 0.394667 0.643000 0.387333 0.642500 0.381667 0.643500
0 0.526667 0.629750 0.521333 0.627750 0.517000 0.627500 0.509333 0.629500 0.502333 0.633750 0.499000 0.638000 0.498333 0.640000 0.498333 0.643500 0.500000 0.646250 0.501333 0.647250 0.504333 0.647750 0.509000 0.647250 0.513667 0.645500 0.522000 0.640750 0.524333 0.639000 0.527000 0.635250 0.527333 0.631000
0 0.535667 0.624250 0.533000 0.625000 0.530667 0.627250 0.531667 0.636500 0.532667 0.639250 0.536000 0.643250 0.539667 0.646250 0.542333 0.646750 0.545000 0.645500 0.546667 0.642500 0.547000 0.635000 0.546333 0.632500 0.542667 0.626250 0.538667 0.624500
0 0.490667 0.655750 0.488000 0.657500 0.486333 0.661250 0.486333 0.666750 0.490000 0.674500 0.493667 0.678750 0.498000 0.680250 0.502333 0.680000 0.505667 0.678000 0.506333 0.676500 0.506667 0.671250 0.505667 0.665000 0.502000 0.659000 0.499667 0.657000 0.495000 0.655500
0 0.470333 0.664000 0.467000 0.667250 0.466000 0.670000 0.466000 0.675750 0.469667 0.686750 0.471000 0.687750 0.475333 0.688250 0.480000 0.685750 0.482000 0.682500 0.483000 0.678500 0.483000 0.673500 0.482000 0.669500 0.479333 0.665500 0.475000 0.663500
0 0.479000 0.689500 0.475333 0.689750 0.471667 0.691750 0.468667 0.696750 0.467667 0.703750 0.468333 0.709500 0.470000 0.712750 0.473333 0.714500 0.475667 0.714500 0.479000 0.713000 0.483000 0.710250 0.484000 0.708500 0.484667 0.705000 0.484667 0.696500 0.484000 0.693250 0.483000 0.691500
0 0.459333 0.708250 0.455667 0.708500 0.451000 0.710500 0.447667 0.713000 0.445333 0.716250 0.444333 0.724500 0.445667 0.726750 0.447667 0.728000 0.450000 0.728500 0.452333 0.728250 0.456333 0.725750 0.460333 0.721500 0.462667 0.713000 0.461333 0.710000
0 0.359667 0.721250 0.358000 0.724000 0.358333 0.727500 0.361667 0.732000 0.369000 0.736250 0.377000 0.739250 0.381667 0.739000 0.385667 0.737000 0.385667 0.732750 0.383667 0.728500 0.381667 0.725750 0.377000 0.722500 0.369667 0.720000 0.361333 0.720250
0 0.499000 0.706000 0.497333 0.706000 0.493333 0.708750 0.490667 0.712750 0.489667 0.716750 0.489667 0.721750 0.492000 0.727750 0.494000 0.730000 0.497333 0.730750 0.499000 0.730500 0.500667 0.729250 0.502667 0.726500 0.506000 0.720250 0.506667 0.717250 0.506333 0.711750 0.503000 0.708250
0 0.514667 0.714500 0.512667 0.714500 0.509000 0.717250 0.506000 0.727750 0.507000 0.732250 0.508333 0.733750 0.510333 0.734500 0.513333 0.734500 0.517000 0.732000 0.519333 0.727250 0.519667 0.719500 0.518000 0.716000
0 0.545333 0.711000 0.541000 0.712500 0.538667 0.716000 0.538667 0.728000 0.539667 0.732250 0.541333 0.733750 0.544333 0.734750 0.548000 0.734750 0.551667 0.733500 0.553333 0.731500 0.554000 0.718750 0.553000 0.715250 0.550667 0.712500 0.549000 0.711500
0 0.556667 0.623750 0.554667 0.625250 0.553333 0.628750 0.553333 0.635250 0.554333 0.639250 0.557000 0.642750 0.561000 0.645750 0.563333 0.646750 0.565667 0.646750 0.568000 0.645750 0.569333 0.643500 0.569667 0.638000 0.568667 0.632250 0.565667 0.626250 0.560667 0.623750
0 0.342333 0.687500 0.338333 0.687750 0.335333 0.689000 0.330667 0.693750 0.328667 0.697250 0.328333 0.706250 0.329667 0.711000 0.333333 0.714500 0.337000 0.715500 0.340667 0.715000 0.343000 0.713750 0.347000 0.708500 0.350000 0.700500 0.350000 0.695250 0.348333 0.690750 0.346000 0.688500
