0 0.504000 0.567250 0.501000 0.567750 0.498000 0.571500 0.497333 0.580250 0.499000 0.583500 0.500000 0.589000 0.502000 0.590500 0.505667 0.591250 0.510333 0.588500 0.513000 0.583500 0.513333 0.579250 0.512333 0.575500 0.510000 0.571250 0.506667 0.567750
0 0.489667 0.272250 0.487000 0.273250 0.485667 0.274500 0.485667 0.280500 0.487667 0.283750 0.494000 0.290500 0.497333 0.292250 0.499333 0.292250 0.502333 0.291250 0.504333 0.289000 0.505000 0.287500 0.504667 0.282250 0.500667 0.275500 0.498667 0.273750
0 0.486667 0.339500 0.484333 0.341000 0.481333 0.345250 0.481000 0.350250 0.482333 0.356750 0.486667 0.364750 0.490000 0.366500 0.494667 0.366500 0.497667 0.364500 0.499333 0.360750 0.499333 0.350750 0.498667 0.347500 0.497000 0.344500 0.491000 0.340250
0 0.497000 0.381000 0.493667 0.382250 0.492000 0.384750 0.492000 0.390000 0.495000 0.396500 0.498333 0.400000 0.502333 0.403000 0.505000 0.404000 0.506667 0.404000 0.508667 0.403250 0.511333 0.400750 0.511667 0.396500 0.511000 0.392500 0.506333 0.384750 0.499000 0.381000
0 0.517333 0.401750 0.515333 0.403500 0.514333 0.406750 0.514667 0.411750 0.516667 0.417500 0.519667 0.421500 0.522000 0.423250 0.525667 0.424750 0.529333 0.425000 0.533333 0.420500 0.533000 0.415750 0.530000 0.407000 0.527333 0.404000 0.525000 0.402500 0.521667 0.401250
0 0.482667 0.392000 0.478333 0.391750 0.477000 0.392250 0.474667 0.394500 0.470667 0.400750 0.471000 0.409500 0.473000 0.413500 0.475667 0.415000 0.479667 0.415000 0.482667 0.414000 0.487000 0.404250 0.487000 0.399750 0.486000 0.396250
0 0.482333 0.416250 0.477667 0.417500 0.474000 0.420750 0.471667 0.421500 0.469667 0.423250 0.466667 0.431250 0.466333 0.436500 0.467333 0.438750 0.470000 0.440750 0.474333 0.440000 0.480333 0.435500 0.482333 0.432750 0.485333 0.424500 0.485000 0.419000 0.483667 0.417000
0 0.477333 0.439500 0.476333 0.442500 0.476667 0.444250 0.478000 0.446250 0.485333 0.451750 0.491000 0.453250 0.498333 0.453750 0.503000 0.453500 0.506333 0.452250 0.507000 0.451000 0.507000 0.447250 0.506333 0.446000 0.497667 0.440000 0.494000 0.439000 0.483667 0.437750 0.478667 0.438500
0 0.522333 0.428750 0.519000 0.429250 0.516667 0.430750 0.512000 0.439750 0.512333 0.447750 0.514000 0.450250 0.516667 0.451000 0.521333 0.449750 0.523333 0.448000 0.526000 0.444250 0.527667 0.439250 0.527667 0.435000 0.526667 0.431250 0.525000 0.429500
0 0.526333 0.450000 0.524667 0.450000 0.521000 0.451750 0.518000 0.452250 0.516333 0.453500 0.512667 0.461250 0.511667 0.465500 0.512000 0.470250 0.513000 0.472000 0.516667 0.473500 0.521000 0.473000 0.524000 0.471000 0.527333 0.467500 0.530000 0.462750 0.530667 0.454250 0.529333 0.451250
0 0.587000 0.439000 0.584667 0.440000 0.579667 0.443750 0.578667 0.446250 0.579333 0.452500 0.581000 0.455750 0.585000 0.460000 0.591333 0.463000 0.595667 0.462750 0.599000 0.459000 0.599667 0.456500 0.599667 0.453000 0.598000 0.447500 0.593333 0.440500 0.591000 0.439250
0 0.610333 0.477000 0.607667 0.477750 0.606333 0.478750 0.604000 0.482000 0.603333 0.490000 0.606667 0.498000 0.611333 0.502000 0.615667 0.502500 0.619667 0.500750 0.622000 0.497750 0.623000 0.494000 0.622667 0.485750 0.619667 0.480000 0.617333 0.478000 0.615000 0.477000
0 0.590000 0.484000 0.587333 0.484750 0.584667 0.487250 0.583667 0.491000 0.583667 0.495000 0.585000 0.497500 0.585667 0.502000 0.587333 0.506000 0.588667 0.506750 0.592667 0.507250 0.595333 0.506500 0.596333 0.505500 0.599000 0.499250 0.599333 0.493000 0.598667 0.489750 0.596333 0.486000 0.592000 0.484000
0 0.572000 0.468250 0.568333 0.468500 0.564667 0.470250 0.561000 0.478500 0.561333 0.485250 0.563000 0.489500 0.565000 0.491500 0.567667 0.492500 0.572667 0.492250 0.575667 0.490500 0.577333 0.488000 0.578333 0.484000 0.578667 0.477750 0.577333 0.471250 0.576000 0.469500
0 0.482667 0.453500 0.478333 0.453250 0.476000 0.454250 0.473667 0.456250 0.470000 0.461750 0.469333 0.466000 0.469667 0.470500 0.471000 0.472750 0.474000 0.474750 0.479333 0.474250 0.482333 0.472000 0.485000 0.466750 0.486333 0.461750 0.486333 0.458500 0.484667 0.454750
0 0.454667 0.479500 0.451333 0.482000 0.450667 0.487250 0.455000 0.497000 0.459333 0.500750 0.466667 0.501250 0.468667 0.498750 0.468333 0.493000 0.466667 0.486500 0.464667 0.484000 0.459000 0.480250
0 0.459667 0.513000 0.460000 0.514250 0.462333 0.515750 0.469333 0.518000 0.473667 0.518000 0.481667 0.516750 0.487000 0.514500 0.488000 0.513500 0.488000 0.509750 0.486667 0.508500 0.482333 0.507000 0.470333 0.507000 0.462667 0.509250 0.461333 0.510000
0 0.383333 0.494250 0.381333 0.494750 0.377667 0.498250 0.377667 0.506000 0.379667 0.510750 0.382333 0.514250 0.385000 0.515750 0.389333 0.516500 0.394000 0.514250 0.395333 0.511750 0.395667 0.506250 0.394000 0.500750 0.390000 0.496250 0.387000 0.494500
0 0.550000 0.540250 0.544333 0.541000 0.541667 0.543500 0.540333 0.545500 0.539333 0.552250 0.539667 0.557250 0.541000 0.561000 0.544667 0.564000 0.548000 0.565000 0.550333 0.564500 0.554000 0.562000 0.556667 0.557250 0.557667 0.553250 0.557333 0.548250 0.555667 0.544250 0.553333 0.541000
0 0.471333 0.546750 0.466000 0.545500 0.457333 0.547750 0.454333 0.550250 0.450667 0.555500 0.451333 0.559250 0.454667 0.561000 0.459000 0.561250 0.465667 0.558250 0.471333 0.553250 0.472333 0.550250 0.472333 0.548250
0 0.486667 0.559250 0.484333 0.560250 0.481000 0.563750 0.478667 0.568500 0.478333 0.574000 0.479000 0.576500 0.481667 0.580250 0.485667 0.583000 0.487333 0.583250 0.490333 0.582500 0.492333 0.580500 0.494667 0.575250 0.495000 0.567250 0.494000 0.564250 0.491000 0.560500
0 0.499333 0.593750 0.498667 0.595750 0.501333 0.600000 0.509000 0.604750 0.517000 0.607000 0.522000 0.606000 0.523000 0.604500 0.522333 0.601000 0.517000 0.596000 0.506333 0.592750 0.501333 0.592500
0 0.504667 0.612250 0.502000 0.613250 0.500000 0.615250 0.499000 0.619000 0.499333 0.624250 0.501333 0.631500 0.505333 0.635250 0.507333 0.635250 0.510333 0.634250 0.513333 0.631000 0.514333 0.627750 0.514333 0.624500 0.513333 0.619250 0.510333 0.615000 0.506667 0.612250
0 0.478667 0.609000 0.476333 0.610500 0.474667 0.614500 0.475000 0.620250 0.476667 0.625250 0.479333 0.628750 0.481000 0.629750 0.486000 0.631250 0.490000 0.630750 0.491333 0.629750 0.492667 0.627000 0.492667 0.622500 0.491000 0.616500 0.486333 0.610500 0.483000 0.609000
0 0.478000 0.632000 0.475333 0.634000 0.474333 0.637000 0.475667 0.646250 0.477667 0.652000 0.482333 0.656250 0.485000 0.657000 0.490333 0.657000 0.492000 0.655250 0.492667 0.652500 0.492667 0.646500 0.491000 0.639500 0.486667 0.634250 0.482667 0.632500
0 0.490000 0.659500 0.487000 0.660500 0.483000 0.664750 0.480333 0.673000 0.481000 0.679000 0.482667 0.681000 0.485333 0.681500 0.487000 0.681250 0.491000 0.679000 0.495000 0.672750 0.495667 0.667000 0.495000 0.662750 0.493333 0.660750
0 0.451333 0.661000 0.447667 0.662750 0.444667 0.666000 0.443000 0.670250 0.442667 0.674750 0.444333 0.680750 0.446667 0.684750 0.448667 0.686000 0.452000 0.686750 0.456333 0.686000 0.459667 0.683000 0.461333 0.677250 0.461667 0.671500 0.459667 0.664750 0.455667 0.661750
0 0.456667 0.579500 0.455000 0.580250 0.454000 0.583000 0.454333 0.587750 0.455667 0.591750 0.459000 0.595500 0.462333 0.597750 0.466667 0.598500 0.468667 0.596500 0.469667 0.593000 0.469333 0.588750 0.467333 0.584000 0.463000 0.580000 0.460333 0.579250
0 0.443000 0.580500 0.439667 0.580250 0.436000 0.582750 0.431667 0.587250 0.430000 0.591000 0.429333 0.596250 0.430333 0.604250 0.432000 0.607000 0.435000 0.608500 0.439667 0.608250 0.443000 0.606250 0.444333 0.604750 0.447333 0.596500 0.448000 0.587250 0.446000 0.583250
0 0.417000 0.592750 0.413000 0.593250 0.409333 0.595500 0.407333 0.598750 0.406333 0.602750 0.406333 0.609500 0.407667 0.614500 0.409333 0.616250 0.412000 0.617500 0.416667 0.617500 0.419000 0.616750 0.421000 0.615250 0.423333 0.611750 0.424667 0.607500 0.424667 0.601500 0.423667 0.598500 0.421000 0.594250
0 0.392667 0.619750 0.389333 0.621000 0.388000 0.622000 0.387000 0.624000 0.386000 0.629500 0.386333 0.634500 0.388000 0.640000 0.390667 0.643500 0.393667 0.645250 0.397333 0.645500 0.401667 0.643000 0.403333 0.639250 0.403667 0.632500 0.403000 0.627000 0.401000 0.622750 0.398667 0.621000 0.396000 0.619750
0 0.399667 0.734500 0.395667 0.736500 0.393667 0.739750 0.392667 0.743000 0.393000 0.747250 0.395000 0.751750 0.398667 0.757000 0.401000 0.758500 0.404333 0.758750 0.408667 0.756500 0.410000 0.754750 0.411333 0.749750 0.411000 0.744750 0.409000 0.739750 0.406333 0.736000 0.403667 0.734750
0 0.353000 0.717500 0.350333 0.718500 0.348667 0.720250 0.348333 0.724500 0.349333 0.727000 0.357333 0.737000 0.361000 0.739500 0.365333 0.739250 0.368667 0.737000 0.369667 0.733500 0.368667 0.728500 0.366333 0.723750 0.364333 0.721000 0.361000 0.719000 0.357333 0.717750
