0 0.572667 0.408750 0.568667 0.408750 0.563667 0.410750 0.557333 0.416500 0.555667 0.419250 0.555000 0.423250 0.555667 0.427750 0.557000 0.429250 0.561667 0.430250 0.568000 0.429000 0.572333 0.425750 0.575667 0.421750 0.577000 0.418000 0.576667 0.412750 0.575667 0.410750
0 0.560333 0.435000 0.558333 0.438750 0.558667 0.443500 0.563667 0.452750 0.572000 0.457000 0.576333 0.456500 0.577667 0.454250 0.578000 0.449750 0.577000 0.444250 0.574667 0.439750 0.572333 0.437750 0.567667 0.435250 0.564000 0.434500
0 0.563333 0.455500 0.560000 0.457000 0.559000 0.459000 0.559333 0.466500 0.563667 0.474750 0.567667 0.476750 0.569333 0.476750 0.572667 0.475750 0.574000 0.474250 0.575667 0.470250 0.575333 0.465750 0.573000 0.460750 0.569333 0.457250 0.567333 0.456000
0 0.523333 0.484500 0.520667 0.484500 0.517333 0.485750 0.515333 0.489500 0.514000 0.494500 0.514667 0.501500 0.516000 0.506000 0.517333 0.507500 0.521000 0.509000 0.525667 0.508000 0.528333 0.506000 0.530000 0.502750 0.530667 0.498000 0.530333 0.491750 0.529000 0.487500 0.527000 0.485500
0 0.432000 0.454250 0.428000 0.455500 0.425667 0.458500 0.423667 0.463250 0.424000 0.468250 0.425000 0.471500 0.427000 0.474500 0.431000 0.477000 0.435000 0.477000 0.437667 0.475250 0.440000 0.471250 0.440667 0.462500 0.439000 0.458000 0.437000 0.455500 0.435000 0.454500
0 0.376333 0.470000 0.372000 0.469750 0.369667 0.470500 0.368333 0.471500 0.366333 0.475250 0.363667 0.478250 0.361333 0.485500 0.361333 0.487750 0.362333 0.491500 0.365333 0.494750 0.369667 0.494750 0.373667 0.492250 0.377667 0.484750 0.379333 0.479750 0.379333 0.474750 0.378000 0.471000
0 0.384000 0.499750 0.381667 0.501500 0.381000 0.506500 0.384000 0.513250 0.390667 0.518750 0.392667 0.519500 0.396333 0.519500 0.398333 0.518000 0.399000 0.515750 0.399000 0.512000 0.398000 0.508500 0.393333 0.502500 0.391333 0.501000 0.388667 0.499750
0 0.454333 0.516500 0.451000 0.517000 0.449333 0.518500 0.447667 0.522000 0.447667 0.529000 0.450333 0.534000 0.452000 0.535250 0.455333 0.536250 0.458667 0.533750 0.460333 0.529500 0.460333 0.523750 0.458333 0.518750 0.456333 0.517000
0 0.492667 0.500250 0.489000 0.502000 0.486667 0.505500 0.485667 0.511000 0.486667 0.514250 0.492333 0.522000 0.494000 0.523000 0.499000 0.523250 0.503000 0.522000 0.506000 0.518750 0.505667 0.510250 0.503333 0.508250 0.499667 0.502000 0.496333 0.500500
0 0.604000 0.507750 0.602000 0.509250 0.601333 0.513000 0.603000 0.520750 0.608333 0.526250 0.610667 0.527250 0.615000 0.526750 0.616333 0.525500 0.617333 0.522250 0.617333 0.517750 0.616000 0.513500 0.611667 0.509000 0.608000 0.507500
0 0.503000 0.558750 0.498000 0.559000 0.493333 0.561750 0.491667 0.564000 0.488667 0.572000 0.489000 0.580500 0.492333 0.584500 0.494333 0.585250 0.498667 0.585000 0.503000 0.581750 0.507333 0.573500 0.508333 0.569000 0.508000 0.563750 0.506333 0.560250
0 0.501000 0.345750 0.497000 0.347750 0.494000 0.351750 0.493000 0.355500 0.493000 0.359500 0.493667 0.362500 0.496000 0.365750 0.498667 0.367750 0.502667 0.368750 0.505667 0.367750 0.508333 0.364750 0.510667 0.358250 0.510667 0.352750 0.508333 0.348500 0.506333 0.346500
0 0.522000 0.548000 0.518000 0.549250 0.513333 0.557250 0.513333 0.563750 0.515000 0.566750 0.517000 0.568250 0.520333 0.568000 0.522667 0.567000 0.525000 0.564750 0.527333 0.560250 0.526667 0.552000 0.525333 0.549500
0 0.465000 0.563000 0.463333 0.562250 0.454667 0.562500 0.449667 0.563500 0.446000 0.565500 0.439333 0.572000 0.439333 0.577000 0.442000 0.580750 0.446000 0.582000 0.450000 0.581750 0.460333 0.576750 0.466333 0.569250 0.466333 0.564250
0 0.368333 0.567000 0.365333 0.568000 0.361667 0.571500 0.361000 0.581500 0.361667 0.584500 0.364667 0.588750 0.368667 0.592500 0.370667 0.592500 0.374000 0.591250 0.376667 0.587500 0.378000 0.583750 0.378000 0.579000 0.376333 0.572750 0.373667 0.568500 0.372000 0.567500
0 0.479000 0.595000 0.476333 0.596250 0.474000 0.601000 0.473333 0.608000 0.475000 0.612000 0.478333 0.614750 0.480000 0.614750 0.483000 0.613750 0.487000 0.608000 0.487333 0.603750 0.486333 0.599250 0.484667 0.596250 0.483000 0.595250
0 0.501000 0.588250 0.497667 0.589750 0.495000 0.592750 0.494000 0.595000 0.494000 0.600750 0.495333 0.604500 0.501333 0.612000 0.503667 0.612250 0.505667 0.612000 0.507000 0.611000 0.508667 0.608000 0.509667 0.597000 0.508667 0.593000 0.506333 0.589250 0.504667 0.588500
0 0.525667 0.594750 0.520667 0.595000 0.517333 0.596750 0.513667 0.604500 0.513000 0.612250 0.514000 0.616250 0.516333 0.620250 0.520667 0.621750 0.525667 0.620500 0.527667 0.619000 0.530000 0.616000 0.531333 0.608000 0.530667 0.599500 0.529000 0.596250
0 0.482000 0.617750 0.478333 0.618000 0.476000 0.619500 0.470667 0.627000 0.470000 0.634750 0.471000 0.638250 0.474000 0.641000 0.475667 0.641500 0.480000 0.641500 0.484333 0.639750 0.486333 0.637750 0.488333 0.633250 0.489333 0.626500 0.488000 0.622250 0.486333 0.619500
0 0.498333 0.626250 0.494333 0.627750 0.492667 0.629500 0.491000 0.634250 0.490667 0.639250 0.493333 0.647750 0.497667 0.651000 0.502333 0.651750 0.505667 0.649500 0.507667 0.646500 0.508667 0.642500 0.508333 0.634000 0.505667 0.628750 0.502000 0.626750
0 0.412333 0.623500 0.408000 0.624500 0.404667 0.627500 0.402000 0.634750 0.402000 0.639750 0.403000 0.644000 0.404667 0.646250 0.407667 0.647250 0.410000 0.646750 0.413333 0.644750 0.417333 0.640250 0.420000 0.635000 0.419667 0.627250 0.416667 0.624500
0 0.430333 0.634750 0.427000 0.636250 0.424667 0.639750 0.424000 0.641750 0.424000 0.650000 0.426667 0.655000 0.428667 0.656250 0.433000 0.656750 0.436000 0.656250 0.438333 0.653750 0.440000 0.648750 0.440000 0.642750 0.436333 0.636000 0.434667 0.635000
0 0.413000 0.657750 0.409333 0.658500 0.407333 0.660000 0.403667 0.665750 0.403000 0.669500 0.403667 0.676750 0.404667 0.678500 0.408333 0.680750 0.412000 0.680250 0.414000 0.678750 0.417333 0.674500 0.418667 0.670750 0.418667 0.665000 0.416000 0.659750
0 0.439333 0.660000 0.434667 0.659500 0.431000 0.661000 0.426333 0.666500 0.425000 0.670000 0.425000 0.675250 0.425667 0.678000 0.427667 0.680000 0.431667 0.679750 0.435667 0.678250 0.437333 0.676750 0.441000 0.670750 0.441667 0.664750 0.440667 0.661500
0 0.454333 0.658250 0.452333 0.659750 0.451000 0.663250 0.451000 0.666750 0.452333 0.669000 0.453667 0.674000 0.462667 0.682500 0.466667 0.683000 0.467667 0.682250 0.469000 0.678250 0.469000 0.670250 0.467333 0.665000 0.460000 0.658500 0.457000 0.658000
0 0.501333 0.669750 0.501667 0.674500 0.509333 0.679000 0.517000 0.680500 0.522667 0.680500 0.526667 0.680000 0.529667 0.678250 0.529667 0.673500 0.525000 0.670000 0.520667 0.668250 0.513667 0.666250 0.508333 0.666250 0.505667 0.667000
0 0.569000 0.662500 0.565333 0.660250 0.561333 0.659250 0.556000 0.659250 0.548000 0.661000 0.537000 0.665250 0.535667 0.666250 0.534333 0.669000 0.535000 0.672250 0.538000 0.674500 0.548000 0.675500 0.552667 0.675000 0.560000 0.673250 0.564667 0.670750 0.568667 0.667000
0 0.446667 0.676250 0.445667 0.677750 0.445333 0.681500 0.446000 0.685750 0.447000 0.687500 0.452667 0.691750 0.454667 0.694000 0.458000 0.695000 0.463667 0.694000 0.465000 0.693000 0.466333 0.690250 0.466333 0.688750 0.464000 0.685000 0.460333 0.682750 0.459000 0.681000 0.456333 0.680250 0.451333 0.676000
0 0.431333 0.729500 0.427000 0.732000 0.425000 0.735000 0.424333 0.743750 0.427333 0.747750 0.432667 0.748500 0.436333 0.746750 0.439000 0.740750 0.439333 0.735750 0.436667 0.730750 0.435000 0.729750
0 0.392667 0.719500 0.390000 0.720500 0.387667 0.723000 0.386333 0.726750 0.386333 0.732500 0.389667 0.741000 0.392333 0.743500 0.396667 0.744250 0.402000 0.740750 0.403667 0.736250 0.404000 0.728250 0.401333 0.721250 0.400000 0.720250 0.397333 0.719500
0 0.540333 0.721000 0.537000 0.723000 0.535333 0.726250 0.535000 0.731250 0.535667 0.737000 0.540333 0.745500 0.545333 0.746500 0.548333 0.744500 0.550333 0.741750 0.551333 0.738500 0.551333 0.734500 0.549667 0.729000 0.545333 0.723000 0.542333 0.721250
0 0.549000 0.805000 0.544333 0.804500 0.541667 0.805500 0.533667 0.811000 0.531667 0.813750 0.530667 0.817750 0.531000 0.819250 0.532333 0.820500 0.535667 0.821000 0.538333 0.820750 0.542667 0.819500 0.545000 0.818000 0.550333 0.810250 0.550333 0.806750
