0 0.429333 0.299250 0.427667 0.300250 0.426333 0.303000 0.426667 0.307500 0.428333 0.312500 0.434000 0.317250 0.438000 0.319250 0.440000 0.319500 0.442000 0.319000 0.444000 0.317500 0.444667 0.315500 0.444667 0.312250 0.443333 0.308000 0.435000 0.299750 0.432667 0.299000
0 0.428000 0.316250 0.426667 0.317250 0.424667 0.321000 0.425333 0.328250 0.426667 0.331250 0.435667 0.338000 0.438333 0.339000 0.443000 0.338500 0.444667 0.334250 0.444667 0.329500 0.441000 0.321750 0.435333 0.316500 0.433000 0.316000
0 0.419333 0.334000 0.418000 0.336500 0.418667 0.341000 0.424333 0.347000 0.431000 0.350250 0.436000 0.351250 0.440667 0.351250 0.444000 0.350000 0.444000 0.344000 0.439000 0.339000 0.427667 0.332750 0.422667 0.332500
0 0.388000 0.320750 0.383667 0.322750 0.382000 0.326000 0.381000 0.330500 0.381000 0.337250 0.382333 0.342000 0.383667 0.343750 0.388000 0.346250 0.392000 0.346500 0.396333 0.344750 0.398333 0.342000 0.399000 0.339000 0.398667 0.329500 0.397333 0.325250 0.395333 0.322750 0.392333 0.321250
0 0.295000 0.370500 0.292000 0.372250 0.290000 0.375500 0.289667 0.382250 0.290333 0.385750 0.293667 0.391750 0.297667 0.396500 0.302667 0.398750 0.307000 0.398500 0.310333 0.396000 0.311667 0.392750 0.311667 0.384750 0.310000 0.378250 0.308000 0.375000 0.303667 0.371500 0.299333 0.370250
0 0.269667 0.398000 0.268000 0.399750 0.268333 0.404000 0.271000 0.408500 0.274667 0.412500 0.281333 0.416000 0.284000 0.416250 0.286000 0.415500 0.288000 0.412750 0.288000 0.408500 0.287333 0.407000 0.281000 0.400000 0.278667 0.398750 0.274333 0.397750 0.271000 0.397500
0 0.283667 0.454000 0.279000 0.454500 0.275667 0.457250 0.272000 0.462750 0.271000 0.465750 0.270667 0.471000 0.272333 0.474000 0.274667 0.476000 0.278000 0.476750 0.280667 0.476750 0.283333 0.476000 0.287333 0.472500 0.288667 0.469750 0.289333 0.466750 0.289000 0.460000 0.287000 0.455500
0 0.158333 0.518000 0.157667 0.521750 0.160667 0.525500 0.165667 0.528500 0.172000 0.530250 0.177000 0.531000 0.186333 0.531000 0.191000 0.529500 0.193667 0.526000 0.193333 0.524250 0.190000 0.520250 0.187000 0.518000 0.182333 0.516250 0.174667 0.515250 0.168333 0.515250 0.161333 0.516250
0 0.373333 0.405250 0.369333 0.405500 0.366333 0.407500 0.360333 0.415250 0.360333 0.422000 0.361667 0.425750 0.364000 0.427500 0.366000 0.427500 0.373667 0.422750 0.377667 0.412500 0.377667 0.409250 0.376667 0.407000
0 0.389000 0.378250 0.385000 0.381250 0.383333 0.384250 0.382333 0.391500 0.382667 0.396000 0.384667 0.401250 0.389000 0.404500 0.393000 0.404750 0.397000 0.403000 0.398667 0.400250 0.400000 0.396000 0.400000 0.388250 0.399000 0.384000 0.396667 0.380500 0.393000 0.378500
0 0.404000 0.383000 0.402667 0.384000 0.402000 0.385750 0.402000 0.389750 0.403667 0.395750 0.405333 0.399000 0.408000 0.401750 0.414667 0.405250 0.419000 0.406250 0.421333 0.405750 0.424333 0.403750 0.426000 0.401000 0.425333 0.396000 0.423000 0.392000 0.419667 0.388250 0.413000 0.384250
0 0.433333 0.373000 0.431000 0.373500 0.427667 0.376500 0.426000 0.383500 0.426333 0.388250 0.427667 0.392250 0.430667 0.396750 0.435333 0.399250 0.439000 0.399250 0.442333 0.397250 0.443333 0.395750 0.444333 0.392250 0.444333 0.384250 0.441333 0.376500 0.436333 0.373250
0 0.408333 0.403500 0.407000 0.404250 0.406000 0.406750 0.406333 0.412250 0.408000 0.417250 0.410000 0.420000 0.412333 0.421750 0.419333 0.424000 0.420667 0.423750 0.424000 0.420250 0.424000 0.415000 0.418000 0.407500
0 0.408333 0.424750 0.406000 0.427250 0.404667 0.435250 0.406667 0.443250 0.407667 0.444750 0.412667 0.447750 0.415333 0.448500 0.417000 0.448250 0.419667 0.447000 0.422000 0.443250 0.422333 0.436750 0.421000 0.431750 0.419667 0.429750 0.412667 0.424750
0 0.377667 0.425750 0.376000 0.425500 0.368667 0.428000 0.364000 0.431500 0.361667 0.434500 0.360667 0.437750 0.360667 0.441000 0.361667 0.442750 0.366000 0.443000 0.373333 0.440750 0.378333 0.436250 0.380667 0.432250 0.380000 0.428250
0 0.372333 0.445750 0.368000 0.445000 0.362000 0.446000 0.360667 0.446750 0.356333 0.454250 0.355667 0.457000 0.355667 0.462250 0.357667 0.465250 0.360667 0.466000 0.364667 0.465250 0.371000 0.459750 0.373000 0.456250 0.373667 0.453000 0.373667 0.447750
0 0.361667 0.484000 0.358000 0.486250 0.357000 0.489250 0.359333 0.498500 0.362667 0.502750 0.368000 0.506500 0.373000 0.506500 0.375333 0.502750 0.376000 0.499250 0.375333 0.495000 0.373333 0.490250 0.369333 0.485500 0.365667 0.484000
0 0.349333 0.527500 0.345333 0.527500 0.341667 0.529500 0.339667 0.532250 0.338333 0.536750 0.339000 0.545250 0.341667 0.550000 0.345000 0.551750 0.348667 0.551250 0.350667 0.550250 0.354333 0.545250 0.355333 0.542000 0.355000 0.533250 0.353000 0.530000
0 0.458000 0.532500 0.455000 0.533000 0.453667 0.534000 0.450667 0.538750 0.449667 0.542000 0.449667 0.548500 0.451000 0.553000 0.454000 0.557250 0.458333 0.560000 0.460000 0.560000 0.462667 0.559000 0.466000 0.556500 0.467333 0.554250 0.468000 0.549500 0.467667 0.541500 0.466667 0.538500 0.463333 0.534250 0.460333 0.532750
0 0.443333 0.551000 0.439000 0.551000 0.436000 0.552000 0.431667 0.555750 0.430333 0.560750 0.430333 0.568000 0.431667 0.572750 0.434000 0.575750 0.435667 0.577000 0.438667 0.578000 0.441000 0.577750 0.444333 0.576000 0.448667 0.569250 0.449333 0.566500 0.448333 0.556750 0.445000 0.552250
0 0.520667 0.554750 0.517333 0.555750 0.515667 0.557250 0.513667 0.563500 0.514000 0.569500 0.517333 0.577000 0.521333 0.579500 0.526333 0.579500 0.529667 0.577750 0.531333 0.573500 0.532000 0.568250 0.531333 0.560250 0.530000 0.557250 0.528667 0.556000 0.526000 0.555000
0 0.482000 0.463250 0.478000 0.463250 0.474667 0.466000 0.472667 0.470250 0.472333 0.479250 0.474000 0.483750 0.477000 0.485000 0.479333 0.485000 0.482333 0.483750 0.483667 0.482000 0.485667 0.475250 0.486000 0.469500 0.484667 0.466000
0 0.478333 0.437500 0.475333 0.439750 0.473667 0.443000 0.472667 0.446750 0.473000 0.451250 0.474000 0.454000 0.476000 0.456000 0.478000 0.457250 0.482000 0.457250 0.485333 0.455000 0.487667 0.451750 0.488333 0.448250 0.488000 0.444000 0.486667 0.440000 0.485667 0.439000 0.482667 0.437500
0 0.487000 0.407500 0.485000 0.407500 0.481667 0.408500 0.478000 0.411000 0.472667 0.416500 0.471333 0.419500 0.471333 0.424000 0.472667 0.427000 0.474667 0.428250 0.478667 0.427750 0.481667 0.426500 0.487000 0.420500 0.489000 0.413250 0.488333 0.408750
0 0.507000 0.374750 0.504667 0.375000 0.501333 0.376750 0.498333 0.381000 0.497000 0.384750 0.497333 0.389500 0.499667 0.395750 0.501667 0.397750 0.504333 0.398500 0.506667 0.398500 0.510333 0.396750 0.512667 0.393250 0.513667 0.389500 0.514000 0.384000 0.512333 0.377500 0.510000 0.375250
0 0.384333 0.601000 0.380333 0.599750 0.376333 0.600000 0.372667 0.601250 0.368333 0.603750 0.360667 0.611750 0.360000 0.619250 0.362000 0.621250 0.364333 0.622000 0.371000 0.621250 0.375000 0.619750 0.381333 0.615750 0.385000 0.611000 0.386667 0.607000 0.386333 0.603000
0 0.310667 0.637000 0.309667 0.638750 0.310667 0.644000 0.314333 0.647750 0.321333 0.651250 0.329333 0.654000 0.332667 0.654500 0.338333 0.654000 0.342333 0.652500 0.343333 0.651000 0.343333 0.646500 0.342667 0.644750 0.340667 0.642000 0.335000 0.638250 0.326000 0.635250 0.319000 0.634000 0.314333 0.634500
0 0.318667 0.651250 0.315667 0.657250 0.315333 0.666000 0.317667 0.671500 0.318333 0.672000 0.322333 0.672000 0.325667 0.669500 0.327000 0.667000 0.328000 0.662250 0.328000 0.655500 0.327000 0.653750 0.324667 0.652250
0 0.408333 0.658500 0.406000 0.662000 0.407333 0.671250 0.411667 0.676750 0.415000 0.679500 0.416333 0.680000 0.420000 0.680000 0.422000 0.677750 0.422000 0.669500 0.420667 0.665250 0.412667 0.658500
0 0.434333 0.639250 0.432000 0.640000 0.429667 0.642500 0.428000 0.651500 0.428667 0.655750 0.430667 0.661250 0.434000 0.663750 0.436333 0.664000 0.443333 0.655250 0.444000 0.648750 0.441000 0.641750 0.437667 0.639750
0 0.466667 0.654500 0.463333 0.654750 0.458667 0.658000 0.456333 0.664750 0.457333 0.674750 0.461667 0.682250 0.462667 0.683000 0.464667 0.683250 0.468000 0.682750 0.471333 0.680250 0.474000 0.674250 0.471667 0.659250 0.469667 0.656500
0 0.474667 0.641500 0.473333 0.642500 0.472000 0.647000 0.472000 0.654750 0.476333 0.663250 0.478000 0.664500 0.482333 0.665500 0.485667 0.662750 0.487000 0.659250 0.487000 0.653750 0.486000 0.650250 0.482333 0.643500 0.479333 0.641500
0 0.428667 0.671000 0.427667 0.672500 0.427667 0.675250 0.428667 0.678500 0.431000 0.682250 0.433667 0.685000 0.439000 0.688500 0.442667 0.689500 0.444000 0.689250 0.447000 0.686250 0.447000 0.683250 0.445000 0.677750 0.443000 0.674750 0.440000 0.672750 0.435333 0.671000 0.432667 0.670500
0 0.409333 0.704750 0.407000 0.705500 0.403667 0.710250 0.403000 0.712250 0.403000 0.717500 0.407333 0.727500 0.408667 0.728750 0.412000 0.729250 0.416000 0.725750 0.417333 0.723750 0.418333 0.720250 0.418000 0.712250 0.416667 0.709000 0.413667 0.705500 0.412333 0.704750
0 0.507000 0.672250 0.504667 0.672250 0.502333 0.673500 0.498333 0.683000 0.497667 0.690500 0.499333 0.694000 0.502000 0.695750 0.506000 0.695250 0.507667 0.694000 0.511667 0.689250 0.513667 0.685500 0.514000 0.680500 0.513333 0.678000 0.510667 0.674250
