0 0.415333 0.307500 0.413000 0.310250 0.413000 0.314250 0.414667 0.319000 0.422000 0.327500 0.428000 0.330750 0.431000 0.331500 0.435333 0.331000 0.436667 0.329500 0.437333 0.325500 0.436000 0.319750 0.433333 0.314750 0.426000 0.309000 0.420667 0.307000
0 0.506000 0.287500 0.504333 0.288000 0.501667 0.290750 0.501333 0.296250 0.502333 0.301250 0.504667 0.307250 0.507000 0.310500 0.509667 0.312250 0.514333 0.312500 0.518333 0.310500 0.519333 0.308000 0.518667 0.298500 0.514333 0.290500 0.510000 0.288250
0 0.671667 0.363500 0.669333 0.363000 0.665000 0.363250 0.662333 0.364500 0.657667 0.368500 0.656333 0.373000 0.656667 0.377750 0.657667 0.379750 0.661333 0.381750 0.662667 0.382000 0.666667 0.381250 0.670333 0.379000 0.672000 0.376750 0.675333 0.370000 0.675333 0.367500 0.674333 0.365000
0 0.490000 0.337250 0.486000 0.337250 0.482667 0.339000 0.480333 0.341250 0.477667 0.345500 0.477000 0.352500 0.477667 0.357500 0.481667 0.363250 0.485667 0.366250 0.490333 0.365750 0.494000 0.362500 0.496333 0.359000 0.497333 0.354750 0.497333 0.346500 0.496333 0.343000 0.494667 0.340500
0 0.465667 0.380250 0.462333 0.381750 0.460000 0.385000 0.458667 0.389750 0.459333 0.396500 0.462333 0.403000 0.466000 0.406000 0.470667 0.407000 0.474333 0.406750 0.477667 0.405000 0.480000 0.401000 0.479333 0.392500 0.474333 0.383500 0.469000 0.380750
0 0.410333 0.395750 0.411333 0.398250 0.415333 0.401000 0.424667 0.402250 0.433000 0.402000 0.435667 0.401500 0.441000 0.397750 0.442000 0.393000 0.440000 0.391250 0.435333 0.389750 0.429000 0.388750 0.423333 0.388750 0.419333 0.389500 0.412000 0.392000
0 0.452000 0.396750 0.446667 0.396250 0.443000 0.398000 0.438667 0.401250 0.434333 0.408500 0.434000 0.412750 0.436333 0.416000 0.440667 0.416500 0.443000 0.415750 0.451333 0.409500 0.454000 0.402750 0.454000 0.399750
0 0.521333 0.373250 0.517000 0.372750 0.510000 0.375250 0.508000 0.376500 0.501667 0.384500 0.501333 0.389250 0.502667 0.392250 0.505000 0.393250 0.507000 0.393250 0.512667 0.391750 0.518667 0.387750 0.522333 0.383500 0.524000 0.379250 0.524000 0.376250
0 0.505333 0.410250 0.502333 0.411750 0.501333 0.413500 0.501000 0.419500 0.502000 0.425250 0.504000 0.429000 0.507667 0.432750 0.510667 0.434500 0.514333 0.435000 0.517333 0.433500 0.519000 0.431000 0.519667 0.422750 0.516667 0.416500 0.513333 0.412250 0.510333 0.410750
0 0.529333 0.416750 0.526667 0.419500 0.526000 0.427250 0.527333 0.431750 0.529333 0.434750 0.532000 0.436250 0.534667 0.436250 0.537667 0.435000 0.539333 0.432000 0.539667 0.424000 0.537667 0.418750 0.533333 0.416500
0 0.472667 0.434750 0.472667 0.436000 0.474000 0.438000 0.478667 0.441250 0.490000 0.444250 0.498000 0.445000 0.501667 0.444750 0.506333 0.443000 0.509000 0.440000 0.509000 0.438750 0.507333 0.436750 0.502667 0.434000 0.499333 0.430750 0.497667 0.430250 0.492000 0.429750 0.478667 0.430250 0.474667 0.431750
0 0.462333 0.438000 0.459333 0.440000 0.456333 0.447000 0.456667 0.455250 0.459000 0.459000 0.462667 0.461250 0.467000 0.461250 0.471000 0.458000 0.473000 0.455250 0.474333 0.447500 0.471333 0.440000 0.467667 0.438000
0 0.501667 0.462250 0.501000 0.463250 0.501000 0.467500 0.502000 0.469000 0.505000 0.471000 0.507667 0.471750 0.510000 0.474250 0.513000 0.475000 0.517667 0.479000 0.520333 0.480000 0.522000 0.480000 0.527333 0.477750 0.529333 0.476250 0.530000 0.473500 0.529000 0.470250 0.519667 0.463250 0.516000 0.461750 0.512000 0.461000 0.505333 0.461000
0 0.493333 0.471750 0.491667 0.474000 0.492333 0.479000 0.494000 0.482750 0.503667 0.490250 0.506667 0.491500 0.513333 0.492000 0.516333 0.490750 0.518667 0.488500 0.519333 0.485250 0.514667 0.478500 0.504333 0.472750 0.498333 0.471250
0 0.471000 0.465750 0.467333 0.466250 0.463333 0.468000 0.460667 0.471250 0.458000 0.479500 0.458000 0.485500 0.458667 0.487000 0.463000 0.488750 0.466667 0.488000 0.468333 0.486750 0.472000 0.481250 0.474000 0.476500 0.474667 0.470000 0.473667 0.468000
0 0.439667 0.480000 0.435333 0.482250 0.433333 0.485250 0.432000 0.490000 0.432000 0.495000 0.433000 0.498250 0.435000 0.501000 0.438667 0.503000 0.443000 0.503250 0.446333 0.502250 0.450000 0.498250 0.451000 0.493750 0.451000 0.489500 0.450333 0.486250 0.447667 0.482750 0.443333 0.480250
0 0.494333 0.489500 0.490667 0.487500 0.486333 0.487250 0.479333 0.489750 0.472333 0.493750 0.473000 0.498250 0.474667 0.499500 0.479000 0.499750 0.482333 0.499500 0.488667 0.497750 0.493000 0.494750 0.494667 0.491000
0 0.471333 0.501250 0.467000 0.502000 0.463333 0.504500 0.459333 0.510250 0.458000 0.514000 0.458000 0.517250 0.459000 0.519000 0.462000 0.520500 0.465000 0.520250 0.467667 0.519000 0.472000 0.514500 0.474333 0.510250 0.475000 0.504750 0.473667 0.502250
0 0.525667 0.509500 0.524000 0.510750 0.522667 0.514250 0.522667 0.518250 0.524667 0.525500 0.532000 0.534500 0.536667 0.535250 0.538333 0.534250 0.541667 0.528000 0.542000 0.523750 0.541333 0.521000 0.538333 0.515000 0.535667 0.512250 0.530000 0.509250
0 0.509667 0.520750 0.506000 0.520750 0.502000 0.523000 0.500333 0.525000 0.497667 0.532500 0.497667 0.536250 0.499333 0.541750 0.501667 0.545500 0.505333 0.547000 0.510333 0.546250 0.512000 0.545250 0.514333 0.542500 0.516000 0.536750 0.516333 0.529250 0.515333 0.525250 0.514333 0.523500
0 0.521333 0.531000 0.518333 0.532750 0.517333 0.535000 0.516667 0.541000 0.517667 0.545250 0.520333 0.549500 0.523667 0.552500 0.526333 0.554000 0.530000 0.554500 0.532667 0.553250 0.534000 0.549750 0.533667 0.545250 0.531667 0.537750 0.528667 0.532500 0.525333 0.531000
0 0.502333 0.551250 0.500667 0.552250 0.499333 0.555750 0.499333 0.561750 0.501000 0.569000 0.504333 0.573750 0.507667 0.576000 0.511000 0.576500 0.514333 0.575000 0.515667 0.572250 0.515333 0.560000 0.513667 0.556250 0.511333 0.554250 0.506333 0.551250
0 0.451667 0.549000 0.448000 0.547500 0.437333 0.548000 0.431000 0.549500 0.424667 0.553500 0.419333 0.558250 0.418000 0.560500 0.419333 0.563500 0.423000 0.565000 0.428333 0.565500 0.434667 0.564250 0.438667 0.562250 0.443667 0.560750 0.451000 0.555750 0.452333 0.553250
0 0.452333 0.572750 0.449333 0.571250 0.443000 0.571000 0.436667 0.571750 0.431000 0.573500 0.422667 0.578250 0.421333 0.580750 0.421333 0.584250 0.424000 0.587000 0.427000 0.588000 0.436333 0.587750 0.445000 0.585250 0.450667 0.582000 0.452667 0.579750 0.453667 0.575000
0 0.380333 0.559000 0.376333 0.558500 0.373000 0.559750 0.368000 0.563500 0.364000 0.573250 0.364000 0.576500 0.365667 0.579250 0.370000 0.579500 0.373667 0.578000 0.380667 0.569000 0.382667 0.563750 0.381667 0.560000
0 0.523333 0.586250 0.520667 0.586500 0.517667 0.588250 0.516000 0.591250 0.514667 0.597000 0.514667 0.605250 0.515667 0.609500 0.517000 0.612000 0.520333 0.613500 0.525333 0.613000 0.528333 0.611000 0.530000 0.607250 0.531000 0.601250 0.531000 0.594250 0.530000 0.590500 0.527333 0.587250
0 0.568333 0.607000 0.566333 0.608000 0.564000 0.611000 0.563333 0.616000 0.563667 0.624000 0.565667 0.627750 0.568667 0.630500 0.571667 0.632250 0.575333 0.632250 0.578000 0.630750 0.581000 0.626250 0.581333 0.617750 0.580667 0.615250 0.578333 0.610500 0.575667 0.608000 0.573000 0.607000
0 0.505333 0.611750 0.501333 0.614750 0.500000 0.618500 0.499667 0.623250 0.500333 0.626750 0.501667 0.629250 0.505000 0.631500 0.506333 0.631500 0.512333 0.626750 0.513667 0.622750 0.513667 0.618750 0.512667 0.615500 0.511333 0.613750 0.508667 0.612250
0 0.467333 0.623500 0.458667 0.626750 0.454333 0.632250 0.452333 0.637500 0.452333 0.642750 0.454667 0.645250 0.458667 0.645500 0.464333 0.642250 0.467667 0.638750 0.471333 0.631000 0.471667 0.626500 0.470000 0.624500
0 0.368667 0.623500 0.366667 0.625000 0.365667 0.627500 0.367333 0.632500 0.369333 0.635250 0.379667 0.643750 0.385000 0.644750 0.388000 0.643500 0.389333 0.639750 0.388333 0.634750 0.381667 0.627250 0.372667 0.623500
0 0.259000 0.637000 0.255667 0.638500 0.254333 0.641250 0.254000 0.648250 0.255000 0.653500 0.258000 0.656500 0.260000 0.660500 0.267333 0.662750 0.269000 0.661750 0.272333 0.658000 0.271667 0.647000 0.268667 0.643000 0.266000 0.641250 0.264667 0.638250 0.263000 0.637250
0 0.399667 0.658000 0.397000 0.660250 0.395667 0.663250 0.395333 0.668500 0.396000 0.672500 0.399333 0.678250 0.403667 0.681250 0.405000 0.681500 0.408000 0.680500 0.410667 0.677500 0.411667 0.674500 0.410667 0.666500 0.405333 0.658750 0.403667 0.658000
