0 0.414667 0.383250 0.411000 0.384750 0.409000 0.388000 0.408667 0.395250 0.410667 0.400750 0.412000 0.402500 0.415667 0.404500 0.418333 0.404500 0.420667 0.404000 0.423667 0.400750 0.424667 0.398000 0.425000 0.393000 0.423667 0.389250 0.420667 0.384500 0.417333 0.383250
0 0.528333 0.431750 0.525333 0.433750 0.524333 0.435250 0.523333 0.438500 0.524000 0.444000 0.529333 0.452750 0.533000 0.455250 0.536667 0.455000 0.537667 0.454500 0.539333 0.451750 0.539333 0.447750 0.537333 0.440250 0.533000 0.434250 0.530333 0.432000
0 0.545000 0.437250 0.543333 0.438750 0.542000 0.442500 0.543667 0.450250 0.547667 0.455000 0.552333 0.455500 0.554333 0.454500 0.556667 0.451750 0.557000 0.446750 0.554000 0.440000 0.552333 0.438500 0.548000 0.437250
0 0.579667 0.444750 0.576333 0.444500 0.572000 0.446000 0.570333 0.447500 0.567333 0.453000 0.567333 0.463250 0.569333 0.467250 0.572667 0.469000 0.576000 0.469000 0.580333 0.467500 0.583667 0.463750 0.585333 0.457000 0.584667 0.449750 0.583667 0.447250
0 0.466000 0.430250 0.462333 0.431750 0.460667 0.435500 0.460667 0.447750 0.462333 0.452250 0.466667 0.453000 0.469000 0.451750 0.472333 0.447500 0.473667 0.444250 0.473667 0.440000 0.470667 0.433000 0.468667 0.431000
0 0.448000 0.455500 0.446667 0.455500 0.443000 0.457500 0.439667 0.460000 0.437333 0.463000 0.433667 0.470000 0.432667 0.474000 0.433667 0.476500 0.435333 0.477750 0.440333 0.478000 0.443667 0.477000 0.451000 0.469000 0.452333 0.463750 0.452000 0.459250 0.450667 0.457000
0 0.432000 0.479750 0.430333 0.482250 0.431000 0.489750 0.438000 0.497750 0.439667 0.498500 0.443667 0.498750 0.446333 0.497500 0.448000 0.495000 0.448000 0.492750 0.445333 0.486000 0.443667 0.483750 0.439333 0.481000 0.435667 0.479500
0 0.488667 0.487500 0.486000 0.488250 0.483333 0.491500 0.482333 0.493500 0.482333 0.499000 0.485667 0.507000 0.489667 0.509500 0.491000 0.509750 0.494000 0.509000 0.497000 0.506000 0.498333 0.501750 0.497000 0.494000 0.495000 0.491000 0.490667 0.487500
0 0.540333 0.510750 0.535000 0.514000 0.534333 0.518750 0.535667 0.522750 0.540333 0.529750 0.549000 0.534750 0.551667 0.535250 0.554333 0.535000 0.557667 0.533250 0.558667 0.531500 0.559333 0.528750 0.558667 0.524000 0.552333 0.516250 0.545000 0.511250
0 0.509000 0.533250 0.505333 0.535250 0.501667 0.540500 0.501000 0.552250 0.503667 0.557500 0.506333 0.559250 0.510667 0.559750 0.513333 0.558750 0.514667 0.557500 0.517333 0.552500 0.518333 0.549000 0.518333 0.541000 0.517000 0.537750 0.514333 0.534250 0.512333 0.533500
0 0.462333 0.513000 0.458667 0.515000 0.457667 0.516750 0.457000 0.523750 0.458000 0.528250 0.459667 0.531500 0.463333 0.535000 0.466667 0.536000 0.470667 0.536250 0.474333 0.534000 0.475333 0.532500 0.475667 0.524000 0.475000 0.521500 0.472667 0.517500 0.466667 0.513750
0 0.353333 0.477500 0.349000 0.478000 0.344667 0.481000 0.342333 0.486500 0.342333 0.492000 0.343667 0.498000 0.345333 0.501000 0.349000 0.503000 0.353000 0.503000 0.357000 0.501750 0.359667 0.498500 0.360000 0.486250 0.359333 0.483500 0.357667 0.480000 0.355000 0.478000
0 0.479000 0.544250 0.474667 0.542000 0.467667 0.541500 0.455333 0.543000 0.450333 0.545500 0.448667 0.548250 0.448667 0.552250 0.451667 0.555250 0.453667 0.555750 0.459333 0.556000 0.462000 0.555250 0.468333 0.554750 0.474333 0.552500 0.478667 0.549250 0.479333 0.547250
0 0.439000 0.544750 0.436000 0.547500 0.434333 0.552000 0.434667 0.558500 0.439667 0.567500 0.443000 0.569750 0.448000 0.570000 0.450333 0.568500 0.452000 0.565000 0.450667 0.557500 0.444333 0.546250 0.441000 0.544750
0 0.466667 0.563000 0.464333 0.564250 0.462667 0.568500 0.463000 0.572750 0.464667 0.576750 0.467000 0.579750 0.471333 0.581000 0.474000 0.580250 0.475667 0.578250 0.476333 0.575500 0.476000 0.568500 0.474000 0.564250 0.470333 0.562750
0 0.420000 0.551750 0.416667 0.554000 0.415333 0.556250 0.415333 0.565000 0.416333 0.568000 0.422000 0.575750 0.423667 0.576750 0.427667 0.576500 0.429667 0.575250 0.431667 0.572750 0.432333 0.570250 0.432000 0.563500 0.428667 0.555500 0.424333 0.552250
0 0.443333 0.572750 0.439333 0.575500 0.437667 0.578750 0.437000 0.588500 0.437667 0.592000 0.439667 0.595500 0.443667 0.597250 0.447333 0.597250 0.451000 0.595500 0.453000 0.592000 0.453667 0.587500 0.453333 0.580500 0.452333 0.576000 0.451000 0.574000 0.448000 0.572750
0 0.486667 0.566500 0.484667 0.567750 0.481333 0.572000 0.480667 0.575500 0.481000 0.584250 0.485333 0.590000 0.488000 0.591500 0.491000 0.591750 0.495000 0.588750 0.496667 0.585250 0.497333 0.576500 0.496000 0.571500 0.491000 0.566750
0 0.502667 0.577750 0.501000 0.579500 0.501000 0.585250 0.504667 0.592000 0.509667 0.595750 0.517333 0.599000 0.521333 0.598500 0.523667 0.596500 0.524333 0.594000 0.524333 0.591250 0.522000 0.586750 0.519000 0.584500 0.514333 0.579250 0.506667 0.577000 0.504667 0.577000
0 0.389000 0.568500 0.383667 0.567250 0.377000 0.567500 0.364667 0.571500 0.361333 0.575250 0.361000 0.576750 0.362000 0.579500 0.364667 0.581500 0.368000 0.582250 0.373000 0.582000 0.381333 0.580250 0.388333 0.576750 0.389333 0.575250 0.390000 0.570750
0 0.575667 0.679250 0.572000 0.681250 0.570667 0.684250 0.570333 0.690250 0.571000 0.693750 0.572667 0.697000 0.575667 0.700500 0.579333 0.702750 0.582667 0.702750 0.585000 0.702000 0.587667 0.697750 0.588333 0.695250 0.588000 0.688750 0.584667 0.682250 0.579667 0.679500
0 0.470333 0.641500 0.466333 0.641500 0.465000 0.642500 0.463000 0.645250 0.462000 0.648500 0.462000 0.660250 0.463333 0.662750 0.466667 0.664750 0.469333 0.664250 0.472000 0.662750 0.474333 0.658500 0.474333 0.651000 0.472000 0.643000
0 0.466333 0.617750 0.463333 0.618250 0.461333 0.619500 0.460000 0.622500 0.459667 0.627750 0.462333 0.635250 0.466000 0.637750 0.467667 0.638000 0.470333 0.637250 0.473000 0.634500 0.474667 0.630750 0.475000 0.625750 0.471667 0.620000 0.469667 0.618500
0 0.474333 0.594750 0.470333 0.593750 0.466333 0.593750 0.462000 0.595250 0.460000 0.599500 0.457000 0.603250 0.455667 0.607500 0.455333 0.612000 0.456667 0.615500 0.458333 0.617250 0.461000 0.617500 0.466667 0.616250 0.473333 0.608250 0.475333 0.603250 0.475333 0.596250
0 0.357333 0.591500 0.353333 0.591750 0.349000 0.594500 0.347000 0.600750 0.346667 0.605750 0.347667 0.613250 0.349000 0.616000 0.353667 0.618750 0.357667 0.618250 0.361333 0.615750 0.364000 0.612000 0.365000 0.608000 0.365000 0.602000 0.363333 0.596000
0 0.442667 0.660750 0.439333 0.662750 0.438000 0.665500 0.437667 0.672750 0.438333 0.679750 0.439333 0.682750 0.441667 0.685500 0.444000 0.686750 0.447667 0.687000 0.451333 0.685250 0.452667 0.682750 0.453667 0.675750 0.453333 0.669250 0.451667 0.664250 0.447667 0.661500
0 0.443333 0.700500 0.440333 0.699250 0.434000 0.699500 0.430333 0.700250 0.423333 0.703250 0.419333 0.706750 0.417000 0.711250 0.417000 0.714000 0.419000 0.717500 0.421667 0.718250 0.426667 0.718250 0.430000 0.717500 0.435667 0.715000 0.441000 0.711000 0.443333 0.708250 0.444333 0.705750
0 0.503667 0.311750 0.501667 0.312250 0.497667 0.315500 0.496000 0.321750 0.496333 0.326750 0.497333 0.330500 0.500333 0.336250 0.503000 0.337750 0.506667 0.338250 0.511333 0.336500 0.513333 0.334500 0.514667 0.329750 0.514667 0.321250 0.513333 0.317250 0.511333 0.314500 0.506000 0.311750
0 0.485333 0.336250 0.481667 0.337750 0.479333 0.341500 0.477667 0.345500 0.478000 0.351750 0.480333 0.357000 0.484667 0.361750 0.487000 0.363000 0.490667 0.363000 0.494667 0.359500 0.496333 0.356500 0.497000 0.353750 0.496667 0.345500 0.495000 0.341500 0.492333 0.338000 0.490000 0.336500
0 0.502000 0.373250 0.497667 0.376500 0.497000 0.378000 0.496333 0.384500 0.497333 0.388500 0.501333 0.396250 0.505333 0.398250 0.510333 0.398500 0.513667 0.397500 0.515333 0.394750 0.515667 0.387250 0.514333 0.381250 0.512000 0.377000 0.509667 0.375250 0.506000 0.373500
0 0.537000 0.378250 0.534667 0.377750 0.529667 0.378250 0.524667 0.381250 0.520667 0.385500 0.519333 0.389000 0.519000 0.396250 0.520000 0.400500 0.521667 0.402000 0.525667 0.401750 0.529667 0.400750 0.533667 0.398750 0.535333 0.397000 0.537667 0.393000 0.539000 0.388500 0.539000 0.381500
0 0.560000 0.387500 0.559333 0.388750 0.560000 0.393500 0.562333 0.396500 0.567667 0.399500 0.571667 0.401000 0.578333 0.402250 0.584667 0.402000 0.589667 0.400000 0.591000 0.397500 0.590333 0.392500 0.587667 0.390000 0.583333 0.387750 0.575000 0.385250 0.570333 0.384750 0.564333 0.385000
0 0.592000 0.361250 0.591000 0.361750 0.589000 0.365250 0.589667 0.372750 0.595000 0.381750 0.598667 0.383750 0.600333 0.383750 0.603000 0.382000 0.604000 0.379250 0.604000 0.375500 0.602667 0.369250 0.600333 0.365250 0.598000 0.363000 0.595667 0.361500
0 0.533000 0.401500 0.529667 0.401250 0.525000 0.403000 0.520333 0.407750 0.518667 0.412500 0.518333 0.416000 0.520333 0.421000 0.522667 0.423000 0.526333 0.423250 0.529000 0.422500 0.531667 0.419500 0.535333 0.409250 0.535333 0.404000
0 0.552667 0.410750 0.548333 0.412250 0.545333 0.415750 0.544333 0.419250 0.546000 0.430000 0.546667 0.431500 0.548333 0.432750 0.553000 0.432750 0.557667 0.428000 0.558667 0.424750 0.559000 0.419000 0.558333 0.415750 0.557000 0.413750
