0 0.474667 0.322500 0.469667 0.325500 0.468000 0.329250 0.468000 0.335000 0.470667 0.342750 0.474000 0.344250 0.478333 0.344250 0.481667 0.343250 0.483333 0.341500 0.484000 0.338500 0.483667 0.329750 0.482667 0.326500 0.481000 0.324500 0.478000 0.322500
0 0.573667 0.306750 0.572333 0.308750 0.572333 0.312000 0.575667 0.319000 0.579333 0.322750 0.584667 0.326500 0.588333 0.327500 0.592000 0.327500 0.593333 0.327000 0.595333 0.325250 0.596000 0.321250 0.592000 0.313250 0.583667 0.307000 0.579000 0.306000 0.575333 0.306000
0 0.701333 0.350500 0.697333 0.350750 0.692667 0.353750 0.688667 0.359750 0.688000 0.363500 0.688333 0.370750 0.689667 0.374000 0.693333 0.377000 0.700667 0.376000 0.702333 0.375000 0.705667 0.367500 0.706333 0.364250 0.705667 0.354750 0.704667 0.352500
0 0.702000 0.376000 0.699000 0.376000 0.696667 0.376750 0.689667 0.383500 0.688667 0.385500 0.687667 0.390500 0.687667 0.397000 0.689000 0.399750 0.692667 0.401500 0.697667 0.400500 0.701667 0.398000 0.705333 0.393500 0.707667 0.389000 0.708000 0.383000 0.707333 0.380500 0.705667 0.377500
0 0.654333 0.437250 0.650000 0.439500 0.647000 0.447000 0.647000 0.455250 0.649000 0.458750 0.650333 0.459750 0.653333 0.460750 0.655667 0.460750 0.658333 0.460000 0.660000 0.458750 0.662333 0.455500 0.663667 0.450250 0.663667 0.445500 0.661333 0.439250 0.658000 0.437500
0 0.563333 0.446750 0.559667 0.449000 0.557000 0.454250 0.556667 0.463250 0.557667 0.467000 0.559333 0.469500 0.561000 0.470750 0.565333 0.471250 0.567667 0.470500 0.570667 0.467500 0.573000 0.461250 0.573333 0.454750 0.572000 0.451250 0.569333 0.447750 0.566667 0.446750
0 0.540333 0.470000 0.538333 0.471250 0.534333 0.477500 0.534333 0.486250 0.536000 0.490250 0.539333 0.494250 0.541333 0.495500 0.545000 0.495500 0.550333 0.490750 0.551333 0.486500 0.550000 0.477750 0.546000 0.471000 0.543333 0.470000
0 0.567000 0.481500 0.563667 0.481500 0.560000 0.483250 0.557667 0.486750 0.556000 0.493000 0.556333 0.496750 0.557333 0.499000 0.560667 0.502500 0.564667 0.504000 0.568333 0.503250 0.570333 0.502000 0.573667 0.498500 0.574667 0.494750 0.573000 0.486000 0.569667 0.482500
0 0.739333 0.492500 0.737000 0.494750 0.736333 0.497250 0.737000 0.502000 0.739333 0.505750 0.743667 0.510750 0.748000 0.513750 0.750333 0.514500 0.756333 0.514250 0.759333 0.510500 0.758333 0.502250 0.756333 0.497750 0.752000 0.494000 0.748667 0.492250 0.741667 0.492000
0 0.705667 0.541250 0.701000 0.541250 0.696667 0.543250 0.692667 0.549500 0.691000 0.555500 0.691000 0.560250 0.692667 0.563500 0.697000 0.565750 0.702000 0.565000 0.707333 0.561000 0.709000 0.558000 0.710000 0.553750 0.709667 0.545250 0.708333 0.542750
0 0.686000 0.520000 0.682333 0.518750 0.678000 0.518750 0.674333 0.519500 0.665667 0.523250 0.659667 0.528750 0.659333 0.533500 0.660333 0.534750 0.665667 0.537000 0.670667 0.537000 0.678333 0.534250 0.686333 0.528000 0.687333 0.523750
0 0.659667 0.545500 0.654333 0.545750 0.652000 0.547000 0.649667 0.549250 0.648333 0.553250 0.647667 0.557750 0.648333 0.564250 0.650333 0.568000 0.653667 0.570000 0.657333 0.569750 0.660667 0.568250 0.664000 0.565500 0.666333 0.560500 0.666667 0.554250 0.665667 0.550500 0.663667 0.547000
0 0.572667 0.531750 0.567000 0.532250 0.563667 0.533500 0.559667 0.538500 0.558667 0.543250 0.559333 0.550000 0.560667 0.553000 0.563333 0.554250 0.568667 0.554500 0.573000 0.552250 0.576000 0.548250 0.577000 0.544750 0.577000 0.537000 0.575667 0.533250
0 0.494333 0.524750 0.493333 0.525750 0.492667 0.528250 0.493000 0.533250 0.494333 0.537000 0.500000 0.542500 0.502000 0.543500 0.506000 0.543750 0.507667 0.542000 0.508333 0.538500 0.508000 0.533500 0.506667 0.530500 0.502333 0.526000 0.498667 0.524250
0 0.478333 0.547000 0.475667 0.548750 0.472667 0.556000 0.472667 0.561500 0.473667 0.565250 0.476000 0.568500 0.478333 0.570000 0.482667 0.570000 0.485333 0.568000 0.487000 0.565500 0.488667 0.561250 0.489000 0.556500 0.487667 0.552250 0.485333 0.549000 0.482667 0.547250
0 0.494333 0.580000 0.493333 0.582250 0.493667 0.585250 0.501333 0.591750 0.504333 0.592750 0.511667 0.593750 0.514667 0.593750 0.518667 0.592250 0.519000 0.589750 0.518333 0.587500 0.516000 0.585750 0.514000 0.583000 0.510667 0.580750 0.506333 0.579500 0.502000 0.579000 0.497000 0.579000
0 0.545667 0.576750 0.540667 0.578000 0.537667 0.580250 0.533333 0.586750 0.532667 0.590500 0.533000 0.596500 0.534333 0.599250 0.537333 0.601000 0.540667 0.601250 0.544333 0.600250 0.546000 0.598500 0.549667 0.591750 0.551000 0.585250 0.550667 0.579750 0.548333 0.577500
0 0.569333 0.570000 0.564333 0.570000 0.561000 0.571250 0.555667 0.577000 0.554333 0.583250 0.554667 0.588750 0.556000 0.591750 0.559667 0.593500 0.564000 0.593250 0.567333 0.592000 0.569000 0.590500 0.572667 0.584500 0.573333 0.581750 0.573000 0.573000 0.572333 0.571750
0 0.592667 0.571250 0.589000 0.571500 0.586667 0.572500 0.583333 0.576250 0.581333 0.580750 0.580333 0.588000 0.582333 0.592500 0.585333 0.594500 0.589000 0.594750 0.592667 0.593750 0.595333 0.591000 0.597667 0.584250 0.597667 0.576250 0.596000 0.573000
0 0.615000 0.574750 0.611333 0.574750 0.606667 0.577500 0.603000 0.582500 0.601333 0.587000 0.601333 0.592000 0.603667 0.597250 0.607667 0.599500 0.611000 0.599000 0.615667 0.596750 0.619333 0.591750 0.620333 0.588750 0.620333 0.579750 0.618000 0.576500
0 0.630000 0.584000 0.626667 0.585750 0.625667 0.587500 0.625333 0.593500 0.626000 0.596500 0.628333 0.600750 0.633667 0.604250 0.636000 0.604250 0.639333 0.602750 0.640333 0.600750 0.640667 0.595250 0.640000 0.591250 0.638333 0.587750 0.635000 0.585250 0.631667 0.584000
0 0.623333 0.604500 0.618000 0.605250 0.612000 0.607750 0.608000 0.611000 0.604667 0.618250 0.605000 0.622750 0.607667 0.625500 0.610000 0.626000 0.615667 0.625500 0.620667 0.623750 0.624000 0.621250 0.627667 0.614250 0.628000 0.610500 0.625333 0.606250
0 0.588333 0.598500 0.584333 0.599750 0.582000 0.602000 0.580667 0.606000 0.581000 0.611250 0.582667 0.615750 0.586333 0.621000 0.591000 0.623750 0.595000 0.623750 0.597000 0.622750 0.599000 0.619250 0.599667 0.610250 0.597000 0.604500 0.593333 0.600250 0.591000 0.598750
0 0.640000 0.616000 0.637667 0.616000 0.634667 0.617000 0.631333 0.619750 0.629000 0.623000 0.628333 0.626750 0.629000 0.634000 0.631000 0.636250 0.633667 0.637000 0.636667 0.637000 0.639333 0.636250 0.643333 0.629500 0.644000 0.625500 0.643667 0.619000 0.642333 0.617000
0 0.724000 0.647250 0.720000 0.649500 0.718000 0.654250 0.717667 0.660500 0.719000 0.666250 0.721333 0.670750 0.724333 0.673500 0.729000 0.675250 0.732667 0.675000 0.735667 0.673250 0.737333 0.670000 0.737667 0.658000 0.733000 0.650000 0.728667 0.648000
0 0.755333 0.640500 0.752000 0.640250 0.748000 0.641500 0.743333 0.646750 0.741667 0.651000 0.741333 0.658250 0.742333 0.661000 0.744333 0.662750 0.748333 0.662750 0.756667 0.653750 0.757667 0.651000 0.758000 0.645250 0.757333 0.642250
0 0.799333 0.573000 0.795333 0.573250 0.790333 0.575250 0.786333 0.579250 0.783667 0.583500 0.782333 0.587250 0.782667 0.592250 0.783667 0.594250 0.786667 0.596000 0.792000 0.595500 0.795667 0.594250 0.799333 0.591250 0.802000 0.587500 0.803667 0.583750 0.804000 0.577750 0.802667 0.574500
0 0.688333 0.626750 0.688667 0.631250 0.689667 0.632500 0.696333 0.636750 0.702333 0.638500 0.708667 0.639250 0.716667 0.639250 0.720000 0.637750 0.722667 0.635250 0.722333 0.631250 0.721333 0.629750 0.717667 0.627000 0.713000 0.625500 0.702667 0.624000 0.692333 0.624500 0.689000 0.625750
0 0.642333 0.649500 0.638000 0.649500 0.635333 0.650500 0.630333 0.654500 0.628333 0.657500 0.627667 0.662250 0.628333 0.670000 0.629667 0.672500 0.634000 0.674500 0.639333 0.673750 0.643667 0.670750 0.646667 0.666000 0.648000 0.660000 0.647667 0.655750 0.646000 0.652250
0 0.612333 0.672000 0.608667 0.672000 0.606000 0.672750 0.604000 0.674250 0.602000 0.678000 0.601000 0.681750 0.601333 0.688750 0.603667 0.692500 0.606333 0.693250 0.608000 0.693250 0.612333 0.691000 0.614333 0.689250 0.616333 0.686000 0.617000 0.682500 0.616333 0.675250 0.615333 0.673250
0 0.551000 0.689000 0.550667 0.690000 0.553333 0.694000 0.556000 0.696250 0.560667 0.698250 0.573333 0.699000 0.576333 0.698250 0.577667 0.696750 0.578000 0.692750 0.577000 0.690500 0.576000 0.689500 0.573333 0.688500 0.559667 0.686500 0.556333 0.686750
0 0.542000 0.689500 0.540333 0.690250 0.538667 0.693250 0.539333 0.705500 0.541333 0.709250 0.546333 0.713500 0.548667 0.714500 0.552333 0.714500 0.555000 0.712000 0.557000 0.706500 0.557000 0.702750 0.555333 0.696500 0.552667 0.692250 0.549667 0.689750 0.545667 0.689000
0 0.474667 0.689500 0.472667 0.691500 0.471667 0.696250 0.473667 0.704750 0.478000 0.710000 0.482333 0.711500 0.486667 0.711250 0.488667 0.710000 0.489667 0.707000 0.489667 0.704000 0.487667 0.696750 0.481667 0.690500 0.479000 0.689500
