0 0.424000 0.340500 0.419667 0.340500 0.415333 0.342250 0.410000 0.346250 0.407333 0.350750 0.406000 0.355500 0.405333 0.363250 0.406000 0.366500 0.407000 0.368000 0.408667 0.368750 0.412333 0.369000 0.418000 0.366750 0.420333 0.365000 0.425667 0.357250 0.428000 0.350750 0.428000 0.345250 0.426333 0.342250
0 0.456667 0.306750 0.454333 0.307500 0.450333 0.312500 0.449667 0.317250 0.450667 0.323500 0.453667 0.331000 0.455333 0.333250 0.459000 0.335500 0.463333 0.335750 0.466333 0.333750 0.467667 0.330750 0.468333 0.327000 0.467667 0.315250 0.464667 0.310750 0.459667 0.307000
0 0.420000 0.321500 0.415000 0.321250 0.412000 0.322250 0.407333 0.325250 0.399667 0.334250 0.398000 0.337500 0.397667 0.342250 0.399667 0.344750 0.404667 0.346500 0.408000 0.346250 0.412667 0.344250 0.420000 0.338000 0.421667 0.334500 0.423000 0.328250 0.423000 0.325750 0.421333 0.322500
0 0.392667 0.721750 0.390667 0.723250 0.389667 0.725500 0.389667 0.736750 0.392000 0.742000 0.396333 0.743500 0.400000 0.742000 0.402000 0.739500 0.403000 0.737000 0.402333 0.728750 0.400333 0.725250 0.396667 0.722000
0 0.223667 0.628500 0.221667 0.627750 0.218333 0.628250 0.213333 0.631000 0.211000 0.633000 0.206667 0.638750 0.206667 0.642250 0.208000 0.643750 0.210333 0.644000 0.216667 0.642250 0.220667 0.638750 0.224667 0.633500 0.225000 0.630000
0 0.314667 0.669250 0.314667 0.671000 0.317000 0.674500 0.321667 0.677250 0.326667 0.678750 0.331667 0.679250 0.342000 0.678750 0.344667 0.677250 0.346000 0.674750 0.345333 0.672250 0.341667 0.668750 0.333667 0.666500 0.326667 0.665250 0.322667 0.665250 0.319333 0.666000
0 0.360000 0.652500 0.357667 0.654750 0.357000 0.659500 0.358000 0.662250 0.360667 0.665500 0.364667 0.669250 0.368667 0.671750 0.372667 0.673000 0.377667 0.672750 0.380000 0.670250 0.380000 0.666250 0.375000 0.657750 0.372333 0.655500 0.365333 0.652000 0.361333 0.652000
0 0.382333 0.631000 0.380333 0.628500 0.375000 0.626000 0.370333 0.625250 0.360667 0.626000 0.355667 0.627000 0.351667 0.628750 0.349333 0.630500 0.349000 0.634750 0.352000 0.636750 0.357333 0.638250 0.362667 0.638750 0.372333 0.638250 0.381333 0.635250 0.382000 0.634500
0 0.361667 0.609750 0.360667 0.611000 0.361333 0.614750 0.366000 0.620000 0.372667 0.624750 0.383667 0.628500 0.385333 0.628250 0.386667 0.626500 0.386667 0.623250 0.385000 0.619250 0.382333 0.616250 0.373667 0.610250 0.368000 0.609250 0.363333 0.609250
0 0.381667 0.571500 0.379667 0.570500 0.372667 0.569000 0.366000 0.569250 0.358333 0.570750 0.353333 0.572750 0.351000 0.575000 0.350333 0.576500 0.350667 0.579750 0.352667 0.581750 0.357333 0.583000 0.360667 0.583000 0.369333 0.581250 0.380667 0.576250 0.382000 0.573000
0 0.368000 0.586750 0.365667 0.587500 0.362000 0.591250 0.361000 0.594000 0.361333 0.601000 0.363000 0.604750 0.366333 0.608250 0.368667 0.609250 0.374000 0.609750 0.376667 0.608250 0.378667 0.604000 0.378000 0.596000 0.372667 0.587750 0.370000 0.586750
0 0.396667 0.607500 0.393333 0.608750 0.391333 0.610500 0.389667 0.616750 0.390000 0.623250 0.392000 0.629250 0.396333 0.634000 0.399333 0.635000 0.401333 0.635000 0.405000 0.633000 0.406333 0.630500 0.407667 0.624250 0.407333 0.619000 0.404000 0.610250 0.400667 0.608000
0 0.550667 0.621500 0.547667 0.622000 0.544000 0.624250 0.541667 0.627000 0.540667 0.630000 0.540667 0.635750 0.541333 0.637500 0.544667 0.640500 0.548000 0.641250 0.550000 0.641250 0.553333 0.640250 0.555667 0.636000 0.556667 0.631750 0.556000 0.626250 0.553667 0.622500 0.552667 0.621750
0 0.544333 0.543750 0.541000 0.546000 0.539667 0.548500 0.539000 0.557250 0.540000 0.561250 0.542000 0.562500 0.545667 0.563000 0.549333 0.561750 0.551000 0.559750 0.552667 0.555750 0.553000 0.551750 0.552333 0.548500 0.549667 0.545000 0.547667 0.544000
0 0.510667 0.540750 0.506667 0.542000 0.503333 0.545250 0.501000 0.548500 0.498667 0.555750 0.499333 0.560750 0.500667 0.562750 0.505333 0.565500 0.509667 0.565000 0.513333 0.563250 0.515333 0.560250 0.517333 0.553500 0.517333 0.548000 0.516000 0.544500 0.514000 0.541500
0 0.479000 0.542250 0.476000 0.544000 0.473667 0.547750 0.472667 0.552750 0.472667 0.558000 0.473667 0.561000 0.477333 0.565000 0.480333 0.566000 0.483000 0.566000 0.487000 0.563750 0.489000 0.561250 0.490333 0.555250 0.490000 0.550250 0.489333 0.548250 0.486000 0.544250 0.482667 0.542250
0 0.420667 0.555750 0.416000 0.555750 0.414000 0.556750 0.411000 0.559750 0.408000 0.564500 0.407667 0.573000 0.409667 0.575750 0.412667 0.577250 0.415667 0.577250 0.419000 0.576000 0.424667 0.568750 0.425333 0.566000 0.425000 0.561500 0.422333 0.557000
0 0.393000 0.511750 0.389000 0.511750 0.385667 0.514000 0.384000 0.516750 0.382000 0.524750 0.381667 0.533750 0.382667 0.537000 0.384333 0.539000 0.388000 0.540250 0.389333 0.540250 0.392333 0.539000 0.394667 0.537250 0.397667 0.533750 0.399333 0.529000 0.399667 0.523750 0.398667 0.516750 0.396667 0.513250
0 0.435000 0.538500 0.431333 0.539750 0.429667 0.541250 0.428000 0.546250 0.428000 0.553500 0.431000 0.561750 0.435667 0.564500 0.439333 0.564750 0.443000 0.563500 0.445000 0.561000 0.446333 0.556250 0.446333 0.549000 0.443000 0.540750 0.439000 0.539000
0 0.454333 0.516500 0.452667 0.518000 0.452333 0.522500 0.454667 0.530000 0.462667 0.537750 0.466667 0.538500 0.468667 0.537000 0.469667 0.533750 0.469333 0.528000 0.467333 0.522000 0.462667 0.517500 0.459333 0.516500
0 0.482333 0.481000 0.479000 0.484000 0.477667 0.486250 0.477667 0.496750 0.478667 0.499000 0.481333 0.501750 0.483667 0.503000 0.487000 0.503750 0.490333 0.502750 0.491333 0.501750 0.493667 0.495250 0.493667 0.490000 0.492000 0.485500 0.490000 0.482750 0.486667 0.481000
0 0.507000 0.501000 0.502000 0.501250 0.500000 0.502500 0.495000 0.508750 0.493333 0.512500 0.493667 0.516250 0.496000 0.522000 0.497667 0.524250 0.501000 0.526000 0.502667 0.526000 0.506333 0.524250 0.511000 0.518500 0.513000 0.510500 0.512333 0.505500 0.510000 0.502250
0 0.451333 0.472000 0.449667 0.474000 0.449000 0.479500 0.450667 0.483000 0.451333 0.486750 0.454000 0.490250 0.460333 0.495000 0.462333 0.496000 0.466333 0.495500 0.467667 0.494250 0.468333 0.491750 0.468333 0.485500 0.467000 0.478500 0.459667 0.472750 0.456000 0.471750
0 0.447667 0.492250 0.445667 0.494250 0.445333 0.499750 0.446667 0.505000 0.450333 0.510500 0.452000 0.511750 0.455333 0.513250 0.459667 0.513750 0.464000 0.510250 0.464333 0.505750 0.463333 0.502000 0.457333 0.495250 0.451667 0.491500
0 0.431667 0.494750 0.430333 0.495750 0.426667 0.502250 0.427000 0.509750 0.430667 0.516750 0.435000 0.519250 0.439667 0.519250 0.443000 0.517250 0.444667 0.514000 0.445333 0.510500 0.445000 0.504750 0.443333 0.500250 0.436000 0.494000
0 0.411667 0.500750 0.409000 0.501500 0.407667 0.502500 0.407000 0.504250 0.406667 0.510250 0.407333 0.514250 0.408667 0.517500 0.411667 0.521750 0.414667 0.523500 0.417000 0.523750 0.420667 0.522250 0.422000 0.519000 0.422333 0.514000 0.421667 0.508500 0.419000 0.502500 0.415667 0.500750
0 0.251667 0.535500 0.248333 0.537250 0.246667 0.540500 0.246667 0.545000 0.248000 0.548250 0.251333 0.553250 0.257667 0.557500 0.261000 0.558750 0.264667 0.558750 0.267333 0.557000 0.268333 0.554500 0.268333 0.551000 0.267333 0.548250 0.263000 0.541000 0.256000 0.536000
0 0.313667 0.516250 0.314000 0.519250 0.316667 0.522000 0.319000 0.523000 0.325667 0.524250 0.331667 0.524500 0.339667 0.523250 0.342333 0.522250 0.343333 0.520750 0.343667 0.517250 0.341333 0.514750 0.334667 0.513000 0.327333 0.512250 0.321667 0.512500 0.315000 0.514250
0 0.365667 0.482500 0.363667 0.484500 0.362667 0.489000 0.363000 0.493500 0.364333 0.497500 0.369000 0.502750 0.372667 0.503750 0.379000 0.503000 0.380667 0.502000 0.381667 0.499000 0.381667 0.493000 0.381000 0.491250 0.377667 0.486750 0.373333 0.483750 0.369333 0.482250
0 0.385333 0.470250 0.384333 0.471250 0.384000 0.475250 0.388667 0.483000 0.394000 0.487500 0.399667 0.489250 0.403667 0.488500 0.405667 0.486000 0.405667 0.481750 0.405000 0.478750 0.403333 0.476250 0.396000 0.471000 0.390333 0.469750
0 0.439333 0.452000 0.435000 0.453500 0.433000 0.455750 0.432000 0.458000 0.432000 0.464000 0.435333 0.469500 0.437667 0.471250 0.440000 0.472000 0.442667 0.471250 0.445000 0.468500 0.446000 0.464750 0.446000 0.459000 0.445000 0.455500 0.443333 0.453000
0 0.483000 0.348750 0.479667 0.349250 0.477333 0.350500 0.475667 0.353250 0.475000 0.356250 0.475000 0.362750 0.476333 0.369000 0.478000 0.371250 0.481333 0.372000 0.483333 0.371750 0.487000 0.369250 0.489667 0.366000 0.491000 0.361750 0.491000 0.356750 0.490000 0.353000 0.487000 0.350250
0 0.240667 0.388750 0.236333 0.389000 0.229667 0.391000 0.226333 0.392750 0.221333 0.400250 0.221667 0.404250 0.223667 0.406000 0.230333 0.406250 0.232667 0.405750 0.237000 0.402250 0.240667 0.398000 0.242333 0.394250 0.242333 0.391000
0 0.219000 0.320250 0.217667 0.323250 0.220000 0.329750 0.226667 0.334500 0.236667 0.338250 0.244667 0.339000 0.248000 0.337500 0.249333 0.334750 0.249000 0.329750 0.240667 0.322750 0.232000 0.319500 0.221333 0.319000
0 0.396333 0.355000 0.392333 0.355500 0.390333 0.356750 0.386000 0.362000 0.384667 0.365500 0.384333 0.370750 0.385000 0.373500 0.388000 0.376500 0.391000 0.377500 0.394000 0.377500 0.397000 0.376250 0.400000 0.372750 0.401667 0.368500 0.402000 0.363750 0.401333 0.360250 0.398667 0.356500
