0 0.579667 0.797000 0.576667 0.798000 0.575333 0.799750 0.574667 0.802250 0.575333 0.811000 0.579667 0.818250 0.583667 0.820500 0.587000 0.820250 0.589333 0.819000 0.591333 0.815000 0.590667 0.806250 0.585000 0.798250
0 0.318333 0.777750 0.315667 0.779750 0.315667 0.784750 0.316667 0.788250 0.321333 0.797250 0.323000 0.798250 0.326000 0.798500 0.328333 0.796250 0.330000 0.792500 0.330000 0.787750 0.328667 0.783750 0.326333 0.780000 0.324333 0.778500 0.322333 0.777750
0 0.410333 0.774500 0.410333 0.776000 0.412333 0.778000 0.415333 0.779750 0.420333 0.780750 0.433667 0.781500 0.436000 0.781000 0.437667 0.779250 0.437667 0.775250 0.435000 0.772750 0.427667 0.770000 0.419333 0.769500 0.414667 0.771250
0 0.487667 0.734500 0.485000 0.735750 0.484333 0.737250 0.483667 0.747250 0.485667 0.751500 0.488667 0.752750 0.491000 0.752750 0.492333 0.751750 0.494667 0.747750 0.494667 0.739750 0.492333 0.736000 0.490333 0.734500
0 0.479000 0.716500 0.475000 0.717000 0.471000 0.718750 0.469667 0.720000 0.466000 0.728500 0.464667 0.735000 0.465000 0.740000 0.466333 0.742250 0.470000 0.744250 0.474333 0.743500 0.476333 0.742000 0.480000 0.738000 0.482333 0.733250 0.482667 0.721000 0.481667 0.718500
0 0.541667 0.694750 0.537333 0.694750 0.534667 0.696000 0.533000 0.697500 0.531667 0.700500 0.531667 0.716000 0.532667 0.718500 0.535667 0.720000 0.538000 0.720000 0.542333 0.717500 0.545667 0.711250 0.546333 0.707750 0.545667 0.697750 0.544667 0.696250
0 0.498667 0.684250 0.496667 0.684500 0.493667 0.686500 0.492000 0.690000 0.491000 0.695750 0.491333 0.702000 0.493000 0.705250 0.495333 0.706250 0.498333 0.706250 0.502667 0.701500 0.503667 0.696750 0.503333 0.688750 0.501667 0.685750
0 0.450333 0.670750 0.446667 0.672000 0.445000 0.674250 0.444333 0.678000 0.444667 0.685250 0.446333 0.690000 0.451333 0.694750 0.455333 0.695250 0.458667 0.693750 0.460333 0.690750 0.461000 0.681250 0.459667 0.676500 0.457667 0.673500 0.455333 0.672000
0 0.436333 0.673000 0.433667 0.673250 0.431000 0.674500 0.428667 0.678000 0.425667 0.680750 0.423000 0.685500 0.422333 0.688500 0.422667 0.694750 0.424000 0.697250 0.427333 0.698750 0.432000 0.697750 0.436000 0.695250 0.440000 0.686250 0.440667 0.676750 0.439333 0.674250
0 0.436000 0.656250 0.431000 0.655750 0.424333 0.657250 0.422333 0.658500 0.416667 0.665500 0.414667 0.669500 0.414000 0.674250 0.416333 0.677750 0.420000 0.678750 0.423667 0.678250 0.432333 0.670250 0.435667 0.666000 0.437000 0.662750 0.437000 0.657500
0 0.350333 0.685000 0.345333 0.685500 0.337000 0.689500 0.334667 0.693000 0.331000 0.696500 0.329333 0.699750 0.329000 0.703250 0.329333 0.705250 0.330333 0.706250 0.333667 0.707250 0.338667 0.707000 0.342333 0.705750 0.350000 0.698500 0.354333 0.690500 0.354000 0.688000
0 0.308667 0.646000 0.309000 0.650000 0.313667 0.654250 0.325667 0.659250 0.329333 0.660250 0.335000 0.660250 0.341333 0.659000 0.342333 0.658000 0.342667 0.654750 0.340000 0.651000 0.336333 0.648750 0.325333 0.644250 0.320667 0.643000 0.313667 0.643000 0.310667 0.644000
0 0.380667 0.627250 0.378667 0.629250 0.378333 0.632250 0.379667 0.636000 0.384000 0.642500 0.391333 0.648000 0.394667 0.648750 0.397667 0.648500 0.401000 0.646000 0.401333 0.642000 0.397000 0.634500 0.388667 0.628250 0.385333 0.627250
0 0.408333 0.638250 0.408333 0.641750 0.409667 0.643750 0.414000 0.647250 0.422667 0.652000 0.428667 0.653500 0.436667 0.653750 0.439667 0.653000 0.441333 0.651500 0.441667 0.649250 0.440667 0.646250 0.438333 0.643250 0.435667 0.641250 0.428000 0.638250 0.420000 0.636250 0.413667 0.636250
0 0.545333 0.662250 0.540333 0.662250 0.533667 0.664250 0.531000 0.666250 0.527333 0.671000 0.525000 0.672750 0.523667 0.679000 0.523667 0.683000 0.525000 0.686000 0.530000 0.686250 0.536667 0.683500 0.545000 0.674500 0.547000 0.669500 0.547333 0.665250
0 0.524000 0.641750 0.522667 0.643000 0.523000 0.646750 0.531333 0.655250 0.538000 0.658250 0.544000 0.659750 0.545333 0.659500 0.546667 0.657000 0.546667 0.653000 0.545667 0.649750 0.544667 0.648750 0.535000 0.643000 0.529000 0.641250 0.525333 0.641250
0 0.462333 0.638500 0.460333 0.641750 0.460333 0.645250 0.462667 0.651250 0.472000 0.658750 0.477667 0.660250 0.480333 0.659750 0.482000 0.658750 0.482667 0.653750 0.480667 0.649500 0.477667 0.647000 0.474000 0.642500 0.466333 0.638500
0 0.466333 0.621250 0.464333 0.623000 0.464667 0.627500 0.470000 0.638500 0.478667 0.643500 0.480667 0.644250 0.483000 0.644250 0.485667 0.641750 0.486000 0.638250 0.482000 0.629500 0.478667 0.626000 0.473333 0.624000 0.470333 0.622000 0.467667 0.621000
0 0.471000 0.597250 0.467333 0.599500 0.465000 0.603000 0.465000 0.607250 0.466000 0.611000 0.469667 0.620000 0.473667 0.622750 0.478667 0.623750 0.483000 0.619250 0.484000 0.614750 0.483333 0.607500 0.482000 0.604000 0.480000 0.601750 0.475000 0.597750
0 0.450333 0.598000 0.447667 0.598750 0.444667 0.602000 0.444000 0.604250 0.444333 0.611000 0.446000 0.615750 0.450000 0.620500 0.452000 0.621500 0.455667 0.621750 0.459000 0.619500 0.460667 0.616250 0.461000 0.607000 0.459667 0.602500 0.454667 0.598750
0 0.557000 0.453000 0.554667 0.454500 0.552000 0.463250 0.552000 0.469250 0.552667 0.471500 0.557000 0.477750 0.560000 0.480500 0.562333 0.480500 0.565333 0.479250 0.568667 0.474750 0.569333 0.471500 0.569000 0.462000 0.565667 0.455500 0.561000 0.453000
0 0.435333 0.594250 0.431000 0.594250 0.427667 0.596000 0.422667 0.603250 0.422000 0.606750 0.422667 0.614500 0.423333 0.616000 0.427000 0.618250 0.432000 0.617500 0.433667 0.616500 0.436333 0.613750 0.438667 0.606250 0.438667 0.599000 0.437000 0.595000
0 0.519333 0.544250 0.516333 0.544500 0.513333 0.546750 0.512000 0.549000 0.511000 0.554500 0.511667 0.564250 0.513333 0.566750 0.516333 0.567500 0.518667 0.567250 0.521667 0.565250 0.524000 0.558000 0.523667 0.548500 0.522333 0.545750
0 0.554000 0.544500 0.554000 0.548750 0.557000 0.551750 0.562667 0.553750 0.575333 0.555000 0.582667 0.554500 0.584667 0.554000 0.588333 0.551750 0.590000 0.548750 0.589000 0.546000 0.583000 0.542500 0.576667 0.541250 0.568667 0.541000 0.562333 0.541500 0.557000 0.542500
0 0.583333 0.517500 0.580333 0.520000 0.578333 0.524500 0.578333 0.533000 0.579667 0.537250 0.581333 0.538750 0.583667 0.539750 0.588667 0.539750 0.590667 0.539000 0.592000 0.537500 0.592667 0.524750 0.591333 0.522000 0.589000 0.519750 0.586333 0.518000
0 0.539667 0.516000 0.537000 0.516750 0.535667 0.517750 0.533667 0.521000 0.532333 0.524750 0.532333 0.532500 0.533667 0.536750 0.536000 0.539250 0.539000 0.541000 0.542000 0.541500 0.545000 0.540000 0.546667 0.537500 0.547333 0.525000 0.545000 0.517500 0.542000 0.516000
0 0.482667 0.520500 0.478000 0.521000 0.472667 0.524000 0.470000 0.526500 0.465333 0.536500 0.465667 0.541500 0.467333 0.543250 0.470000 0.544500 0.474667 0.543750 0.482000 0.537750 0.485667 0.529500 0.486000 0.524750
0 0.510000 0.481750 0.508333 0.482750 0.507333 0.485250 0.508333 0.491250 0.515333 0.499000 0.518333 0.500250 0.522000 0.500500 0.524000 0.498500 0.524000 0.496500 0.522667 0.492000 0.518667 0.485750 0.514333 0.482500
0 0.609667 0.486750 0.607000 0.486750 0.602667 0.489250 0.599000 0.494500 0.597333 0.500750 0.597667 0.507250 0.599667 0.511250 0.602667 0.512500 0.606333 0.512250 0.608333 0.511250 0.612667 0.506250 0.615667 0.498500 0.615667 0.493250 0.615000 0.491250 0.612333 0.487750
0 0.412333 0.601500 0.411667 0.599000 0.408667 0.596750 0.400000 0.594250 0.384333 0.594750 0.379000 0.596250 0.376667 0.598750 0.377333 0.602750 0.380000 0.605000 0.385333 0.606750 0.395000 0.608000 0.403000 0.607750 0.406667 0.607000 0.412000 0.604000
0 0.377333 0.580000 0.377000 0.583500 0.378000 0.585250 0.383667 0.589250 0.391000 0.592750 0.396667 0.594000 0.404667 0.594000 0.408000 0.592500 0.410000 0.590500 0.410667 0.589000 0.410333 0.587000 0.405667 0.582250 0.402000 0.580000 0.389667 0.578250 0.380333 0.578250
0 0.399667 0.408000 0.396000 0.410000 0.395000 0.411750 0.395000 0.416750 0.397333 0.423250 0.399667 0.427500 0.405333 0.432250 0.408000 0.433500 0.412000 0.433500 0.414000 0.432250 0.415667 0.428750 0.416000 0.423750 0.412667 0.416500 0.409000 0.413750 0.403667 0.408500
0 0.403667 0.372500 0.400667 0.374000 0.399000 0.376500 0.399667 0.384000 0.407000 0.393250 0.414333 0.397500 0.419333 0.397500 0.421000 0.396250 0.422333 0.391250 0.421667 0.385000 0.420000 0.381000 0.416667 0.376500 0.412333 0.374000 0.407667 0.372500
0 0.388667 0.472750 0.384000 0.472750 0.382333 0.473500 0.377333 0.478000 0.376000 0.482000 0.376000 0.494750 0.378667 0.498750 0.381000 0.500000 0.384000 0.500500 0.388333 0.500000 0.390667 0.498500 0.393667 0.494000 0.395000 0.490250 0.395333 0.484000 0.394333 0.477750 0.391000 0.474000
0 0.450000 0.444750 0.446667 0.445750 0.444667 0.448000 0.443000 0.451750 0.442667 0.458250 0.443667 0.462500 0.446333 0.468250 0.450333 0.469750 0.453333 0.469750 0.456000 0.469000 0.458333 0.467250 0.459667 0.464750 0.460333 0.453750 0.459000 0.449750 0.456667 0.446750 0.452000 0.444750
0 0.563667 0.570500 0.560000 0.572250 0.558000 0.575500 0.557000 0.578500 0.557000 0.582000 0.560333 0.590250 0.563667 0.592250 0.565333 0.592250 0.567667 0.591500 0.569333 0.590000 0.571333 0.579500 0.570000 0.573000 0.569000 0.571250 0.566667 0.570500
