0 0.521000 0.295000 0.520667 0.298750 0.525333 0.303250 0.534333 0.307250 0.539333 0.308250 0.549333 0.308250 0.553000 0.307750 0.554333 0.306750 0.554333 0.303000 0.552667 0.300250 0.550000 0.298250 0.544667 0.295750 0.536000 0.293250 0.530333 0.292250 0.524667 0.292750
0 0.560000 0.314750 0.557333 0.312000 0.550000 0.311000 0.538000 0.311750 0.533667 0.311500 0.528667 0.313000 0.528000 0.313750 0.528000 0.316000 0.529000 0.318250 0.534000 0.321250 0.545667 0.322250 0.558000 0.319250 0.559000 0.318250
0 0.536667 0.323500 0.532667 0.325750 0.531333 0.329250 0.531333 0.336750 0.532667 0.341500 0.533667 0.343000 0.537000 0.345500 0.540667 0.346000 0.544667 0.348000 0.548333 0.347750 0.550000 0.346000 0.550667 0.337500 0.549333 0.333750 0.546333 0.328500 0.541333 0.324500
0 0.556000 0.339750 0.555000 0.341250 0.554000 0.344750 0.554000 0.349500 0.555000 0.353000 0.561000 0.360000 0.564667 0.361250 0.568000 0.361250 0.570667 0.359000 0.572000 0.356000 0.572000 0.351750 0.570000 0.345250 0.564333 0.340250 0.560333 0.338500
0 0.526333 0.353250 0.526667 0.357000 0.528000 0.359000 0.533667 0.363000 0.538000 0.363750 0.541333 0.365250 0.551667 0.365000 0.557667 0.363500 0.561000 0.361250 0.558667 0.358000 0.553000 0.353500 0.540000 0.350500 0.533000 0.350000 0.529000 0.351000
0 0.611667 0.331750 0.608000 0.332250 0.602000 0.336500 0.600667 0.339000 0.599333 0.344000 0.599333 0.348750 0.601333 0.352750 0.604000 0.354250 0.608000 0.354250 0.612000 0.351750 0.614000 0.349250 0.616667 0.342000 0.616333 0.335250 0.615333 0.333500
0 0.545333 0.368500 0.540333 0.369250 0.532667 0.377500 0.531667 0.383000 0.532333 0.388250 0.534000 0.390250 0.536667 0.391250 0.542000 0.390500 0.545667 0.388500 0.549333 0.381250 0.550000 0.378500 0.549667 0.373500 0.548000 0.370500
0 0.630333 0.383500 0.626000 0.385000 0.622000 0.390500 0.621000 0.393000 0.620667 0.400250 0.622000 0.404250 0.623333 0.405750 0.627333 0.407000 0.631667 0.407250 0.636333 0.405750 0.637667 0.404750 0.639333 0.400500 0.639667 0.395500 0.639333 0.391000 0.638000 0.387250 0.635000 0.384250
0 0.686000 0.389000 0.685333 0.393250 0.688333 0.397750 0.693000 0.401500 0.700333 0.405000 0.705667 0.406000 0.710000 0.406000 0.713000 0.405000 0.715667 0.402500 0.716667 0.400500 0.715667 0.397000 0.714333 0.395250 0.710000 0.392000 0.703667 0.390000 0.701000 0.388500 0.697333 0.387750 0.689667 0.387500
0 0.687000 0.416750 0.686667 0.420500 0.689000 0.424250 0.698333 0.427250 0.703333 0.427750 0.709000 0.427750 0.716667 0.425250 0.718667 0.423750 0.721000 0.420500 0.720667 0.418500 0.717333 0.414750 0.709000 0.412500 0.699000 0.412250 0.693000 0.412750 0.690000 0.413750
0 0.642000 0.413750 0.639000 0.415750 0.638333 0.417750 0.638333 0.422000 0.640667 0.428750 0.643000 0.431750 0.646667 0.434250 0.653000 0.436250 0.655000 0.436250 0.657667 0.434750 0.659667 0.431500 0.658667 0.424000 0.656333 0.421500 0.654333 0.417750 0.651333 0.415250 0.646000 0.413500
0 0.642667 0.437500 0.641333 0.439000 0.641667 0.443000 0.644667 0.447750 0.648333 0.451250 0.658000 0.456500 0.662000 0.456500 0.665000 0.454750 0.666667 0.450500 0.664667 0.446500 0.656667 0.438750 0.654667 0.437750 0.650667 0.437000 0.646000 0.436750
0 0.638000 0.429250 0.633000 0.428500 0.627333 0.430000 0.625333 0.431500 0.621667 0.436500 0.618667 0.438750 0.617667 0.442000 0.617667 0.448000 0.619000 0.450000 0.622333 0.452000 0.623667 0.452000 0.631000 0.449000 0.638000 0.443750 0.640000 0.440500 0.641000 0.436750 0.640333 0.431250
0 0.626333 0.455000 0.623333 0.455750 0.620667 0.458750 0.620333 0.465500 0.622333 0.471500 0.626333 0.478000 0.630667 0.479750 0.634333 0.478250 0.637333 0.475000 0.637333 0.468000 0.635667 0.462250 0.631667 0.457250 0.630000 0.456000
0 0.580333 0.446250 0.577667 0.447750 0.575667 0.450500 0.575667 0.455750 0.577000 0.463000 0.579667 0.468000 0.584000 0.470250 0.588667 0.470500 0.591000 0.469000 0.592000 0.467000 0.592333 0.459750 0.591333 0.454500 0.588667 0.449750 0.586667 0.447750 0.583667 0.446250
0 0.557000 0.447250 0.556000 0.447750 0.555000 0.450500 0.555000 0.455750 0.556000 0.459750 0.560000 0.465500 0.562333 0.467500 0.564333 0.468250 0.568333 0.468500 0.571000 0.466750 0.571000 0.462250 0.568000 0.454250 0.565000 0.450750 0.560333 0.447750
0 0.606333 0.508000 0.603000 0.508750 0.601333 0.510000 0.599333 0.513000 0.598000 0.518000 0.598000 0.522500 0.599000 0.526250 0.602333 0.531000 0.606667 0.533000 0.608667 0.533000 0.611667 0.531750 0.614667 0.529000 0.616333 0.524250 0.616333 0.516500 0.614333 0.510500 0.612000 0.509000
0 0.575667 0.506750 0.572333 0.508500 0.571333 0.510500 0.571333 0.522250 0.572333 0.524750 0.575333 0.528500 0.579000 0.530500 0.582333 0.530500 0.584667 0.529750 0.588333 0.522500 0.588000 0.517250 0.584000 0.508750 0.579333 0.506750
0 0.665000 0.481250 0.663333 0.482750 0.662667 0.487000 0.664667 0.492500 0.666333 0.495000 0.670667 0.498500 0.673333 0.499500 0.676333 0.500000 0.682000 0.499500 0.683000 0.498000 0.683000 0.494000 0.678333 0.485500 0.673667 0.482250 0.670333 0.480750 0.666333 0.480750
0 0.633667 0.502500 0.630000 0.502250 0.627333 0.503250 0.621667 0.509000 0.619333 0.512750 0.618667 0.515000 0.618667 0.521000 0.619333 0.522500 0.623000 0.525250 0.630000 0.522500 0.634000 0.518000 0.636000 0.512000 0.636333 0.505000
0 0.731667 0.534500 0.727333 0.536500 0.725667 0.539750 0.726000 0.544500 0.727667 0.548500 0.731667 0.553500 0.736333 0.556750 0.740667 0.558000 0.744000 0.558000 0.746333 0.556500 0.747667 0.553500 0.747667 0.548000 0.746000 0.543500 0.744000 0.540500 0.740000 0.537250 0.736000 0.535000
0 0.654000 0.560500 0.650333 0.561250 0.645667 0.564500 0.643000 0.568000 0.641667 0.571500 0.642333 0.580750 0.644333 0.584250 0.646333 0.585750 0.649667 0.586750 0.654000 0.586500 0.658000 0.584000 0.660000 0.581250 0.661667 0.576250 0.662000 0.571750 0.660667 0.564750 0.658333 0.562250
0 0.602333 0.547250 0.600000 0.548000 0.598667 0.549500 0.597333 0.554750 0.597667 0.560250 0.599333 0.564750 0.602667 0.568500 0.604667 0.569250 0.608000 0.569500 0.612000 0.567500 0.613333 0.564750 0.613000 0.557250 0.611000 0.552750 0.608333 0.549250 0.605333 0.547500
0 0.611667 0.573750 0.607667 0.573250 0.602667 0.576000 0.599000 0.580750 0.596333 0.586750 0.596000 0.592000 0.596667 0.595750 0.599000 0.599250 0.602000 0.600500 0.605000 0.600500 0.607667 0.599250 0.612000 0.595000 0.615667 0.589250 0.616667 0.579750 0.615000 0.575500
0 0.562667 0.570750 0.559333 0.572000 0.556333 0.576750 0.555333 0.580000 0.555333 0.585000 0.556333 0.589250 0.559333 0.593500 0.560667 0.594250 0.565333 0.594250 0.568333 0.593250 0.570333 0.589000 0.572000 0.583500 0.572000 0.577500 0.570333 0.573000 0.569000 0.571500
0 0.567667 0.595250 0.564333 0.595000 0.561333 0.596250 0.556667 0.600000 0.555000 0.603000 0.554333 0.611500 0.555333 0.614750 0.556333 0.616250 0.560000 0.617750 0.564667 0.617500 0.568000 0.615750 0.570667 0.611500 0.572000 0.606500 0.572000 0.602000 0.571000 0.598750 0.569000 0.596000
0 0.633000 0.621000 0.630333 0.621000 0.626667 0.623000 0.624000 0.627000 0.622000 0.632500 0.622000 0.636250 0.623000 0.638750 0.626000 0.643500 0.628333 0.644500 0.631000 0.644500 0.633000 0.643250 0.637000 0.639500 0.639333 0.634500 0.639667 0.626500 0.639000 0.624250 0.636667 0.622000
0 0.653333 0.672250 0.650667 0.673250 0.649000 0.674750 0.645667 0.680000 0.645333 0.684250 0.646333 0.689000 0.649333 0.694250 0.653667 0.696500 0.655667 0.696750 0.659000 0.696250 0.663333 0.694000 0.665000 0.689250 0.665000 0.685000 0.664000 0.680000 0.660667 0.674500 0.658333 0.672750
0 0.729000 0.661000 0.725000 0.661250 0.721333 0.663250 0.718667 0.666000 0.718000 0.668500 0.718667 0.681250 0.720333 0.683750 0.723667 0.685250 0.725667 0.685250 0.729000 0.684000 0.732000 0.681750 0.733667 0.678250 0.733667 0.665500 0.732333 0.663000
0 0.525000 0.575000 0.520667 0.574750 0.518000 0.575500 0.514000 0.579500 0.511667 0.586750 0.511667 0.592500 0.512667 0.595750 0.513667 0.596500 0.517667 0.596500 0.520667 0.594750 0.523333 0.592500 0.527333 0.585000 0.528000 0.580500 0.527000 0.576500
0 0.491000 0.575500 0.489000 0.577250 0.488000 0.579500 0.487667 0.585250 0.489000 0.591750 0.491333 0.594750 0.494667 0.597250 0.497667 0.598250 0.502333 0.598250 0.505000 0.596500 0.506000 0.593750 0.506000 0.587000 0.502333 0.579500 0.498000 0.575750 0.495333 0.575000
0 0.476667 0.546750 0.472667 0.548000 0.470000 0.550750 0.468333 0.555500 0.468333 0.561750 0.469667 0.567500 0.471000 0.569750 0.474667 0.571750 0.479000 0.572000 0.482667 0.570750 0.484667 0.568250 0.486333 0.561750 0.486333 0.555750 0.483333 0.548500 0.479667 0.546750
