0 0.350667 0.737500 0.346333 0.737750 0.342667 0.739250 0.337333 0.743250 0.334333 0.749000 0.333667 0.753000 0.334333 0.756500 0.338000 0.759000 0.341333 0.758750 0.344667 0.757000 0.350667 0.752250 0.354333 0.746750 0.355000 0.745000 0.354667 0.740250 0.353000 0.738500
0 0.567667 0.290250 0.563667 0.290250 0.561000 0.291500 0.557333 0.294250 0.554333 0.298750 0.552667 0.306000 0.553000 0.310250 0.553667 0.311750 0.556000 0.313750 0.559667 0.314750 0.561333 0.314750 0.565667 0.313250 0.568667 0.311250 0.572000 0.303500 0.572000 0.296250 0.569333 0.291250
0 0.532000 0.313500 0.529333 0.314750 0.528000 0.319000 0.532667 0.331750 0.537000 0.336000 0.540000 0.337000 0.544333 0.336500 0.546333 0.334250 0.546667 0.326250 0.545667 0.322500 0.538333 0.314250 0.534000 0.313250
0 0.517000 0.340250 0.513000 0.340750 0.509000 0.343750 0.507333 0.347000 0.506333 0.352750 0.507000 0.360000 0.508333 0.363000 0.511333 0.364500 0.514333 0.364500 0.518667 0.361750 0.522000 0.355750 0.522667 0.345250 0.521333 0.343000
0 0.472333 0.372500 0.469667 0.372250 0.467000 0.373250 0.462667 0.377750 0.461333 0.382250 0.461333 0.388500 0.463333 0.390500 0.467333 0.390750 0.470667 0.389500 0.474333 0.385750 0.476000 0.380000 0.476000 0.376000 0.475000 0.374000
0 0.470667 0.401750 0.467000 0.402000 0.463000 0.405000 0.460667 0.411250 0.460333 0.417750 0.461000 0.421250 0.462333 0.423250 0.465667 0.425750 0.470000 0.425250 0.472667 0.423750 0.475000 0.421000 0.476333 0.417000 0.476333 0.406500 0.474667 0.403500
0 0.519000 0.405000 0.516333 0.405000 0.511333 0.407250 0.509667 0.409250 0.508000 0.414500 0.508000 0.424250 0.509667 0.427750 0.514000 0.430750 0.518000 0.430500 0.522000 0.428000 0.524333 0.424000 0.525333 0.419750 0.525333 0.413750 0.524000 0.408750 0.522667 0.406500 0.521333 0.405500
0 0.456000 0.422750 0.451000 0.423000 0.448667 0.424000 0.440000 0.432500 0.439000 0.436250 0.439000 0.440000 0.440333 0.442500 0.442667 0.444000 0.445000 0.443750 0.452000 0.439750 0.458667 0.431750 0.459667 0.427000 0.458667 0.424250
0 0.451667 0.441250 0.448333 0.443750 0.447333 0.445750 0.447333 0.452000 0.450000 0.459750 0.452333 0.463750 0.455333 0.465750 0.458667 0.466000 0.464000 0.463000 0.465333 0.460500 0.465667 0.454250 0.463333 0.447000 0.459333 0.443000 0.455000 0.441000
0 0.558667 0.448000 0.556333 0.448500 0.554667 0.451000 0.554333 0.465000 0.554667 0.467500 0.556000 0.469750 0.559667 0.471750 0.561333 0.471750 0.564333 0.470750 0.567000 0.467750 0.567667 0.460750 0.566667 0.456000 0.565333 0.453500 0.561333 0.448500
0 0.545333 0.473750 0.541667 0.475250 0.539000 0.478250 0.537667 0.482000 0.537333 0.487500 0.538333 0.493250 0.540333 0.497000 0.542333 0.498500 0.545667 0.499500 0.550000 0.498500 0.553000 0.496250 0.555667 0.490000 0.556000 0.484000 0.553000 0.476750 0.549333 0.474250
0 0.580667 0.477500 0.579000 0.478500 0.578000 0.481500 0.578000 0.486000 0.579667 0.490750 0.587000 0.498750 0.591000 0.499750 0.595000 0.498750 0.596333 0.497250 0.596667 0.492500 0.591667 0.481000 0.587667 0.478000 0.585000 0.477250
0 0.526667 0.479500 0.522333 0.479750 0.519333 0.481250 0.516667 0.484250 0.514667 0.493250 0.515000 0.498250 0.516667 0.503000 0.520333 0.505000 0.522333 0.505000 0.527333 0.502750 0.529000 0.501500 0.531333 0.497000 0.532000 0.491500 0.531667 0.485250 0.530000 0.481250
0 0.498667 0.509000 0.496333 0.509250 0.492667 0.511250 0.489000 0.515250 0.487333 0.518500 0.486333 0.524250 0.487333 0.530500 0.489333 0.533750 0.493333 0.534750 0.497667 0.534000 0.499000 0.533000 0.501667 0.529250 0.504000 0.521500 0.504000 0.516750 0.503000 0.513500 0.501667 0.511250
0 0.473000 0.504750 0.470333 0.505250 0.466333 0.509500 0.465333 0.513000 0.465667 0.521000 0.467000 0.525500 0.469333 0.528250 0.471667 0.529500 0.475333 0.530000 0.480000 0.527000 0.481667 0.524750 0.482667 0.521750 0.482667 0.515250 0.481333 0.510000 0.479667 0.507750 0.475333 0.505000
0 0.456000 0.517750 0.453667 0.517750 0.450667 0.519000 0.447333 0.522750 0.445667 0.525750 0.444333 0.533250 0.444667 0.537500 0.447333 0.540500 0.449667 0.541000 0.452333 0.540750 0.456000 0.538250 0.459667 0.533000 0.460333 0.530250 0.460000 0.522000 0.458667 0.519750
0 0.409000 0.506500 0.408000 0.508250 0.408000 0.510500 0.411000 0.514750 0.416333 0.518750 0.422333 0.521750 0.427000 0.523000 0.433333 0.523250 0.436333 0.522250 0.437000 0.520000 0.436333 0.515000 0.435333 0.513000 0.431000 0.509250 0.424667 0.506000 0.419667 0.504500 0.413000 0.504750
0 0.412000 0.494500 0.407000 0.494500 0.400000 0.497750 0.396667 0.501250 0.394333 0.505750 0.394333 0.510000 0.396000 0.512000 0.400667 0.513000 0.403667 0.511750 0.405000 0.510750 0.408333 0.505750 0.413333 0.502750 0.414000 0.501750 0.413667 0.497500
0 0.408667 0.448000 0.404000 0.447750 0.399333 0.450250 0.392333 0.463000 0.392667 0.468000 0.394667 0.471250 0.397333 0.472500 0.401000 0.473000 0.404667 0.472000 0.410000 0.467500 0.412667 0.464000 0.413667 0.459250 0.413333 0.451250 0.411667 0.449000
0 0.430000 0.443250 0.427000 0.443250 0.424333 0.444500 0.420333 0.447750 0.418667 0.451000 0.419000 0.464250 0.420000 0.466500 0.423333 0.468250 0.428333 0.468250 0.430333 0.467250 0.432333 0.465500 0.435333 0.459750 0.436000 0.455500 0.435667 0.448000 0.433333 0.444500
0 0.400667 0.557000 0.398000 0.558750 0.396333 0.561250 0.395333 0.566250 0.395667 0.571250 0.399667 0.580250 0.402667 0.581750 0.405000 0.582000 0.408667 0.579750 0.411000 0.576750 0.412333 0.572500 0.412000 0.568250 0.411000 0.564500 0.408000 0.560250 0.404333 0.557000
0 0.446667 0.555750 0.442667 0.559750 0.441333 0.562750 0.441000 0.569000 0.441667 0.571500 0.444333 0.577000 0.447667 0.580000 0.451333 0.581250 0.455000 0.581000 0.459000 0.578500 0.460333 0.575750 0.460667 0.568750 0.460000 0.564750 0.458333 0.562000 0.452000 0.556250
0 0.563333 0.612500 0.560000 0.614000 0.557000 0.618250 0.556667 0.623250 0.559667 0.630250 0.562000 0.631750 0.564333 0.632250 0.569000 0.629250 0.571000 0.622750 0.571000 0.619500 0.569000 0.614750 0.566333 0.613000
0 0.450667 0.621500 0.447333 0.623500 0.446000 0.625750 0.445667 0.635500 0.446667 0.638750 0.451667 0.643500 0.455667 0.644500 0.459333 0.643000 0.461000 0.639250 0.461667 0.635500 0.461000 0.628250 0.458667 0.623500 0.455000 0.621750
0 0.561000 0.634000 0.558667 0.635000 0.557000 0.637250 0.557000 0.640250 0.559000 0.645750 0.560667 0.648250 0.564000 0.651000 0.568000 0.651500 0.569333 0.650750 0.571000 0.647000 0.570333 0.640500 0.568333 0.636750 0.566333 0.635250
0 0.388667 0.656250 0.384667 0.656250 0.379333 0.658000 0.376333 0.660500 0.372000 0.666750 0.369667 0.672500 0.369667 0.674500 0.372000 0.678250 0.374000 0.679250 0.377667 0.680000 0.380000 0.679000 0.390000 0.671000 0.391333 0.667250 0.392000 0.661000 0.390667 0.657500
0 0.397000 0.670750 0.393000 0.670750 0.385000 0.673750 0.382667 0.677250 0.378667 0.680500 0.377000 0.683000 0.376000 0.689000 0.376333 0.690250 0.377667 0.691250 0.382000 0.691750 0.388333 0.690000 0.397000 0.683750 0.400667 0.677250 0.400000 0.673000
0 0.340667 0.630500 0.337333 0.631750 0.335333 0.634000 0.334000 0.638250 0.334333 0.643500 0.337333 0.651500 0.342000 0.654500 0.347000 0.654750 0.349333 0.654250 0.352000 0.651250 0.353333 0.647000 0.353333 0.640750 0.350667 0.634750 0.345667 0.631500 0.343000 0.630500
0 0.482000 0.688750 0.478667 0.688250 0.474667 0.689250 0.471000 0.692250 0.469333 0.694750 0.467667 0.699500 0.467667 0.705750 0.468333 0.708250 0.470333 0.710250 0.473667 0.710750 0.476000 0.710250 0.480667 0.707000 0.483000 0.704500 0.484333 0.699500 0.484333 0.692500 0.483667 0.690250
0 0.532667 0.688750 0.528667 0.690750 0.525333 0.694500 0.524333 0.697000 0.524333 0.703250 0.527000 0.709500 0.529333 0.711250 0.534000 0.712250 0.536667 0.711250 0.539000 0.709000 0.541000 0.704750 0.541667 0.696500 0.537667 0.690000
0 0.462667 0.784250 0.458000 0.784000 0.455333 0.784750 0.446333 0.790500 0.445000 0.793500 0.445000 0.796250 0.447000 0.799500 0.451667 0.800000 0.455000 0.799250 0.461000 0.795500 0.464333 0.791500 0.464667 0.787500 0.463667 0.785000
0 0.475000 0.773250 0.472333 0.773250 0.470000 0.774000 0.465333 0.783250 0.465667 0.791500 0.467000 0.793750 0.469667 0.795250 0.474667 0.794750 0.480333 0.787250 0.480333 0.779250 0.478000 0.775750
0 0.560000 0.766250 0.556000 0.770250 0.554667 0.779000 0.555333 0.783000 0.557000 0.786750 0.561333 0.790750 0.564667 0.791250 0.567333 0.790000 0.570000 0.787250 0.572333 0.780250 0.572667 0.774750 0.571667 0.771250 0.569333 0.767250 0.565000 0.765750
