0 0.514333 0.705750 0.510000 0.709750 0.509333 0.711750 0.509333 0.717250 0.513000 0.725000 0.517000 0.728000 0.518667 0.728000 0.522333 0.726000 0.523333 0.724250 0.524667 0.718000 0.524000 0.713000 0.521667 0.708250 0.517667 0.705750
0 0.287000 0.388250 0.283667 0.389750 0.281667 0.392000 0.279667 0.398750 0.279333 0.404250 0.280667 0.409000 0.282667 0.412750 0.286667 0.414500 0.288000 0.414500 0.292333 0.413000 0.294667 0.410250 0.296333 0.405500 0.296333 0.399500 0.295667 0.395000 0.294333 0.391750 0.290667 0.389000
0 0.316000 0.432000 0.315000 0.431000 0.309667 0.429250 0.301333 0.429000 0.291667 0.429750 0.284000 0.431750 0.282000 0.434250 0.282000 0.436750 0.283667 0.439250 0.290000 0.440500 0.297667 0.441250 0.306667 0.440750 0.310667 0.439750 0.315667 0.436000
0 0.330000 0.440750 0.327667 0.442750 0.326667 0.447250 0.327000 0.453000 0.328333 0.458750 0.330000 0.461250 0.333000 0.463750 0.336333 0.465000 0.339000 0.465000 0.342000 0.463750 0.343667 0.459000 0.343667 0.455000 0.342333 0.449000 0.340667 0.446250 0.334667 0.441250
0 0.405000 0.424250 0.403667 0.424250 0.399333 0.426750 0.395333 0.431250 0.393667 0.434750 0.393000 0.440250 0.394333 0.443750 0.396667 0.445500 0.400333 0.445750 0.404333 0.443750 0.408667 0.435250 0.409333 0.432250 0.409000 0.428000 0.408000 0.426250
0 0.415667 0.432750 0.414000 0.434500 0.414000 0.437500 0.416333 0.443500 0.424000 0.451000 0.430333 0.453250 0.435667 0.453250 0.438000 0.450750 0.437667 0.447000 0.436000 0.443250 0.433000 0.439250 0.420333 0.433250
0 0.505000 0.391500 0.502000 0.393000 0.501000 0.396250 0.501000 0.403000 0.502000 0.406750 0.503667 0.409750 0.508667 0.415750 0.512667 0.417750 0.515333 0.417750 0.518333 0.416750 0.520333 0.412000 0.520333 0.408250 0.518667 0.404750 0.518000 0.400750 0.514000 0.394250 0.511667 0.392500 0.508667 0.391500
0 0.529667 0.383000 0.528667 0.384250 0.529333 0.388250 0.532667 0.393500 0.535000 0.395750 0.539667 0.398750 0.549000 0.401750 0.553667 0.401250 0.554667 0.400250 0.555333 0.396250 0.553000 0.391250 0.549333 0.387500 0.545000 0.384250 0.539000 0.382250 0.532333 0.381750
0 0.587667 0.406250 0.584000 0.406250 0.580667 0.407500 0.574667 0.415500 0.572667 0.421000 0.572333 0.427500 0.576333 0.430500 0.579667 0.430500 0.583667 0.428000 0.589000 0.420750 0.590667 0.416250 0.591000 0.411250 0.590333 0.408750
0 0.623333 0.439000 0.621667 0.439750 0.618333 0.443500 0.617667 0.446250 0.617667 0.455000 0.619333 0.459750 0.621333 0.461500 0.622333 0.463500 0.623667 0.464500 0.627333 0.465500 0.630667 0.463750 0.632000 0.460250 0.632667 0.456000 0.632000 0.447000 0.627000 0.440000
0 0.585000 0.445500 0.582667 0.445250 0.579333 0.446000 0.571667 0.453250 0.570333 0.459000 0.570333 0.467000 0.572333 0.469000 0.578000 0.469250 0.581333 0.468500 0.583667 0.467000 0.584667 0.465500 0.588333 0.453500 0.587667 0.447500
0 0.519000 0.459250 0.518667 0.462500 0.519333 0.463750 0.524333 0.467250 0.532000 0.469000 0.536667 0.469500 0.545000 0.469250 0.551333 0.467250 0.553333 0.464250 0.553000 0.462250 0.545000 0.457750 0.537667 0.456000 0.531000 0.455750 0.525000 0.456500 0.521000 0.457500
0 0.584333 0.472250 0.583000 0.472250 0.580000 0.473750 0.577000 0.479000 0.575667 0.487500 0.577000 0.490250 0.579667 0.491750 0.583000 0.491000 0.584667 0.489750 0.586333 0.487250 0.588667 0.479250 0.588000 0.475250
0 0.596000 0.474500 0.593667 0.476000 0.591333 0.479250 0.590333 0.482250 0.590333 0.491500 0.591000 0.494750 0.593667 0.498250 0.596000 0.499750 0.599333 0.500000 0.602000 0.498500 0.604333 0.494000 0.605000 0.490750 0.604667 0.485750 0.600333 0.475250 0.599333 0.474500
0 0.560000 0.510500 0.556667 0.513000 0.555333 0.517250 0.555667 0.528500 0.556333 0.530500 0.558667 0.533250 0.561000 0.534750 0.564333 0.535250 0.567333 0.534250 0.569000 0.532750 0.570333 0.529250 0.570667 0.521500 0.569333 0.516500 0.567000 0.513500 0.564000 0.511250
0 0.379333 0.482750 0.376667 0.483250 0.373333 0.486750 0.372333 0.489500 0.372333 0.496750 0.376333 0.506750 0.380333 0.508500 0.381667 0.508500 0.385000 0.507500 0.387000 0.506000 0.388667 0.503250 0.389667 0.498500 0.389667 0.493000 0.389000 0.489750 0.387000 0.486000 0.381667 0.483000
0 0.381000 0.515500 0.378000 0.517000 0.376333 0.520750 0.376333 0.533500 0.379000 0.538250 0.382000 0.539750 0.385333 0.540250 0.388667 0.539250 0.390667 0.536750 0.392000 0.530500 0.392000 0.525500 0.391333 0.522000 0.389333 0.517500 0.385333 0.515500
0 0.395333 0.539750 0.393333 0.541500 0.392667 0.546250 0.395000 0.551500 0.399667 0.557500 0.408667 0.564250 0.411333 0.565250 0.416333 0.564750 0.418333 0.561750 0.418333 0.556000 0.413000 0.548500 0.408000 0.545000 0.404000 0.541000 0.400000 0.539750
0 0.529000 0.560750 0.525667 0.563000 0.524667 0.564750 0.524667 0.569250 0.528667 0.579000 0.533000 0.584750 0.536667 0.586250 0.541333 0.586000 0.543333 0.584750 0.545000 0.581000 0.545000 0.576750 0.543333 0.571500 0.540000 0.568000 0.537667 0.564000 0.533667 0.561500
0 0.541667 0.597250 0.537000 0.598500 0.533667 0.601750 0.532667 0.603750 0.532667 0.615250 0.533333 0.616500 0.536333 0.618250 0.538000 0.618250 0.542667 0.616750 0.546000 0.611750 0.546333 0.602250 0.544667 0.598750
0 0.542000 0.619000 0.538333 0.619500 0.536667 0.620500 0.533667 0.624000 0.532333 0.627750 0.531667 0.633750 0.532333 0.640000 0.533667 0.642500 0.537333 0.644750 0.541000 0.644750 0.544667 0.642750 0.546667 0.638750 0.549000 0.630750 0.549000 0.626750 0.545333 0.620250
0 0.341667 0.621000 0.336667 0.621750 0.332333 0.625000 0.330667 0.627250 0.329333 0.632750 0.329000 0.638250 0.330333 0.643250 0.333667 0.646250 0.337333 0.647500 0.341000 0.647250 0.343333 0.646000 0.347333 0.641000 0.349333 0.636000 0.348667 0.627500 0.346000 0.624000
0 0.354000 0.656500 0.348667 0.655750 0.345000 0.656750 0.341667 0.659000 0.336667 0.663750 0.335000 0.666500 0.334000 0.670750 0.334333 0.674750 0.336667 0.677500 0.338000 0.678000 0.342000 0.678000 0.346333 0.676250 0.349333 0.674000 0.355000 0.662500 0.355333 0.658500
0 0.428333 0.655250 0.423333 0.656250 0.420000 0.658750 0.415333 0.665500 0.414667 0.669250 0.415333 0.677250 0.416333 0.678750 0.420333 0.681000 0.423667 0.680500 0.426000 0.679250 0.428667 0.677000 0.430667 0.673500 0.432333 0.663750 0.432333 0.657500
0 0.452000 0.605250 0.446333 0.606500 0.442667 0.611500 0.439667 0.618750 0.439667 0.625500 0.440333 0.627750 0.442000 0.630250 0.444000 0.631750 0.446333 0.632500 0.448333 0.632500 0.451667 0.631500 0.456333 0.625250 0.458333 0.619000 0.458667 0.613000 0.457667 0.609500 0.456000 0.607000
0 0.513333 0.674000 0.510000 0.676000 0.508667 0.678000 0.507667 0.682500 0.507333 0.689750 0.508667 0.694750 0.510667 0.697750 0.513333 0.700000 0.517333 0.700750 0.521333 0.698750 0.522667 0.696750 0.524000 0.690250 0.523667 0.685250 0.522667 0.680750 0.521333 0.678500 0.517000 0.674500
0 0.466333 0.686500 0.464667 0.688750 0.465000 0.692000 0.466000 0.694250 0.468667 0.696750 0.470333 0.699500 0.479000 0.705750 0.481333 0.706500 0.484667 0.706000 0.486000 0.704750 0.486000 0.700750 0.482000 0.693750 0.476000 0.688750 0.469667 0.686750
0 0.398000 0.704250 0.397667 0.706750 0.398333 0.709500 0.399667 0.711500 0.407000 0.718250 0.411667 0.719750 0.416333 0.722250 0.421000 0.722500 0.424667 0.721000 0.425333 0.716750 0.424333 0.715000 0.420333 0.710750 0.412333 0.705500 0.404000 0.703250 0.400000 0.703250
0 0.356667 0.799000 0.354333 0.796750 0.349333 0.795750 0.339000 0.795500 0.331000 0.796750 0.325667 0.798250 0.322333 0.800500 0.321333 0.802000 0.321667 0.806750 0.322667 0.807750 0.327000 0.809500 0.340000 0.809750 0.345000 0.809000 0.349667 0.807500 0.355333 0.803750
