0 0.346333 0.369000 0.347333 0.372500 0.349667 0.374500 0.361333 0.377250 0.366000 0.377500 0.372667 0.376500 0.376000 0.373000 0.375333 0.369500 0.373333 0.367750 0.365000 0.365750 0.356333 0.365500 0.349333 0.366500
0 0.400000 0.689000 0.400333 0.690500 0.403667 0.693750 0.407333 0.695000 0.418333 0.695000 0.421333 0.694250 0.423000 0.693000 0.423000 0.689000 0.421000 0.686250 0.418000 0.685000 0.412333 0.684250 0.408333 0.684750
0 0.287333 0.654750 0.286333 0.658750 0.289000 0.662750 0.295000 0.667000 0.304000 0.670750 0.308667 0.671750 0.314333 0.671500 0.320000 0.669500 0.322333 0.666500 0.322333 0.665250 0.320000 0.661000 0.316667 0.658250 0.303667 0.653750 0.298000 0.652750 0.290667 0.653000
0 0.412333 0.660000 0.408000 0.660750 0.402667 0.664750 0.399333 0.669000 0.398000 0.678500 0.398667 0.681000 0.400667 0.682750 0.405000 0.682500 0.409667 0.679250 0.413667 0.674500 0.416333 0.664500 0.415667 0.661750
0 0.431333 0.649750 0.427667 0.651000 0.426000 0.654000 0.425667 0.663500 0.426667 0.667000 0.429333 0.671500 0.434333 0.674750 0.436333 0.675000 0.440000 0.673250 0.441667 0.669750 0.441000 0.658250 0.436667 0.651500 0.435333 0.650500
0 0.442000 0.624500 0.439667 0.625000 0.438333 0.626000 0.437000 0.628500 0.435333 0.635250 0.435333 0.640500 0.438333 0.650500 0.441333 0.653000 0.444000 0.653750 0.447333 0.652500 0.450000 0.650500 0.452333 0.647250 0.453000 0.636000 0.452000 0.631250 0.450000 0.626750 0.447000 0.624750
0 0.498667 0.607000 0.494667 0.607750 0.489667 0.611750 0.485667 0.617250 0.485000 0.619500 0.485000 0.626750 0.485667 0.630250 0.486667 0.631500 0.491000 0.631500 0.498667 0.625250 0.501333 0.615750 0.501333 0.610500
0 0.526000 0.626250 0.524000 0.624500 0.520000 0.623250 0.509667 0.623500 0.503000 0.625250 0.499333 0.627250 0.495667 0.631250 0.495000 0.634750 0.497333 0.636750 0.501000 0.637750 0.506333 0.637750 0.511000 0.636500 0.522000 0.631750 0.525667 0.628000
0 0.559667 0.577750 0.557000 0.578750 0.555333 0.580500 0.553000 0.587250 0.553000 0.591250 0.554000 0.595000 0.556000 0.598750 0.559667 0.600750 0.561667 0.600750 0.564667 0.600000 0.567667 0.596250 0.568000 0.587250 0.565333 0.579750 0.561333 0.577750
0 0.510000 0.568000 0.508667 0.569000 0.507333 0.571750 0.506667 0.577000 0.509000 0.588500 0.511667 0.591500 0.514000 0.592750 0.518000 0.593000 0.522000 0.591000 0.523333 0.588500 0.524000 0.585000 0.523667 0.578000 0.521333 0.572250 0.517333 0.568750 0.514667 0.567500
0 0.502000 0.579000 0.497333 0.579250 0.495000 0.580250 0.493333 0.581750 0.489667 0.588000 0.488333 0.594750 0.488333 0.600500 0.489000 0.603250 0.491000 0.605000 0.494333 0.605250 0.498333 0.604000 0.506000 0.591250 0.506667 0.589250 0.506333 0.584000 0.504667 0.580500
0 0.474667 0.578250 0.470667 0.578500 0.468667 0.579750 0.462667 0.588500 0.462000 0.591250 0.462667 0.595750 0.463667 0.598000 0.466333 0.599500 0.471333 0.597750 0.474333 0.595250 0.476333 0.592000 0.478000 0.583250 0.477333 0.580250
0 0.458000 0.595250 0.455000 0.594250 0.447667 0.595250 0.442667 0.598250 0.439333 0.601500 0.437000 0.606500 0.437000 0.610250 0.438667 0.613000 0.444667 0.612750 0.450667 0.611000 0.454667 0.607250 0.459000 0.600250 0.459000 0.597000
0 0.452333 0.573500 0.450333 0.573500 0.447000 0.574750 0.442333 0.580250 0.440000 0.587000 0.440000 0.591500 0.440667 0.593750 0.443333 0.596750 0.452667 0.594500 0.455000 0.592500 0.457333 0.588500 0.458333 0.579750 0.456667 0.575500 0.455000 0.574250
0 0.272000 0.566250 0.269667 0.567500 0.267333 0.571500 0.267333 0.578750 0.268333 0.584250 0.270667 0.588000 0.275000 0.592250 0.278000 0.593250 0.282333 0.593000 0.285333 0.591250 0.287000 0.588250 0.287000 0.580000 0.283667 0.572500 0.280333 0.567750 0.279000 0.566750 0.276000 0.566000
0 0.292667 0.583250 0.292667 0.585250 0.294333 0.588500 0.304667 0.593250 0.317333 0.595750 0.324667 0.595500 0.327333 0.593500 0.327667 0.590750 0.326000 0.587500 0.318333 0.583500 0.307667 0.580500 0.299000 0.580000 0.294333 0.581000
0 0.382000 0.557000 0.380000 0.557000 0.376333 0.558500 0.372333 0.564750 0.372333 0.575500 0.374333 0.579750 0.377000 0.581750 0.380667 0.581750 0.384000 0.579750 0.385667 0.577750 0.387333 0.573500 0.388000 0.568500 0.387333 0.561250 0.385667 0.558750
0 0.345000 0.525500 0.345000 0.529750 0.345667 0.530500 0.353333 0.534750 0.359667 0.537000 0.369333 0.537000 0.372667 0.535000 0.373000 0.532250 0.369333 0.528750 0.364333 0.526250 0.358667 0.524750 0.353000 0.524250 0.347000 0.524500
0 0.403667 0.540000 0.400333 0.541750 0.398667 0.544500 0.398000 0.547750 0.398000 0.556500 0.400000 0.562250 0.403667 0.564000 0.405667 0.564000 0.408667 0.563000 0.411000 0.560500 0.412667 0.554750 0.413333 0.548250 0.412333 0.544750 0.410333 0.542000 0.407333 0.540500
0 0.432333 0.542500 0.430333 0.542750 0.427667 0.544000 0.424667 0.546500 0.423333 0.549000 0.422667 0.554750 0.423000 0.561000 0.424000 0.564000 0.427333 0.567500 0.430333 0.568250 0.432333 0.568000 0.435667 0.565250 0.438333 0.560250 0.439333 0.556500 0.439333 0.552750 0.437667 0.547500 0.435333 0.543500
0 0.516333 0.538500 0.513667 0.538500 0.509667 0.540750 0.508000 0.544250 0.507333 0.548000 0.507667 0.557250 0.510000 0.560750 0.513000 0.562000 0.517000 0.561500 0.521333 0.559000 0.523333 0.554000 0.523333 0.545500 0.522000 0.541500 0.520333 0.540000
0 0.458000 0.548000 0.458000 0.551500 0.459333 0.553750 0.463333 0.556500 0.470333 0.559500 0.480667 0.560750 0.487000 0.560500 0.491000 0.559250 0.493667 0.557250 0.493333 0.553000 0.490667 0.550000 0.487667 0.548250 0.482000 0.546250 0.467000 0.544750 0.463000 0.545500
0 0.435000 0.525000 0.432333 0.523000 0.425000 0.521000 0.416333 0.521000 0.410000 0.522750 0.406000 0.524750 0.405333 0.525750 0.405333 0.529500 0.407667 0.531250 0.412000 0.532250 0.417333 0.532500 0.428333 0.531500 0.433667 0.529500 0.435000 0.527000
0 0.467667 0.510000 0.466333 0.511000 0.465333 0.515000 0.466333 0.523000 0.468667 0.530250 0.477000 0.536750 0.478667 0.537500 0.481333 0.537250 0.483000 0.536250 0.484667 0.529750 0.483667 0.522000 0.482000 0.516750 0.475000 0.510000 0.471667 0.509500
0 0.406000 0.499750 0.402667 0.500000 0.399333 0.501250 0.395000 0.510250 0.395000 0.518000 0.395667 0.519750 0.398667 0.522750 0.403667 0.524250 0.412333 0.518000 0.414667 0.509500 0.414333 0.506250 0.412333 0.502000 0.408333 0.500000
0 0.469333 0.454500 0.466333 0.456250 0.462333 0.462250 0.461667 0.472000 0.462333 0.474750 0.466000 0.479250 0.469667 0.482000 0.472333 0.482250 0.475667 0.481000 0.479667 0.475500 0.480667 0.471750 0.480667 0.463750 0.479333 0.460250 0.475333 0.455500 0.472667 0.454500
0 0.558333 0.423250 0.555333 0.422500 0.548333 0.422500 0.541000 0.424500 0.529333 0.432000 0.528333 0.434250 0.528333 0.437000 0.529333 0.438500 0.532667 0.440000 0.535667 0.439750 0.545333 0.437250 0.552333 0.434250 0.559000 0.428000 0.559000 0.424000
0 0.556333 0.351250 0.552667 0.353250 0.550333 0.357500 0.549333 0.360750 0.549000 0.372250 0.551333 0.377250 0.556333 0.379500 0.557667 0.379500 0.561333 0.378250 0.564000 0.373750 0.565333 0.367750 0.565333 0.360500 0.561667 0.352500 0.560000 0.351500
0 0.369333 0.389750 0.368000 0.391750 0.368333 0.395500 0.369333 0.397500 0.373000 0.401250 0.377333 0.404500 0.384000 0.406500 0.387333 0.405750 0.388667 0.404500 0.388667 0.399750 0.382000 0.393000 0.373667 0.389500
0 0.498667 0.723000 0.497333 0.723000 0.494333 0.724500 0.492667 0.727250 0.492000 0.730500 0.492667 0.739250 0.493333 0.740750 0.495667 0.741500 0.498333 0.741500 0.499667 0.740500 0.502333 0.736750 0.503000 0.733750 0.502667 0.728000
0 0.536333 0.636750 0.532667 0.638250 0.530667 0.641750 0.530333 0.651250 0.531000 0.655000 0.533333 0.660250 0.536333 0.662500 0.539000 0.662750 0.542000 0.662000 0.544333 0.659000 0.545333 0.652750 0.545333 0.645000 0.544333 0.641000 0.542333 0.638500 0.540667 0.637500
0 0.559667 0.680250 0.556667 0.682000 0.555000 0.685500 0.554667 0.690250 0.555667 0.696250 0.557000 0.699250 0.560000 0.702250 0.565000 0.703000 0.567333 0.701750 0.569000 0.698500 0.569000 0.688250 0.564667 0.682000 0.561333 0.680250
0 0.549000 0.710750 0.548000 0.713500 0.549667 0.717000 0.556000 0.721250 0.560667 0.723000 0.563667 0.725000 0.568000 0.726250 0.573667 0.726500 0.577000 0.725750 0.579333 0.724250 0.580667 0.722000 0.580667 0.720000 0.576000 0.715000 0.570000 0.711250 0.561333 0.709500 0.552667 0.709500
0 0.427000 0.705000 0.424333 0.706250 0.422333 0.708500 0.421000 0.712750 0.420667 0.717750 0.421667 0.725500 0.423000 0.729500 0.426667 0.732500 0.428333 0.732750 0.432333 0.730500 0.435333 0.726750 0.436333 0.724000 0.436333 0.714750 0.435333 0.710750 0.432333 0.706250 0.429000 0.705000
0 0.427000 0.676750 0.423333 0.678250 0.422000 0.680750 0.422333 0.688250 0.424333 0.693750 0.428000 0.695750 0.432333 0.695750 0.435333 0.694000 0.436000 0.692250 0.436333 0.687750 0.435333 0.682500 0.434000 0.680500 0.430667 0.678000
