0 0.450667 0.670250 0.446333 0.670500 0.441667 0.672750 0.437333 0.681000 0.437000 0.690000 0.438000 0.693250 0.439667 0.694750 0.443000 0.695000 0.449000 0.690500 0.451667 0.689500 0.452667 0.688250 0.454000 0.682000 0.454000 0.673750 0.452667 0.671500
0 0.432333 0.681750 0.427333 0.681750 0.421333 0.683250 0.414000 0.687750 0.408667 0.692750 0.407667 0.694750 0.407333 0.698000 0.410000 0.700750 0.412333 0.701750 0.420000 0.701250 0.426667 0.697500 0.432333 0.693000 0.434667 0.688250 0.434667 0.685000
0 0.415667 0.656250 0.414000 0.657750 0.413333 0.661000 0.414000 0.666250 0.415667 0.670500 0.419333 0.674750 0.423667 0.678250 0.428333 0.678000 0.431333 0.676000 0.432333 0.674500 0.431667 0.669500 0.429667 0.664750 0.427333 0.661500 0.422667 0.657500 0.419667 0.656250
0 0.341667 0.692250 0.338000 0.692250 0.334667 0.693750 0.330667 0.696750 0.329333 0.699250 0.328000 0.705250 0.328000 0.712500 0.329333 0.715500 0.330667 0.716500 0.334667 0.717250 0.337667 0.716000 0.341667 0.712750 0.344000 0.709250 0.345333 0.703500 0.345333 0.697750 0.344000 0.694000
0 0.353000 0.683250 0.350000 0.684750 0.347667 0.688500 0.347000 0.692500 0.347333 0.698000 0.348333 0.702250 0.350667 0.706750 0.352667 0.708500 0.355667 0.708750 0.357333 0.708500 0.359333 0.707000 0.361000 0.704500 0.362000 0.701250 0.362000 0.692750 0.361000 0.689250 0.357667 0.684500 0.356333 0.683750
0 0.348667 0.656000 0.346000 0.657000 0.344667 0.659500 0.344000 0.664750 0.344667 0.671750 0.346000 0.675250 0.350000 0.679250 0.354667 0.679750 0.357333 0.678750 0.359000 0.674750 0.359333 0.665000 0.358667 0.662000 0.356000 0.657500 0.353000 0.656250
0 0.295333 0.633500 0.289667 0.634000 0.286333 0.637000 0.283000 0.642500 0.281667 0.650000 0.281667 0.654250 0.282667 0.658250 0.286667 0.662250 0.291667 0.662000 0.295667 0.659250 0.298333 0.655000 0.300333 0.650000 0.301000 0.644250 0.300333 0.638500 0.298667 0.635500
0 0.318333 0.641000 0.314333 0.641250 0.312000 0.642000 0.309667 0.644000 0.305333 0.649750 0.302333 0.658500 0.302667 0.663000 0.305333 0.664500 0.310333 0.664250 0.318000 0.658500 0.319333 0.656500 0.321000 0.652250 0.321667 0.645500 0.321000 0.642750
0 0.365333 0.620000 0.360667 0.620250 0.352000 0.626500 0.347000 0.634750 0.347333 0.639250 0.349000 0.642000 0.352667 0.642250 0.357000 0.641750 0.362000 0.639500 0.365667 0.636250 0.369000 0.629250 0.369667 0.626250 0.368000 0.622250
0 0.510333 0.643750 0.508333 0.644250 0.504667 0.647250 0.503000 0.649750 0.501000 0.657750 0.501000 0.662500 0.502333 0.666500 0.504333 0.669500 0.505667 0.670500 0.510333 0.671000 0.514333 0.668750 0.517667 0.662000 0.518667 0.655500 0.518333 0.650500 0.516000 0.646250 0.513333 0.644250
0 0.560333 0.608000 0.556000 0.608000 0.551000 0.611500 0.549000 0.613750 0.545000 0.620250 0.544667 0.624500 0.545667 0.626250 0.549333 0.626750 0.553667 0.624750 0.559667 0.618750 0.561333 0.616000 0.562000 0.612250 0.561667 0.609750
0 0.483667 0.601000 0.481667 0.602000 0.481000 0.603250 0.480667 0.607500 0.482000 0.610750 0.487667 0.619750 0.490667 0.621500 0.494667 0.621750 0.497000 0.620000 0.497667 0.618500 0.497000 0.610750 0.495000 0.607500 0.490000 0.602000 0.486000 0.600500
0 0.423333 0.592250 0.420000 0.592250 0.416000 0.594500 0.414333 0.599500 0.414333 0.612000 0.415667 0.615250 0.419333 0.617000 0.421333 0.616500 0.425333 0.613500 0.428333 0.607750 0.427667 0.596000 0.426333 0.594000
0 0.447000 0.593500 0.442333 0.594500 0.439333 0.596500 0.436333 0.603000 0.436667 0.608250 0.438000 0.612750 0.439333 0.615000 0.443667 0.617000 0.447333 0.616750 0.450667 0.615250 0.452667 0.612000 0.454000 0.606750 0.454000 0.599250 0.453000 0.596500 0.451333 0.594750
0 0.484000 0.594250 0.482333 0.592000 0.479333 0.590750 0.470333 0.591750 0.466667 0.593250 0.462333 0.593750 0.458333 0.595000 0.456667 0.596250 0.456000 0.600250 0.458000 0.602250 0.462000 0.603500 0.468000 0.604250 0.473000 0.604000 0.480333 0.600750 0.482667 0.599000 0.484333 0.596250
0 0.501333 0.574250 0.500333 0.575750 0.500667 0.581500 0.502000 0.584250 0.510333 0.591500 0.513000 0.592500 0.518000 0.593000 0.520333 0.592250 0.521333 0.591250 0.521667 0.587250 0.516667 0.579500 0.512667 0.576500 0.506333 0.573500 0.503667 0.573500
0 0.482667 0.568500 0.478667 0.570750 0.477667 0.572500 0.477667 0.578000 0.479333 0.583500 0.486000 0.592500 0.489000 0.593500 0.491000 0.593500 0.494333 0.592000 0.496667 0.588250 0.496667 0.580250 0.495000 0.576750 0.492000 0.574000 0.491000 0.572000
0 0.462333 0.547750 0.460667 0.549000 0.456667 0.555750 0.456667 0.561000 0.458333 0.567000 0.461667 0.571500 0.464333 0.572500 0.466667 0.572250 0.470333 0.568250 0.471333 0.565000 0.471667 0.559250 0.470667 0.553250 0.468333 0.549250 0.466667 0.548000
0 0.485667 0.544500 0.482000 0.545500 0.480333 0.548000 0.480667 0.556750 0.481667 0.560750 0.483667 0.564750 0.487333 0.567750 0.491000 0.568750 0.493667 0.568000 0.496000 0.565000 0.497333 0.561250 0.497000 0.556000 0.492333 0.547750 0.490000 0.545750
0 0.534667 0.442500 0.532667 0.442500 0.528667 0.445500 0.524667 0.451750 0.523333 0.465000 0.523667 0.466750 0.525667 0.468500 0.529333 0.468250 0.531000 0.467500 0.538000 0.456250 0.538667 0.446250 0.537000 0.443250
0 0.564333 0.523500 0.563000 0.524500 0.562333 0.526250 0.562333 0.530250 0.563667 0.535000 0.565333 0.538000 0.571000 0.544000 0.573000 0.545250 0.576667 0.546250 0.581333 0.545500 0.582333 0.544250 0.583333 0.540500 0.581000 0.533000 0.578000 0.530500 0.576000 0.527500 0.572000 0.524500 0.568000 0.523000
0 0.462667 0.516750 0.458667 0.516750 0.457333 0.517500 0.454667 0.521000 0.453333 0.525500 0.454667 0.537250 0.458667 0.541000 0.462333 0.540750 0.465333 0.538750 0.467333 0.534500 0.468333 0.529500 0.467667 0.521250 0.465667 0.518500
0 0.442333 0.502000 0.440333 0.502750 0.438333 0.505000 0.436667 0.511250 0.436667 0.517250 0.438333 0.526000 0.441667 0.528750 0.444333 0.529000 0.448333 0.525500 0.450333 0.521750 0.451333 0.513000 0.450667 0.509250 0.448333 0.504500 0.445000 0.502250
0 0.313333 0.473500 0.313000 0.476250 0.314667 0.479750 0.321000 0.483250 0.324667 0.484250 0.327000 0.486000 0.329333 0.486750 0.334333 0.486500 0.338667 0.484250 0.339333 0.481750 0.338333 0.480000 0.330000 0.474250 0.320333 0.472250 0.314667 0.472500
0 0.393333 0.423000 0.391667 0.423750 0.390000 0.427250 0.389000 0.431000 0.389667 0.436500 0.391000 0.440000 0.393000 0.442500 0.396000 0.443750 0.400333 0.443500 0.404333 0.440000 0.404333 0.430500 0.402333 0.426750 0.400000 0.424250 0.397333 0.423000
0 0.423667 0.446500 0.418667 0.447500 0.415333 0.449750 0.412667 0.455500 0.411000 0.462000 0.411333 0.466500 0.413333 0.469250 0.416000 0.471000 0.420000 0.470500 0.424333 0.466750 0.426333 0.463250 0.427667 0.456750 0.427333 0.450750 0.426000 0.448000
0 0.371667 0.474000 0.368667 0.475250 0.367667 0.477750 0.367667 0.485000 0.368667 0.489500 0.374000 0.497500 0.376333 0.499250 0.381000 0.500000 0.383333 0.498500 0.384333 0.495750 0.384333 0.493000 0.382000 0.484750 0.378000 0.477500 0.373667 0.474000
0 0.501333 0.345000 0.498333 0.346000 0.493667 0.353000 0.493000 0.361000 0.494000 0.365250 0.497333 0.370000 0.501000 0.372000 0.503000 0.372000 0.506667 0.370250 0.510667 0.362000 0.510667 0.353500 0.507000 0.346000 0.505333 0.345250
0 0.435667 0.421750 0.432000 0.423000 0.430667 0.425250 0.430000 0.428750 0.430333 0.439250 0.434333 0.445250 0.438667 0.448000 0.440667 0.448000 0.444000 0.447000 0.447667 0.443250 0.449000 0.440000 0.449000 0.432000 0.447667 0.428750 0.444333 0.424000 0.443000 0.423000 0.440333 0.422250
0 0.373000 0.399500 0.371000 0.400750 0.368333 0.404750 0.367667 0.408000 0.368000 0.417250 0.369333 0.421250 0.372333 0.424500 0.374667 0.424500 0.377667 0.423000 0.381667 0.418250 0.382667 0.411750 0.382000 0.406500 0.380333 0.402500 0.377667 0.400000
0 0.488333 0.765500 0.485667 0.766000 0.483667 0.768500 0.481667 0.774500 0.481667 0.784000 0.482667 0.786750 0.485333 0.790250 0.488333 0.792250 0.491000 0.792750 0.494667 0.790750 0.497000 0.787250 0.497667 0.784500 0.497667 0.775000 0.495000 0.768000 0.491333 0.765750
0 0.467000 0.754250 0.463333 0.756250 0.461333 0.759000 0.460333 0.763250 0.460667 0.767750 0.462000 0.771750 0.466000 0.776750 0.469333 0.778000 0.471667 0.778000 0.474333 0.777000 0.476000 0.773750 0.476667 0.770250 0.476000 0.760000 0.475000 0.758000 0.471333 0.755250
0 0.536667 0.695250 0.533000 0.695500 0.528667 0.697750 0.524333 0.705250 0.523333 0.713250 0.524000 0.718250 0.525667 0.721250 0.529333 0.723500 0.533000 0.723250 0.537667 0.720500 0.540333 0.716500 0.541667 0.712250 0.541667 0.704750 0.539000 0.697000
0 0.467667 0.678750 0.465667 0.679000 0.462333 0.681000 0.460000 0.688500 0.460000 0.701000 0.461667 0.704000 0.463333 0.705000 0.465333 0.705250 0.467333 0.705000 0.472000 0.701000 0.474333 0.696250 0.475333 0.690000 0.474000 0.682000 0.471333 0.680000
0 0.432333 0.699250 0.428000 0.700000 0.420667 0.703250 0.418333 0.705000 0.416333 0.708250 0.415333 0.713250 0.416333 0.715500 0.418667 0.717000 0.420667 0.717250 0.424333 0.716500 0.428000 0.714250 0.429667 0.711750 0.432667 0.709500 0.434667 0.705500 0.434667 0.701500
0 0.451667 0.689500 0.450000 0.689750 0.447333 0.691500 0.440667 0.700000 0.439667 0.705500 0.442667 0.708750 0.444667 0.708750 0.447667 0.707750 0.451667 0.705000 0.453333 0.702250 0.454667 0.698500 0.454667 0.692500
