0 0.486333 0.313500 0.483667 0.314750 0.481667 0.319000 0.481000 0.322500 0.481667 0.329750 0.485000 0.335750 0.488667 0.339750 0.490667 0.341000 0.493667 0.340750 0.496333 0.338000 0.497333 0.334250 0.497667 0.330000 0.496000 0.321750 0.491333 0.314750 0.490000 0.314000
0 0.532667 0.320750 0.528667 0.321000 0.526333 0.323000 0.524667 0.325250 0.523667 0.330000 0.523667 0.338750 0.524667 0.342500 0.529333 0.345750 0.533000 0.345250 0.537667 0.342250 0.539000 0.338750 0.539333 0.333000 0.537667 0.325500 0.536000 0.322500
0 0.556667 0.312500 0.553667 0.314500 0.550667 0.322000 0.550667 0.330250 0.552333 0.334000 0.556333 0.338000 0.560667 0.340750 0.564667 0.340750 0.568000 0.338750 0.570000 0.334500 0.570333 0.325250 0.569667 0.322000 0.565333 0.314750 0.564000 0.313750 0.560667 0.312500
0 0.489000 0.379000 0.486667 0.379750 0.484000 0.383750 0.482333 0.388000 0.482000 0.392500 0.482667 0.396250 0.485667 0.402750 0.487667 0.404250 0.490667 0.405000 0.494667 0.402750 0.496000 0.400500 0.496667 0.391250 0.495333 0.384000 0.490333 0.379000
0 0.533667 0.389500 0.532000 0.391250 0.531333 0.393500 0.531333 0.401250 0.532667 0.404500 0.540667 0.413000 0.544333 0.414250 0.548000 0.413750 0.550000 0.412000 0.550667 0.407250 0.548667 0.400500 0.544333 0.393000 0.540667 0.390500 0.537333 0.389250
0 0.533333 0.413250 0.530000 0.416000 0.529333 0.419000 0.531333 0.431750 0.532667 0.434250 0.535667 0.436750 0.538333 0.437500 0.542333 0.437250 0.544667 0.436000 0.546000 0.433000 0.546333 0.427000 0.545667 0.422000 0.542667 0.416500 0.540333 0.414500 0.536667 0.413000
0 0.512667 0.418750 0.510000 0.419750 0.508667 0.422250 0.508333 0.428250 0.510000 0.435250 0.513667 0.440500 0.517000 0.443500 0.521000 0.444000 0.523000 0.443000 0.525333 0.439500 0.526000 0.437000 0.525667 0.431000 0.521333 0.423250 0.514333 0.418750
0 0.474333 0.426500 0.470667 0.426500 0.466000 0.430250 0.462667 0.435500 0.461667 0.439000 0.462000 0.447250 0.463333 0.449500 0.466000 0.451250 0.468000 0.451250 0.471000 0.450000 0.474333 0.447000 0.476667 0.443250 0.478333 0.435250 0.478000 0.431000 0.475667 0.427250
0 0.521667 0.448750 0.517000 0.450000 0.511667 0.455500 0.508667 0.462500 0.508667 0.467500 0.510000 0.468750 0.512667 0.469250 0.516333 0.468750 0.520000 0.466750 0.521667 0.464500 0.524333 0.456500 0.524000 0.451250
0 0.542000 0.445500 0.540000 0.445750 0.537000 0.447750 0.534000 0.451500 0.533000 0.454250 0.533000 0.463500 0.533667 0.466750 0.536000 0.470250 0.537000 0.471000 0.539667 0.471250 0.544667 0.469750 0.546333 0.466750 0.547000 0.462500 0.547000 0.454000 0.545667 0.448000 0.544333 0.446250
0 0.539000 0.484500 0.535333 0.484500 0.532333 0.485750 0.528667 0.494000 0.529000 0.501500 0.530333 0.506250 0.532333 0.509500 0.533333 0.510250 0.536000 0.510750 0.537667 0.510500 0.542000 0.507500 0.543667 0.505750 0.545333 0.502000 0.545667 0.496500 0.544667 0.490000 0.542333 0.485750
0 0.518333 0.477000 0.516333 0.477000 0.513000 0.478000 0.509000 0.482250 0.508000 0.485250 0.508000 0.492500 0.508667 0.494750 0.510000 0.495750 0.514000 0.496000 0.519333 0.490750 0.522000 0.485750 0.522000 0.481250 0.521000 0.478750
0 0.521000 0.505250 0.517667 0.505000 0.513000 0.508000 0.509000 0.514750 0.508333 0.518250 0.509000 0.525250 0.511000 0.527750 0.513667 0.529500 0.517333 0.529500 0.521333 0.527250 0.524333 0.521250 0.524333 0.511000 0.523000 0.507250
0 0.466333 0.524000 0.464333 0.525250 0.462333 0.528500 0.462333 0.530000 0.466000 0.537250 0.471333 0.544000 0.474667 0.545750 0.479333 0.546250 0.481667 0.545000 0.482667 0.542500 0.482667 0.538500 0.481333 0.533750 0.473667 0.525750 0.470667 0.524500
0 0.448000 0.510500 0.445333 0.511750 0.443667 0.514000 0.442000 0.518000 0.441333 0.522250 0.442000 0.529750 0.443667 0.531250 0.445667 0.531750 0.448667 0.531500 0.452333 0.529500 0.455000 0.522250 0.455000 0.517250 0.453667 0.514000 0.451000 0.511000
0 0.384667 0.466500 0.380000 0.466750 0.376333 0.468000 0.373000 0.471000 0.368333 0.477750 0.368333 0.483500 0.371000 0.486750 0.375667 0.489000 0.378333 0.489000 0.381667 0.487750 0.386667 0.482250 0.388667 0.478750 0.389333 0.475250 0.388667 0.470000 0.386667 0.467500
0 0.413000 0.545250 0.408333 0.545500 0.404000 0.547750 0.399333 0.553750 0.396667 0.560500 0.396000 0.564500 0.397333 0.568250 0.399667 0.570250 0.404000 0.570500 0.407000 0.569000 0.411667 0.564250 0.413667 0.561250 0.416000 0.553500 0.416000 0.549000
0 0.397667 0.610750 0.396000 0.609250 0.390667 0.608500 0.384333 0.608750 0.376333 0.610250 0.373333 0.611500 0.368667 0.614750 0.367000 0.618000 0.367000 0.620000 0.368667 0.621750 0.373333 0.623000 0.381000 0.622750 0.388333 0.621250 0.393333 0.619000 0.396667 0.616750 0.397667 0.615000
0 0.392667 0.623500 0.386667 0.624000 0.384000 0.624750 0.377000 0.634500 0.376000 0.642500 0.378000 0.646000 0.380333 0.647250 0.384667 0.647000 0.389667 0.644000 0.394667 0.637750 0.396000 0.634750 0.396333 0.628250 0.395667 0.626000
0 0.419333 0.616250 0.416667 0.617250 0.415000 0.619500 0.414667 0.624250 0.416333 0.631000 0.419667 0.635750 0.423333 0.639250 0.426667 0.640000 0.432000 0.639750 0.434000 0.638500 0.435667 0.635500 0.435667 0.631250 0.434333 0.626250 0.432333 0.622750 0.428333 0.618000 0.424000 0.616500
0 0.514333 0.592000 0.512667 0.592000 0.508667 0.594500 0.507333 0.597000 0.506333 0.602250 0.506667 0.607000 0.508333 0.610500 0.510000 0.611500 0.513000 0.611750 0.514667 0.611000 0.517667 0.607500 0.518667 0.600500 0.518000 0.595250
0 0.622333 0.527000 0.620000 0.528000 0.618333 0.529750 0.617000 0.533500 0.616667 0.540750 0.618667 0.545000 0.621667 0.547000 0.623667 0.547250 0.626333 0.545500 0.627333 0.543500 0.628000 0.533000 0.625333 0.528250 0.623667 0.527000
0 0.512667 0.630500 0.510000 0.631250 0.508000 0.634000 0.507667 0.642000 0.509000 0.647250 0.512667 0.651250 0.516333 0.653250 0.518667 0.653500 0.521000 0.653000 0.522333 0.651750 0.523667 0.647250 0.523667 0.642250 0.522333 0.638000 0.519667 0.634500 0.515333 0.631250
0 0.537333 0.641500 0.534333 0.643000 0.532333 0.646000 0.531000 0.650000 0.531000 0.658500 0.532000 0.662000 0.534333 0.664500 0.537333 0.666750 0.541000 0.667250 0.543333 0.666000 0.545667 0.662750 0.546333 0.650500 0.545333 0.646500 0.542667 0.643000 0.541000 0.642000
0 0.493667 0.643500 0.489667 0.646500 0.487333 0.650000 0.488000 0.661750 0.489667 0.665750 0.492333 0.668000 0.494333 0.668750 0.498000 0.668750 0.499667 0.667250 0.501000 0.662750 0.501667 0.653250 0.500667 0.649250 0.498667 0.645250 0.496000 0.643750
0 0.463333 0.635500 0.461000 0.638000 0.461000 0.643500 0.462667 0.648500 0.465667 0.652750 0.468333 0.655250 0.474333 0.658250 0.478000 0.657750 0.480000 0.655250 0.480000 0.650000 0.476000 0.642000 0.472333 0.638250 0.466667 0.635000
0 0.514667 0.660000 0.513333 0.660250 0.509333 0.663000 0.507667 0.668250 0.507667 0.673500 0.508667 0.678250 0.510000 0.680250 0.513333 0.682500 0.515667 0.682000 0.518667 0.680000 0.522333 0.673250 0.522000 0.665000 0.518000 0.660500
0 0.498333 0.674000 0.494667 0.675000 0.493000 0.676250 0.490000 0.682250 0.490000 0.690000 0.491000 0.693250 0.493667 0.695500 0.497333 0.695000 0.499000 0.694000 0.501667 0.687500 0.502000 0.684750 0.501000 0.677750
0 0.523000 0.682500 0.521667 0.684500 0.522000 0.686250 0.533333 0.695250 0.540333 0.698500 0.545667 0.698500 0.548333 0.697750 0.549667 0.696750 0.549667 0.692750 0.545333 0.688500 0.532667 0.684000 0.529000 0.681500 0.524667 0.681500
0 0.556333 0.707750 0.552000 0.712500 0.551667 0.717750 0.552333 0.720500 0.557000 0.727750 0.560667 0.730250 0.564000 0.730250 0.566667 0.729000 0.569000 0.726500 0.569000 0.719000 0.564667 0.712250 0.560333 0.708000
0 0.561667 0.741500 0.559667 0.741500 0.556667 0.742750 0.553333 0.747750 0.553333 0.753250 0.555000 0.760000 0.557000 0.762250 0.560000 0.763250 0.562000 0.762750 0.565000 0.760750 0.567333 0.756250 0.568000 0.753250 0.568000 0.749500 0.566667 0.744750 0.564000 0.742250
0 0.498000 0.718500 0.493667 0.718500 0.489667 0.719750 0.488333 0.720750 0.486333 0.723750 0.485000 0.728750 0.485667 0.735500 0.486667 0.738250 0.488667 0.741000 0.494000 0.744250 0.497667 0.743750 0.502333 0.740500 0.504333 0.736000 0.504333 0.727750 0.502333 0.721000
0 0.477667 0.703500 0.473667 0.703250 0.471333 0.703750 0.469667 0.705250 0.468333 0.709000 0.466333 0.712000 0.463333 0.721750 0.464000 0.724750 0.466667 0.726750 0.470333 0.726250 0.475333 0.721250 0.477667 0.717000 0.480000 0.709000 0.479667 0.705000
0 0.469000 0.679500 0.465667 0.681000 0.463333 0.685500 0.463000 0.690250 0.464333 0.694000 0.466667 0.697250 0.469667 0.698500 0.472000 0.698500 0.474333 0.697250 0.475667 0.694500 0.476333 0.689250 0.476000 0.684750 0.474667 0.681250 0.471333 0.679500
0 0.400333 0.687750 0.397000 0.689500 0.395333 0.693250 0.395000 0.699000 0.396000 0.704750 0.399000 0.710000 0.400667 0.711250 0.405000 0.712000 0.407667 0.709750 0.409000 0.706500 0.409667 0.702000 0.409333 0.696750 0.405000 0.689250 0.404000 0.688500
0 0.358000 0.686500 0.354667 0.684750 0.349000 0.684500 0.345000 0.684750 0.336667 0.686750 0.331333 0.689500 0.329333 0.692000 0.328667 0.695250 0.329333 0.698500 0.334000 0.700500 0.342333 0.701000 0.349333 0.698750 0.357667 0.693500 0.359000 0.690500
0 0.332333 0.682250 0.330667 0.680500 0.323667 0.679000 0.316333 0.679000 0.306667 0.680500 0.297667 0.684250 0.296667 0.685750 0.296667 0.689500 0.299000 0.691500 0.305667 0.692750 0.311000 0.692750 0.321667 0.691250 0.327000 0.689750 0.331667 0.687250 0.332667 0.686000
0 0.316000 0.645000 0.313667 0.645500 0.309667 0.649500 0.307333 0.657000 0.307333 0.662750 0.308667 0.666750 0.312000 0.670750 0.314000 0.671750 0.318667 0.672000 0.324000 0.667750 0.326000 0.664250 0.326667 0.662000 0.326667 0.653000 0.325333 0.648750 0.319333 0.645250
0 0.263000 0.643500 0.262000 0.645250 0.262000 0.647750 0.263000 0.650500 0.266667 0.655000 0.283000 0.662250 0.290667 0.662750 0.293333 0.661500 0.295000 0.659000 0.295000 0.657500 0.293000 0.654250 0.288000 0.649500 0.284667 0.648250 0.279667 0.644500 0.275667 0.642750 0.272333 0.642250 0.266667 0.642250 0.264000 0.642750
