0 0.364333 0.613250 0.361667 0.615000 0.360333 0.617500 0.359333 0.625000 0.360000 0.631250 0.362000 0.635500 0.364333 0.637250 0.365667 0.637500 0.368333 0.636250 0.370667 0.633750 0.372000 0.630750 0.372333 0.626250 0.371667 0.619250 0.370667 0.616250 0.369000 0.614250 0.366333 0.613250
0 0.452333 0.434250 0.446667 0.435000 0.442667 0.438250 0.438000 0.446750 0.437667 0.454750 0.439667 0.459750 0.442667 0.461500 0.447333 0.461250 0.451000 0.460000 0.452667 0.458750 0.457333 0.451500 0.459333 0.444000 0.459667 0.439750 0.457333 0.436750 0.455333 0.435250
0 0.474333 0.424000 0.470000 0.424250 0.466000 0.431000 0.464333 0.438750 0.464667 0.444000 0.466000 0.448250 0.470000 0.451250 0.473333 0.451000 0.475333 0.450000 0.479000 0.444000 0.480000 0.440250 0.480000 0.430750 0.478000 0.427250
0 0.560667 0.453250 0.557000 0.453500 0.554333 0.455000 0.551000 0.463250 0.551667 0.471750 0.554000 0.475250 0.556000 0.476500 0.559333 0.476500 0.561333 0.475750 0.564667 0.471250 0.565667 0.468500 0.566000 0.462750 0.565000 0.458000 0.563333 0.454750
0 0.446667 0.476000 0.443000 0.476750 0.441000 0.478500 0.439667 0.486750 0.441000 0.496000 0.443667 0.498500 0.447667 0.499250 0.451000 0.497250 0.452333 0.495500 0.453667 0.491000 0.454000 0.486250 0.452000 0.478000 0.450667 0.477000
0 0.436000 0.499750 0.434667 0.501750 0.435000 0.505000 0.440333 0.514250 0.447667 0.520000 0.450667 0.521000 0.455333 0.520500 0.457333 0.518250 0.457333 0.515500 0.456000 0.510750 0.448000 0.501500 0.440000 0.499500
0 0.416333 0.490500 0.414667 0.494000 0.415000 0.497750 0.416333 0.500500 0.422000 0.507250 0.423333 0.510000 0.426667 0.511750 0.432000 0.512250 0.434333 0.510000 0.434333 0.504500 0.432667 0.497750 0.427667 0.493000 0.419667 0.490000
0 0.489667 0.509750 0.486333 0.511250 0.485333 0.513250 0.485000 0.518750 0.485667 0.525750 0.488333 0.530750 0.495667 0.534500 0.498000 0.535000 0.502333 0.529000 0.501667 0.519750 0.499000 0.513000 0.497667 0.511250 0.494333 0.509750
0 0.543667 0.510250 0.540667 0.510250 0.535667 0.515000 0.534000 0.517750 0.533333 0.523500 0.534000 0.529250 0.536333 0.533000 0.538000 0.533500 0.541667 0.533500 0.543667 0.532750 0.545333 0.531500 0.547000 0.527750 0.548667 0.517250 0.546000 0.511500
0 0.486667 0.532500 0.483667 0.536250 0.482000 0.540250 0.482333 0.545500 0.485667 0.554000 0.489667 0.557250 0.494000 0.558750 0.498333 0.558250 0.500000 0.557000 0.501000 0.553500 0.500667 0.547500 0.498333 0.539500 0.490667 0.533000
0 0.536000 0.551750 0.534000 0.549250 0.530333 0.548000 0.523333 0.547750 0.515000 0.548250 0.508667 0.550750 0.507667 0.552000 0.507667 0.554500 0.508333 0.556500 0.509667 0.557500 0.514000 0.558750 0.528667 0.558750 0.532667 0.557500 0.534667 0.556250 0.536000 0.554000
0 0.551000 0.580750 0.550667 0.584500 0.552000 0.586250 0.555667 0.589000 0.560333 0.590750 0.569333 0.591750 0.578333 0.591750 0.583667 0.590250 0.586000 0.588500 0.586000 0.586250 0.584333 0.583250 0.580333 0.580500 0.576333 0.579000 0.572000 0.578500 0.558333 0.578500 0.552667 0.579250
0 0.427333 0.556750 0.424333 0.558250 0.422667 0.560250 0.421667 0.564750 0.421667 0.572000 0.423333 0.577500 0.425333 0.579500 0.427333 0.580750 0.432333 0.581000 0.435667 0.579750 0.437667 0.576250 0.438333 0.573000 0.438000 0.564500 0.436333 0.560250 0.434333 0.558250 0.431000 0.556750
0 0.380667 0.535250 0.377000 0.535500 0.372667 0.539750 0.370333 0.548000 0.370333 0.553250 0.371667 0.558750 0.373333 0.561250 0.376667 0.563000 0.380667 0.563000 0.383667 0.561250 0.385667 0.557750 0.387000 0.552500 0.387000 0.544250 0.386333 0.541250 0.385333 0.539500
0 0.319333 0.518000 0.317333 0.520500 0.317333 0.523250 0.318000 0.525750 0.321000 0.530500 0.330667 0.538000 0.337667 0.540500 0.342667 0.540500 0.346333 0.537750 0.346667 0.533750 0.342000 0.525750 0.334667 0.520250 0.329333 0.517750 0.324333 0.517000
0 0.381000 0.593000 0.377333 0.595750 0.376667 0.600000 0.377333 0.608250 0.379000 0.612500 0.381000 0.614750 0.384667 0.616500 0.388333 0.616500 0.390333 0.615500 0.392667 0.612000 0.393667 0.608250 0.393333 0.601500 0.392000 0.598500 0.388333 0.594500 0.384333 0.593250
0 0.475333 0.605750 0.471333 0.606250 0.469000 0.607750 0.466000 0.610750 0.463333 0.616000 0.462667 0.623250 0.464667 0.627250 0.467000 0.628750 0.471333 0.628000 0.474333 0.625500 0.479000 0.615500 0.479667 0.612500 0.479000 0.608500
0 0.542667 0.580500 0.539333 0.581000 0.533333 0.586750 0.531000 0.595500 0.531333 0.600750 0.532333 0.603250 0.536000 0.605500 0.540333 0.606750 0.543000 0.605750 0.545667 0.603500 0.547333 0.600000 0.549000 0.593000 0.549000 0.587750 0.546667 0.582750
0 0.529667 0.604500 0.528333 0.606250 0.528333 0.608750 0.532667 0.618500 0.540333 0.623500 0.541667 0.623750 0.544667 0.623000 0.546667 0.620250 0.546333 0.615750 0.544667 0.611750 0.541000 0.609000 0.534000 0.605750
0 0.562000 0.604750 0.559667 0.605000 0.556000 0.607250 0.553333 0.610750 0.552333 0.614250 0.552000 0.619750 0.553000 0.623500 0.554667 0.626250 0.557667 0.627750 0.561333 0.627500 0.565333 0.624500 0.567000 0.622000 0.568333 0.617250 0.568000 0.609500 0.566000 0.606250 0.564667 0.605250
0 0.533000 0.621500 0.529667 0.623500 0.528333 0.627750 0.529667 0.635000 0.532333 0.638750 0.534333 0.639250 0.537000 0.638250 0.539333 0.635750 0.540000 0.627000 0.538000 0.623250 0.536000 0.622000
0 0.544667 0.637750 0.540667 0.638000 0.538667 0.639500 0.534667 0.641000 0.533000 0.642500 0.527667 0.653500 0.527667 0.658250 0.528333 0.659750 0.530000 0.661000 0.533333 0.661250 0.536333 0.659750 0.542000 0.655000 0.545667 0.650750 0.547667 0.646500 0.547667 0.642000 0.545667 0.638250
0 0.255333 0.653500 0.251333 0.655500 0.242667 0.666250 0.242000 0.673500 0.243000 0.677250 0.244000 0.678500 0.247333 0.679500 0.252667 0.678500 0.256667 0.675500 0.261667 0.666500 0.262667 0.663000 0.262667 0.658000 0.261000 0.655250 0.259667 0.654250
0 0.423667 0.665500 0.422000 0.666750 0.420000 0.670500 0.419000 0.677000 0.419333 0.682000 0.423333 0.690750 0.427667 0.691750 0.430333 0.690000 0.433000 0.685500 0.432667 0.673250 0.431333 0.669500 0.429333 0.666750 0.427333 0.665500
0 0.434000 0.703500 0.431667 0.703500 0.429000 0.704750 0.424667 0.713250 0.424667 0.721500 0.426333 0.724750 0.430333 0.726750 0.434333 0.726500 0.436667 0.725250 0.439667 0.717750 0.439000 0.708000 0.437333 0.704750
0 0.399667 0.691000 0.395667 0.693500 0.393667 0.696250 0.393000 0.703250 0.393333 0.705500 0.395667 0.710000 0.399667 0.712000 0.401333 0.712000 0.403667 0.711250 0.406000 0.708500 0.406667 0.704500 0.406333 0.697250 0.404000 0.692250 0.401333 0.691000
0 0.389333 0.719750 0.384333 0.719250 0.381000 0.720000 0.376667 0.723500 0.373333 0.728250 0.372333 0.731000 0.372333 0.736250 0.373667 0.738250 0.377667 0.739000 0.381000 0.738000 0.388000 0.732000 0.390667 0.725250 0.390333 0.720750
0 0.354000 0.742500 0.352333 0.744500 0.352333 0.749750 0.355333 0.755250 0.360333 0.761000 0.363000 0.763000 0.366000 0.764250 0.370333 0.764250 0.372667 0.762750 0.374000 0.759750 0.373667 0.754500 0.371667 0.749750 0.365000 0.743750 0.358333 0.741750
0 0.469333 0.755250 0.466333 0.756500 0.464333 0.759000 0.464000 0.765000 0.465000 0.771000 0.469667 0.778750 0.471667 0.780000 0.475667 0.780500 0.479000 0.778750 0.480667 0.776250 0.481333 0.773500 0.481000 0.766750 0.478333 0.760250 0.475333 0.756500 0.472333 0.755250
0 0.529000 0.709500 0.526333 0.713500 0.526333 0.717250 0.527667 0.721250 0.529667 0.724750 0.532667 0.728000 0.535000 0.729250 0.537667 0.729500 0.542000 0.726250 0.543000 0.724750 0.543333 0.720250 0.537667 0.713250 0.532667 0.710500
0 0.530333 0.689000 0.528667 0.690750 0.528333 0.695250 0.531333 0.705500 0.533333 0.708250 0.540667 0.714000 0.545667 0.714750 0.549667 0.712500 0.550667 0.709750 0.550333 0.705250 0.546000 0.696250 0.538333 0.689250 0.534667 0.688500
0 0.561000 0.731500 0.557333 0.732500 0.555667 0.733750 0.553667 0.736750 0.551000 0.743750 0.551667 0.750750 0.555000 0.755500 0.556667 0.756750 0.560667 0.756500 0.565000 0.752750 0.567333 0.749000 0.568333 0.745750 0.568667 0.738500 0.568000 0.735750 0.565000 0.732500
