0 0.505333 0.337250 0.501000 0.336750 0.498333 0.337500 0.486333 0.345750 0.482000 0.352750 0.481333 0.356500 0.482667 0.361000 0.484667 0.362500 0.487333 0.362750 0.490333 0.362000 0.499000 0.356750 0.506667 0.345750 0.507333 0.341250 0.506667 0.338500
0 0.424000 0.365000 0.420000 0.368000 0.419000 0.369750 0.417333 0.376500 0.417333 0.380750 0.418667 0.386000 0.421000 0.389750 0.423667 0.391250 0.428333 0.391750 0.431333 0.388500 0.432333 0.385500 0.432667 0.372500 0.431667 0.368500 0.429667 0.366500 0.427667 0.365250
0 0.468000 0.386000 0.463333 0.386750 0.461000 0.388250 0.457667 0.392500 0.454667 0.399000 0.454000 0.403000 0.454333 0.407500 0.455333 0.409750 0.458333 0.411750 0.462000 0.411000 0.467333 0.407500 0.469000 0.405250 0.471667 0.398500 0.472333 0.394250 0.472000 0.388500 0.470667 0.386750
0 0.479333 0.401250 0.474667 0.401500 0.470667 0.404250 0.462333 0.415000 0.461667 0.418250 0.462000 0.423500 0.463333 0.426000 0.466667 0.428500 0.471000 0.428500 0.474333 0.426750 0.480000 0.420750 0.481667 0.417750 0.483333 0.411500 0.483333 0.406000 0.482333 0.403000
0 0.424333 0.397750 0.420667 0.398750 0.419333 0.399750 0.416667 0.407500 0.416667 0.412250 0.418000 0.416250 0.419667 0.419250 0.422667 0.421000 0.425667 0.420750 0.428000 0.419500 0.429667 0.416750 0.431000 0.411000 0.431000 0.405500 0.429333 0.400250 0.428000 0.398750
0 0.459667 0.442750 0.454667 0.443250 0.448333 0.446250 0.442333 0.451750 0.439333 0.456750 0.439667 0.462000 0.442333 0.464000 0.444667 0.464250 0.450667 0.463250 0.455667 0.460000 0.459667 0.456000 0.463333 0.448250 0.463000 0.445750
0 0.451333 0.467750 0.446667 0.467750 0.443667 0.469750 0.439667 0.478250 0.440333 0.486750 0.442667 0.491000 0.446667 0.493000 0.451000 0.492000 0.452333 0.490750 0.455000 0.482500 0.455000 0.472000 0.454333 0.470000
0 0.410333 0.430250 0.407000 0.429750 0.402667 0.431000 0.399667 0.433000 0.394333 0.439000 0.393000 0.443000 0.393000 0.447000 0.395333 0.449500 0.397667 0.449750 0.401000 0.448750 0.404000 0.447000 0.406333 0.444250 0.411667 0.435750 0.412000 0.431750
0 0.385333 0.430500 0.381333 0.430250 0.377333 0.431250 0.372000 0.438750 0.370667 0.444000 0.370667 0.448250 0.371333 0.451000 0.373333 0.453000 0.377333 0.453250 0.380333 0.451750 0.386000 0.444000 0.387667 0.439000 0.388000 0.434250 0.387333 0.432000
0 0.489000 0.469250 0.486667 0.470000 0.485667 0.472250 0.485000 0.478250 0.485333 0.487000 0.487333 0.490750 0.493333 0.495000 0.494667 0.495250 0.498333 0.493750 0.500333 0.490250 0.501000 0.486750 0.500333 0.476500 0.499000 0.472250 0.497667 0.470750 0.494333 0.469500
0 0.513000 0.455000 0.509667 0.458250 0.507667 0.462000 0.506667 0.465500 0.506667 0.469750 0.509000 0.479250 0.510333 0.480500 0.514333 0.482000 0.517333 0.480750 0.519333 0.478500 0.521333 0.474000 0.522000 0.467000 0.521333 0.462000 0.518000 0.456750 0.514667 0.455000
0 0.413333 0.497250 0.413667 0.499250 0.416667 0.502500 0.423000 0.505750 0.427333 0.507000 0.434667 0.508000 0.440667 0.507750 0.444667 0.506500 0.447000 0.503000 0.447000 0.501250 0.444667 0.499250 0.440333 0.497750 0.435333 0.494750 0.429333 0.493250 0.419000 0.493000 0.415667 0.494000
0 0.431667 0.512750 0.427333 0.512750 0.424000 0.514000 0.421333 0.517500 0.420000 0.523500 0.420333 0.529500 0.422667 0.533750 0.424333 0.535000 0.428333 0.535000 0.434333 0.531000 0.435667 0.528500 0.436333 0.524500 0.436000 0.517000 0.434333 0.514250
0 0.432333 0.538500 0.427000 0.538500 0.424333 0.539500 0.419000 0.545750 0.417000 0.550750 0.417000 0.556500 0.419667 0.559500 0.423333 0.559500 0.426667 0.558250 0.432333 0.552000 0.434667 0.544750 0.434333 0.541000
0 0.421000 0.571250 0.420667 0.572750 0.422333 0.576750 0.424000 0.578000 0.430667 0.580750 0.438000 0.582000 0.445333 0.582000 0.451000 0.581000 0.452333 0.580000 0.453333 0.575750 0.451667 0.573000 0.449667 0.571500 0.445000 0.569750 0.436333 0.568000 0.427667 0.567750 0.423000 0.568750
0 0.469667 0.566000 0.467000 0.567000 0.465000 0.569500 0.464000 0.572500 0.464333 0.576250 0.467333 0.584500 0.470000 0.586500 0.472333 0.586500 0.474333 0.586000 0.476333 0.583750 0.477667 0.577000 0.477333 0.571750 0.475333 0.568000 0.471667 0.566000
0 0.579333 0.322500 0.576333 0.324750 0.574000 0.330500 0.574333 0.337250 0.575667 0.341000 0.579333 0.346500 0.582333 0.348000 0.585000 0.348250 0.588000 0.347500 0.590333 0.345250 0.590333 0.337000 0.588667 0.330250 0.585333 0.324500 0.583667 0.323000
0 0.515667 0.535250 0.513333 0.535500 0.509000 0.538500 0.507333 0.540750 0.505000 0.547250 0.504667 0.553250 0.505667 0.557250 0.509333 0.561250 0.514333 0.561750 0.517333 0.560000 0.522000 0.553500 0.523000 0.550000 0.523333 0.542750 0.522333 0.539000 0.518667 0.536000
0 0.518000 0.601750 0.513667 0.602500 0.508667 0.607250 0.507333 0.610750 0.506667 0.616250 0.507000 0.623000 0.508667 0.626250 0.512667 0.628250 0.515000 0.628000 0.521333 0.624000 0.523333 0.620250 0.524667 0.615000 0.524667 0.607750 0.523333 0.604500 0.522000 0.602750
0 0.460000 0.615250 0.460333 0.618750 0.462000 0.620500 0.466000 0.621750 0.472333 0.622500 0.481000 0.622250 0.489333 0.620500 0.491000 0.619750 0.492000 0.617250 0.492000 0.614500 0.490667 0.612250 0.488000 0.610750 0.482000 0.609750 0.472333 0.609750 0.466667 0.610500 0.462667 0.612000
0 0.485333 0.623250 0.482333 0.625000 0.481333 0.627250 0.481333 0.631000 0.484000 0.636000 0.485000 0.639500 0.489000 0.644000 0.493333 0.647250 0.496667 0.648250 0.499000 0.648250 0.502667 0.646000 0.503667 0.641500 0.502000 0.635250 0.498667 0.627750 0.495667 0.625250 0.490333 0.623250
0 0.541000 0.611250 0.536667 0.611250 0.534667 0.612500 0.532333 0.615250 0.531000 0.619250 0.531667 0.632000 0.533333 0.635500 0.536667 0.638000 0.538333 0.638000 0.541667 0.636500 0.544667 0.633750 0.546333 0.629750 0.546667 0.625500 0.545667 0.617250 0.544333 0.614500
0 0.464000 0.638000 0.462333 0.639000 0.461333 0.643500 0.462333 0.649000 0.466333 0.656750 0.470667 0.660250 0.473667 0.661250 0.477667 0.660750 0.479667 0.658500 0.480333 0.654250 0.479667 0.650250 0.475333 0.642500 0.473667 0.641000 0.467667 0.637750
0 0.498667 0.654250 0.494667 0.655000 0.489667 0.658250 0.486000 0.664000 0.485667 0.671250 0.487333 0.673750 0.489333 0.675000 0.491000 0.675000 0.496667 0.671750 0.499000 0.669500 0.500333 0.664750 0.502000 0.661750 0.502667 0.657500 0.501667 0.655750
0 0.471333 0.662750 0.467000 0.663000 0.463333 0.664750 0.461667 0.666500 0.460333 0.670250 0.460667 0.681750 0.462333 0.685000 0.465667 0.686250 0.471333 0.685750 0.475333 0.681750 0.476667 0.674750 0.476000 0.667250 0.475000 0.664500
0 0.435333 0.646250 0.431000 0.646000 0.424333 0.649250 0.422667 0.651250 0.419667 0.657500 0.418667 0.661500 0.418667 0.666750 0.420000 0.669750 0.421667 0.670750 0.424333 0.671250 0.427667 0.670500 0.435667 0.662250 0.437667 0.655500 0.437667 0.649750
0 0.404667 0.687500 0.401667 0.688500 0.399667 0.691250 0.399000 0.695750 0.399333 0.704750 0.401000 0.708250 0.403667 0.710500 0.408667 0.711250 0.412000 0.709250 0.413667 0.706250 0.414000 0.697250 0.413000 0.693750 0.410667 0.689750 0.408667 0.688250
0 0.368333 0.700750 0.365333 0.699750 0.361667 0.699750 0.358000 0.701000 0.351333 0.704750 0.345333 0.711250 0.344000 0.713750 0.343667 0.719000 0.344000 0.720750 0.345667 0.722500 0.350667 0.722750 0.356667 0.721250 0.363000 0.716750 0.369000 0.709500 0.370667 0.706250 0.370333 0.702750
0 0.302667 0.754500 0.299000 0.754250 0.295667 0.755000 0.291333 0.757500 0.286667 0.764250 0.285667 0.767000 0.285667 0.773000 0.287000 0.775750 0.290333 0.777250 0.294333 0.776750 0.296000 0.776000 0.300000 0.772000 0.303000 0.767750 0.305000 0.758500 0.304333 0.755750
0 0.471333 0.708250 0.467000 0.709000 0.463000 0.712000 0.461000 0.716500 0.460667 0.721250 0.462000 0.727500 0.463000 0.729250 0.466667 0.732000 0.468333 0.732000 0.471333 0.730750 0.474333 0.727750 0.476000 0.724500 0.476333 0.717000 0.475667 0.711750 0.474333 0.709750
0 0.493000 0.707500 0.489667 0.708500 0.486667 0.711500 0.486000 0.714000 0.486333 0.720000 0.488667 0.725500 0.491333 0.729500 0.493667 0.731750 0.498000 0.733000 0.500333 0.732000 0.502333 0.728750 0.503000 0.720500 0.500667 0.713000 0.498667 0.709500 0.496333 0.708000
0 0.496000 0.680000 0.493333 0.680000 0.490333 0.681750 0.486667 0.688500 0.485667 0.697250 0.486667 0.700500 0.489667 0.703250 0.493667 0.702000 0.497667 0.698500 0.498667 0.696750 0.499333 0.694000 0.498667 0.681250
0 0.555667 0.658250 0.553000 0.659750 0.552000 0.661250 0.552000 0.667500 0.556667 0.678000 0.561000 0.682250 0.563667 0.683500 0.565333 0.683500 0.568000 0.682000 0.569000 0.679750 0.569000 0.671500 0.561000 0.660000 0.558667 0.658500
0 0.556000 0.706750 0.552000 0.709500 0.549667 0.712500 0.549000 0.721250 0.552000 0.730250 0.555000 0.732250 0.559000 0.732500 0.561333 0.731750 0.563333 0.728500 0.566000 0.720750 0.566000 0.715750 0.565000 0.712500 0.561000 0.708000 0.558667 0.707000
0 0.542000 0.715500 0.540333 0.715500 0.534000 0.719000 0.531667 0.721250 0.529667 0.728250 0.529667 0.734250 0.531000 0.738500 0.533000 0.740750 0.537667 0.740750 0.542333 0.737250 0.546000 0.731500 0.547333 0.725000 0.547333 0.720250 0.545667 0.717000
0 0.556667 0.795750 0.552000 0.799000 0.550000 0.803500 0.549667 0.808750 0.551667 0.815000 0.554667 0.819000 0.556667 0.820000 0.561333 0.820500 0.565000 0.819500 0.568000 0.816750 0.569333 0.812500 0.569333 0.806250 0.565333 0.798750 0.560333 0.795750
