0 0.573000 0.601250 0.570333 0.601500 0.566000 0.603250 0.564000 0.604750 0.561000 0.611750 0.561000 0.618750 0.562333 0.622750 0.565000 0.624750 0.569333 0.625000 0.573000 0.623750 0.577000 0.619250 0.578333 0.614000 0.578000 0.606500 0.576333 0.602750
0 0.615333 0.624500 0.611000 0.624750 0.607000 0.627000 0.605000 0.630500 0.604333 0.633250 0.604333 0.638000 0.605667 0.643500 0.607667 0.646750 0.611000 0.648500 0.615000 0.648000 0.616667 0.647000 0.619333 0.643000 0.620667 0.635750 0.620000 0.629500 0.618667 0.626500
0 0.586000 0.626250 0.583000 0.627500 0.582000 0.629750 0.581333 0.634250 0.583000 0.642500 0.586333 0.646250 0.588333 0.647500 0.591333 0.647750 0.593000 0.647000 0.595667 0.643250 0.595667 0.634750 0.592667 0.627500 0.591000 0.626500
0 0.406333 0.596000 0.403667 0.598750 0.403667 0.601500 0.404667 0.604250 0.407333 0.608000 0.418667 0.613000 0.425000 0.613000 0.427000 0.611000 0.426667 0.606750 0.425333 0.603750 0.420333 0.599000 0.414333 0.596000 0.410333 0.595500
0 0.404333 0.609250 0.402667 0.610500 0.400333 0.614750 0.400667 0.619750 0.406000 0.631250 0.408000 0.632750 0.412333 0.633500 0.416000 0.632250 0.418000 0.630500 0.419000 0.625250 0.417667 0.618500 0.413333 0.611750 0.411667 0.610500 0.408667 0.609250
0 0.392000 0.616750 0.388667 0.618000 0.387333 0.619250 0.385000 0.626250 0.385333 0.631750 0.387000 0.636500 0.388667 0.639000 0.392667 0.641500 0.396333 0.641750 0.400000 0.640000 0.401667 0.638250 0.403000 0.633000 0.402667 0.627500 0.398333 0.618500 0.397000 0.617500
0 0.458000 0.634000 0.454000 0.635000 0.450333 0.637500 0.449000 0.641500 0.448667 0.647750 0.450333 0.654250 0.453667 0.658500 0.455333 0.659750 0.459000 0.660250 0.463667 0.657750 0.466000 0.654750 0.467000 0.651000 0.466333 0.642500 0.464667 0.638750 0.459667 0.634250
0 0.478000 0.641750 0.475333 0.644000 0.472667 0.649500 0.472667 0.659500 0.473333 0.662250 0.476000 0.665750 0.477667 0.667000 0.481000 0.667250 0.483333 0.666500 0.487000 0.662250 0.488000 0.659250 0.488000 0.651500 0.486667 0.646500 0.484000 0.642500 0.483000 0.641750
0 0.502333 0.653750 0.498333 0.658500 0.497667 0.666250 0.502000 0.675000 0.505667 0.677750 0.509667 0.677750 0.514000 0.674500 0.514333 0.665750 0.511000 0.657250 0.506667 0.654000
0 0.424667 0.716000 0.420333 0.716750 0.415333 0.720250 0.412667 0.727750 0.413000 0.731750 0.415000 0.735500 0.416667 0.736500 0.420000 0.737250 0.423667 0.736750 0.428333 0.731750 0.429333 0.728750 0.429333 0.720000 0.428000 0.717500
0 0.415000 0.675000 0.411000 0.677250 0.407667 0.681000 0.407000 0.688000 0.408000 0.693250 0.411333 0.698000 0.413333 0.699250 0.416667 0.700000 0.419667 0.699250 0.422000 0.697250 0.424333 0.693500 0.425000 0.687000 0.423667 0.681750 0.421667 0.678500 0.417333 0.675250
0 0.567000 0.642250 0.565000 0.642750 0.563000 0.645000 0.561667 0.649500 0.561667 0.654000 0.563333 0.658750 0.565667 0.662000 0.569000 0.664000 0.572667 0.664500 0.575667 0.663500 0.577333 0.661250 0.578000 0.658250 0.577333 0.650000 0.573000 0.643750 0.569667 0.642250
0 0.545333 0.630750 0.542000 0.631250 0.539667 0.632500 0.536333 0.638000 0.535333 0.641750 0.536333 0.648500 0.537667 0.650750 0.541333 0.653000 0.544667 0.652750 0.547000 0.651250 0.549000 0.648000 0.551000 0.642250 0.549667 0.634000
0 0.521000 0.616250 0.518000 0.618000 0.516667 0.620000 0.516000 0.623500 0.516667 0.631000 0.518000 0.633250 0.521333 0.636250 0.524333 0.637250 0.526667 0.637250 0.530000 0.636250 0.531333 0.634000 0.532667 0.629750 0.532333 0.621750 0.531333 0.619500 0.529000 0.617500 0.526000 0.616250
0 0.589333 0.459500 0.586667 0.460000 0.583667 0.462250 0.580667 0.468500 0.580667 0.474250 0.582333 0.478750 0.583667 0.480500 0.587000 0.482500 0.589000 0.482500 0.592333 0.481250 0.594000 0.478500 0.596000 0.471500 0.596000 0.466000 0.595000 0.463250 0.592000 0.460000
0 0.443000 0.420250 0.440000 0.421500 0.438667 0.423250 0.438333 0.429750 0.439667 0.435000 0.442667 0.439750 0.447000 0.444000 0.450000 0.444750 0.455333 0.444500 0.458667 0.442500 0.460000 0.440000 0.460000 0.436500 0.458667 0.431000 0.451667 0.422500 0.448333 0.421250
0 0.510333 0.619500 0.507667 0.619000 0.501667 0.619500 0.491667 0.625000 0.487667 0.626500 0.486333 0.627500 0.482667 0.633500 0.483000 0.636000 0.486667 0.638250 0.490333 0.638500 0.505667 0.632000 0.511000 0.626500 0.511667 0.622000
0 0.430000 0.467500 0.426667 0.468250 0.423333 0.470750 0.422333 0.475500 0.422333 0.482000 0.423667 0.486750 0.426667 0.490500 0.428667 0.491750 0.433333 0.492250 0.436667 0.491500 0.439667 0.489250 0.440667 0.485500 0.440667 0.477750 0.439333 0.473250 0.436333 0.468750 0.432333 0.467500
0 0.459000 0.610500 0.457000 0.610750 0.454667 0.612000 0.453333 0.616000 0.452667 0.623750 0.454667 0.630000 0.457667 0.632000 0.460000 0.632250 0.463667 0.631000 0.466333 0.627000 0.467000 0.617750 0.466667 0.615000 0.464667 0.611750 0.462667 0.610750
0 0.445333 0.494250 0.444000 0.493500 0.439000 0.493250 0.435333 0.494750 0.431333 0.495250 0.424333 0.498000 0.418333 0.502750 0.417000 0.505000 0.417000 0.506500 0.419333 0.508500 0.425333 0.510000 0.428333 0.510000 0.431333 0.508750 0.436000 0.508250 0.444667 0.503500 0.447000 0.498500
0 0.440000 0.509750 0.435667 0.510000 0.434000 0.511250 0.431333 0.512000 0.424000 0.517000 0.420667 0.525250 0.421333 0.528750 0.422667 0.530500 0.424000 0.531000 0.428000 0.531000 0.431000 0.529750 0.436333 0.526250 0.437333 0.524500 0.440000 0.522250 0.442333 0.516500 0.442333 0.512750
0 0.388667 0.473500 0.384333 0.473750 0.381000 0.475500 0.377000 0.478500 0.375000 0.482250 0.373667 0.489500 0.374000 0.494500 0.376000 0.497500 0.379333 0.498750 0.384667 0.498250 0.388333 0.496000 0.394667 0.486750 0.395000 0.480500 0.394333 0.477750
0 0.410000 0.526250 0.407667 0.526250 0.404000 0.529000 0.400667 0.533500 0.398667 0.540000 0.399000 0.547500 0.399667 0.549250 0.403667 0.551250 0.407333 0.550750 0.409333 0.549500 0.412667 0.544500 0.414333 0.540000 0.415667 0.532500 0.413000 0.527500
0 0.411000 0.554750 0.407333 0.556250 0.405000 0.559750 0.404333 0.567750 0.405333 0.572500 0.407333 0.576500 0.411000 0.578000 0.413000 0.578000 0.415667 0.577000 0.419667 0.573000 0.420333 0.565500 0.419333 0.560750 0.417000 0.556000 0.413333 0.554750
0 0.369333 0.557750 0.365667 0.558250 0.361333 0.560250 0.357667 0.565000 0.355000 0.571000 0.354667 0.576250 0.355667 0.580500 0.359000 0.583750 0.361667 0.584750 0.365667 0.584000 0.370000 0.580500 0.372667 0.577000 0.374000 0.573500 0.375000 0.568000 0.374667 0.563250 0.372667 0.559750
0 0.490667 0.556750 0.489333 0.560000 0.489667 0.565000 0.493333 0.570750 0.501333 0.577500 0.506333 0.579250 0.510333 0.579250 0.513333 0.577000 0.514000 0.571750 0.509333 0.567500 0.507667 0.564250 0.498333 0.557000 0.495000 0.556000
0 0.503667 0.556750 0.504333 0.560750 0.506333 0.562250 0.510333 0.563500 0.526000 0.562750 0.528667 0.562000 0.530333 0.560500 0.530667 0.557000 0.528667 0.554500 0.524667 0.553250 0.518000 0.552250 0.510333 0.553250 0.505667 0.555000
0 0.549000 0.545500 0.545333 0.545500 0.540667 0.548250 0.537000 0.556000 0.537333 0.561000 0.539333 0.565000 0.541333 0.566500 0.545667 0.565750 0.549333 0.561500 0.551667 0.557000 0.552667 0.549000 0.551333 0.547000
0 0.563667 0.568750 0.561000 0.569750 0.558333 0.572500 0.557000 0.576000 0.557000 0.582250 0.559333 0.588750 0.561333 0.591250 0.564333 0.593000 0.568000 0.593250 0.570000 0.592250 0.572333 0.588500 0.573333 0.584500 0.573333 0.579500 0.571000 0.572250 0.569667 0.570250 0.568000 0.569250
0 0.582333 0.563500 0.580000 0.564750 0.579333 0.566750 0.579333 0.572000 0.580667 0.576250 0.583333 0.580000 0.587667 0.583750 0.592667 0.585000 0.596333 0.583250 0.597333 0.580750 0.597333 0.576500 0.596333 0.572500 0.592333 0.566000 0.590333 0.564250 0.587667 0.563250
0 0.518000 0.574500 0.516333 0.576000 0.515667 0.581500 0.516667 0.585750 0.518333 0.588500 0.521333 0.591750 0.525333 0.593750 0.530333 0.594250 0.533667 0.593500 0.535333 0.591500 0.535667 0.587250 0.533000 0.581000 0.528667 0.575500 0.526000 0.574500 0.522667 0.574000
0 0.450000 0.482500 0.450000 0.487000 0.452333 0.489750 0.455333 0.491750 0.467000 0.494750 0.472000 0.493500 0.475667 0.491000 0.476000 0.489500 0.474667 0.486250 0.466000 0.482250 0.460333 0.481250 0.453333 0.481250
0 0.458667 0.494750 0.454333 0.495500 0.451000 0.498000 0.447667 0.503000 0.446333 0.508750 0.446667 0.511500 0.447667 0.513500 0.451000 0.515000 0.455000 0.514750 0.458667 0.512250 0.462333 0.505750 0.463000 0.500500 0.462000 0.498250
0 0.503000 0.489000 0.500667 0.489000 0.498333 0.489750 0.493667 0.493000 0.492667 0.494500 0.491000 0.499250 0.491000 0.505500 0.491667 0.507000 0.493667 0.508750 0.498667 0.509250 0.502667 0.507250 0.506667 0.502750 0.508000 0.498500 0.508000 0.494250 0.506667 0.491000
0 0.420333 0.362250 0.417333 0.364500 0.415667 0.368500 0.416333 0.379000 0.419667 0.385500 0.423000 0.387250 0.427667 0.386750 0.429000 0.385750 0.431333 0.381750 0.432333 0.377500 0.432000 0.372250 0.430667 0.368500 0.428333 0.365250 0.424667 0.362750
0 0.442667 0.300500 0.438667 0.302500 0.436000 0.306250 0.435000 0.309250 0.435333 0.314250 0.438000 0.321750 0.440000 0.325000 0.442667 0.327000 0.448333 0.327250 0.451667 0.325500 0.453000 0.323000 0.453000 0.309750 0.452000 0.306250 0.447000 0.301750 0.444000 0.300500
0 0.466333 0.277500 0.463000 0.279500 0.461000 0.283250 0.460333 0.287000 0.460667 0.293250 0.463000 0.299500 0.466000 0.301500 0.471000 0.302500 0.474333 0.301250 0.475667 0.299500 0.477333 0.291250 0.477000 0.286750 0.476000 0.282500 0.474667 0.280500 0.471000 0.277750
0 0.486333 0.249000 0.482000 0.252250 0.480667 0.255750 0.480667 0.260750 0.481667 0.264000 0.484667 0.269000 0.487667 0.271500 0.489667 0.272500 0.493667 0.271750 0.497333 0.268250 0.498333 0.259250 0.495000 0.251750 0.490667 0.249250
0 0.435000 0.668750 0.431667 0.670250 0.429333 0.673250 0.427667 0.680000 0.427667 0.683500 0.429000 0.689000 0.431000 0.692500 0.434667 0.694250 0.436000 0.694250 0.440333 0.691750 0.443333 0.688250 0.444667 0.685000 0.445000 0.679500 0.443667 0.673000 0.439000 0.669750
0 0.357000 0.686500 0.353333 0.684750 0.349000 0.684750 0.345667 0.685500 0.336667 0.689750 0.333667 0.693500 0.333000 0.697750 0.336667 0.699500 0.341333 0.699750 0.349000 0.697500 0.355000 0.694250 0.356667 0.692750 0.358000 0.690500 0.358000 0.688250
0 0.314333 0.651000 0.313000 0.653750 0.313667 0.656750 0.315000 0.658750 0.321667 0.663750 0.330000 0.666750 0.334333 0.666750 0.338000 0.666000 0.339667 0.665000 0.340667 0.663500 0.340000 0.658500 0.338667 0.656750 0.333333 0.653250 0.326667 0.650500 0.322000 0.649500 0.317667 0.649500
0 0.466000 0.575000 0.466333 0.577000 0.470667 0.580250 0.478333 0.581500 0.488000 0.581500 0.492333 0.580750 0.494333 0.579500 0.495333 0.577000 0.494667 0.574750 0.491000 0.571500 0.483667 0.570000 0.477333 0.570000 0.471000 0.571000 0.467000 0.573000
0 0.521333 0.596250 0.517667 0.598500 0.517000 0.600500 0.517000 0.605250 0.519667 0.611500 0.522000 0.613750 0.525333 0.615500 0.532333 0.618000 0.533667 0.618000 0.536333 0.617000 0.538333 0.614500 0.538667 0.610000 0.537000 0.605750 0.535333 0.603250 0.529000 0.597250 0.525667 0.596250
