0 0.432250 0.721333 0.432250 0.724667 0.435000 0.729333 0.440000 0.733000 0.443500 0.733667 0.451500 0.733000 0.453750 0.731333 0.455500 0.727667 0.455500 0.723667 0.454500 0.720333 0.451750 0.717000 0.449250 0.715667 0.445750 0.715000 0.439000 0.715667 0.433000 0.720000
0 0.270250 0.552667 0.271250 0.557000 0.274500 0.561000 0.279500 0.563000 0.286750 0.563667 0.290500 0.562667 0.294500 0.560333 0.297250 0.555333 0.297750 0.551333 0.297250 0.549333 0.294250 0.546667 0.287500 0.544667 0.281750 0.544667 0.276000 0.546333 0.273000 0.548000 0.271500 0.549667
0 0.446750 0.472000 0.446000 0.474333 0.446750 0.481000 0.447500 0.483000 0.451000 0.487667 0.455000 0.490667 0.459250 0.492000 0.464000 0.492000 0.466500 0.490000 0.467250 0.487333 0.467500 0.483000 0.466750 0.479333 0.465750 0.477667 0.458250 0.471000 0.454750 0.470000 0.449750 0.470333 0.447500 0.471000
0 0.459500 0.505000 0.459750 0.506333 0.462000 0.509333 0.465250 0.511333 0.468000 0.512333 0.474750 0.512333 0.481250 0.507667 0.482250 0.506000 0.482250 0.502333 0.480250 0.499667 0.475750 0.497333 0.469250 0.496667 0.462250 0.499000 0.460250 0.501333
0 0.475500 0.516667 0.474250 0.515667 0.471250 0.515000 0.462250 0.515333 0.457000 0.516667 0.455000 0.517667 0.450250 0.524667 0.450000 0.526000 0.451250 0.529333 0.454750 0.531333 0.460250 0.531667 0.467000 0.530000 0.471250 0.526667 0.475250 0.522000 0.475750 0.519667
0 0.494500 0.542000 0.493500 0.540000 0.489250 0.538000 0.479000 0.539000 0.476250 0.540333 0.473750 0.543000 0.472750 0.545000 0.472500 0.549333 0.475000 0.552667 0.478000 0.554000 0.483500 0.554333 0.487250 0.553667 0.491250 0.551667 0.493500 0.548667 0.494750 0.545667
0 0.520750 0.557000 0.518250 0.555333 0.514500 0.554333 0.509000 0.554667 0.506250 0.556000 0.501250 0.560333 0.500250 0.563333 0.500500 0.569000 0.502250 0.572000 0.505500 0.574000 0.509500 0.573667 0.513250 0.572000 0.518000 0.568333 0.520750 0.564333 0.521750 0.561333 0.521750 0.559667
0 0.455250 0.567333 0.455250 0.569333 0.456750 0.572667 0.459750 0.576000 0.463000 0.578000 0.467000 0.579000 0.474250 0.578667 0.478250 0.577000 0.480250 0.574667 0.481250 0.572333 0.480250 0.567667 0.476500 0.563667 0.473750 0.562333 0.467750 0.561000 0.463500 0.561333 0.458000 0.563333 0.456000 0.565333
0 0.516000 0.583667 0.516250 0.587667 0.517750 0.591333 0.520750 0.594000 0.525750 0.596667 0.534000 0.597000 0.537250 0.596333 0.540750 0.593333 0.542000 0.590667 0.542000 0.587667 0.541250 0.586333 0.536250 0.582333 0.529500 0.579333 0.525250 0.579000 0.517750 0.581333
0 0.468750 0.634667 0.468750 0.638000 0.469500 0.639667 0.474750 0.642333 0.478500 0.643333 0.487000 0.643333 0.490000 0.642000 0.492000 0.639000 0.492000 0.635667 0.490750 0.633333 0.483750 0.630667 0.473250 0.631000 0.470500 0.632000
0 0.343250 0.645333 0.344250 0.650333 0.347000 0.653000 0.351250 0.654333 0.358250 0.654667 0.361500 0.654000 0.365750 0.651333 0.369500 0.647000 0.370250 0.642667 0.369000 0.640667 0.365250 0.637667 0.361500 0.636667 0.354250 0.636667 0.349000 0.638000 0.345000 0.640000 0.343500 0.642667
0 0.349250 0.688667 0.346500 0.686000 0.343000 0.684667 0.336500 0.684333 0.330750 0.685000 0.325500 0.687333 0.323750 0.690000 0.323500 0.693000 0.325500 0.696333 0.327250 0.697333 0.333500 0.699000 0.339500 0.699000 0.343000 0.698000 0.346500 0.695667 0.348250 0.693333
0 0.352250 0.686000 0.352500 0.689667 0.354750 0.693333 0.357750 0.695667 0.364500 0.697333 0.368500 0.697000 0.373750 0.695333 0.377750 0.690000 0.377500 0.684667 0.374750 0.681333 0.370750 0.680000 0.364500 0.679667 0.358000 0.681000 0.353500 0.684000
0 0.345500 0.775667 0.345750 0.780333 0.349000 0.784667 0.353250 0.787333 0.361750 0.787667 0.363750 0.787000 0.367750 0.784333 0.369750 0.780333 0.369750 0.777333 0.369000 0.774667 0.365500 0.770667 0.361500 0.768667 0.356750 0.768333 0.352250 0.769333 0.349250 0.771000 0.346250 0.774000
0 0.469250 0.693000 0.466500 0.690667 0.462000 0.691000 0.453750 0.696000 0.450250 0.701000 0.448500 0.705333 0.448000 0.710000 0.448750 0.712333 0.450500 0.714333 0.454750 0.715000 0.459000 0.713667 0.464750 0.709000 0.467500 0.705667 0.469500 0.700333 0.470000 0.696333
0 0.483000 0.767667 0.481500 0.764667 0.478250 0.762333 0.472500 0.762000 0.469000 0.763000 0.462250 0.767667 0.460000 0.775667 0.460500 0.779000 0.462500 0.781333 0.466000 0.782333 0.470250 0.782333 0.476250 0.780667 0.479000 0.779000 0.482250 0.775667 0.483250 0.771333
0 0.518500 0.689000 0.514000 0.686667 0.509500 0.686667 0.502000 0.688000 0.500250 0.689000 0.495750 0.695667 0.495250 0.698333 0.497500 0.702000 0.499000 0.702667 0.504750 0.703000 0.508250 0.702000 0.514750 0.698000 0.518250 0.693000
0 0.539750 0.688667 0.537500 0.686333 0.532500 0.686333 0.524750 0.689333 0.518750 0.698333 0.517500 0.703333 0.517500 0.706000 0.518250 0.708333 0.520750 0.711000 0.525250 0.711000 0.530250 0.709000 0.536750 0.703000 0.538500 0.700333 0.540000 0.693000
0 0.513000 0.666667 0.512500 0.671000 0.513750 0.674000 0.516000 0.677000 0.522000 0.679667 0.529750 0.679333 0.534500 0.674333 0.535500 0.671000 0.535500 0.669333 0.533500 0.665333 0.529250 0.663000 0.524000 0.662667 0.518500 0.663333 0.514000 0.665333
0 0.542250 0.670000 0.542000 0.674000 0.543000 0.677000 0.544000 0.678333 0.548000 0.680333 0.553250 0.681000 0.559750 0.679333 0.562250 0.677000 0.562750 0.675000 0.562750 0.671000 0.561750 0.668000 0.560250 0.666000 0.557500 0.665000 0.548000 0.665000 0.544750 0.666333
0 0.585250 0.666000 0.585750 0.674000 0.587000 0.676667 0.588500 0.678000 0.595000 0.680333 0.601750 0.680667 0.606250 0.679333 0.607750 0.677000 0.608000 0.673000 0.604250 0.665333 0.600500 0.663000 0.596750 0.662000 0.588000 0.662667 0.586250 0.664000
0 0.535000 0.454667 0.536000 0.459000 0.538250 0.461000 0.543500 0.462667 0.548250 0.462667 0.553250 0.461000 0.556000 0.458667 0.558250 0.455667 0.558750 0.450333 0.558000 0.447333 0.556250 0.445667 0.553250 0.445000 0.544750 0.445000 0.540750 0.446000 0.538250 0.447667 0.536250 0.450333
0 0.544250 0.473333 0.543250 0.470333 0.541250 0.469000 0.534000 0.468667 0.529250 0.469667 0.524750 0.471667 0.520750 0.476333 0.519750 0.479000 0.520500 0.482000 0.522250 0.483667 0.528500 0.485000 0.534000 0.484333 0.537500 0.483333 0.541750 0.479667 0.543750 0.476667
0 0.571750 0.478000 0.571750 0.482000 0.572250 0.483333 0.575250 0.487000 0.581750 0.489333 0.588000 0.489333 0.592500 0.488000 0.597000 0.482000 0.596500 0.477667 0.592250 0.472333 0.589000 0.471000 0.580500 0.471667 0.576500 0.473667
0 0.608000 0.533000 0.605750 0.530667 0.600500 0.528333 0.594000 0.528667 0.587500 0.531333 0.586000 0.533000 0.585250 0.537000 0.585250 0.541667 0.586000 0.544333 0.587250 0.546000 0.591500 0.547000 0.599750 0.546667 0.602000 0.545333 0.607250 0.540000 0.608250 0.537000
0 0.614000 0.578000 0.614250 0.581000 0.617500 0.585333 0.623250 0.588000 0.628250 0.588000 0.631000 0.587333 0.636250 0.583667 0.638750 0.580000 0.638750 0.575667 0.637500 0.572667 0.635250 0.571000 0.631500 0.570000 0.623500 0.569667 0.619250 0.570667 0.617000 0.572000 0.614500 0.575667
0 0.658000 0.563000 0.654250 0.562667 0.651750 0.564000 0.649750 0.566333 0.646750 0.573000 0.645000 0.580333 0.645000 0.588000 0.646250 0.592333 0.648250 0.594000 0.651250 0.594667 0.655000 0.593000 0.659500 0.583333 0.661250 0.576667 0.661250 0.571000 0.659750 0.564667
0 0.648000 0.619333 0.648500 0.624000 0.650250 0.626667 0.653250 0.628333 0.658750 0.629000 0.663500 0.628000 0.667750 0.625333 0.670750 0.620333 0.671000 0.616000 0.670500 0.614000 0.667000 0.610667 0.657500 0.610000 0.654750 0.611000 0.650250 0.614667
0 0.673750 0.635333 0.673000 0.634333 0.669500 0.633000 0.665250 0.633000 0.662000 0.634000 0.657250 0.637333 0.654250 0.641667 0.653750 0.644667 0.654000 0.647333 0.656500 0.650000 0.659000 0.651000 0.662250 0.651000 0.669250 0.648000 0.671250 0.646000 0.674250 0.639667 0.674500 0.638000
0 0.704500 0.658333 0.704500 0.662667 0.707250 0.667000 0.710500 0.669333 0.713750 0.670333 0.720750 0.669667 0.723750 0.667333 0.725000 0.665667 0.726000 0.662667 0.724750 0.658000 0.717500 0.654667 0.708750 0.655000 0.706000 0.656333
0 0.699000 0.528667 0.699500 0.533000 0.701000 0.535333 0.704500 0.538333 0.708250 0.539667 0.713000 0.539333 0.717500 0.538000 0.720500 0.533667 0.720500 0.529667 0.719000 0.526333 0.717500 0.524667 0.711250 0.523000 0.705500 0.523333 0.701250 0.525333
0 0.743000 0.505333 0.740750 0.501667 0.738500 0.500667 0.734750 0.500000 0.727500 0.500667 0.724500 0.502333 0.720750 0.506000 0.719500 0.509333 0.719750 0.513333 0.721000 0.516000 0.724250 0.518000 0.730000 0.518333 0.733000 0.517667 0.740000 0.514000 0.742750 0.509333
0 0.674000 0.483000 0.672750 0.480667 0.670000 0.478667 0.667750 0.478000 0.662250 0.478333 0.657000 0.480333 0.651500 0.484000 0.650250 0.486000 0.650500 0.490000 0.654500 0.493667 0.662750 0.494333 0.671000 0.490667 0.673500 0.487000
0 0.635250 0.466333 0.635750 0.470000 0.637250 0.472333 0.642000 0.475000 0.647000 0.475333 0.651500 0.473333 0.653000 0.471000 0.651500 0.466000 0.646000 0.462667 0.642000 0.462333 0.638250 0.463000
