0 0.404667 0.456500 0.402667 0.460250 0.402333 0.463750 0.403333 0.467000 0.408000 0.474250 0.412000 0.476500 0.417667 0.477750 0.420667 0.477750 0.423667 0.476500 0.425333 0.474250 0.425000 0.470500 0.420667 0.462250 0.415333 0.458000 0.411667 0.456000 0.407667 0.455750
0 0.440000 0.457500 0.438000 0.457750 0.434333 0.460250 0.432333 0.463000 0.431000 0.466750 0.431000 0.470500 0.432000 0.473250 0.435333 0.475750 0.438333 0.475250 0.441000 0.473750 0.443000 0.471500 0.444000 0.468500 0.444000 0.461750 0.443000 0.459750
0 0.441333 0.485750 0.442000 0.488750 0.444000 0.491000 0.454667 0.494250 0.459667 0.494250 0.467333 0.492500 0.470667 0.490500 0.472000 0.487500 0.471667 0.485750 0.467667 0.482750 0.464000 0.481500 0.460333 0.481000 0.451333 0.480750 0.446667 0.482000
0 0.495667 0.494250 0.496333 0.498500 0.497667 0.499750 0.502000 0.501750 0.514000 0.502750 0.519000 0.501000 0.522000 0.498750 0.522000 0.497250 0.519000 0.494250 0.511667 0.491750 0.503667 0.491500 0.497333 0.492500
0 0.529000 0.512000 0.525000 0.512750 0.520000 0.516500 0.517000 0.523750 0.517667 0.530750 0.519000 0.532750 0.520667 0.534000 0.522667 0.534500 0.526333 0.534500 0.529000 0.533750 0.532333 0.530000 0.534333 0.526000 0.535333 0.522250 0.535333 0.517000 0.533667 0.514000
0 0.591000 0.523250 0.588333 0.524250 0.587000 0.525500 0.585667 0.533000 0.587333 0.539250 0.590333 0.542750 0.593000 0.543750 0.595333 0.543250 0.597667 0.541000 0.599333 0.537750 0.600000 0.532750 0.596333 0.525000 0.592667 0.523250
0 0.588000 0.548750 0.586000 0.550250 0.584000 0.553000 0.583333 0.555250 0.583667 0.560250 0.587333 0.566250 0.590667 0.567500 0.592667 0.567500 0.595333 0.566250 0.597000 0.564500 0.598000 0.561500 0.598000 0.556000 0.596000 0.551750 0.592333 0.548750
0 0.607000 0.584000 0.604667 0.587250 0.605000 0.590750 0.606333 0.594000 0.610667 0.600250 0.617333 0.604750 0.618667 0.605250 0.623333 0.605000 0.624667 0.603500 0.625000 0.598500 0.624000 0.593250 0.622333 0.590000 0.619333 0.587250 0.616000 0.585500 0.611333 0.584000
0 0.525000 0.554500 0.521667 0.556000 0.519000 0.560750 0.518333 0.565500 0.519000 0.569750 0.520333 0.572750 0.524333 0.575000 0.526667 0.575000 0.529000 0.574250 0.530667 0.572250 0.532333 0.564750 0.530667 0.556000 0.529000 0.554750
0 0.482667 0.540750 0.481000 0.541500 0.478333 0.544500 0.477667 0.547750 0.478667 0.553750 0.481333 0.557250 0.483333 0.558500 0.487000 0.559000 0.489667 0.558000 0.491000 0.556500 0.491667 0.554250 0.491667 0.548000 0.489333 0.543250 0.486667 0.541250
0 0.458333 0.544500 0.455333 0.545500 0.453667 0.548000 0.452333 0.555250 0.452333 0.561750 0.455333 0.568250 0.459333 0.569000 0.463000 0.566750 0.465000 0.564000 0.466000 0.557750 0.465667 0.549000 0.464000 0.546500 0.461667 0.545250
0 0.465000 0.569500 0.462667 0.570000 0.460000 0.572000 0.458000 0.574750 0.457667 0.581000 0.460333 0.588000 0.462000 0.590250 0.465000 0.592250 0.467333 0.592750 0.470333 0.591250 0.471667 0.588750 0.472667 0.584000 0.472667 0.579500 0.470333 0.572500 0.467333 0.569750
0 0.517333 0.589750 0.516667 0.593000 0.518000 0.596500 0.522667 0.600750 0.529000 0.603000 0.533667 0.603000 0.537000 0.601250 0.537667 0.600250 0.537000 0.596000 0.532667 0.593500 0.530000 0.591000 0.522667 0.588750 0.519667 0.588750
0 0.488333 0.610500 0.486000 0.608250 0.482667 0.606500 0.476000 0.606250 0.470333 0.606750 0.459333 0.610750 0.458000 0.612000 0.457333 0.616250 0.459000 0.618500 0.463000 0.620750 0.469667 0.621500 0.474667 0.621000 0.480000 0.619500 0.487000 0.615750 0.488667 0.612000
0 0.455333 0.614000 0.453000 0.611500 0.448333 0.610250 0.442667 0.610000 0.436667 0.610750 0.431333 0.612750 0.423000 0.618500 0.423333 0.622500 0.424333 0.623750 0.429000 0.625500 0.434000 0.625500 0.445000 0.623750 0.453333 0.620000 0.455667 0.616000
0 0.418000 0.573000 0.415333 0.573500 0.412667 0.575750 0.410667 0.581000 0.410000 0.588000 0.411333 0.593000 0.414333 0.596250 0.416333 0.597250 0.420667 0.597500 0.425000 0.595250 0.427333 0.592000 0.428000 0.584750 0.427000 0.580000 0.425000 0.576250 0.420667 0.573250
0 0.357000 0.579250 0.352000 0.579250 0.349000 0.580250 0.344000 0.587250 0.343667 0.595250 0.344667 0.598750 0.346333 0.600750 0.349667 0.602000 0.353000 0.601500 0.357000 0.599250 0.360667 0.592250 0.361000 0.584000 0.359333 0.580500
0 0.483000 0.633250 0.479000 0.633750 0.477000 0.635000 0.473333 0.642250 0.473000 0.651000 0.475000 0.655000 0.478000 0.656250 0.482000 0.655750 0.484667 0.654000 0.486667 0.651000 0.488333 0.646250 0.488667 0.641500 0.487333 0.635750 0.486000 0.634250
0 0.516667 0.618500 0.513000 0.618250 0.510000 0.619250 0.503333 0.626000 0.501333 0.629000 0.500667 0.632250 0.501000 0.639250 0.501667 0.640500 0.504667 0.642250 0.507000 0.642250 0.513333 0.640250 0.515667 0.638250 0.518333 0.634500 0.519667 0.631500 0.520667 0.625000 0.520333 0.622500 0.519000 0.620000
0 0.501000 0.670250 0.498000 0.673000 0.498000 0.675000 0.502333 0.683250 0.515000 0.691750 0.517000 0.692500 0.521333 0.692250 0.523333 0.690250 0.523000 0.685000 0.521000 0.681250 0.518667 0.679250 0.515000 0.674000 0.513000 0.672750 0.503000 0.670000
0 0.505000 0.687000 0.502333 0.688000 0.501333 0.691000 0.500667 0.696250 0.501333 0.701750 0.505333 0.706250 0.510333 0.707250 0.513667 0.705500 0.516000 0.701750 0.516667 0.693750 0.514333 0.690750 0.512000 0.689000 0.507333 0.687250
0 0.519667 0.727750 0.513333 0.724500 0.505667 0.724250 0.501333 0.724750 0.494667 0.726500 0.489000 0.729000 0.486333 0.732000 0.486667 0.736000 0.489667 0.737750 0.495333 0.738750 0.502667 0.738750 0.509000 0.737750 0.514333 0.736000 0.518667 0.732750 0.520000 0.729750
0 0.396000 0.705000 0.393667 0.706500 0.392333 0.709000 0.393000 0.716000 0.395333 0.720500 0.400667 0.724750 0.402667 0.725500 0.406333 0.725750 0.409000 0.725250 0.411000 0.723000 0.412000 0.720500 0.411667 0.716750 0.410000 0.712000 0.404667 0.705500 0.400333 0.704500
0 0.433333 0.665500 0.430000 0.664000 0.424000 0.663750 0.419333 0.664750 0.416333 0.666250 0.407667 0.673750 0.407000 0.678750 0.408000 0.682000 0.412000 0.683500 0.416667 0.683500 0.423667 0.681500 0.428667 0.678000 0.433000 0.673000 0.434333 0.670500
0 0.396667 0.449750 0.392000 0.449750 0.389333 0.450500 0.384000 0.455250 0.382667 0.461000 0.382667 0.466750 0.384333 0.470750 0.387667 0.472250 0.391667 0.472000 0.394667 0.470500 0.402000 0.460500 0.401333 0.455250 0.398667 0.451250
0 0.376333 0.413750 0.374333 0.416500 0.374333 0.419500 0.376333 0.424500 0.379000 0.428500 0.384333 0.433250 0.388000 0.435000 0.392333 0.435750 0.396667 0.435250 0.398000 0.434250 0.399333 0.431750 0.399000 0.427000 0.397667 0.423000 0.393667 0.418500 0.389000 0.414750 0.382333 0.412750 0.379000 0.412750
0 0.434667 0.430250 0.430333 0.432250 0.427333 0.436000 0.426000 0.439250 0.425667 0.444000 0.426667 0.449250 0.428667 0.453000 0.431667 0.454750 0.435333 0.455000 0.440000 0.453500 0.442667 0.451750 0.444000 0.449000 0.444667 0.445250 0.444667 0.437750 0.444000 0.435250 0.442333 0.432500 0.440000 0.430750
0 0.426333 0.408500 0.426000 0.412750 0.431000 0.417250 0.437667 0.420500 0.445333 0.421750 0.451000 0.421750 0.454000 0.420250 0.455000 0.415500 0.450667 0.410750 0.445333 0.408500 0.437667 0.407250 0.428333 0.407500
0 0.475000 0.430750 0.472667 0.432000 0.471000 0.434750 0.471000 0.440500 0.472000 0.444000 0.476000 0.450000 0.478667 0.451750 0.482667 0.452000 0.485333 0.450500 0.487000 0.448000 0.486667 0.440000 0.482000 0.432500 0.479333 0.431000
0 0.496000 0.453750 0.493333 0.454750 0.491333 0.458250 0.489667 0.464000 0.490000 0.469750 0.493667 0.479250 0.497667 0.482250 0.500667 0.482500 0.505000 0.481000 0.507000 0.479250 0.510000 0.471500 0.509667 0.466500 0.508333 0.461000 0.505667 0.456250 0.501667 0.454000
0 0.634667 0.425500 0.632333 0.427250 0.630000 0.430500 0.629333 0.433000 0.629333 0.440250 0.631333 0.444000 0.635000 0.447250 0.638333 0.448000 0.643667 0.444500 0.646333 0.439250 0.646333 0.433500 0.645667 0.431250 0.642333 0.426500 0.639333 0.425000
0 0.540667 0.428500 0.538000 0.430250 0.536667 0.432250 0.535667 0.438500 0.536000 0.442500 0.538667 0.449250 0.540667 0.450750 0.545333 0.450750 0.547667 0.448500 0.550000 0.444250 0.550667 0.436750 0.549667 0.433750 0.547667 0.431000 0.544667 0.428750
0 0.587667 0.394750 0.585667 0.396000 0.583333 0.399500 0.583333 0.403500 0.584667 0.407500 0.587333 0.412750 0.592333 0.416750 0.596667 0.417500 0.599333 0.416000 0.600333 0.414250 0.601000 0.410500 0.600333 0.405500 0.598000 0.400500 0.592667 0.395000 0.591667 0.394500
0 0.569333 0.368000 0.563667 0.368000 0.561000 0.369250 0.558667 0.372000 0.556333 0.376750 0.556000 0.385250 0.558333 0.389000 0.560667 0.390250 0.564667 0.390250 0.567333 0.389250 0.569667 0.387000 0.572000 0.381750 0.573667 0.373250 0.572333 0.369500
0 0.527667 0.396750 0.525333 0.396750 0.521000 0.398750 0.518000 0.401500 0.516667 0.404000 0.516000 0.415750 0.517667 0.419750 0.521000 0.421500 0.526333 0.421500 0.529333 0.420750 0.531000 0.418750 0.533333 0.412250 0.534000 0.404500 0.533000 0.401250 0.530333 0.397750
0 0.474000 0.381000 0.471000 0.382250 0.469000 0.384500 0.467333 0.389000 0.468333 0.400500 0.470000 0.404500 0.473333 0.406750 0.476667 0.407000 0.480000 0.406250 0.483000 0.404000 0.484333 0.400000 0.484667 0.392250 0.483333 0.384750 0.482333 0.383250 0.479000 0.381500
0 0.447667 0.362000 0.445333 0.365000 0.446000 0.369750 0.447667 0.372500 0.455333 0.378750 0.461333 0.381500 0.465667 0.382250 0.470667 0.381500 0.474000 0.379250 0.475000 0.377000 0.473333 0.373500 0.470667 0.369750 0.466333 0.366250 0.457667 0.361750 0.450333 0.361000
