0 0.293000 0.268750 0.290000 0.269750 0.286667 0.274750 0.285667 0.278500 0.285667 0.285000 0.286333 0.288000 0.289667 0.294500 0.291667 0.296000 0.295667 0.297000 0.300000 0.296250 0.303000 0.294500 0.304667 0.291250 0.305000 0.283500 0.304333 0.279750 0.302333 0.275250 0.295667 0.269000
0 0.274333 0.353500 0.271667 0.354000 0.267667 0.357750 0.266333 0.362000 0.266000 0.368750 0.266667 0.372750 0.268000 0.375000 0.271000 0.377250 0.276667 0.378250 0.280000 0.377250 0.282333 0.373750 0.283333 0.368750 0.282333 0.361750 0.279333 0.356250 0.276333 0.353750
0 0.404333 0.362500 0.400667 0.365500 0.401000 0.372500 0.403000 0.377250 0.407000 0.382500 0.409000 0.384000 0.412667 0.384750 0.416667 0.380750 0.417333 0.377750 0.416667 0.371500 0.415000 0.368250 0.411333 0.364250 0.408333 0.362500
0 0.431667 0.368250 0.428000 0.368250 0.423667 0.369500 0.421000 0.373250 0.420667 0.385500 0.421333 0.388000 0.423333 0.391250 0.427333 0.393500 0.431333 0.392750 0.435333 0.391000 0.437667 0.385500 0.438000 0.381250 0.436333 0.372750 0.434333 0.369750
0 0.437000 0.394750 0.434667 0.394750 0.430667 0.397000 0.427333 0.401250 0.425667 0.406250 0.426000 0.410500 0.428000 0.415250 0.431000 0.418500 0.435667 0.419000 0.439000 0.417000 0.441667 0.413250 0.443333 0.408250 0.443000 0.400000 0.440333 0.396000
0 0.302333 0.403750 0.299000 0.404000 0.293333 0.407500 0.291000 0.411750 0.290333 0.415000 0.290667 0.420500 0.291333 0.422000 0.294667 0.425000 0.299000 0.424750 0.302667 0.422750 0.305667 0.416500 0.306667 0.412750 0.306667 0.408500 0.304667 0.405250
0 0.370000 0.458250 0.368000 0.458250 0.365000 0.459250 0.361333 0.461750 0.359333 0.467250 0.359000 0.472000 0.360000 0.480500 0.361000 0.483250 0.365333 0.486750 0.369667 0.486250 0.373333 0.483750 0.375000 0.481000 0.377000 0.474750 0.377000 0.470250 0.375000 0.462250 0.373667 0.460250
0 0.301667 0.426500 0.299000 0.427500 0.295000 0.430250 0.293667 0.434000 0.293667 0.438000 0.294333 0.441500 0.298333 0.449000 0.302000 0.451750 0.305333 0.451750 0.308333 0.450500 0.311000 0.447250 0.311333 0.436750 0.310333 0.433000 0.308333 0.429750 0.303667 0.426750
0 0.549000 0.338250 0.545333 0.339750 0.543667 0.341500 0.541667 0.345500 0.541667 0.350000 0.544333 0.355750 0.548333 0.361750 0.552000 0.364000 0.556333 0.364500 0.558667 0.363500 0.561000 0.361000 0.561333 0.352250 0.560333 0.347250 0.558333 0.343500 0.552667 0.338750
0 0.468667 0.471250 0.468000 0.475250 0.469333 0.477750 0.472000 0.480250 0.475667 0.482000 0.482667 0.483500 0.488667 0.483500 0.491667 0.482500 0.494667 0.479250 0.494667 0.477500 0.493000 0.474750 0.487000 0.470500 0.481333 0.469500 0.474000 0.469500 0.470333 0.470000
0 0.388000 0.469500 0.385333 0.471000 0.383667 0.474250 0.383333 0.480000 0.384000 0.483250 0.388333 0.490000 0.392000 0.492500 0.396333 0.493000 0.400333 0.490750 0.402333 0.487250 0.402667 0.480750 0.402000 0.477250 0.396667 0.470500 0.392667 0.469250
0 0.417000 0.498750 0.414667 0.499250 0.411000 0.501500 0.408333 0.505250 0.407333 0.508250 0.407667 0.514750 0.409333 0.517500 0.411667 0.519250 0.416667 0.519000 0.419667 0.516500 0.421333 0.513500 0.422000 0.508000 0.421333 0.502250 0.420000 0.499750
0 0.445000 0.496000 0.443000 0.496000 0.438667 0.498000 0.436667 0.502250 0.435333 0.508750 0.437000 0.517750 0.439000 0.520750 0.442667 0.522750 0.445667 0.522000 0.448000 0.520250 0.451667 0.515500 0.453000 0.511000 0.453000 0.504750 0.451667 0.499750 0.448667 0.497000
0 0.455333 0.510500 0.453000 0.512750 0.449667 0.521500 0.449667 0.525500 0.452333 0.531000 0.455000 0.532500 0.459000 0.532750 0.463000 0.530250 0.464000 0.528500 0.465333 0.522750 0.465000 0.518750 0.463000 0.514500 0.458667 0.510500
0 0.401000 0.530000 0.399333 0.532500 0.399667 0.534250 0.407333 0.543500 0.412333 0.546000 0.418333 0.546750 0.420667 0.546500 0.422333 0.544750 0.422333 0.541000 0.420667 0.537250 0.417667 0.534000 0.414667 0.532250 0.408333 0.530750 0.404667 0.529250
0 0.428000 0.518250 0.425333 0.521000 0.424333 0.524000 0.424333 0.528000 0.426333 0.533750 0.429000 0.537750 0.432000 0.540750 0.435333 0.542250 0.439000 0.542000 0.441000 0.540500 0.442333 0.536500 0.442333 0.531750 0.440333 0.526250 0.436333 0.520250 0.432333 0.518000
0 0.524000 0.515500 0.520667 0.517000 0.517667 0.522000 0.516667 0.524750 0.516667 0.529750 0.518000 0.533500 0.521333 0.536000 0.526000 0.537000 0.528667 0.536000 0.530667 0.534000 0.532667 0.529500 0.533000 0.524500 0.532333 0.521750 0.529667 0.517000 0.526333 0.515500
0 0.458333 0.536250 0.455333 0.537000 0.453667 0.538750 0.453000 0.541000 0.453333 0.545250 0.454667 0.549000 0.457333 0.552250 0.459667 0.553750 0.463667 0.554750 0.466000 0.553750 0.467000 0.552500 0.467667 0.549500 0.466333 0.541500 0.464333 0.539250
0 0.374000 0.539500 0.370333 0.541250 0.368333 0.544000 0.367333 0.547750 0.367333 0.557500 0.369000 0.561250 0.373000 0.564250 0.377667 0.564500 0.380667 0.562750 0.383000 0.557750 0.383000 0.547000 0.381333 0.541250 0.377667 0.539500
0 0.374333 0.516000 0.373000 0.515500 0.365667 0.516000 0.363000 0.517000 0.361667 0.518250 0.356667 0.525750 0.356000 0.528250 0.356333 0.532750 0.357667 0.534500 0.360333 0.535250 0.365333 0.534500 0.371333 0.530000 0.376333 0.521250 0.376667 0.518000
0 0.341000 0.497000 0.337667 0.498500 0.336333 0.501750 0.335667 0.505750 0.336000 0.514000 0.337333 0.516500 0.343667 0.522250 0.345667 0.523000 0.349333 0.522750 0.351000 0.521500 0.353667 0.517000 0.353667 0.510250 0.350000 0.501250 0.345000 0.498000
0 0.268000 0.494500 0.266667 0.497000 0.266667 0.499000 0.268333 0.502750 0.273667 0.507000 0.283333 0.511750 0.287667 0.511250 0.289000 0.509250 0.289333 0.506750 0.287667 0.501500 0.279667 0.496000 0.275333 0.494250 0.270667 0.493750
0 0.336667 0.530500 0.334333 0.529000 0.329667 0.529000 0.322000 0.530750 0.316333 0.532750 0.314333 0.534250 0.310667 0.540250 0.311000 0.542000 0.314000 0.543750 0.319667 0.544000 0.330000 0.541250 0.334000 0.538250 0.337333 0.534000 0.337667 0.532500
0 0.345000 0.590500 0.345667 0.592750 0.349333 0.594750 0.354000 0.596250 0.360333 0.597250 0.365000 0.597250 0.372667 0.596250 0.377000 0.593750 0.378333 0.592250 0.378333 0.590750 0.376333 0.587750 0.372667 0.586000 0.365333 0.584750 0.357667 0.584750 0.349333 0.586250 0.345667 0.588000
0 0.408667 0.561000 0.406000 0.564250 0.405667 0.571000 0.407333 0.577750 0.409667 0.580500 0.412333 0.582000 0.417000 0.582750 0.420333 0.581250 0.421333 0.579250 0.422000 0.576000 0.421333 0.568000 0.419667 0.564250 0.415667 0.561500 0.412667 0.560250
0 0.434333 0.579750 0.431333 0.581500 0.430333 0.583000 0.429000 0.588000 0.429000 0.593000 0.431333 0.596250 0.431667 0.599250 0.434667 0.600500 0.437000 0.600500 0.440333 0.599250 0.442333 0.596250 0.442667 0.589500 0.439667 0.581750 0.436667 0.579750
0 0.430667 0.601750 0.428667 0.603750 0.429333 0.608250 0.430333 0.609750 0.438333 0.616500 0.442333 0.617750 0.444000 0.617500 0.445667 0.615000 0.445667 0.610750 0.444000 0.607500 0.436333 0.602500 0.432333 0.601500
0 0.457333 0.598250 0.454667 0.598750 0.450333 0.602500 0.448333 0.606500 0.448333 0.609250 0.450333 0.615750 0.453333 0.620000 0.456333 0.621750 0.460000 0.622250 0.463667 0.620750 0.466667 0.616750 0.467333 0.615000 0.467333 0.608500 0.464667 0.602500 0.459667 0.598500
0 0.487000 0.585750 0.482333 0.586000 0.478000 0.587250 0.470667 0.594000 0.468667 0.598500 0.468333 0.604000 0.471000 0.607500 0.475000 0.608250 0.483000 0.602250 0.489000 0.591500 0.489333 0.587500
0 0.486333 0.602500 0.483000 0.603000 0.478000 0.606750 0.475333 0.611250 0.474000 0.615750 0.473667 0.620750 0.474667 0.623750 0.477333 0.625250 0.480333 0.625250 0.483000 0.624500 0.487000 0.621250 0.489667 0.616250 0.490333 0.612000 0.490000 0.606500 0.488000 0.603500
0 0.454667 0.622750 0.452667 0.624250 0.451333 0.627250 0.453000 0.635500 0.455667 0.639250 0.459000 0.640750 0.463667 0.641000 0.466333 0.639250 0.467000 0.636250 0.466667 0.631500 0.465000 0.627500 0.461667 0.624750 0.458667 0.623500
0 0.430667 0.617000 0.428333 0.618500 0.427667 0.621250 0.428000 0.625000 0.430667 0.630750 0.435667 0.635500 0.439667 0.637500 0.443000 0.637750 0.444667 0.636750 0.445667 0.635000 0.445667 0.627500 0.444667 0.624500 0.442333 0.621750 0.437000 0.618250 0.434667 0.617250
0 0.377000 0.628500 0.372333 0.628500 0.368667 0.629750 0.363667 0.634750 0.360667 0.642000 0.360667 0.649500 0.361667 0.651500 0.364667 0.653500 0.369000 0.653250 0.373333 0.651000 0.379667 0.642000 0.381667 0.635000 0.380333 0.631000
0 0.390000 0.635750 0.388000 0.635750 0.384000 0.637750 0.380667 0.642250 0.377333 0.649500 0.377667 0.654250 0.379000 0.658250 0.381000 0.660000 0.384333 0.661500 0.387667 0.661000 0.389667 0.659750 0.394667 0.653750 0.398000 0.646250 0.398333 0.642500 0.397000 0.638500 0.395000 0.637000
0 0.338667 0.622500 0.334333 0.622250 0.330333 0.623500 0.322000 0.629500 0.317667 0.635250 0.317333 0.640250 0.318667 0.642500 0.325667 0.642000 0.330667 0.640250 0.333667 0.638500 0.338667 0.632500 0.340667 0.628000 0.340000 0.623750
0 0.323667 0.610750 0.321667 0.610500 0.317333 0.611500 0.314000 0.614500 0.309667 0.622500 0.309333 0.627000 0.310667 0.629000 0.314000 0.631250 0.315667 0.631250 0.319000 0.629750 0.326667 0.623500 0.327333 0.621000 0.327000 0.614000 0.326000 0.611750
0 0.326333 0.645000 0.322667 0.646000 0.320667 0.647500 0.317333 0.652000 0.315000 0.657500 0.315333 0.665750 0.318000 0.668250 0.320000 0.668750 0.322667 0.668750 0.327000 0.666500 0.331333 0.659000 0.331333 0.649750 0.330000 0.647250
0 0.321667 0.682750 0.319000 0.684500 0.317000 0.689000 0.317333 0.693500 0.319333 0.698000 0.321667 0.699750 0.326333 0.700000 0.328000 0.699000 0.330000 0.696500 0.331000 0.693250 0.330667 0.689500 0.326667 0.684750 0.324333 0.683250
0 0.228667 0.618750 0.228667 0.622750 0.236667 0.631250 0.243667 0.635000 0.247000 0.635750 0.252333 0.635750 0.254667 0.634500 0.255667 0.630750 0.254333 0.627250 0.247667 0.621000 0.243000 0.618500 0.239667 0.617500 0.231667 0.617250
