0 0.544667 0.491750 0.540667 0.491500 0.536333 0.493250 0.532667 0.496000 0.531333 0.498500 0.529667 0.507250 0.529667 0.512500 0.532000 0.517250 0.533667 0.518250 0.537000 0.518250 0.541333 0.515750 0.545667 0.510000 0.547333 0.503000 0.547667 0.496500 0.547000 0.494000
0 0.399000 0.323500 0.395333 0.325000 0.393000 0.329500 0.392667 0.341750 0.394333 0.346500 0.397667 0.350250 0.400333 0.351750 0.404667 0.352250 0.408667 0.349750 0.410667 0.346500 0.412000 0.338000 0.409000 0.329000 0.404000 0.324000
0 0.541333 0.325250 0.536667 0.326000 0.533333 0.328750 0.529667 0.338750 0.529667 0.342750 0.531000 0.346500 0.533000 0.349500 0.536667 0.352000 0.540667 0.351250 0.542333 0.350250 0.545333 0.344250 0.546000 0.329500 0.544667 0.327000
0 0.520000 0.352250 0.516667 0.352250 0.513000 0.354000 0.509667 0.361250 0.509333 0.366000 0.510000 0.370250 0.512000 0.373500 0.515000 0.374750 0.518000 0.374750 0.520667 0.373750 0.522333 0.372250 0.523667 0.368500 0.524333 0.364500 0.524000 0.356750 0.522000 0.352750
0 0.465667 0.360500 0.463333 0.361750 0.462000 0.364750 0.461667 0.370250 0.462667 0.376000 0.468667 0.385500 0.470667 0.387000 0.475333 0.388000 0.478000 0.385500 0.479000 0.381750 0.479333 0.377250 0.477333 0.369250 0.475000 0.365250 0.472000 0.362500 0.469000 0.360750
0 0.485000 0.381250 0.483000 0.383750 0.483000 0.385750 0.484333 0.389500 0.487000 0.392750 0.494000 0.398750 0.498333 0.401000 0.501000 0.401750 0.505667 0.401000 0.506667 0.400250 0.507667 0.397250 0.506667 0.393250 0.501667 0.389000 0.498667 0.384250 0.496667 0.383000 0.490667 0.381000 0.486333 0.380750
0 0.542000 0.391750 0.540000 0.391750 0.537000 0.393250 0.532667 0.397500 0.530667 0.400750 0.530000 0.406250 0.530333 0.413000 0.531667 0.416500 0.534000 0.417750 0.537667 0.417750 0.539333 0.417000 0.544667 0.413000 0.545667 0.410500 0.546667 0.405250 0.546667 0.397500 0.544667 0.392750
0 0.495000 0.401000 0.493000 0.401250 0.486667 0.406250 0.485667 0.408250 0.485667 0.417000 0.487667 0.421000 0.490333 0.422750 0.495000 0.421500 0.496667 0.420250 0.498667 0.416500 0.499000 0.404750 0.498000 0.402750
0 0.495000 0.424500 0.493667 0.424500 0.491667 0.426000 0.487667 0.430750 0.486000 0.438500 0.486667 0.443000 0.489667 0.447250 0.493333 0.449250 0.497667 0.447750 0.500333 0.442500 0.500333 0.434250 0.499333 0.428500 0.498000 0.426000
0 0.449000 0.429500 0.446333 0.430250 0.444333 0.432500 0.442667 0.437250 0.442333 0.443250 0.443000 0.447500 0.444667 0.451750 0.448000 0.454750 0.450333 0.455750 0.452000 0.455750 0.455000 0.454250 0.457333 0.451500 0.459000 0.448000 0.459667 0.443250 0.459000 0.439250 0.456000 0.432000 0.452000 0.429500
0 0.394667 0.384750 0.392000 0.384000 0.388667 0.384250 0.384333 0.385500 0.376667 0.392000 0.372333 0.400500 0.371667 0.403750 0.372333 0.406500 0.375000 0.408750 0.376333 0.409250 0.381333 0.409000 0.386333 0.406750 0.389667 0.404500 0.395667 0.396250 0.397000 0.392750 0.397000 0.387750 0.396000 0.385750
0 0.418333 0.466250 0.416333 0.468250 0.415667 0.470250 0.416000 0.473000 0.421667 0.482750 0.423000 0.484000 0.427667 0.486250 0.431000 0.487000 0.433667 0.486500 0.435000 0.485500 0.435667 0.483250 0.435333 0.478500 0.429667 0.470250 0.424000 0.466250 0.421000 0.465750
0 0.385333 0.476500 0.380667 0.476750 0.378333 0.478250 0.376000 0.481500 0.374667 0.485500 0.374000 0.490750 0.372667 0.494250 0.373000 0.497750 0.375000 0.502500 0.376333 0.503750 0.378333 0.504250 0.381667 0.504250 0.385000 0.503250 0.388000 0.500750 0.390000 0.496500 0.391333 0.490000 0.390667 0.482750 0.388667 0.478250
0 0.367667 0.469750 0.365667 0.469250 0.360667 0.469750 0.356667 0.472500 0.352667 0.477000 0.351667 0.487000 0.352333 0.490500 0.354667 0.492250 0.358667 0.492750 0.362000 0.491750 0.366000 0.487500 0.370000 0.475750 0.369667 0.471250
0 0.536333 0.438250 0.532667 0.440000 0.531333 0.442750 0.530333 0.447000 0.530333 0.452000 0.531667 0.458750 0.532667 0.460500 0.536000 0.462500 0.538667 0.462750 0.542000 0.462000 0.545333 0.459000 0.546333 0.453250 0.546333 0.446250 0.545667 0.443000 0.543667 0.439750 0.540667 0.438250
0 0.549000 0.474500 0.546333 0.477750 0.546000 0.480000 0.546333 0.487250 0.548000 0.493250 0.552667 0.498750 0.556333 0.500250 0.561000 0.500750 0.564333 0.498500 0.565333 0.495750 0.565000 0.488750 0.561000 0.478750 0.558333 0.476500 0.553333 0.474250
0 0.479000 0.535250 0.479000 0.537750 0.481667 0.540000 0.485333 0.542000 0.490667 0.543500 0.502333 0.544250 0.506000 0.543000 0.507667 0.541500 0.507667 0.540250 0.506000 0.538000 0.501333 0.534500 0.498000 0.533000 0.491333 0.532500 0.483000 0.532750 0.480333 0.533500
0 0.467333 0.547000 0.463000 0.549250 0.461667 0.551500 0.460667 0.556000 0.461000 0.563000 0.463333 0.568750 0.467333 0.570750 0.471000 0.571000 0.474000 0.569750 0.475333 0.568250 0.476333 0.564750 0.477000 0.556250 0.475667 0.551750 0.473667 0.549000 0.470667 0.547250
0 0.565333 0.522750 0.560333 0.523750 0.557000 0.526750 0.555333 0.529500 0.554667 0.533000 0.555333 0.541250 0.556000 0.542500 0.560000 0.545000 0.563667 0.544750 0.565333 0.543750 0.568667 0.539500 0.570000 0.536250 0.570667 0.529250 0.569667 0.524750 0.568000 0.523250
0 0.541667 0.587000 0.539000 0.587500 0.536333 0.589250 0.533333 0.592250 0.532000 0.594750 0.530333 0.606500 0.531000 0.609000 0.533333 0.611500 0.537333 0.611000 0.541333 0.608500 0.545333 0.603250 0.546333 0.598000 0.546000 0.590500 0.544667 0.588000
0 0.423667 0.576750 0.421000 0.578500 0.419667 0.580500 0.418667 0.586000 0.418667 0.593000 0.419667 0.596500 0.422000 0.600250 0.424333 0.602000 0.428333 0.603000 0.432333 0.601500 0.434000 0.599750 0.435667 0.595500 0.435667 0.587750 0.432333 0.579500 0.427667 0.577000
0 0.451000 0.643500 0.447333 0.645750 0.446000 0.648750 0.445333 0.655250 0.445667 0.661500 0.446333 0.663750 0.450667 0.669500 0.452667 0.671000 0.455667 0.671750 0.459667 0.670500 0.462000 0.666500 0.462333 0.660750 0.461667 0.654750 0.460333 0.649500 0.458333 0.646250 0.455667 0.644250
0 0.370000 0.631500 0.370000 0.635250 0.373667 0.639250 0.382000 0.641250 0.389667 0.641750 0.396667 0.641250 0.401667 0.639250 0.403333 0.635750 0.403333 0.634250 0.401000 0.631500 0.395667 0.629250 0.388333 0.627750 0.382333 0.627500 0.376000 0.628250 0.372333 0.629500
0 0.362000 0.630250 0.356667 0.634250 0.356000 0.638250 0.356667 0.649750 0.358667 0.655250 0.360000 0.656250 0.364667 0.658000 0.366000 0.658000 0.370333 0.656000 0.372333 0.652500 0.373333 0.647500 0.373000 0.643000 0.371667 0.639000 0.366667 0.631000 0.365667 0.630250
0 0.278667 0.646250 0.275667 0.647250 0.274333 0.648250 0.273333 0.650250 0.273333 0.658750 0.275000 0.662750 0.279667 0.667000 0.283667 0.667500 0.286667 0.664750 0.287667 0.662750 0.288000 0.656750 0.285333 0.650250 0.282667 0.648000
0 0.276333 0.618000 0.273667 0.618500 0.272000 0.619750 0.266667 0.627000 0.266000 0.633250 0.266667 0.638750 0.267667 0.640500 0.270667 0.642500 0.275000 0.642000 0.278667 0.640000 0.281000 0.634500 0.281667 0.630500 0.281333 0.623250 0.280000 0.619500
0 0.345000 0.655250 0.344333 0.656750 0.345000 0.662750 0.348333 0.666000 0.353667 0.669750 0.361333 0.672000 0.365667 0.671750 0.370000 0.670250 0.371000 0.667750 0.371000 0.665250 0.364333 0.657750 0.357333 0.654750 0.353000 0.654750 0.350667 0.654000 0.348333 0.654000
0 0.412000 0.682250 0.408333 0.682500 0.405667 0.684250 0.402000 0.689000 0.400667 0.693500 0.400667 0.699000 0.403667 0.705500 0.407333 0.708250 0.409000 0.708250 0.412667 0.706250 0.416667 0.697750 0.416667 0.687000 0.415667 0.684750
0 0.415667 0.716750 0.411667 0.716500 0.408667 0.717500 0.407333 0.718500 0.406333 0.720500 0.403333 0.734750 0.403333 0.740250 0.405000 0.743000 0.407667 0.745000 0.409333 0.745000 0.412667 0.743000 0.418667 0.737000 0.420000 0.731000 0.419667 0.720750 0.418333 0.718500
0 0.326667 0.710250 0.323333 0.709000 0.319667 0.709000 0.314667 0.710000 0.306000 0.713250 0.297667 0.719750 0.296667 0.723000 0.296667 0.726000 0.297667 0.728250 0.302000 0.730000 0.307333 0.730000 0.310333 0.729250 0.315333 0.726750 0.326667 0.718000 0.328000 0.713750
0 0.317333 0.681000 0.314333 0.678000 0.309000 0.676750 0.305000 0.676750 0.299000 0.678000 0.291667 0.680750 0.290333 0.681750 0.289333 0.685750 0.291000 0.687750 0.294667 0.689000 0.297667 0.689500 0.302667 0.689250 0.312667 0.686500 0.316000 0.684000
0 0.252667 0.691000 0.248667 0.691750 0.245000 0.694750 0.243333 0.696750 0.242667 0.700500 0.243667 0.711750 0.247000 0.716500 0.250000 0.717500 0.252667 0.717500 0.256333 0.714750 0.258667 0.704750 0.258667 0.696500 0.256667 0.692750
