0 0.472750 0.528667 0.473000 0.530333 0.474750 0.533000 0.478250 0.535333 0.481750 0.536333 0.487250 0.536333 0.493500 0.534333 0.496750 0.532000 0.498500 0.529333 0.498750 0.525333 0.497500 0.522667 0.495000 0.521000 0.490250 0.519333 0.484750 0.519333 0.477500 0.522333 0.474500 0.524667
0 0.408500 0.521333 0.408000 0.525000 0.408750 0.527333 0.411500 0.530667 0.416000 0.533667 0.423000 0.535667 0.427250 0.535667 0.430000 0.534667 0.431750 0.532667 0.432000 0.529667 0.431250 0.527333 0.428000 0.524667 0.423750 0.522667 0.420250 0.519667 0.416750 0.518333 0.411750 0.519000
0 0.398000 0.502000 0.398250 0.505667 0.400000 0.509333 0.403750 0.512000 0.408250 0.513667 0.412750 0.513333 0.418250 0.511667 0.420500 0.509667 0.421750 0.506333 0.421500 0.504333 0.420000 0.501667 0.412250 0.497333 0.404750 0.497333 0.399750 0.499333
0 0.420000 0.408333 0.417000 0.406333 0.407250 0.407333 0.399250 0.415000 0.399250 0.419333 0.400000 0.420667 0.403250 0.422000 0.411750 0.420333 0.419250 0.413000
0 0.393750 0.438667 0.395000 0.442667 0.396750 0.444667 0.400250 0.446333 0.408250 0.447667 0.412500 0.447333 0.417500 0.445667 0.420000 0.444000 0.420750 0.441667 0.420750 0.438667 0.419000 0.436000 0.416500 0.433667 0.411000 0.431667 0.403750 0.432000 0.397000 0.433667 0.394750 0.435667
0 0.384000 0.453667 0.383250 0.451000 0.381500 0.448667 0.379750 0.447667 0.377000 0.447000 0.369500 0.447333 0.366250 0.448667 0.359250 0.454000 0.358000 0.455667 0.357000 0.459000 0.358000 0.461000 0.361750 0.464000 0.364000 0.464667 0.370500 0.464333 0.376500 0.462667 0.381500 0.460000 0.384000 0.456000
0 0.409250 0.462667 0.406500 0.463333 0.399500 0.471667 0.398500 0.474667 0.396000 0.479000 0.394250 0.485333 0.394750 0.489667 0.396250 0.492000 0.401250 0.492000 0.403750 0.490667 0.405750 0.488000 0.408750 0.482000 0.412000 0.471667 0.412250 0.467000 0.411250 0.464333
0 0.449750 0.458333 0.450000 0.462333 0.451500 0.465333 0.454500 0.468000 0.457750 0.469333 0.467750 0.470333 0.472500 0.469000 0.474250 0.468000 0.474750 0.466667 0.474500 0.463333 0.466250 0.455667 0.453750 0.455333 0.451250 0.456000
0 0.581750 0.431333 0.582500 0.436333 0.586500 0.440333 0.588750 0.441333 0.594500 0.441667 0.599500 0.440333 0.600750 0.438667 0.601500 0.436000 0.600750 0.432000 0.598750 0.430667 0.592250 0.429333 0.583750 0.429333
0 0.647250 0.391000 0.644250 0.390667 0.641500 0.391667 0.634250 0.402333 0.633000 0.407333 0.632500 0.415000 0.633250 0.419667 0.634000 0.420667 0.636500 0.421000 0.639250 0.420000 0.647250 0.409000 0.649000 0.401667 0.649250 0.398000 0.648750 0.393333
0 0.664500 0.438667 0.663500 0.435333 0.662250 0.433667 0.658750 0.432000 0.654500 0.431667 0.650500 0.432000 0.645750 0.434000 0.643500 0.436000 0.642500 0.439667 0.645000 0.444000 0.646750 0.445000 0.653250 0.446333 0.658000 0.446333 0.662250 0.444333 0.663500 0.442667
0 0.652250 0.458333 0.652500 0.460333 0.654250 0.464000 0.657250 0.466333 0.662000 0.467667 0.670500 0.467333 0.674000 0.465000 0.675000 0.463667 0.675750 0.460667 0.675750 0.458333 0.674250 0.454667 0.670250 0.452333 0.667000 0.451667 0.658500 0.452333 0.654000 0.454000 0.653000 0.455333
0 0.604250 0.474000 0.602500 0.471667 0.599750 0.470333 0.587750 0.470333 0.585750 0.471000 0.580500 0.474667 0.579500 0.476000 0.578750 0.479333 0.579500 0.482333 0.583000 0.485000 0.591500 0.486333 0.596500 0.484667 0.600500 0.482333 0.603250 0.478667 0.604250 0.476000
0 0.565000 0.499667 0.565000 0.502667 0.567250 0.506667 0.571750 0.509000 0.576000 0.510000 0.583500 0.509667 0.591000 0.506000 0.592500 0.504000 0.593250 0.501667 0.593000 0.498333 0.590750 0.495000 0.587500 0.492667 0.582250 0.491667 0.575500 0.492000 0.570500 0.493333 0.567000 0.495667 0.565500 0.497667
0 0.519500 0.505333 0.520750 0.509333 0.524500 0.512333 0.530750 0.514333 0.536250 0.514333 0.539000 0.513000 0.543500 0.509000 0.545250 0.506000 0.545250 0.502667 0.544250 0.500667 0.540750 0.498667 0.533250 0.497000 0.525000 0.498000 0.521250 0.500667
0 0.481750 0.501000 0.481750 0.503667 0.483000 0.506667 0.486750 0.510000 0.493750 0.513000 0.497500 0.513667 0.502000 0.513333 0.506250 0.511000 0.508500 0.506667 0.508250 0.501667 0.506500 0.499333 0.502250 0.497000 0.498250 0.496000 0.485750 0.496667 0.484250 0.497667
0 0.461750 0.481667 0.462000 0.485333 0.463000 0.487333 0.466250 0.490000 0.470000 0.491333 0.476000 0.491333 0.481000 0.489667 0.483000 0.488333 0.486000 0.483000 0.485000 0.479000 0.483750 0.477667 0.476500 0.475667 0.470750 0.475667 0.466500 0.476667 0.463500 0.478667
0 0.378750 0.384667 0.377500 0.382667 0.374000 0.381333 0.368750 0.381667 0.363750 0.383667 0.360250 0.387333 0.358000 0.392000 0.357250 0.394667 0.357250 0.397333 0.359250 0.399333 0.362000 0.400000 0.365000 0.399667 0.372750 0.397000 0.376250 0.393667 0.378750 0.389667
0 0.471250 0.393000 0.471500 0.397000 0.474000 0.400667 0.477500 0.403000 0.480250 0.403667 0.485750 0.403333 0.490000 0.401000 0.492250 0.397667 0.493250 0.393333 0.492750 0.391333 0.490750 0.388333 0.487000 0.386667 0.477750 0.387333 0.474000 0.389333
0 0.447500 0.414667 0.446000 0.411333 0.443000 0.409333 0.438000 0.408667 0.430500 0.410000 0.423250 0.413333 0.421250 0.415667 0.420250 0.419000 0.420500 0.423667 0.423000 0.426333 0.427000 0.427333 0.436500 0.427000 0.439750 0.425667 0.443500 0.422667 0.447500 0.416667
0 0.431500 0.498000 0.428000 0.498667 0.425000 0.501333 0.423250 0.504333 0.422250 0.509000 0.422250 0.513000 0.420750 0.518000 0.422250 0.522667 0.426750 0.525333 0.428250 0.525333 0.430000 0.523000 0.432750 0.513333 0.433500 0.502000
0 0.427750 0.634667 0.425500 0.631000 0.423500 0.629333 0.420750 0.628667 0.415250 0.629000 0.408000 0.632000 0.404750 0.634333 0.400750 0.639000 0.400000 0.643000 0.401250 0.646000 0.403750 0.648000 0.407750 0.649000 0.412000 0.648667 0.416500 0.647000 0.422000 0.643667 0.427250 0.638000
0 0.728750 0.626333 0.728750 0.628333 0.729750 0.631333 0.735250 0.637667 0.738750 0.640000 0.743250 0.641667 0.747750 0.642000 0.751500 0.640667 0.753500 0.638667 0.754000 0.634000 0.752000 0.629667 0.748250 0.626000 0.739750 0.622333 0.732000 0.621667 0.729750 0.623667
0 0.618750 0.583333 0.615500 0.580333 0.613000 0.579667 0.609500 0.579667 0.604000 0.581667 0.596000 0.588000 0.595000 0.591000 0.595500 0.595333 0.596000 0.596333 0.599000 0.598000 0.604250 0.597667 0.608250 0.596333 0.615500 0.592333 0.618250 0.588000
0 0.672500 0.583000 0.670750 0.580000 0.666250 0.578667 0.658750 0.579000 0.655750 0.580000 0.653500 0.582000 0.652000 0.584333 0.651500 0.587667 0.652500 0.589667 0.655250 0.591667 0.662250 0.592333 0.666000 0.591333 0.671000 0.588667 0.672500 0.585333
0 0.625750 0.564000 0.626000 0.567000 0.627000 0.569333 0.633000 0.572667 0.643000 0.573667 0.647250 0.572000 0.649750 0.568667 0.650250 0.565333 0.650000 0.564000 0.647750 0.561000 0.646250 0.560000 0.641250 0.559000 0.633250 0.559000 0.630500 0.559667 0.626750 0.562000
0 0.740250 0.564333 0.739250 0.562667 0.736750 0.560667 0.731000 0.560333 0.728000 0.561333 0.720500 0.566667 0.716750 0.572333 0.715750 0.575667 0.716000 0.577000 0.717750 0.579333 0.719500 0.580000 0.723750 0.579667 0.732500 0.577000 0.736000 0.574000 0.739750 0.568000
0 0.718750 0.556333 0.716500 0.555000 0.713250 0.555333 0.707750 0.559000 0.702500 0.565000 0.702000 0.567667 0.700250 0.571333 0.700500 0.573000 0.703750 0.574667 0.706500 0.574667 0.709500 0.573333 0.712000 0.570333 0.714250 0.569000 0.716500 0.566333 0.719250 0.561333 0.719500 0.559667
0 0.676000 0.565667 0.677500 0.568667 0.681250 0.570333 0.689750 0.570000 0.693000 0.569000 0.697750 0.565333 0.699500 0.562667 0.700000 0.559667 0.699000 0.557333 0.697500 0.556000 0.691500 0.555000 0.684750 0.555333 0.682000 0.556667 0.676250 0.563333
0 0.732000 0.478667 0.729000 0.478333 0.728000 0.479000 0.726500 0.482667 0.725500 0.499000 0.726500 0.506333 0.728000 0.508667 0.730000 0.508667 0.732000 0.507333 0.733000 0.504000 0.734000 0.495000 0.734250 0.486000 0.733250 0.481000
0 0.640000 0.510333 0.642000 0.514000 0.646500 0.516333 0.653000 0.518000 0.658250 0.518000 0.663500 0.516667 0.666500 0.515000 0.667500 0.513667 0.668500 0.510333 0.667250 0.505667 0.664000 0.502000 0.655250 0.499667 0.648750 0.500000 0.643750 0.501667 0.640750 0.505333
0 0.407750 0.551667 0.408500 0.554667 0.412250 0.558000 0.417000 0.559667 0.421500 0.560000 0.426750 0.559333 0.432000 0.556667 0.434000 0.553667 0.434250 0.549333 0.432500 0.546333 0.431000 0.545667 0.419000 0.543667 0.415500 0.544667 0.408750 0.548333
0 0.464500 0.568333 0.462500 0.565333 0.460000 0.564667 0.455250 0.564667 0.451250 0.566000 0.442750 0.571667 0.441750 0.574667 0.441750 0.576667 0.444000 0.578667 0.451250 0.579333 0.459250 0.577333 0.463750 0.573333
0 0.506750 0.567667 0.505500 0.564333 0.502500 0.562333 0.498750 0.561000 0.493750 0.561000 0.481750 0.564000 0.479000 0.567000 0.478750 0.569333 0.480500 0.573000 0.485250 0.576000 0.489750 0.577000 0.499250 0.577000 0.502000 0.576000 0.505500 0.573000 0.506500 0.570333
0 0.550500 0.548000 0.548750 0.545333 0.544750 0.543000 0.539750 0.542667 0.531750 0.543667 0.528000 0.545333 0.526500 0.547333 0.526000 0.553000 0.528000 0.556333 0.531250 0.558333 0.536000 0.559333 0.541750 0.559000 0.545250 0.557667 0.548250 0.555333 0.550000 0.552667
0 0.522000 0.541333 0.521000 0.540000 0.517250 0.538667 0.510250 0.539000 0.507250 0.540000 0.504750 0.541667 0.500750 0.546667 0.497750 0.552667 0.498000 0.556000 0.498500 0.557000 0.502000 0.558667 0.506250 0.558667 0.514500 0.555000 0.518000 0.552333 0.521000 0.548667 0.522250 0.546000
