0 0.591667 0.361250 0.589333 0.364250 0.588667 0.367500 0.590000 0.374000 0.594667 0.381500 0.599000 0.384000 0.600333 0.384000 0.603333 0.382000 0.604000 0.380750 0.604333 0.375750 0.602667 0.368750 0.599000 0.363500 0.596000 0.361500
0 0.576333 0.679250 0.572667 0.680750 0.571333 0.682500 0.570333 0.686000 0.571000 0.693750 0.576000 0.700750 0.579333 0.702750 0.582667 0.702750 0.585000 0.702000 0.587667 0.697750 0.588333 0.695000 0.588000 0.688750 0.584333 0.682000 0.580000 0.679750
0 0.443333 0.700500 0.440333 0.699250 0.432333 0.699750 0.422000 0.704250 0.418667 0.707750 0.417000 0.711500 0.417000 0.713750 0.418333 0.716750 0.420333 0.718000 0.426667 0.718250 0.430000 0.717500 0.435667 0.715000 0.441000 0.711000 0.443667 0.707500 0.444333 0.703750
0 0.443667 0.660500 0.439667 0.662500 0.438000 0.665750 0.438333 0.679250 0.439333 0.682500 0.442667 0.686250 0.447333 0.687000 0.451000 0.685500 0.452667 0.682750 0.453667 0.677750 0.453667 0.671000 0.452000 0.664500 0.448333 0.661750
0 0.467000 0.641000 0.465000 0.642250 0.463000 0.646500 0.462000 0.651000 0.462000 0.659000 0.463000 0.662250 0.466000 0.664000 0.467667 0.664250 0.470667 0.663500 0.472000 0.662500 0.474667 0.658500 0.474667 0.649500 0.471333 0.642250
0 0.466000 0.617750 0.461333 0.619500 0.460000 0.622250 0.459667 0.626750 0.462667 0.635500 0.466333 0.637750 0.468000 0.637750 0.471333 0.636750 0.473333 0.634250 0.475000 0.629750 0.475333 0.626250 0.474333 0.622500 0.471333 0.618500
0 0.472333 0.594000 0.467333 0.593500 0.463000 0.594500 0.461667 0.595500 0.460000 0.599250 0.456667 0.603250 0.455333 0.612000 0.456333 0.615250 0.458333 0.617500 0.463000 0.617250 0.467000 0.616000 0.473333 0.607750 0.475333 0.602500 0.475333 0.596500 0.474667 0.595000
0 0.357333 0.591750 0.353000 0.592000 0.349333 0.594500 0.347333 0.601250 0.347333 0.610750 0.348333 0.614000 0.349667 0.616250 0.353667 0.618500 0.358000 0.618000 0.361333 0.615500 0.364000 0.611500 0.365000 0.606500 0.365000 0.603250 0.363000 0.595750 0.360667 0.593500
0 0.389333 0.569000 0.388000 0.568000 0.384333 0.567250 0.376667 0.567500 0.365000 0.571500 0.363000 0.573000 0.361333 0.575500 0.362333 0.579750 0.364333 0.581250 0.368667 0.582250 0.381667 0.580000 0.388667 0.576250 0.390000 0.573500
0 0.419333 0.552000 0.416333 0.554750 0.415333 0.557000 0.415000 0.562250 0.416333 0.567750 0.420000 0.573500 0.424000 0.576500 0.427667 0.576250 0.431000 0.574000 0.432667 0.571500 0.432667 0.564250 0.428667 0.556000 0.423667 0.552750
0 0.439667 0.545250 0.436000 0.549000 0.435000 0.551000 0.434667 0.557250 0.440000 0.566750 0.443000 0.568750 0.446000 0.569750 0.448000 0.569750 0.450000 0.568750 0.452000 0.565250 0.450667 0.556750 0.449333 0.553250 0.445000 0.547750 0.443000 0.546250
0 0.443667 0.572750 0.439667 0.575250 0.438333 0.577250 0.437333 0.580250 0.437000 0.588250 0.438000 0.592750 0.439333 0.595000 0.442667 0.597000 0.447333 0.597250 0.451333 0.595250 0.453000 0.592250 0.453667 0.588500 0.453333 0.580250 0.452333 0.576000 0.451000 0.574000 0.448000 0.572750
0 0.486333 0.567000 0.481000 0.571500 0.480333 0.581750 0.481000 0.584500 0.487000 0.591250 0.490000 0.591250 0.492667 0.589750 0.495667 0.586000 0.497667 0.581000 0.497667 0.579250 0.494333 0.572000 0.489333 0.567750
0 0.502333 0.578000 0.501000 0.579500 0.501000 0.585250 0.504667 0.592000 0.509667 0.595750 0.517000 0.599000 0.522333 0.598000 0.524333 0.595000 0.524333 0.591250 0.522333 0.587000 0.519000 0.584500 0.515667 0.580250 0.513000 0.578750 0.506667 0.577000 0.505000 0.577000
0 0.470000 0.562750 0.466333 0.563250 0.464667 0.564500 0.463000 0.567750 0.463000 0.570000 0.464333 0.575250 0.466333 0.578750 0.467667 0.580000 0.471333 0.581000 0.475333 0.579500 0.476667 0.575750 0.476667 0.570250 0.474667 0.564750 0.473333 0.563750
0 0.540667 0.510750 0.537000 0.512500 0.535000 0.514750 0.534333 0.517250 0.535667 0.522250 0.540333 0.529500 0.548667 0.534500 0.552000 0.535250 0.555000 0.534750 0.557333 0.533750 0.558667 0.531750 0.559333 0.529500 0.559000 0.524500 0.553667 0.517250 0.545333 0.511250
0 0.508667 0.532500 0.505667 0.532750 0.504000 0.533500 0.501333 0.536750 0.500000 0.541250 0.500000 0.548750 0.500667 0.555500 0.501667 0.557750 0.505667 0.560000 0.510333 0.560500 0.515333 0.557500 0.518333 0.552750 0.519333 0.549750 0.519000 0.540250 0.517667 0.536750 0.515333 0.534000 0.513333 0.533000
0 0.479000 0.544250 0.475000 0.542000 0.468333 0.541500 0.460667 0.542000 0.454333 0.543250 0.450333 0.545500 0.448667 0.548250 0.449000 0.552750 0.451667 0.555250 0.456333 0.556000 0.467333 0.555000 0.475333 0.552000 0.478333 0.549750 0.479333 0.547750
0 0.462000 0.513000 0.458667 0.515000 0.457333 0.518000 0.457000 0.523750 0.458000 0.528500 0.460000 0.532000 0.463333 0.535250 0.466333 0.536250 0.470667 0.536250 0.474333 0.534000 0.475333 0.532500 0.475333 0.522250 0.472333 0.517000 0.466667 0.513750 0.464333 0.513000
0 0.353333 0.477500 0.349000 0.478000 0.344667 0.481000 0.342667 0.485750 0.342333 0.490750 0.343667 0.497750 0.345667 0.501250 0.349000 0.503000 0.353000 0.503000 0.357000 0.501750 0.358333 0.500750 0.360000 0.497500 0.360333 0.489000 0.359333 0.483250 0.357667 0.480000 0.355000 0.478000
0 0.432667 0.479500 0.431000 0.480500 0.430333 0.482000 0.430333 0.487250 0.432000 0.491250 0.438667 0.498000 0.444333 0.498500 0.446333 0.497750 0.448667 0.495250 0.449000 0.493250 0.448000 0.489750 0.445667 0.485500 0.441000 0.481250 0.435333 0.479000
0 0.489667 0.487250 0.486333 0.488000 0.483333 0.491500 0.482333 0.493500 0.482333 0.498750 0.485667 0.507000 0.489667 0.509500 0.491000 0.509750 0.494667 0.508750 0.496667 0.506750 0.498333 0.501250 0.497000 0.493750 0.494333 0.490250
0 0.448000 0.455500 0.446667 0.455500 0.439333 0.460500 0.434333 0.468750 0.433000 0.473000 0.433000 0.475500 0.435333 0.477750 0.440333 0.478000 0.443333 0.477250 0.448333 0.472500 0.451333 0.468500 0.452333 0.464250 0.452000 0.458750 0.450667 0.456750
0 0.415000 0.383250 0.412333 0.384000 0.411000 0.385000 0.409333 0.387750 0.408667 0.390250 0.409000 0.396250 0.410667 0.400500 0.414000 0.403750 0.416333 0.404500 0.420000 0.404250 0.422667 0.402250 0.424333 0.399750 0.425000 0.392000 0.421000 0.384750 0.419667 0.383750
0 0.467333 0.430000 0.462667 0.431500 0.461000 0.435000 0.461333 0.449750 0.462333 0.452250 0.465667 0.453250 0.467333 0.453250 0.470667 0.451000 0.475333 0.444250 0.475000 0.439500 0.472333 0.432500 0.470667 0.430750
0 0.580000 0.444750 0.575667 0.444750 0.572333 0.446000 0.570667 0.447250 0.567667 0.452500 0.567000 0.455500 0.567667 0.463750 0.569667 0.467500 0.572667 0.469000 0.577000 0.468750 0.580333 0.467500 0.583000 0.465000 0.584667 0.461500 0.585333 0.458000 0.584667 0.449500 0.583333 0.446750
0 0.545333 0.437500 0.543667 0.439000 0.542667 0.442750 0.543667 0.449500 0.547667 0.455000 0.549000 0.455500 0.552667 0.455500 0.554667 0.454250 0.557000 0.451000 0.556667 0.445250 0.554000 0.440000 0.552333 0.438500 0.549333 0.437500
0 0.529000 0.433000 0.525333 0.435500 0.524667 0.443750 0.527000 0.445750 0.530667 0.452750 0.533000 0.454750 0.535667 0.454750 0.537667 0.453750 0.539000 0.451750 0.539000 0.446250 0.534333 0.434750
0 0.552667 0.410750 0.548667 0.412000 0.545333 0.416250 0.544667 0.419250 0.546000 0.429500 0.547000 0.431750 0.549333 0.433000 0.552667 0.433000 0.553667 0.432500 0.557667 0.428250 0.559000 0.423750 0.558333 0.415500 0.557333 0.414000
0 0.533000 0.401500 0.529333 0.401250 0.525333 0.402750 0.520667 0.407500 0.518667 0.415000 0.519000 0.417250 0.521667 0.422250 0.524667 0.423250 0.529000 0.422500 0.531667 0.419500 0.535667 0.408250 0.535333 0.404500
0 0.559667 0.388000 0.559667 0.392250 0.563000 0.397000 0.572000 0.401000 0.578667 0.402250 0.582667 0.402250 0.588000 0.401000 0.590667 0.398500 0.591333 0.396000 0.590000 0.391750 0.588333 0.390250 0.582667 0.387500 0.575000 0.385250 0.568333 0.384750 0.563667 0.385250
0 0.536000 0.378500 0.532333 0.378250 0.529667 0.379250 0.524333 0.383000 0.522667 0.385000 0.520667 0.389000 0.519667 0.395750 0.520667 0.400250 0.521667 0.401250 0.526333 0.401250 0.530000 0.400250 0.534000 0.397750 0.537667 0.392500 0.539000 0.384000 0.538000 0.380000
0 0.501667 0.373500 0.498000 0.376500 0.496667 0.379500 0.496333 0.382000 0.497333 0.388000 0.500667 0.395000 0.503000 0.397250 0.507333 0.398500 0.511333 0.398250 0.514333 0.397000 0.515667 0.393250 0.515667 0.387250 0.514333 0.381250 0.511667 0.376750 0.505667 0.373500
0 0.485667 0.336250 0.483000 0.337000 0.481333 0.338250 0.478000 0.345000 0.478000 0.350750 0.479000 0.354250 0.482000 0.359000 0.486000 0.362750 0.490000 0.363250 0.494000 0.360500 0.496333 0.356750 0.497000 0.354250 0.496667 0.345000 0.495000 0.341250 0.491667 0.337250 0.490000 0.336500
0 0.504667 0.311500 0.501667 0.312000 0.498000 0.314500 0.497000 0.316000 0.496000 0.319250 0.496000 0.327000 0.500000 0.336250 0.502333 0.337750 0.507000 0.338250 0.511000 0.337000 0.513667 0.334500 0.514667 0.330500 0.515000 0.324000 0.514333 0.319250 0.512000 0.315000 0.509333 0.313000
