0 0.415667 0.604250 0.411667 0.605500 0.407667 0.607750 0.405667 0.610750 0.404000 0.619250 0.404667 0.626000 0.406667 0.629500 0.410000 0.630750 0.412333 0.630750 0.417667 0.628000 0.420000 0.625750 0.421333 0.622250 0.422000 0.616750 0.421667 0.609500 0.420333 0.606500
0 0.377667 0.613000 0.376333 0.612750 0.369667 0.614750 0.363333 0.619250 0.360667 0.623750 0.359667 0.628250 0.360000 0.633250 0.362000 0.635500 0.365667 0.636000 0.371333 0.633250 0.373333 0.631750 0.376000 0.627500 0.380333 0.622750 0.381333 0.620000 0.381000 0.616500 0.380000 0.614500
0 0.319667 0.623750 0.317667 0.622750 0.310667 0.622000 0.307000 0.622500 0.298333 0.625250 0.295333 0.626750 0.290000 0.631000 0.288000 0.634000 0.288000 0.636000 0.289333 0.638500 0.290333 0.639250 0.293000 0.639750 0.300333 0.639750 0.304333 0.639250 0.310000 0.637500 0.319667 0.630250 0.321333 0.626750
0 0.197667 0.484000 0.192000 0.483500 0.188333 0.484500 0.185667 0.486250 0.180000 0.494000 0.179333 0.499000 0.181333 0.501750 0.185667 0.502500 0.190000 0.501000 0.194000 0.498750 0.199333 0.490250 0.199667 0.486250
0 0.326667 0.506250 0.321667 0.507250 0.318333 0.510000 0.316333 0.513750 0.315667 0.516500 0.315667 0.524500 0.317000 0.527250 0.318667 0.528500 0.323000 0.528500 0.327000 0.526250 0.331000 0.519000 0.331667 0.516250 0.331333 0.509750
0 0.365667 0.516500 0.363333 0.517750 0.361333 0.520500 0.360667 0.522750 0.361000 0.529500 0.363333 0.533750 0.368000 0.538750 0.369333 0.539500 0.373333 0.539750 0.376667 0.537750 0.378333 0.534250 0.377333 0.525500 0.373333 0.518250 0.370000 0.516500
0 0.407667 0.461500 0.407000 0.462500 0.407000 0.467750 0.407667 0.470500 0.410000 0.474500 0.416000 0.480500 0.419333 0.481750 0.423333 0.481250 0.425000 0.478250 0.424667 0.476000 0.419333 0.466250 0.414333 0.462000 0.412333 0.461250
0 0.428000 0.487500 0.424000 0.484500 0.416667 0.483500 0.411333 0.483750 0.400667 0.486250 0.398667 0.488250 0.398000 0.491000 0.399333 0.493750 0.401000 0.494750 0.408000 0.496500 0.416333 0.496500 0.422000 0.495000 0.428333 0.490750
0 0.370000 0.479500 0.368000 0.479500 0.364333 0.481000 0.361667 0.482750 0.359333 0.485750 0.357667 0.494750 0.361333 0.497500 0.365667 0.497250 0.371667 0.490500 0.372667 0.487000 0.372667 0.482250
0 0.354333 0.468750 0.349333 0.468750 0.346000 0.469750 0.340333 0.478000 0.338333 0.487000 0.339333 0.490000 0.341667 0.491750 0.345667 0.491750 0.349000 0.490500 0.355333 0.485500 0.357333 0.483000 0.358000 0.480500 0.358000 0.472500 0.357000 0.470000
0 0.318667 0.456500 0.317000 0.457750 0.315667 0.461000 0.316000 0.471000 0.317000 0.474000 0.320333 0.479000 0.322667 0.481000 0.326000 0.482500 0.329667 0.482250 0.331333 0.481250 0.333333 0.478500 0.333333 0.470500 0.326333 0.458500 0.323000 0.456750
0 0.282333 0.411750 0.278333 0.411500 0.274667 0.412750 0.271333 0.415500 0.268000 0.419750 0.266667 0.423000 0.266667 0.431750 0.267667 0.433250 0.270667 0.434750 0.275667 0.434250 0.279000 0.433000 0.282333 0.428000 0.285333 0.419750 0.285333 0.415250 0.284000 0.412750
0 0.286667 0.437750 0.283000 0.437250 0.277333 0.438500 0.275000 0.439750 0.272333 0.444500 0.270000 0.446750 0.269000 0.450000 0.269000 0.451750 0.271667 0.454750 0.275000 0.455750 0.279000 0.455250 0.284000 0.450750 0.287667 0.444000 0.288000 0.439250
0 0.318667 0.437500 0.311000 0.434750 0.307000 0.434750 0.298000 0.437000 0.293667 0.439750 0.292333 0.442750 0.293667 0.447000 0.295000 0.448000 0.301333 0.448750 0.307667 0.448750 0.311000 0.448000 0.319000 0.441500 0.319667 0.439250
0 0.505000 0.436750 0.503667 0.439000 0.505000 0.442000 0.509333 0.445750 0.514000 0.448250 0.518333 0.449750 0.526000 0.450500 0.530000 0.449500 0.532333 0.448000 0.532667 0.446500 0.531333 0.443000 0.529000 0.440000 0.527000 0.438750 0.514667 0.435500 0.510667 0.435000 0.506667 0.435750
0 0.396667 0.400750 0.392333 0.400250 0.385333 0.403500 0.380000 0.407750 0.377667 0.410750 0.376000 0.416000 0.376333 0.420500 0.380333 0.424750 0.381667 0.424750 0.384667 0.423000 0.389667 0.422000 0.396000 0.416500 0.399667 0.408750 0.399333 0.404500
0 0.396333 0.419000 0.391667 0.419500 0.385667 0.422250 0.383333 0.424000 0.380000 0.430750 0.380333 0.435500 0.381667 0.437000 0.383667 0.437750 0.389333 0.437250 0.393333 0.435500 0.396333 0.432750 0.398333 0.428000 0.398333 0.422500
0 0.436333 0.420750 0.431000 0.423000 0.427333 0.431250 0.427000 0.434750 0.428000 0.440250 0.431000 0.443750 0.434667 0.444750 0.439333 0.443750 0.443333 0.440500 0.445000 0.437000 0.445667 0.432750 0.445000 0.427250 0.443000 0.423000 0.439333 0.421000
0 0.489667 0.383750 0.483667 0.383250 0.478667 0.384250 0.470333 0.389750 0.467667 0.393000 0.464333 0.399750 0.464667 0.402250 0.466333 0.404500 0.468333 0.405000 0.475000 0.404500 0.481000 0.401500 0.488333 0.396250 0.490667 0.393000 0.491333 0.390000 0.491000 0.385000
0 0.412333 0.383000 0.409333 0.384000 0.407667 0.385250 0.406333 0.387500 0.405333 0.391500 0.405333 0.397500 0.407333 0.405000 0.411333 0.407250 0.414667 0.407250 0.417333 0.406500 0.420000 0.404000 0.421000 0.397500 0.420000 0.388750 0.417333 0.384250 0.416000 0.383500
0 0.430667 0.357250 0.428000 0.358000 0.425667 0.361000 0.425333 0.365750 0.426667 0.372000 0.430667 0.379000 0.435333 0.381750 0.440000 0.382250 0.444000 0.380500 0.445333 0.377750 0.445667 0.370750 0.444667 0.366500 0.440333 0.360500 0.435333 0.357750
0 0.366000 0.349000 0.362000 0.350250 0.359333 0.352500 0.357000 0.356750 0.356333 0.360250 0.356333 0.366750 0.358333 0.372750 0.360667 0.375000 0.364000 0.376000 0.369000 0.375500 0.372667 0.373250 0.374667 0.366750 0.374667 0.360000 0.373333 0.353000 0.370333 0.350250
0 0.449333 0.305250 0.446333 0.306000 0.443000 0.310750 0.442000 0.314250 0.442000 0.322250 0.443333 0.326500 0.446667 0.330500 0.451667 0.331750 0.455333 0.329750 0.457333 0.327000 0.459000 0.322250 0.459333 0.314750 0.458000 0.311500 0.454667 0.307250 0.452667 0.305750
0 0.365000 0.278250 0.363000 0.279750 0.361333 0.283500 0.361667 0.295750 0.362667 0.299000 0.364333 0.301250 0.368333 0.303250 0.370000 0.303250 0.372667 0.301750 0.374333 0.298500 0.375000 0.294750 0.374667 0.286750 0.373667 0.282750 0.371000 0.279500 0.369000 0.278500
0 0.170667 0.587250 0.165333 0.588750 0.163333 0.590750 0.160667 0.595500 0.160000 0.599250 0.160333 0.605500 0.161333 0.607750 0.164333 0.609000 0.169333 0.608500 0.171667 0.607000 0.175333 0.600000 0.176000 0.591250 0.174667 0.588750
0 0.299000 0.662750 0.295000 0.665250 0.294333 0.667500 0.294333 0.671250 0.297000 0.679250 0.298667 0.682250 0.302667 0.686000 0.307000 0.687500 0.311000 0.687500 0.313333 0.685500 0.314333 0.682250 0.314000 0.676500 0.311000 0.667250 0.309667 0.665500 0.307333 0.664000 0.303000 0.662500
0 0.323667 0.688250 0.321667 0.688750 0.320667 0.689750 0.319333 0.693250 0.319333 0.697750 0.321000 0.704750 0.322667 0.707000 0.326000 0.709500 0.329667 0.709500 0.334000 0.705250 0.334000 0.697000 0.330333 0.690250 0.327000 0.688250
0 0.349333 0.680750 0.345333 0.680750 0.343667 0.681500 0.338333 0.686000 0.336667 0.688250 0.336000 0.697750 0.337000 0.701500 0.338333 0.702750 0.341333 0.703250 0.345333 0.701500 0.350333 0.695750 0.352333 0.690750 0.352667 0.685000 0.351000 0.681750
0 0.377667 0.688000 0.372667 0.685500 0.369333 0.685750 0.362333 0.688000 0.360667 0.689250 0.359000 0.694750 0.359333 0.698250 0.361333 0.699500 0.366333 0.700000 0.372000 0.697750 0.377667 0.692000 0.378333 0.690250
0 0.332667 0.554250 0.331333 0.553750 0.326000 0.554000 0.321333 0.555000 0.317333 0.557000 0.314333 0.560000 0.312667 0.564500 0.312667 0.568250 0.314333 0.570000 0.319000 0.570250 0.327333 0.565500 0.331667 0.561250 0.333667 0.558000 0.334000 0.555750
0 0.321333 0.574000 0.319667 0.577500 0.319333 0.581250 0.321667 0.595250 0.323000 0.596750 0.326333 0.598250 0.330333 0.598750 0.334000 0.597500 0.336000 0.595250 0.337333 0.591750 0.337000 0.584250 0.334667 0.579000 0.330333 0.575500 0.326000 0.573000
0 0.384667 0.565750 0.380000 0.568250 0.377333 0.571500 0.376333 0.581000 0.377667 0.586750 0.379333 0.589500 0.381667 0.591500 0.384000 0.592500 0.387667 0.592500 0.390333 0.590750 0.393667 0.584250 0.394333 0.576750 0.393667 0.572250 0.391000 0.568250 0.388333 0.566000
0 0.382333 0.536750 0.380000 0.538250 0.379000 0.540250 0.379000 0.544750 0.382667 0.552500 0.384333 0.554500 0.389333 0.558250 0.392000 0.559500 0.396667 0.559500 0.399000 0.557250 0.399667 0.554250 0.399667 0.549000 0.398667 0.545250 0.396333 0.542000 0.389000 0.537250 0.386333 0.536500
0 0.408333 0.545500 0.404000 0.548750 0.403333 0.552000 0.403667 0.558500 0.407667 0.565000 0.410000 0.567250 0.412667 0.569000 0.417000 0.569500 0.420000 0.567750 0.421333 0.564500 0.422000 0.559250 0.420667 0.553250 0.417667 0.548750 0.415667 0.547250 0.412000 0.545750
0 0.568333 0.555000 0.564667 0.556000 0.563000 0.557750 0.561000 0.563750 0.561000 0.568750 0.561667 0.572500 0.563667 0.577250 0.567667 0.579750 0.571333 0.579750 0.573667 0.579000 0.575667 0.577500 0.577333 0.573250 0.577333 0.566000 0.576000 0.560500 0.573667 0.556500 0.572000 0.555500
