0 0.381500 0.595000 0.382000 0.598667 0.384500 0.603000 0.388250 0.605333 0.390750 0.606000 0.397250 0.606000 0.400750 0.604667 0.403750 0.601333 0.404250 0.599667 0.404250 0.595000 0.403000 0.592333 0.401250 0.590000 0.397000 0.587667 0.389750 0.587333 0.386750 0.588333 0.384000 0.590000 0.382500 0.592000
0 0.425000 0.673667 0.423500 0.672000 0.420250 0.671333 0.414250 0.673333 0.408500 0.677000 0.404250 0.681667 0.400500 0.688667 0.400250 0.690667 0.400750 0.693000 0.404000 0.695000 0.409250 0.695000 0.413000 0.694000 0.418500 0.690000 0.421500 0.687000 0.424500 0.682333 0.425500 0.679000
0 0.467750 0.630333 0.466250 0.628667 0.462000 0.628000 0.457250 0.630000 0.451750 0.634333 0.450000 0.636667 0.448250 0.640333 0.448000 0.643333 0.450500 0.646667 0.454250 0.646667 0.459500 0.645000 0.466250 0.638667 0.467750 0.634667
0 0.436000 0.611667 0.435500 0.615000 0.437000 0.619000 0.438500 0.621000 0.442750 0.623000 0.452250 0.623000 0.456500 0.620333 0.457750 0.616333 0.457250 0.611667 0.456000 0.610000 0.448750 0.607333 0.439750 0.608333
0 0.523500 0.611000 0.523500 0.616000 0.525500 0.619333 0.528500 0.621000 0.532000 0.621667 0.537750 0.620333 0.542000 0.615667 0.543000 0.612667 0.543000 0.610667 0.541250 0.608333 0.535750 0.605333 0.529000 0.606000 0.525250 0.608667
0 0.564000 0.607667 0.563750 0.612000 0.564750 0.615333 0.567500 0.618333 0.571750 0.620333 0.579750 0.620333 0.583500 0.619000 0.587000 0.615333 0.588250 0.612000 0.587750 0.608667 0.585750 0.605000 0.584000 0.603000 0.580750 0.602000 0.572500 0.601667 0.568750 0.602667 0.565500 0.605000
0 0.597250 0.608000 0.597250 0.612000 0.599250 0.616333 0.602750 0.618667 0.606500 0.619667 0.611500 0.619667 0.615000 0.618333 0.618250 0.615667 0.621000 0.611333 0.620750 0.606667 0.618250 0.603000 0.612000 0.600667 0.607250 0.600667 0.602500 0.601667 0.599750 0.603333
0 0.671750 0.606333 0.671750 0.610000 0.672500 0.612667 0.674250 0.615000 0.679500 0.617000 0.685750 0.617000 0.688500 0.616000 0.692750 0.612667 0.693750 0.611333 0.694750 0.608000 0.694500 0.606000 0.693000 0.603000 0.684750 0.599667 0.680750 0.599667 0.674000 0.602000 0.672750 0.603333
0 0.636000 0.579667 0.633250 0.579000 0.628750 0.580333 0.623000 0.587667 0.619500 0.595000 0.619000 0.598667 0.619500 0.601667 0.621750 0.605333 0.623500 0.606000 0.626750 0.604667 0.630750 0.601667 0.635000 0.595000 0.637750 0.588667 0.638250 0.583333
0 0.637000 0.565000 0.636500 0.569000 0.637250 0.572667 0.639750 0.576667 0.641750 0.577667 0.648250 0.579000 0.654250 0.578667 0.658250 0.576667 0.660250 0.572667 0.659500 0.568000 0.657250 0.564333 0.653750 0.561667 0.650750 0.560667 0.642250 0.560667 0.638000 0.563000
0 0.562000 0.584000 0.561750 0.588000 0.563250 0.592000 0.564250 0.593333 0.569000 0.596333 0.579000 0.597667 0.583500 0.597000 0.584750 0.596333 0.588500 0.591667 0.588500 0.587333 0.586750 0.584333 0.583750 0.581000 0.580750 0.579333 0.574500 0.578333 0.566250 0.579000 0.563750 0.580000
0 0.556750 0.580667 0.556000 0.579333 0.553000 0.577333 0.549250 0.577000 0.540000 0.579000 0.538500 0.580000 0.536000 0.584000 0.535250 0.587000 0.535750 0.592000 0.537500 0.594333 0.545500 0.595667 0.552250 0.593333 0.554250 0.591333 0.556750 0.584667
0 0.501500 0.588333 0.499500 0.585333 0.497750 0.584000 0.489250 0.584000 0.482250 0.587333 0.479750 0.591333 0.479750 0.594333 0.480250 0.596333 0.481750 0.598333 0.484750 0.600333 0.488250 0.601000 0.494250 0.600333 0.498500 0.598000 0.500000 0.596000 0.501500 0.592333
0 0.466250 0.591333 0.465000 0.588333 0.463250 0.586667 0.457500 0.585333 0.453750 0.585333 0.448250 0.587000 0.446250 0.588333 0.444000 0.592000 0.443250 0.596667 0.444500 0.600667 0.446000 0.602667 0.451750 0.604667 0.455750 0.605000 0.459750 0.603000 0.464000 0.599333 0.466250 0.595667
0 0.413000 0.564333 0.413000 0.568000 0.414750 0.573000 0.416500 0.575333 0.419750 0.577667 0.422750 0.578333 0.429250 0.578000 0.432250 0.576333 0.433750 0.572000 0.433500 0.567667 0.432500 0.564000 0.427250 0.560333 0.419000 0.559333 0.415250 0.561000
0 0.460500 0.564667 0.459000 0.562667 0.451750 0.561333 0.447000 0.561667 0.442000 0.563333 0.439250 0.565000 0.438000 0.567000 0.437250 0.573333 0.439000 0.577000 0.442500 0.579000 0.448250 0.579333 0.452000 0.578667 0.455250 0.577333 0.458750 0.574333 0.460750 0.569000
0 0.453500 0.545000 0.453750 0.549333 0.455500 0.553000 0.459250 0.555667 0.463750 0.557000 0.468250 0.557000 0.472000 0.555667 0.474250 0.552667 0.474250 0.548000 0.466750 0.540333 0.462750 0.539667 0.457500 0.540333 0.455750 0.541333
0 0.496500 0.565333 0.495250 0.563333 0.489000 0.560333 0.484500 0.560000 0.478750 0.560667 0.473250 0.564333 0.472000 0.568000 0.472000 0.572667 0.474500 0.576667 0.477500 0.578333 0.481750 0.579333 0.490250 0.578667 0.494000 0.576000 0.496500 0.572000 0.497000 0.569000
0 0.500250 0.568333 0.500250 0.573000 0.502000 0.576667 0.505500 0.579000 0.510750 0.580000 0.517000 0.580000 0.522250 0.578333 0.525250 0.575000 0.526500 0.572000 0.526250 0.567667 0.524500 0.564667 0.521500 0.562667 0.513000 0.561333 0.504750 0.563333 0.502000 0.564667
0 0.539250 0.544333 0.539750 0.548000 0.541250 0.550667 0.544500 0.553333 0.546750 0.554000 0.553500 0.554000 0.555750 0.553000 0.560000 0.550000 0.561750 0.546000 0.561750 0.543667 0.560750 0.540333 0.557000 0.538000 0.553750 0.537333 0.548500 0.537333 0.544500 0.538333 0.541250 0.540333
0 0.587000 0.536333 0.584250 0.533333 0.581250 0.532667 0.576250 0.533333 0.571500 0.535667 0.566500 0.540333 0.565750 0.543333 0.566000 0.548000 0.567500 0.550333 0.570250 0.551667 0.573750 0.552000 0.577250 0.551000 0.585500 0.544667 0.587000 0.540000
0 0.591250 0.532667 0.590250 0.537333 0.590500 0.540667 0.591250 0.543333 0.594750 0.550000 0.599000 0.553333 0.604250 0.553333 0.605500 0.552333 0.607000 0.549000 0.605750 0.541333 0.600000 0.532667 0.596500 0.531333 0.594500 0.531333
0 0.629500 0.539000 0.629250 0.542333 0.630250 0.545333 0.634500 0.550667 0.638750 0.553000 0.647000 0.553667 0.650500 0.551667 0.652000 0.549000 0.651250 0.544000 0.650000 0.541333 0.647500 0.538667 0.644000 0.536333 0.639250 0.534667 0.634500 0.534667 0.631250 0.536000
0 0.662750 0.541000 0.663000 0.545333 0.664750 0.549000 0.666000 0.550000 0.673000 0.551333 0.677750 0.551000 0.681000 0.549333 0.685250 0.544667 0.686000 0.542333 0.686000 0.539667 0.684750 0.537000 0.678000 0.533000 0.672250 0.533000 0.666500 0.534667 0.664500 0.536667
0 0.630750 0.517000 0.631250 0.521333 0.633250 0.524333 0.635000 0.525667 0.638750 0.526667 0.645750 0.526000 0.654000 0.522667 0.655000 0.521333 0.655500 0.519000 0.655000 0.513333 0.654000 0.511333 0.651500 0.509333 0.649000 0.508667 0.641000 0.508667 0.638000 0.509333 0.632500 0.513000
0 0.602250 0.517000 0.602750 0.520333 0.603750 0.522333 0.607750 0.525000 0.613000 0.526000 0.618750 0.526000 0.623250 0.524667 0.625750 0.522667 0.627000 0.519667 0.627000 0.516667 0.625000 0.514000 0.621000 0.511000 0.616250 0.510000 0.606500 0.511333 0.603750 0.513000
0 0.599250 0.493333 0.599750 0.498667 0.602250 0.501333 0.607000 0.503667 0.610250 0.504333 0.614500 0.503667 0.616750 0.502000 0.617750 0.499000 0.617250 0.494667 0.615750 0.492000 0.609250 0.488333 0.606500 0.488000 0.602750 0.489000
0 0.493000 0.524000 0.492250 0.521667 0.490250 0.519000 0.488000 0.518000 0.484250 0.518000 0.477750 0.520000 0.475750 0.522333 0.472000 0.524667 0.470250 0.528000 0.470250 0.530000 0.474750 0.534333 0.480000 0.533333 0.486000 0.535333 0.489500 0.533667 0.490750 0.532333 0.492500 0.529000
0 0.493000 0.521667 0.490750 0.518667 0.487750 0.517667 0.482500 0.517667 0.479000 0.518667 0.472250 0.524000 0.471000 0.525667 0.470500 0.530000 0.471500 0.533000 0.474000 0.535333 0.478250 0.537000 0.482750 0.536667 0.489750 0.533333 0.492750 0.529667 0.493500 0.526000
0 0.461750 0.519667 0.459750 0.517333 0.455000 0.517000 0.451000 0.518000 0.446750 0.520667 0.442000 0.526667 0.440000 0.531333 0.440000 0.534667 0.441250 0.537000 0.443750 0.538333 0.448500 0.538333 0.452000 0.537000 0.459250 0.531667 0.460750 0.529667 0.462250 0.522667
0 0.414250 0.524667 0.412750 0.521667 0.409250 0.520000 0.401000 0.521000 0.393500 0.525667 0.391750 0.529000 0.391750 0.533333 0.392750 0.535333 0.396000 0.537667 0.400500 0.538667 0.405500 0.538000 0.411750 0.534333 0.413000 0.532667 0.414250 0.529000
0 0.500750 0.478000 0.500500 0.482667 0.501250 0.484667 0.503750 0.487667 0.509500 0.490333 0.515250 0.490000 0.521500 0.487333 0.523750 0.483667 0.524500 0.480000 0.524250 0.477333 0.522000 0.473667 0.516500 0.471333 0.509000 0.471333 0.503250 0.474667
0 0.388500 0.485667 0.389000 0.487667 0.391250 0.491000 0.396000 0.493667 0.400750 0.494667 0.408250 0.494000 0.413000 0.491000 0.414250 0.487667 0.414000 0.484333 0.411750 0.480333 0.409250 0.478333 0.404500 0.476667 0.398750 0.476667 0.393000 0.478333 0.389500 0.482000
0 0.443000 0.396333 0.443250 0.400333 0.446250 0.405000 0.451500 0.407333 0.454250 0.408000 0.463750 0.407667 0.466750 0.406667 0.468250 0.404333 0.468500 0.399333 0.467250 0.395667 0.463000 0.392000 0.455250 0.390667 0.448000 0.391333 0.445250 0.392667
