0 0.324000 0.625000 0.320333 0.626000 0.317667 0.629500 0.315667 0.635000 0.315667 0.642250 0.318333 0.647500 0.322333 0.650000 0.326000 0.650000 0.330000 0.647250 0.332667 0.643500 0.334000 0.639250 0.334000 0.633250 0.332333 0.628500 0.330667 0.626250 0.327667 0.625250
0 0.393000 0.576000 0.389000 0.576250 0.384667 0.579000 0.380333 0.587250 0.380333 0.592750 0.381333 0.596250 0.383333 0.599250 0.385000 0.600250 0.388667 0.600250 0.393000 0.597750 0.395000 0.596000 0.397333 0.592000 0.397333 0.580500 0.396333 0.578250
0 0.326000 0.549250 0.322000 0.549750 0.317333 0.554000 0.315667 0.556750 0.315000 0.561500 0.315333 0.569000 0.317000 0.572750 0.318667 0.574000 0.321667 0.575000 0.325667 0.574500 0.328000 0.573000 0.331333 0.569000 0.332667 0.564750 0.333000 0.559250 0.332000 0.554500 0.330667 0.551750
0 0.311333 0.533000 0.312333 0.537500 0.314333 0.539000 0.322667 0.541500 0.330667 0.541750 0.340667 0.539250 0.342333 0.537000 0.341333 0.532000 0.338667 0.530500 0.330667 0.528250 0.321000 0.528000 0.314333 0.529500
0 0.458667 0.505000 0.455000 0.505500 0.450333 0.509250 0.448000 0.514000 0.448000 0.522500 0.448667 0.525250 0.451333 0.529250 0.454667 0.531000 0.459333 0.531000 0.461667 0.529250 0.464000 0.526000 0.465333 0.521500 0.465667 0.517000 0.464333 0.510000 0.463333 0.508500
0 0.431667 0.504750 0.430000 0.507000 0.429000 0.509500 0.429000 0.517500 0.430333 0.522250 0.432000 0.525000 0.436000 0.527500 0.440333 0.528000 0.443000 0.527250 0.445000 0.525000 0.446333 0.519750 0.446000 0.513250 0.443667 0.508750 0.438667 0.505250 0.436000 0.504000
0 0.314000 0.427000 0.310000 0.425250 0.306000 0.425500 0.299333 0.428750 0.295000 0.432000 0.290333 0.438750 0.290000 0.443500 0.291333 0.445500 0.294333 0.446500 0.299333 0.446250 0.305667 0.444750 0.310667 0.442000 0.315000 0.436000 0.316000 0.431250
0 0.408667 0.465500 0.404000 0.466000 0.400667 0.469500 0.399667 0.472000 0.399000 0.477750 0.399667 0.483250 0.403667 0.487000 0.406000 0.487000 0.409000 0.486000 0.412000 0.483250 0.413333 0.480000 0.413667 0.470500 0.412000 0.467500
0 0.193333 0.482750 0.192667 0.486500 0.196667 0.490750 0.204667 0.494000 0.211667 0.495500 0.221000 0.495250 0.225000 0.493750 0.225333 0.489750 0.224000 0.487750 0.216333 0.481750 0.201333 0.479500 0.196667 0.480500
0 0.291333 0.494250 0.287333 0.494500 0.283000 0.495750 0.275333 0.500500 0.273333 0.504750 0.270000 0.509250 0.270000 0.514000 0.271000 0.515250 0.273667 0.516000 0.279000 0.515750 0.282667 0.514250 0.287667 0.510750 0.293667 0.501500 0.294000 0.497750
0 0.279000 0.468250 0.275333 0.468500 0.271333 0.470000 0.268000 0.474000 0.267000 0.477250 0.267333 0.481750 0.269000 0.487250 0.272667 0.492750 0.275667 0.495250 0.279667 0.495250 0.285667 0.491500 0.288000 0.487500 0.288667 0.484000 0.288667 0.477250 0.287667 0.474000 0.283667 0.469750
0 0.231667 0.456250 0.228000 0.457500 0.224000 0.461750 0.223333 0.467500 0.224000 0.471250 0.228000 0.477500 0.231667 0.480000 0.233667 0.480250 0.236667 0.479750 0.240667 0.476000 0.242333 0.471750 0.242333 0.468000 0.240333 0.461750 0.236000 0.457750
0 0.225000 0.414250 0.221333 0.415250 0.219333 0.417750 0.218667 0.420500 0.219000 0.431250 0.220333 0.434000 0.223667 0.436750 0.229000 0.437250 0.232000 0.436250 0.234667 0.433250 0.236667 0.427500 0.236667 0.423750 0.233000 0.416250 0.229667 0.414500
0 0.310667 0.404750 0.305667 0.404750 0.299000 0.406750 0.297333 0.407750 0.290000 0.416250 0.289333 0.421000 0.290000 0.422750 0.291333 0.423750 0.295667 0.424500 0.299000 0.423500 0.303000 0.423250 0.309333 0.421000 0.314333 0.413000 0.315000 0.409250 0.314333 0.407250
0 0.345667 0.392250 0.342000 0.392500 0.340333 0.393500 0.337333 0.396750 0.334000 0.408500 0.334333 0.411750 0.335667 0.415750 0.338333 0.417750 0.342000 0.417500 0.347667 0.412500 0.350333 0.407750 0.350333 0.399250 0.347000 0.393000
0 0.383000 0.432750 0.382333 0.434000 0.383000 0.437250 0.387667 0.441000 0.392333 0.443500 0.400333 0.445500 0.405000 0.445500 0.408667 0.444500 0.410000 0.443500 0.409667 0.439000 0.403667 0.434500 0.396333 0.432000 0.389333 0.431250 0.384333 0.431750
0 0.463667 0.428250 0.460667 0.427500 0.457333 0.427500 0.447667 0.430750 0.442667 0.435750 0.440667 0.438750 0.441333 0.443750 0.442667 0.444750 0.445333 0.445500 0.451667 0.445500 0.456333 0.444000 0.458333 0.442750 0.464333 0.437250 0.465667 0.435000 0.466000 0.431250
0 0.454333 0.372000 0.450333 0.374250 0.448000 0.377000 0.446667 0.381500 0.446667 0.387250 0.448667 0.392250 0.452333 0.397000 0.455667 0.398500 0.458667 0.398500 0.462000 0.396500 0.465000 0.392750 0.466000 0.383750 0.464667 0.377000 0.463667 0.375500 0.459333 0.372500
0 0.465333 0.313250 0.462000 0.313250 0.457667 0.314750 0.455000 0.317500 0.452667 0.322000 0.451333 0.328500 0.451667 0.334500 0.453333 0.337500 0.457667 0.339250 0.459667 0.339250 0.465667 0.335500 0.468333 0.330500 0.469667 0.325750 0.469667 0.318250 0.468333 0.314750 0.467333 0.313750
0 0.440333 0.339000 0.438333 0.341250 0.438667 0.346750 0.440333 0.350000 0.446333 0.356500 0.450667 0.359000 0.457667 0.361250 0.463667 0.361250 0.465333 0.360000 0.466333 0.357750 0.466000 0.353500 0.459667 0.343500 0.452333 0.338000 0.450667 0.337500 0.445333 0.337500
0 0.408333 0.323000 0.404333 0.325500 0.402000 0.329250 0.401000 0.334250 0.401000 0.340250 0.402333 0.345750 0.405000 0.350000 0.407667 0.351750 0.412333 0.351750 0.415000 0.349750 0.417667 0.345000 0.419000 0.337750 0.418667 0.332250 0.417667 0.328750 0.413667 0.324250 0.411667 0.323000
0 0.320333 0.359250 0.317333 0.360000 0.315000 0.361750 0.313667 0.363750 0.312000 0.369000 0.312000 0.373750 0.314333 0.381750 0.318333 0.384500 0.323000 0.384750 0.326667 0.383250 0.329667 0.379000 0.331333 0.373250 0.331333 0.368750 0.329667 0.364000 0.327667 0.361000 0.323000 0.359250
0 0.268333 0.554750 0.268667 0.557250 0.270000 0.558000 0.279000 0.560500 0.294667 0.560500 0.298333 0.559250 0.299333 0.558000 0.299000 0.555500 0.295667 0.553250 0.285333 0.551250 0.276667 0.551000 0.272667 0.551500 0.269667 0.552500
0 0.264333 0.586500 0.261000 0.585500 0.255000 0.585750 0.250333 0.587250 0.244667 0.590750 0.239667 0.596000 0.239000 0.600750 0.240000 0.603000 0.243000 0.604500 0.246667 0.604500 0.256000 0.601250 0.263333 0.595500 0.265333 0.592500 0.265333 0.587750
0 0.248333 0.683750 0.247000 0.685500 0.247333 0.689750 0.252333 0.696750 0.258667 0.701500 0.264000 0.701500 0.265333 0.698500 0.265333 0.696000 0.263333 0.689750 0.255000 0.683750 0.252667 0.683000
0 0.361000 0.712500 0.359667 0.713250 0.357000 0.717250 0.356667 0.724250 0.360000 0.731750 0.361000 0.732750 0.365000 0.733750 0.367333 0.732750 0.369333 0.730000 0.370333 0.727000 0.370333 0.723000 0.369667 0.720500 0.365667 0.713750 0.364333 0.713000
0 0.307000 0.662750 0.306000 0.664500 0.306667 0.667500 0.314667 0.675500 0.318333 0.678000 0.322667 0.680000 0.330333 0.682250 0.334667 0.681000 0.336000 0.678250 0.335000 0.673250 0.325667 0.665500 0.318000 0.662750
0 0.430667 0.649500 0.428000 0.651000 0.426333 0.654000 0.426000 0.659250 0.426667 0.662500 0.431000 0.670000 0.435000 0.672500 0.439667 0.672500 0.443333 0.670500 0.444333 0.668750 0.444667 0.661500 0.444000 0.658500 0.440333 0.653750 0.436000 0.649750
0 0.509000 0.627750 0.508000 0.629500 0.508333 0.632500 0.514667 0.639500 0.521000 0.641250 0.530000 0.641250 0.531667 0.638000 0.531000 0.634500 0.529000 0.632000 0.519333 0.627250 0.512333 0.626750
0 0.420667 0.634500 0.417667 0.633000 0.413333 0.632250 0.403667 0.632250 0.400000 0.633000 0.391333 0.636500 0.389667 0.639000 0.389333 0.643250 0.392333 0.646500 0.395667 0.647250 0.403667 0.647250 0.412667 0.645500 0.417000 0.644000 0.420333 0.642000 0.421667 0.639500
0 0.373667 0.622000 0.371667 0.621750 0.368667 0.622500 0.361667 0.627000 0.359333 0.634250 0.360667 0.636500 0.362667 0.637000 0.366000 0.636750 0.373667 0.631500 0.375667 0.627750 0.375333 0.624250
0 0.319000 0.595500 0.316667 0.597750 0.315667 0.601500 0.315667 0.604250 0.317667 0.610500 0.322333 0.616000 0.327667 0.617750 0.333000 0.617250 0.334667 0.616250 0.336000 0.612750 0.336000 0.607500 0.335000 0.603250 0.330667 0.598750 0.326667 0.596000 0.322000 0.595000
