0 0.440000 0.433250 0.436000 0.432750 0.432333 0.433750 0.423667 0.438750 0.421000 0.447000 0.421000 0.452250 0.422000 0.455500 0.423667 0.457000 0.427667 0.457500 0.433667 0.455500 0.437333 0.452000 0.441000 0.444750 0.442000 0.440500 0.442000 0.435500
0 0.459667 0.429500 0.457333 0.429500 0.452667 0.431250 0.449667 0.434000 0.447000 0.439000 0.446333 0.443500 0.446667 0.448000 0.450333 0.451000 0.455667 0.450750 0.459000 0.448750 0.463333 0.443000 0.464667 0.440000 0.465000 0.435750 0.463667 0.431750 0.462333 0.430500
0 0.498000 0.439500 0.493333 0.443000 0.491333 0.448500 0.490667 0.456000 0.491333 0.459750 0.493333 0.464500 0.497000 0.467000 0.500667 0.467250 0.503333 0.466500 0.506667 0.463750 0.508667 0.456750 0.508667 0.450000 0.508000 0.446250 0.506000 0.443000 0.502000 0.440000
0 0.564000 0.463750 0.560333 0.464250 0.556667 0.466750 0.554667 0.472000 0.554333 0.479250 0.555000 0.482000 0.557000 0.485000 0.560667 0.487500 0.564667 0.487250 0.569333 0.484750 0.571667 0.479750 0.572333 0.476500 0.572333 0.472000 0.570667 0.467750 0.568000 0.464750
0 0.580000 0.494500 0.575667 0.492500 0.571667 0.492500 0.564333 0.494750 0.557333 0.498500 0.554000 0.501500 0.553000 0.504250 0.553000 0.507000 0.554667 0.510500 0.556667 0.511750 0.563000 0.512000 0.568667 0.510250 0.575667 0.506750 0.577333 0.505000 0.580333 0.499000
0 0.524667 0.501500 0.520667 0.501500 0.518000 0.502500 0.513000 0.510000 0.512667 0.522000 0.514333 0.525500 0.517000 0.527500 0.519000 0.528000 0.522000 0.528000 0.525333 0.526250 0.528667 0.523000 0.530000 0.519750 0.530667 0.515250 0.530333 0.506500 0.529000 0.504000 0.526333 0.502000
0 0.473333 0.480750 0.470667 0.481750 0.469667 0.484000 0.469667 0.489750 0.471000 0.496250 0.475667 0.502750 0.478667 0.505000 0.483000 0.505750 0.487000 0.503500 0.488000 0.501750 0.487000 0.492500 0.484333 0.486000 0.482333 0.483000 0.479000 0.481000
0 0.411000 0.503750 0.408333 0.504500 0.407000 0.505500 0.404667 0.509250 0.403667 0.513000 0.403667 0.518500 0.404667 0.521750 0.407333 0.526000 0.411333 0.528000 0.413000 0.528000 0.417000 0.526750 0.420000 0.524000 0.421333 0.519500 0.421333 0.513750 0.420667 0.508750 0.419667 0.507000 0.416000 0.504750 0.413000 0.503750
0 0.447667 0.542500 0.445333 0.544250 0.444667 0.546250 0.445000 0.552250 0.446667 0.557250 0.451667 0.561750 0.454667 0.562750 0.459333 0.563000 0.462667 0.561000 0.463667 0.557750 0.463667 0.556000 0.460333 0.548750 0.456000 0.544500 0.452333 0.542500
0 0.487000 0.549500 0.483333 0.550250 0.477667 0.554000 0.472667 0.560500 0.471333 0.563750 0.471000 0.568500 0.471667 0.571500 0.474000 0.573750 0.479000 0.573500 0.483333 0.571250 0.490000 0.561250 0.491000 0.557750 0.490667 0.554000 0.489667 0.551750
0 0.498000 0.563500 0.494667 0.564500 0.492667 0.567250 0.492000 0.570250 0.492000 0.580750 0.493333 0.584500 0.497333 0.588250 0.501000 0.590000 0.502667 0.590000 0.505667 0.588250 0.508333 0.584000 0.509333 0.580250 0.509000 0.573000 0.506333 0.565250 0.503000 0.563750
0 0.544000 0.571250 0.544000 0.573250 0.547000 0.577000 0.552333 0.579000 0.558000 0.580000 0.562667 0.580000 0.569000 0.578750 0.573333 0.576500 0.574333 0.573250 0.573333 0.570750 0.568000 0.567500 0.564000 0.566250 0.554333 0.566000 0.548667 0.567000 0.545333 0.569000
0 0.502667 0.594000 0.500000 0.594500 0.497333 0.596000 0.494667 0.599000 0.493000 0.602250 0.493000 0.608500 0.494000 0.612250 0.496667 0.616250 0.498333 0.617500 0.501333 0.618500 0.506000 0.617750 0.508000 0.616250 0.510667 0.612000 0.511333 0.607750 0.511333 0.602750 0.510000 0.599000 0.506333 0.594750
0 0.553333 0.596250 0.547333 0.595750 0.541333 0.596500 0.533667 0.600000 0.529333 0.603500 0.526667 0.607000 0.526667 0.610250 0.528333 0.613250 0.532667 0.614250 0.537333 0.614000 0.544333 0.612000 0.550000 0.609250 0.553333 0.606000 0.554333 0.603750 0.555000 0.598750
0 0.517333 0.623250 0.514000 0.624500 0.512333 0.626250 0.511333 0.630500 0.511667 0.634500 0.513000 0.639500 0.516000 0.644250 0.520000 0.647250 0.522667 0.647500 0.526000 0.646500 0.529000 0.643250 0.530000 0.639250 0.530000 0.634000 0.526667 0.626500 0.521333 0.623250
0 0.473333 0.585750 0.469333 0.587500 0.467333 0.591000 0.466333 0.594250 0.466333 0.600250 0.469667 0.608000 0.472667 0.609500 0.475333 0.609750 0.479667 0.608250 0.483000 0.604500 0.483667 0.594500 0.482667 0.591000 0.480333 0.587250 0.477333 0.586000
0 0.454000 0.595500 0.451333 0.596250 0.447333 0.600250 0.446333 0.602500 0.446000 0.608250 0.448000 0.615500 0.452667 0.619250 0.455667 0.620250 0.458667 0.619500 0.462333 0.615250 0.464000 0.611500 0.463667 0.603000 0.459667 0.597000 0.457000 0.595750
0 0.453000 0.639000 0.450667 0.642000 0.451333 0.644500 0.453000 0.647250 0.460333 0.652000 0.463667 0.653250 0.471333 0.654250 0.474667 0.653250 0.477333 0.651000 0.477667 0.646750 0.474333 0.642250 0.469667 0.640750 0.466000 0.638750 0.462667 0.638000 0.456000 0.637500
0 0.482667 0.650250 0.481000 0.650250 0.477667 0.651500 0.472667 0.656000 0.471667 0.658000 0.471000 0.663250 0.471333 0.667500 0.473000 0.671250 0.475333 0.672750 0.479333 0.673000 0.482000 0.672250 0.484000 0.670500 0.486000 0.665750 0.487333 0.659000 0.487000 0.655750 0.486000 0.653250
0 0.449333 0.647000 0.447667 0.646000 0.443000 0.646000 0.431333 0.650750 0.427000 0.654000 0.425667 0.656250 0.425333 0.659250 0.426333 0.660750 0.428000 0.661750 0.435333 0.661250 0.443333 0.658750 0.450000 0.653750 0.451000 0.651500 0.451000 0.649250
0 0.420000 0.653500 0.416000 0.653250 0.408000 0.656000 0.405333 0.658750 0.403667 0.662250 0.403000 0.667000 0.404000 0.671750 0.405333 0.673750 0.407000 0.674750 0.412667 0.674500 0.417333 0.670750 0.419667 0.667750 0.421333 0.663750 0.423000 0.661750 0.423333 0.659750 0.423000 0.657000 0.421667 0.654750
0 0.419667 0.614500 0.415000 0.614500 0.409000 0.618250 0.406000 0.624500 0.403667 0.627250 0.403000 0.630000 0.403333 0.635000 0.404333 0.637000 0.407333 0.639000 0.408667 0.639250 0.412333 0.638250 0.420667 0.631500 0.422000 0.627000 0.424333 0.622750 0.424667 0.618500 0.423667 0.616750
0 0.373333 0.633250 0.368333 0.632750 0.361667 0.634500 0.352000 0.641750 0.350000 0.645000 0.348667 0.649000 0.348667 0.651000 0.350000 0.652750 0.353667 0.654000 0.358333 0.654000 0.365333 0.651500 0.371333 0.646750 0.374000 0.643250 0.375667 0.639250 0.375333 0.635500
0 0.387333 0.670500 0.385000 0.671250 0.382667 0.674000 0.382667 0.681500 0.383667 0.685250 0.386667 0.690000 0.391333 0.694250 0.393000 0.694750 0.396333 0.694500 0.398000 0.693500 0.400667 0.689000 0.400667 0.681250 0.396333 0.673750 0.390667 0.670750
0 0.310667 0.678250 0.307000 0.678750 0.302667 0.680750 0.297667 0.685250 0.295000 0.692500 0.295667 0.697250 0.298000 0.699000 0.303000 0.698500 0.309333 0.694000 0.311333 0.691500 0.312667 0.687000 0.313000 0.682000 0.312333 0.680000
0 0.255333 0.646000 0.252000 0.647500 0.249333 0.650000 0.247667 0.656500 0.248000 0.662500 0.249667 0.667500 0.252000 0.670250 0.255000 0.671250 0.260333 0.671250 0.263333 0.670250 0.265333 0.667500 0.266667 0.662250 0.266333 0.654000 0.265000 0.650500 0.262667 0.648250 0.259000 0.646500
0 0.446000 0.705250 0.445000 0.707500 0.445000 0.710500 0.446000 0.713250 0.452000 0.718000 0.463000 0.721000 0.467333 0.721000 0.475000 0.718000 0.475667 0.715750 0.474667 0.712250 0.464667 0.705000 0.456667 0.703500 0.451667 0.703500 0.447333 0.704250
0 0.364667 0.740250 0.362333 0.741750 0.361000 0.744250 0.361333 0.751250 0.364667 0.759500 0.368667 0.764500 0.373333 0.765750 0.377667 0.765250 0.379333 0.763750 0.381000 0.760500 0.381000 0.756750 0.379333 0.750750 0.374333 0.743000 0.372333 0.741500 0.369000 0.740250
