0 0.459000 0.667750 0.455333 0.669500 0.453667 0.673000 0.453667 0.678500 0.455667 0.685250 0.460000 0.690250 0.462667 0.692000 0.465667 0.693000 0.469333 0.692750 0.472333 0.691250 0.473667 0.689250 0.474333 0.685750 0.474000 0.681000 0.471000 0.674750 0.467333 0.670000 0.463667 0.667750
0 0.352667 0.736250 0.350000 0.739250 0.350333 0.743500 0.352667 0.748250 0.358667 0.752500 0.365000 0.755000 0.368667 0.757000 0.373333 0.757000 0.375333 0.754750 0.376000 0.750500 0.375000 0.747500 0.372333 0.743500 0.365667 0.738750 0.358667 0.735750
0 0.353000 0.663000 0.349000 0.665500 0.347000 0.669000 0.346000 0.672750 0.346000 0.678250 0.347333 0.682000 0.349000 0.684000 0.352333 0.685250 0.355000 0.685250 0.358000 0.684250 0.360000 0.681750 0.361667 0.677500 0.362000 0.672000 0.361000 0.668000 0.358667 0.664250 0.357333 0.663250
0 0.620000 0.618250 0.614333 0.618750 0.611667 0.620750 0.610000 0.623500 0.609333 0.627250 0.609667 0.635750 0.611333 0.639250 0.615333 0.641000 0.619333 0.640750 0.622667 0.638750 0.624333 0.635750 0.625333 0.631750 0.625667 0.626250 0.625000 0.623000 0.623000 0.619500
0 0.458333 0.614250 0.455333 0.615500 0.453333 0.619250 0.453000 0.627000 0.453667 0.631250 0.455667 0.634750 0.458000 0.637000 0.460667 0.638250 0.463333 0.638500 0.467667 0.635750 0.469333 0.631500 0.470000 0.626000 0.468667 0.619250 0.467000 0.616250 0.465667 0.615250 0.463000 0.614250
0 0.505000 0.587750 0.502667 0.588250 0.501333 0.589250 0.497000 0.595000 0.496667 0.601250 0.498000 0.606250 0.501000 0.612000 0.502333 0.612750 0.505667 0.613250 0.508333 0.612250 0.510667 0.610500 0.512333 0.608000 0.513333 0.604500 0.513333 0.596000 0.511000 0.591000 0.507333 0.588250
0 0.459000 0.588000 0.455333 0.590750 0.454667 0.592000 0.454667 0.599500 0.457333 0.604250 0.462000 0.608250 0.466667 0.608250 0.469000 0.605750 0.470000 0.603000 0.469333 0.595000 0.467667 0.590750 0.466333 0.589250 0.462667 0.588000
0 0.449333 0.591000 0.447000 0.589750 0.445000 0.589500 0.439000 0.589750 0.433000 0.591250 0.423333 0.595250 0.419333 0.599750 0.419333 0.604750 0.423333 0.607250 0.428667 0.607250 0.440000 0.604000 0.447333 0.600250 0.449000 0.598750 0.450333 0.596500 0.450333 0.593500
0 0.459333 0.560250 0.455333 0.562250 0.454000 0.564750 0.453000 0.571750 0.453333 0.578750 0.454333 0.581750 0.457000 0.585000 0.459333 0.586250 0.463333 0.586250 0.465667 0.584750 0.468000 0.580250 0.468667 0.577250 0.468333 0.564750 0.466333 0.561500 0.462667 0.560250
0 0.510333 0.558250 0.509000 0.558250 0.506667 0.559500 0.504333 0.563000 0.502000 0.573000 0.503333 0.576000 0.505333 0.577250 0.506667 0.577000 0.508333 0.575500 0.513000 0.568250 0.513000 0.560500
0 0.412667 0.502250 0.409333 0.504000 0.407333 0.506250 0.406333 0.509500 0.406667 0.516750 0.407667 0.521750 0.410667 0.526000 0.413000 0.527750 0.417000 0.528500 0.419667 0.527750 0.421333 0.526500 0.424333 0.521000 0.424333 0.514250 0.423333 0.510500 0.420000 0.504500 0.416000 0.502250
0 0.333667 0.538250 0.330333 0.538250 0.326333 0.539750 0.321667 0.543500 0.320333 0.546250 0.319667 0.549250 0.320000 0.557250 0.321667 0.561000 0.325667 0.562500 0.329000 0.562500 0.334667 0.561250 0.339333 0.552750 0.340000 0.548250 0.339000 0.543250 0.337333 0.540500
0 0.345000 0.491750 0.340667 0.493500 0.337000 0.497000 0.336000 0.500500 0.336000 0.504250 0.337000 0.509750 0.340000 0.514250 0.342000 0.515500 0.348000 0.515750 0.350667 0.515000 0.353667 0.511500 0.355000 0.506500 0.355000 0.500750 0.354000 0.497250 0.351333 0.493500 0.349333 0.492250
0 0.372667 0.466500 0.369333 0.466500 0.364667 0.469000 0.362667 0.470750 0.360667 0.475000 0.360333 0.480500 0.362333 0.486000 0.364667 0.488250 0.368333 0.489250 0.371667 0.488750 0.374000 0.487250 0.377000 0.482500 0.378000 0.479250 0.378333 0.474000 0.377000 0.470000
0 0.342000 0.440500 0.338333 0.442750 0.337667 0.444250 0.337333 0.452000 0.339667 0.459250 0.342333 0.463000 0.346000 0.465500 0.350000 0.465750 0.352333 0.463750 0.354000 0.459750 0.354000 0.453250 0.351667 0.446750 0.349667 0.443750 0.346333 0.441250
0 0.388000 0.436500 0.385000 0.438250 0.384000 0.440500 0.383667 0.445000 0.384667 0.451000 0.389333 0.459500 0.392667 0.461500 0.396667 0.461750 0.400000 0.459750 0.401000 0.457750 0.401000 0.446000 0.396000 0.438750 0.392333 0.437000
0 0.463333 0.465750 0.459333 0.465750 0.454333 0.468500 0.451667 0.471750 0.448000 0.478500 0.447667 0.483250 0.449333 0.486750 0.451667 0.488750 0.454333 0.489500 0.457333 0.488750 0.460333 0.487000 0.463333 0.483750 0.466333 0.478000 0.467333 0.474250 0.467000 0.470250 0.465333 0.467250
0 0.509333 0.507250 0.506000 0.507250 0.502667 0.509250 0.498333 0.518250 0.497667 0.526500 0.499333 0.530000 0.502000 0.531250 0.505000 0.530750 0.507333 0.529250 0.512667 0.517500 0.513333 0.514750 0.513000 0.509750 0.511000 0.507750
0 0.435333 0.424250 0.431667 0.424500 0.427333 0.426750 0.424333 0.430750 0.423667 0.433500 0.424667 0.444250 0.427000 0.448500 0.431000 0.451750 0.436333 0.452000 0.440667 0.450000 0.442333 0.447750 0.443667 0.442250 0.443667 0.436500 0.442333 0.431250 0.439667 0.427250
0 0.455333 0.408500 0.451667 0.410750 0.451000 0.412250 0.453000 0.420000 0.454667 0.422750 0.458000 0.425750 0.463333 0.426500 0.466333 0.423750 0.466333 0.415500 0.465000 0.412500 0.462000 0.409750 0.459333 0.408250
0 0.464000 0.438250 0.462000 0.438000 0.457667 0.439250 0.454667 0.441500 0.450333 0.447250 0.449000 0.451500 0.449000 0.459000 0.450000 0.460500 0.452000 0.461750 0.456000 0.462000 0.458667 0.461250 0.464000 0.456250 0.466333 0.452500 0.467333 0.449000 0.467333 0.442750 0.466333 0.440000
0 0.477000 0.457750 0.473333 0.459500 0.470667 0.462750 0.469667 0.466250 0.469333 0.472750 0.470000 0.476000 0.473000 0.480250 0.475333 0.482000 0.479000 0.482500 0.482000 0.481250 0.484000 0.478750 0.486000 0.472750 0.486333 0.465000 0.485667 0.462250 0.483667 0.459750 0.481333 0.458250
0 0.653667 0.444750 0.650667 0.446500 0.649667 0.449000 0.649667 0.453250 0.651000 0.458750 0.657333 0.467750 0.661667 0.469000 0.667000 0.469250 0.669667 0.467750 0.670667 0.465750 0.671000 0.460000 0.670000 0.454500 0.667000 0.450250 0.662667 0.446000 0.658333 0.444750
0 0.564333 0.454500 0.562000 0.455750 0.560000 0.462500 0.560333 0.466750 0.561667 0.470000 0.564333 0.473500 0.568333 0.476000 0.572667 0.476500 0.575667 0.474750 0.577000 0.471250 0.576000 0.463000 0.573000 0.458000 0.569667 0.455000 0.568333 0.454500
0 0.548333 0.445500 0.544333 0.447500 0.541667 0.451500 0.540333 0.458500 0.541000 0.463000 0.543333 0.467500 0.545333 0.469000 0.550333 0.470000 0.553667 0.469250 0.556333 0.466500 0.558333 0.459500 0.558333 0.456500 0.557333 0.451250 0.554333 0.447000 0.552667 0.445750
0 0.548667 0.385250 0.544333 0.385000 0.540667 0.386250 0.533667 0.392750 0.531667 0.399250 0.531667 0.404500 0.533333 0.407750 0.535667 0.408750 0.538333 0.408750 0.544667 0.406500 0.547667 0.403500 0.550667 0.397500 0.551667 0.393000 0.551333 0.388000
0 0.564333 0.395000 0.562333 0.395500 0.560000 0.397000 0.557333 0.400500 0.556000 0.404000 0.556000 0.413750 0.557000 0.416250 0.560333 0.419000 0.564333 0.418750 0.566667 0.417250 0.569000 0.414000 0.570333 0.409000 0.570000 0.399750 0.568000 0.396750
0 0.443000 0.368750 0.442667 0.372250 0.446333 0.377750 0.452000 0.382000 0.461667 0.385250 0.466333 0.385250 0.467000 0.384750 0.467667 0.379250 0.466667 0.376250 0.458333 0.369750 0.451333 0.367500 0.446000 0.367500
0 0.505333 0.389750 0.502667 0.388750 0.498667 0.389000 0.493000 0.390750 0.488667 0.393500 0.486667 0.395500 0.483667 0.400750 0.483667 0.404500 0.486667 0.407750 0.490667 0.408250 0.499000 0.404750 0.506333 0.396500 0.506667 0.391250
0 0.496333 0.350500 0.493667 0.351250 0.490667 0.354000 0.489667 0.357250 0.490333 0.363250 0.492667 0.369250 0.494000 0.371000 0.497667 0.374000 0.499667 0.374750 0.503000 0.375000 0.505667 0.374250 0.507000 0.373250 0.508000 0.371250 0.509333 0.365000 0.508667 0.359750 0.505667 0.353250 0.500333 0.350750
0 0.540000 0.330250 0.536333 0.331500 0.531667 0.336500 0.531000 0.338250 0.531000 0.344750 0.532000 0.350250 0.535000 0.354500 0.537333 0.356750 0.541667 0.357750 0.545667 0.355750 0.549333 0.350750 0.550333 0.347000 0.550333 0.343500 0.549333 0.338000 0.546333 0.333250 0.543667 0.331000
0 0.520667 0.330750 0.517000 0.332250 0.513000 0.337500 0.512333 0.346250 0.515667 0.354250 0.518000 0.356250 0.522000 0.357250 0.524667 0.356000 0.528000 0.352750 0.529333 0.349750 0.529667 0.344250 0.528667 0.337750 0.527000 0.334750 0.524000 0.332000
0 0.476333 0.323500 0.474000 0.324000 0.470000 0.326500 0.468667 0.329750 0.468000 0.338750 0.468333 0.342000 0.470333 0.346500 0.473667 0.349000 0.478667 0.350000 0.482333 0.348250 0.484000 0.346750 0.486667 0.342250 0.487333 0.337000 0.486000 0.330500 0.483000 0.325250 0.479333 0.323500
