0 0.385000 0.489750 0.382667 0.491250 0.381000 0.493500 0.380333 0.497250 0.381000 0.501750 0.384000 0.508750 0.388000 0.511000 0.390667 0.511000 0.393333 0.510250 0.396333 0.507250 0.397667 0.502750 0.397333 0.498000 0.395333 0.493750 0.390333 0.490250 0.388333 0.489500
0 0.245667 0.501500 0.244333 0.502250 0.243333 0.506750 0.244333 0.510000 0.247000 0.514000 0.252667 0.519500 0.255667 0.521000 0.260333 0.521500 0.263333 0.518500 0.263000 0.514250 0.260667 0.508500 0.254333 0.502500 0.249667 0.501000
0 0.260667 0.454250 0.257667 0.454000 0.251333 0.455000 0.243667 0.460250 0.241667 0.462500 0.239000 0.467000 0.239000 0.470500 0.239667 0.471750 0.243667 0.474250 0.248333 0.474250 0.252000 0.472750 0.256333 0.469750 0.258667 0.467250 0.263000 0.459500 0.262333 0.456000
0 0.323333 0.541000 0.321667 0.540750 0.319000 0.541500 0.314000 0.544750 0.311000 0.548250 0.308667 0.552750 0.307667 0.556000 0.308333 0.560750 0.309667 0.562750 0.314000 0.565000 0.317667 0.564750 0.324000 0.560750 0.326333 0.556750 0.327000 0.553750 0.327000 0.545250 0.326000 0.543000
0 0.420667 0.565500 0.419333 0.565000 0.415667 0.565000 0.408667 0.567250 0.402000 0.571750 0.399667 0.574000 0.397000 0.579250 0.397000 0.581000 0.399333 0.583500 0.405333 0.584500 0.407333 0.583750 0.409333 0.582000 0.418000 0.578500 0.419667 0.577250 0.421333 0.574250 0.422667 0.569000 0.422333 0.567500
0 0.443000 0.576000 0.440000 0.576250 0.434667 0.579000 0.431000 0.583000 0.429333 0.588000 0.429333 0.591500 0.430333 0.593500 0.431667 0.594250 0.435667 0.594500 0.440000 0.593000 0.444000 0.589000 0.445333 0.584500 0.445333 0.579750 0.444333 0.577000
0 0.400667 0.590750 0.399333 0.592000 0.398667 0.594000 0.399000 0.599000 0.400000 0.601750 0.405000 0.608250 0.407000 0.609500 0.415333 0.612500 0.419667 0.612000 0.420333 0.611000 0.419667 0.603750 0.412667 0.594750 0.405000 0.590000
0 0.471667 0.591750 0.470667 0.593000 0.470000 0.596500 0.471000 0.600750 0.472333 0.602500 0.478667 0.607500 0.489667 0.612750 0.494000 0.613000 0.496333 0.611000 0.498000 0.608000 0.497667 0.604500 0.496667 0.602500 0.490667 0.596000 0.482000 0.592000 0.476000 0.591000 0.473667 0.591000
0 0.467333 0.605750 0.465333 0.607750 0.465000 0.612000 0.470333 0.621000 0.474333 0.624000 0.477333 0.625000 0.484667 0.626000 0.490000 0.625250 0.492000 0.623000 0.492000 0.617500 0.491000 0.615000 0.485333 0.609250 0.477333 0.606500 0.474333 0.604500 0.470333 0.604500
0 0.458667 0.618750 0.455000 0.618500 0.451667 0.619500 0.446333 0.623750 0.444333 0.627750 0.442667 0.635250 0.444333 0.639500 0.446667 0.640750 0.451667 0.640500 0.454333 0.639500 0.459000 0.634250 0.462000 0.627250 0.462333 0.622750 0.460000 0.619500
0 0.467667 0.628250 0.466000 0.628250 0.463000 0.630250 0.460667 0.634500 0.458667 0.641250 0.458667 0.643500 0.460667 0.646750 0.462333 0.648250 0.465667 0.649000 0.467333 0.648750 0.468667 0.647500 0.470667 0.643000 0.471000 0.631250 0.470333 0.630000
0 0.458667 0.643750 0.454667 0.644750 0.450667 0.647750 0.449000 0.650000 0.448000 0.653750 0.448667 0.661750 0.450333 0.666000 0.453667 0.670500 0.457000 0.671500 0.460333 0.671000 0.465000 0.666000 0.466333 0.662750 0.467000 0.655750 0.466667 0.652000 0.465000 0.648750 0.462000 0.646750 0.459667 0.644000
0 0.482667 0.629500 0.479000 0.630000 0.477333 0.631000 0.475000 0.635000 0.474000 0.641750 0.474333 0.646000 0.476667 0.650000 0.478667 0.651250 0.481000 0.651500 0.483000 0.651250 0.487333 0.647000 0.488000 0.644000 0.487000 0.633000 0.485667 0.631250
0 0.501333 0.658500 0.499000 0.659500 0.497000 0.661750 0.495667 0.665250 0.495667 0.670500 0.497333 0.677250 0.500667 0.682000 0.501667 0.682750 0.505333 0.682250 0.506667 0.681000 0.508000 0.677000 0.508333 0.671750 0.506667 0.663000 0.503667 0.659500
0 0.403333 0.613250 0.400333 0.614750 0.399333 0.618500 0.402667 0.628250 0.405667 0.632000 0.408667 0.634250 0.412000 0.635500 0.416667 0.635750 0.419333 0.634250 0.420333 0.631500 0.420000 0.626250 0.419000 0.624000 0.414667 0.618500 0.409667 0.614500 0.405667 0.613250
0 0.388000 0.616250 0.384667 0.617250 0.382333 0.619750 0.380667 0.625500 0.380667 0.630500 0.381667 0.635250 0.383667 0.639250 0.388000 0.641250 0.389667 0.641250 0.393000 0.640250 0.396333 0.636500 0.398000 0.630750 0.398000 0.625250 0.396000 0.619250 0.393333 0.617500 0.389667 0.616250
0 0.405667 0.660000 0.403333 0.661250 0.401667 0.664750 0.402000 0.668500 0.404000 0.673500 0.407000 0.678500 0.409333 0.680250 0.413333 0.682250 0.418000 0.682250 0.420333 0.680500 0.421000 0.674500 0.420667 0.672500 0.417000 0.665500 0.411667 0.660250 0.409667 0.659750
0 0.361000 0.628500 0.357667 0.630500 0.356000 0.633000 0.356000 0.642750 0.361333 0.650750 0.364333 0.652750 0.366333 0.652750 0.369667 0.650750 0.371000 0.647500 0.371667 0.643750 0.371000 0.635250 0.369333 0.632000 0.365333 0.628500
0 0.310667 0.608250 0.309333 0.607750 0.305000 0.607750 0.290333 0.609500 0.282333 0.617750 0.282000 0.623250 0.282667 0.624500 0.287333 0.627000 0.294667 0.626750 0.303000 0.624750 0.309333 0.620000 0.311000 0.617750 0.312000 0.615000 0.312000 0.610750
0 0.310333 0.586250 0.306000 0.586000 0.298667 0.587000 0.295667 0.588250 0.291000 0.591500 0.288000 0.595750 0.287000 0.600000 0.288000 0.604000 0.290333 0.605750 0.295333 0.606500 0.302000 0.604750 0.308333 0.600000 0.310667 0.597250 0.312000 0.593250 0.312000 0.588000
0 0.181000 0.573500 0.178667 0.575750 0.178333 0.578250 0.179333 0.583250 0.181000 0.587000 0.185667 0.592250 0.188333 0.594000 0.194000 0.594500 0.196333 0.593750 0.198333 0.591750 0.198667 0.587250 0.194667 0.579250 0.186333 0.574000 0.183000 0.573250
0 0.407667 0.720000 0.406000 0.721250 0.404333 0.727000 0.404667 0.732500 0.407333 0.738500 0.411000 0.741250 0.416000 0.741250 0.418000 0.739750 0.420333 0.736250 0.420333 0.727500 0.418333 0.723750 0.415333 0.720500 0.413000 0.719750
0 0.228667 0.657500 0.227000 0.660750 0.227000 0.666000 0.228333 0.671000 0.234000 0.679000 0.237333 0.682250 0.239667 0.683000 0.244333 0.682250 0.246667 0.680500 0.248333 0.677500 0.248333 0.672250 0.246333 0.666250 0.240000 0.659250 0.237667 0.658000 0.233667 0.657000
0 0.307333 0.511750 0.305333 0.511750 0.299667 0.513250 0.292000 0.518000 0.290333 0.520000 0.289000 0.524000 0.289333 0.528000 0.290667 0.530000 0.296333 0.530500 0.302333 0.528750 0.309000 0.523250 0.311000 0.519250 0.311000 0.515250 0.310333 0.513250
0 0.453667 0.494500 0.450000 0.496250 0.447333 0.500250 0.446667 0.503500 0.447000 0.509750 0.449333 0.513750 0.451000 0.515000 0.456333 0.515750 0.459667 0.514750 0.460667 0.513500 0.463333 0.506500 0.463333 0.502000 0.459667 0.496250 0.456000 0.494500
0 0.407333 0.486000 0.405667 0.487000 0.404333 0.490000 0.403667 0.493500 0.404000 0.497750 0.407667 0.506000 0.412667 0.508500 0.415667 0.507250 0.417000 0.506000 0.418000 0.503250 0.418000 0.500250 0.416000 0.494250 0.412667 0.487750 0.411667 0.486750
0 0.381000 0.458250 0.378667 0.460500 0.378000 0.463500 0.380333 0.470750 0.383333 0.475000 0.390000 0.479250 0.393000 0.479750 0.396333 0.479000 0.399000 0.474500 0.399000 0.469500 0.397000 0.464500 0.394667 0.462250 0.388333 0.458750 0.385000 0.458000
0 0.356333 0.439250 0.354000 0.437250 0.345000 0.434250 0.337000 0.433750 0.329667 0.434500 0.318333 0.438750 0.317667 0.439500 0.317333 0.443250 0.319333 0.445500 0.322667 0.447750 0.325333 0.448750 0.330333 0.449750 0.339000 0.450000 0.345667 0.449000 0.354333 0.444750 0.356000 0.443000
0 0.408667 0.411250 0.405000 0.413250 0.403333 0.415000 0.403333 0.421750 0.407667 0.429500 0.411667 0.431750 0.415333 0.431750 0.417000 0.431250 0.419667 0.429250 0.420667 0.427500 0.420667 0.417250 0.419667 0.415000 0.416000 0.412250 0.413000 0.411000
0 0.272000 0.342250 0.270333 0.341000 0.264667 0.339500 0.258000 0.339500 0.251667 0.340500 0.248000 0.341750 0.243333 0.344500 0.242667 0.346750 0.243667 0.349250 0.248333 0.351250 0.255667 0.351750 0.263667 0.351000 0.267000 0.350000 0.271667 0.347250 0.272667 0.345250
0 0.369000 0.375750 0.365000 0.375750 0.362333 0.376500 0.360667 0.377750 0.357000 0.384250 0.356333 0.387500 0.357000 0.393000 0.359333 0.396500 0.361667 0.397500 0.366333 0.397250 0.371000 0.393500 0.372333 0.391250 0.373333 0.387000 0.373333 0.380750 0.372000 0.377500
0 0.385667 0.354250 0.382000 0.355750 0.380000 0.357750 0.378667 0.361500 0.378333 0.370000 0.379000 0.373500 0.381333 0.377500 0.384667 0.380250 0.389333 0.380500 0.394000 0.377750 0.397333 0.374000 0.398333 0.370000 0.398000 0.365000 0.397000 0.361500 0.393333 0.356500 0.389000 0.354250
0 0.419333 0.308750 0.418667 0.311500 0.419667 0.314250 0.423000 0.317750 0.426667 0.319750 0.439333 0.324000 0.446000 0.323500 0.450333 0.321500 0.451333 0.317750 0.449333 0.314750 0.436000 0.307000 0.431333 0.306250 0.425000 0.306250 0.421333 0.307250
0 0.355667 0.335500 0.353000 0.336250 0.350667 0.338250 0.349333 0.342250 0.349667 0.350250 0.353000 0.358250 0.357667 0.361250 0.361667 0.361500 0.365333 0.360250 0.367667 0.357250 0.368333 0.355000 0.367667 0.346500 0.365667 0.341250 0.362667 0.337250 0.358667 0.335500
