0 0.353333 0.586250 0.349000 0.586250 0.346333 0.587250 0.344667 0.588500 0.340333 0.596000 0.339333 0.600000 0.339667 0.606750 0.341000 0.609000 0.345333 0.612000 0.350000 0.611750 0.354000 0.608750 0.357333 0.604000 0.359000 0.599750 0.359000 0.592250 0.356333 0.588000
0 0.397000 0.595000 0.392333 0.595000 0.390000 0.596000 0.388000 0.597750 0.385000 0.602750 0.384667 0.611000 0.386333 0.615000 0.388667 0.617250 0.392333 0.617500 0.393667 0.617000 0.397667 0.613750 0.401000 0.608250 0.402000 0.603750 0.401667 0.599250 0.400000 0.596250
0 0.389000 0.537250 0.387333 0.538500 0.386667 0.542250 0.388000 0.548250 0.392333 0.555750 0.395333 0.557750 0.401000 0.558750 0.404000 0.556250 0.403333 0.548500 0.401000 0.543250 0.397000 0.538500 0.393333 0.537000
0 0.424000 0.666750 0.420333 0.667250 0.415667 0.670750 0.414000 0.673250 0.411333 0.680500 0.411333 0.686750 0.412000 0.688750 0.415000 0.692750 0.416333 0.693500 0.420000 0.693500 0.423667 0.690750 0.427667 0.685750 0.429333 0.682250 0.430000 0.673250 0.429000 0.670250 0.427000 0.668000
0 0.333333 0.709750 0.329000 0.712000 0.327000 0.716750 0.326667 0.720500 0.327667 0.727500 0.329333 0.732250 0.332667 0.736250 0.334667 0.737250 0.338667 0.737500 0.342000 0.736000 0.343667 0.733000 0.344667 0.725250 0.344333 0.720000 0.341667 0.713250 0.338000 0.710750
0 0.374000 0.699750 0.372000 0.699750 0.368667 0.701750 0.366667 0.705000 0.364667 0.711750 0.364667 0.721000 0.367000 0.725000 0.369000 0.726500 0.371667 0.726500 0.374000 0.725500 0.378000 0.720250 0.379333 0.716000 0.379333 0.705500 0.377000 0.701500
0 0.619667 0.391000 0.614000 0.390500 0.610000 0.391750 0.602667 0.399750 0.601000 0.406500 0.601333 0.412250 0.602333 0.414000 0.606667 0.416250 0.610333 0.416250 0.615333 0.414250 0.620667 0.409000 0.622667 0.405750 0.623667 0.401000 0.623333 0.396500 0.622333 0.393500
0 0.591000 0.452250 0.588333 0.452750 0.586000 0.455250 0.585000 0.467000 0.586000 0.470500 0.587333 0.472250 0.590333 0.474000 0.592667 0.474250 0.596333 0.472500 0.598667 0.470250 0.600000 0.466750 0.600000 0.461250 0.597333 0.454500 0.594667 0.453000
0 0.455000 0.429500 0.451000 0.431750 0.449667 0.434750 0.449333 0.441250 0.450667 0.447500 0.453333 0.451500 0.455000 0.452750 0.458333 0.453750 0.462667 0.453500 0.465000 0.452750 0.467333 0.450000 0.467667 0.441750 0.466000 0.436000 0.462667 0.431750 0.459000 0.429750
0 0.433667 0.438500 0.431333 0.439000 0.429667 0.440750 0.428000 0.448000 0.428667 0.451000 0.430333 0.453750 0.434000 0.456000 0.437000 0.456250 0.439333 0.455750 0.441667 0.453250 0.442667 0.451250 0.443000 0.447000 0.439000 0.440000 0.436333 0.438500
0 0.454333 0.458500 0.451333 0.459750 0.450000 0.462000 0.450333 0.466750 0.452333 0.471000 0.455667 0.475500 0.459333 0.477000 0.464000 0.477250 0.466333 0.475750 0.467000 0.474000 0.467000 0.468250 0.466000 0.465000 0.464333 0.462250 0.459333 0.458750
0 0.439333 0.464750 0.435000 0.464500 0.431333 0.465750 0.427333 0.471250 0.426000 0.477750 0.426333 0.482000 0.428333 0.486000 0.431667 0.488250 0.435667 0.488250 0.438333 0.487250 0.442000 0.484000 0.444000 0.480500 0.444667 0.476000 0.444333 0.469750 0.442667 0.466500
0 0.376333 0.470000 0.371333 0.469500 0.368333 0.470250 0.361333 0.477000 0.360000 0.480000 0.360000 0.483500 0.361667 0.486000 0.365667 0.485500 0.373000 0.481000 0.377667 0.474750 0.377667 0.471250
0 0.388667 0.493500 0.386333 0.494750 0.384333 0.498250 0.385000 0.506750 0.390000 0.514250 0.392667 0.515500 0.396667 0.515750 0.398667 0.514250 0.400333 0.510500 0.399333 0.501250 0.396667 0.496500 0.394333 0.494500 0.392333 0.493750
0 0.434667 0.494250 0.431667 0.495250 0.429667 0.497750 0.429000 0.500500 0.429667 0.509000 0.432000 0.514000 0.436333 0.517250 0.438667 0.518250 0.440333 0.518250 0.443667 0.516750 0.445333 0.513250 0.446000 0.509500 0.445333 0.501500 0.443000 0.498750 0.436000 0.494250
0 0.414333 0.492250 0.410667 0.493000 0.407667 0.495750 0.406667 0.498500 0.406667 0.507500 0.407333 0.511000 0.409000 0.514000 0.412667 0.516750 0.417333 0.517500 0.420333 0.516750 0.424000 0.513250 0.425000 0.510500 0.425000 0.504750 0.420667 0.494500 0.417000 0.492500
0 0.446333 0.489500 0.445333 0.492500 0.445667 0.495250 0.447333 0.497750 0.452667 0.501250 0.455333 0.504000 0.462333 0.506500 0.467000 0.506500 0.469333 0.505250 0.470667 0.503000 0.470667 0.501250 0.466333 0.494250 0.463333 0.492500 0.452000 0.488750 0.448333 0.488750
0 0.480333 0.492750 0.480000 0.495000 0.481667 0.498500 0.490000 0.503000 0.502667 0.506000 0.507000 0.506000 0.511000 0.505000 0.514000 0.502500 0.513333 0.499250 0.511333 0.496750 0.506667 0.493500 0.499000 0.490750 0.491000 0.489250 0.488000 0.489250 0.482667 0.490500
0 0.382000 0.525750 0.382667 0.529250 0.384333 0.531000 0.392000 0.533750 0.395000 0.534250 0.404333 0.533250 0.410000 0.531000 0.412333 0.529000 0.412000 0.524500 0.408667 0.521750 0.404333 0.520000 0.395000 0.519750 0.389000 0.520500 0.385000 0.522250 0.382667 0.524250
0 0.431000 0.545500 0.427000 0.546500 0.423333 0.549250 0.422000 0.555250 0.422000 0.560500 0.423000 0.565000 0.425333 0.568000 0.428333 0.569500 0.433000 0.569750 0.435667 0.569000 0.437000 0.567750 0.440667 0.561000 0.441000 0.556000 0.440000 0.551500 0.438000 0.548250 0.436000 0.546500
0 0.473667 0.536750 0.472333 0.538000 0.471667 0.540750 0.474000 0.545000 0.485667 0.552000 0.491333 0.552000 0.493667 0.549500 0.493667 0.547750 0.490667 0.542000 0.481667 0.537500 0.475667 0.536500
0 0.493667 0.508500 0.491667 0.510500 0.491333 0.514750 0.492667 0.518500 0.495000 0.522000 0.502333 0.527500 0.506667 0.527500 0.510667 0.526250 0.512000 0.525000 0.512667 0.520500 0.512000 0.517750 0.510333 0.515000 0.505333 0.511250 0.502333 0.510750 0.498667 0.508500
0 0.576333 0.622500 0.572667 0.624250 0.570667 0.626250 0.569667 0.629750 0.569667 0.636000 0.570667 0.639500 0.572667 0.642750 0.575000 0.644000 0.578000 0.644250 0.580667 0.643750 0.582333 0.642000 0.584000 0.636500 0.584000 0.630750 0.583333 0.627250 0.581667 0.624750 0.579667 0.623250
0 0.554667 0.633000 0.551000 0.633000 0.547667 0.634000 0.544667 0.636500 0.542000 0.642250 0.540667 0.648500 0.540667 0.652250 0.541333 0.655250 0.543000 0.658000 0.545333 0.659750 0.548333 0.660000 0.552333 0.658750 0.557333 0.655000 0.559667 0.651250 0.560333 0.648000 0.560000 0.638000 0.558000 0.634250
0 0.523000 0.575250 0.519667 0.577250 0.518333 0.580250 0.519667 0.589000 0.524667 0.597250 0.528667 0.599750 0.532000 0.599500 0.533667 0.598750 0.536667 0.594750 0.537667 0.588750 0.537333 0.587000 0.534000 0.580500 0.529333 0.576250 0.526000 0.575000
0 0.533333 0.547250 0.529000 0.547250 0.526333 0.548250 0.524667 0.549500 0.520333 0.556750 0.520000 0.562250 0.520667 0.565250 0.525333 0.569000 0.529667 0.569000 0.534000 0.565750 0.538000 0.560500 0.538667 0.555250 0.537667 0.551000 0.535667 0.548250
0 0.512333 0.565750 0.510667 0.565000 0.508667 0.565000 0.505333 0.566250 0.498000 0.571500 0.493333 0.579250 0.493333 0.583750 0.494333 0.585000 0.498333 0.586000 0.502000 0.586000 0.505333 0.584000 0.508333 0.581000 0.512667 0.575500 0.513667 0.572750 0.514000 0.567500
0 0.506000 0.602750 0.502333 0.603000 0.501000 0.603750 0.498000 0.611000 0.497333 0.615250 0.497667 0.623250 0.498667 0.625250 0.501000 0.627000 0.503333 0.627000 0.506333 0.625750 0.508667 0.622750 0.510333 0.617500 0.510667 0.611000 0.510000 0.608500 0.507333 0.603750
0 0.490667 0.627250 0.489333 0.627250 0.486333 0.628750 0.482667 0.635250 0.483000 0.642750 0.485000 0.649000 0.487000 0.651250 0.489667 0.652250 0.491000 0.652000 0.493000 0.650000 0.495333 0.642250 0.494667 0.634250 0.493000 0.629750
0 0.505000 0.674000 0.502333 0.674500 0.500000 0.677250 0.500000 0.685500 0.502333 0.690000 0.505333 0.692250 0.509333 0.692750 0.513000 0.690500 0.513667 0.689250 0.513333 0.681750 0.509667 0.677000 0.506333 0.674250
0 0.482000 0.645750 0.479000 0.644250 0.474667 0.644250 0.471333 0.645000 0.463333 0.648250 0.458667 0.651000 0.457333 0.653500 0.458000 0.656000 0.461667 0.658000 0.466000 0.658750 0.470667 0.658000 0.479000 0.654500 0.482667 0.650750 0.482667 0.647000
0 0.450667 0.619750 0.449333 0.622000 0.449333 0.624250 0.450333 0.626500 0.455667 0.630750 0.461333 0.632750 0.466000 0.633500 0.471000 0.633250 0.474667 0.631500 0.475667 0.628750 0.475333 0.625250 0.471667 0.621750 0.466333 0.619000 0.459667 0.617250 0.455333 0.617250
0 0.467667 0.589500 0.462667 0.590500 0.458000 0.594500 0.454000 0.604000 0.454000 0.608500 0.455333 0.611250 0.458000 0.613250 0.462333 0.614250 0.466000 0.613000 0.471000 0.608250 0.474000 0.600000 0.473667 0.596000 0.471000 0.591250
0 0.439000 0.591250 0.435000 0.592750 0.432333 0.595250 0.431667 0.598750 0.432000 0.602250 0.434000 0.608000 0.437000 0.612000 0.440000 0.614750 0.444000 0.615500 0.447000 0.614500 0.449667 0.612000 0.450667 0.607500 0.450333 0.603000 0.447000 0.595000 0.443333 0.592250
0 0.412000 0.599000 0.409667 0.602500 0.409667 0.606750 0.411333 0.612250 0.413667 0.615750 0.416667 0.618250 0.420000 0.620000 0.424333 0.620250 0.426667 0.618750 0.428000 0.615250 0.428000 0.611000 0.426000 0.606750 0.423000 0.602750 0.420000 0.600500 0.415667 0.599000
