0 0.326667 0.650250 0.326000 0.652250 0.326333 0.655000 0.330333 0.659500 0.337333 0.664000 0.342333 0.665250 0.347333 0.665500 0.350333 0.664750 0.352667 0.663000 0.354000 0.659000 0.353333 0.657250 0.349333 0.653000 0.342333 0.649250 0.336667 0.648000 0.331667 0.648000 0.329000 0.648750
0 0.477667 0.576000 0.473667 0.576750 0.471000 0.578750 0.470000 0.581000 0.469667 0.587750 0.471000 0.592250 0.473333 0.595250 0.475000 0.596500 0.479333 0.597500 0.483000 0.595750 0.484667 0.592500 0.485000 0.584000 0.484000 0.580500 0.482333 0.578000 0.479333 0.576250
0 0.424000 0.352750 0.423667 0.354750 0.424333 0.356750 0.427667 0.360500 0.431667 0.363250 0.437333 0.365500 0.445000 0.366750 0.451000 0.366500 0.454667 0.365000 0.456333 0.363250 0.457000 0.359500 0.456000 0.356500 0.451667 0.352750 0.448333 0.351500 0.439000 0.349500 0.435000 0.349250 0.427000 0.350750
0 0.397000 0.419500 0.396333 0.420500 0.396333 0.424500 0.397667 0.427750 0.404333 0.435750 0.411333 0.440500 0.414333 0.440500 0.416667 0.439750 0.418667 0.436750 0.418333 0.431750 0.413000 0.424250 0.402667 0.419250 0.398333 0.419000
0 0.436000 0.439000 0.433000 0.438250 0.427667 0.438750 0.423000 0.441750 0.419000 0.447250 0.418000 0.454750 0.418667 0.457000 0.420000 0.458500 0.424667 0.458500 0.427333 0.457750 0.435667 0.451500 0.437333 0.446250 0.437333 0.441750
0 0.409333 0.454750 0.403667 0.454250 0.400000 0.455250 0.392667 0.463000 0.390333 0.470500 0.390667 0.475750 0.392000 0.478750 0.395667 0.480750 0.399667 0.480250 0.404000 0.478250 0.413000 0.467500 0.413667 0.462750 0.413333 0.458500 0.411667 0.456000
0 0.369333 0.462250 0.368000 0.463250 0.366667 0.466000 0.366667 0.469500 0.368333 0.474500 0.372667 0.480250 0.376667 0.484250 0.384000 0.486750 0.388333 0.486250 0.390333 0.482750 0.390000 0.478500 0.385333 0.470250 0.380667 0.465750 0.377000 0.463250 0.373333 0.461750
0 0.446667 0.470000 0.444667 0.471250 0.443667 0.473500 0.444000 0.478750 0.446000 0.484250 0.450000 0.488500 0.453667 0.491000 0.456333 0.491250 0.458333 0.490750 0.459667 0.489500 0.460333 0.487500 0.460333 0.483500 0.459000 0.478500 0.451667 0.470500
0 0.409333 0.519000 0.407667 0.519000 0.404333 0.520750 0.400667 0.524500 0.399333 0.528250 0.400000 0.537750 0.402000 0.541250 0.403667 0.542750 0.405333 0.543250 0.409000 0.543250 0.412667 0.541500 0.417000 0.533750 0.417000 0.527000 0.416333 0.524500 0.413000 0.520500
0 0.539667 0.698500 0.537333 0.699250 0.533000 0.703500 0.532000 0.713250 0.532667 0.717000 0.535000 0.720750 0.539667 0.723250 0.542333 0.723500 0.546000 0.722000 0.549667 0.717750 0.550667 0.713750 0.550667 0.709000 0.549667 0.704500 0.545667 0.700000 0.543667 0.698750
0 0.584000 0.663000 0.580667 0.665000 0.579333 0.668000 0.578667 0.672750 0.579333 0.680750 0.581000 0.683750 0.583667 0.686500 0.587000 0.687750 0.590000 0.687750 0.592000 0.687250 0.594000 0.685250 0.596000 0.678500 0.595667 0.673250 0.593667 0.666000 0.592333 0.664000 0.589000 0.663000
0 0.544333 0.668250 0.540333 0.670500 0.538333 0.673500 0.537000 0.677500 0.537000 0.682750 0.538000 0.686500 0.541333 0.691750 0.544667 0.693750 0.548667 0.693750 0.552333 0.691250 0.553667 0.689250 0.554667 0.685250 0.554667 0.678750 0.552667 0.672750 0.548333 0.669250
0 0.541333 0.649000 0.537667 0.648750 0.535333 0.649500 0.533667 0.650750 0.532000 0.654500 0.531667 0.662500 0.533333 0.666250 0.536667 0.669250 0.538333 0.669250 0.541333 0.667750 0.543667 0.666000 0.544667 0.664250 0.545333 0.660000 0.545000 0.654000 0.543333 0.650500
0 0.525667 0.661500 0.521333 0.661000 0.517000 0.662250 0.513667 0.664000 0.509333 0.668000 0.506333 0.674000 0.506000 0.676500 0.506333 0.678750 0.509000 0.681500 0.512333 0.682250 0.514667 0.682000 0.518333 0.679750 0.524000 0.674250 0.526667 0.670500 0.527667 0.666500 0.527000 0.663250
0 0.541667 0.606000 0.538667 0.607000 0.535667 0.609750 0.532333 0.617750 0.532333 0.626250 0.533000 0.627750 0.536667 0.630000 0.541333 0.628500 0.544333 0.626000 0.545667 0.624000 0.547000 0.619500 0.547000 0.610750 0.545333 0.607500
0 0.493000 0.643250 0.489667 0.644500 0.487000 0.647500 0.486333 0.649750 0.487000 0.653500 0.489333 0.658250 0.493667 0.664000 0.497667 0.666750 0.502000 0.667250 0.505333 0.664750 0.506667 0.662500 0.506667 0.656000 0.499333 0.645750 0.495667 0.643500
0 0.374000 0.658250 0.372000 0.658000 0.365667 0.660250 0.358667 0.666000 0.355667 0.672750 0.356333 0.677250 0.357667 0.678500 0.362000 0.679250 0.365667 0.678250 0.372667 0.672250 0.375667 0.664750 0.375667 0.660500
0 0.368667 0.643750 0.367667 0.645500 0.368000 0.648000 0.376333 0.656250 0.379000 0.657000 0.385000 0.660250 0.388667 0.660750 0.393333 0.660750 0.396333 0.660000 0.398000 0.658750 0.398667 0.653750 0.397333 0.650750 0.389333 0.645000 0.384667 0.643000 0.377000 0.641750 0.372333 0.642000
0 0.474667 0.736750 0.470000 0.739250 0.468000 0.742750 0.466667 0.746750 0.467000 0.752500 0.469000 0.760250 0.471000 0.763000 0.474000 0.764750 0.479333 0.764750 0.481667 0.764000 0.484333 0.761250 0.486000 0.756250 0.486333 0.749750 0.484667 0.743500 0.482000 0.739500 0.479000 0.737750
0 0.362000 0.593500 0.359667 0.595500 0.359000 0.599000 0.359333 0.604500 0.360667 0.609000 0.363667 0.613250 0.368000 0.616750 0.372333 0.618000 0.374000 0.617750 0.377667 0.615750 0.379000 0.611750 0.379000 0.607750 0.377667 0.602750 0.373667 0.596250 0.372000 0.594750 0.367333 0.593250
0 0.471333 0.531000 0.468333 0.532750 0.466333 0.536250 0.465667 0.540000 0.466333 0.544500 0.470667 0.553250 0.474333 0.555500 0.479333 0.556000 0.482000 0.555000 0.484667 0.552000 0.485333 0.543250 0.484000 0.537750 0.482000 0.533750 0.479667 0.532000 0.474667 0.530750
0 0.412667 0.550750 0.407667 0.551750 0.403000 0.556000 0.399333 0.560750 0.398000 0.564750 0.397667 0.572250 0.399667 0.576250 0.401333 0.577000 0.405667 0.577250 0.407667 0.576750 0.412000 0.573750 0.416333 0.565250 0.417667 0.560500 0.418000 0.555750 0.416667 0.552500
0 0.455667 0.571500 0.450667 0.571500 0.447333 0.573000 0.440667 0.580500 0.438333 0.587000 0.438000 0.592250 0.439333 0.595000 0.442667 0.597000 0.446000 0.596500 0.450000 0.593750 0.459333 0.581750 0.460000 0.579750 0.459667 0.575250 0.458667 0.573250
0 0.459667 0.586000 0.456667 0.586500 0.453667 0.588500 0.451667 0.592250 0.449333 0.594500 0.447333 0.597750 0.445667 0.602500 0.445667 0.605500 0.446333 0.607750 0.448000 0.608750 0.454667 0.609250 0.458000 0.608000 0.459333 0.607000 0.463667 0.599750 0.464667 0.596500 0.464000 0.589500 0.463000 0.587500
